Sample	1	2	3	4	5	6	7	8	9	10	11	12	13	14	15	16	17	18	19	20	21	22	23	24	25	26	27	28	29	30	31
Goy-APnd_002-Ex1-1B-lcwgs-1-2	86.36397891404292	11.816618824367005	1.5829047723640661	0.20504654209996137	0.026792950140497308	0.0036544447894812583	0.0004544387302981875	0.00018934947095757814	0.0001325446296703047	3.786989419151563e-05	1.8934947095757816e-05	5.680484128727344e-05	0.0	0.0	0.0	1.8934947095757816e-05	0.0	0.0	0.0	1.8934947095757816e-05	0.0	1.8934947095757816e-05	0.0	0.0	0.0	1.8934947095757816e-05	0.0	0.0	0.0	0.0	3.786989419151563e-05
Goy-APnd_003-Ex1-1C-lcwgs-1-2	84.62560967320914	12.93877020757189	2.0583395945070135	0.3189726406477976	0.04877016947019348	0.007546593763784978	0.0013519956254337908	0.0002949808637310089	8.603608525487761e-05	4.916347728850149e-05	4.916347728850149e-05	2.4581738644250745e-05	0.0	0.0	0.0	1.2290869322125373e-05	1.2290869322125373e-05	0.0	1.2290869322125373e-05	1.2290869322125373e-05	0.0	0.0	1.2290869322125373e-05	0.0	1.2290869322125373e-05	1.2290869322125373e-05	0.0	0.0	0.0	0.0	4.916347728850149e-05
Goy-APnd_004-Ex1-1D-lcwgs-1-2	81.34673411473734	15.084238927444972	2.875967149536369	0.5548381722620694	0.10976973853192248	0.022425030371746285	0.004419204051251103	0.0010318953622210694	0.0002318025813685011	9.720753412227465e-05	7.477502624790358e-05	2.9910010499161436e-05	3.738751312395179e-05	2.2432507874371076e-05	7.477502624790359e-06	7.477502624790359e-06	0.0	0.0	0.0	7.477502624790359e-06	1.4955005249580718e-05	0.0	7.477502624790359e-06	7.477502624790359e-06	7.477502624790359e-06	0.0	0.0	0.0	0.0	7.477502624790359e-06	1.4955005249580718e-05
Goy-APnd_005-Ex1-1E-lcwgs-1-2	88.11646401616129	10.119419354791177	1.5010733178894746	0.22352910261979939	0.03359567264160466	0.004764298605607678	0.0007121889668176425	0.00019646592188072898	4.9116480470182244e-05	2.4558240235091122e-05	2.4558240235091122e-05	2.4558240235091122e-05	0.0	0.0	4.9116480470182244e-05	0.0	0.0	0.0	0.0	0.0	0.0	0.0	0.0	2.4558240235091122e-05	0.0	0.0	0.0	0.0	0.0	0.0	4.9116480470182244e-05
Goy-APnd_006-Ex1-1F-lcwgs-1-2	85.35383572825035	12.596134069165002	1.7678579547545796	0.24284393599217113	0.03299551183096945	0.0049255111164997045	0.0009634516249856565	0.0002489818806142708	6.495179494285325e-05	2.1650598314284416e-05	0.0	1.0825299157142208e-05	1.0825299157142208e-05	1.0825299157142208e-05	0.0	1.0825299157142208e-05	2.1650598314284416e-05	1.0825299157142208e-05	0.0	0.0	0.0	0.0	0.0	0.0	0.0	0.0	0.0	2.1650598314284416e-05	0.0	0.0	1.0825299157142208e-05
Goy-APnd_007-Ex1-1G-lcwgs-1-2	88.73819865230332	9.959040996872565	1.1550281609960118	0.12943897567933735	0.015437486148167172	0.002100408638121941	0.00032075205803832593	9.312156523693334e-05	8.277472465505186e-05	6.208104349128889e-05	2.0693681163762964e-05	2.0693681163762964e-05	2.0693681163762964e-05	2.0693681163762964e-05	2.0693681163762964e-05	2.0693681163762964e-05	1.0346840581881482e-05	0.0	1.0346840581881482e-05	1.0346840581881482e-05	0.0	0.0	0.0	0.0	0.0	0.0	0.0	0.0	0.0	0.0	4.138736232752593e-05
Goy-APnd_010-Ex1-2B-lcwgs-1-2	88.81837822489675	9.926545515786184	1.1178652191369738	0.12065459388501691	0.014115692541504	0.0016271691690494523	0.0002847546045836542	0.00016271691690494526	0.00012203768767870895	0.0	4.0679229226236315e-05	4.0679229226236315e-05	0.0	0.0	4.0679229226236315e-05	0.0	0.0	0.0	4.0679229226236315e-05	0.0	0.0	0.0	0.0	0.0	0.0	0.0	0.0	0.0	0.0	0.0	8.135845845247263e-05
Goy-APnd_011-Ex1-2C-lcwgs-1-2	89.48583136926499	9.375522877953141	1.018951666446724	0.1059014138414299	0.011469912446334992	0.0013361009122074812	0.0003288863783895338	0.0001644431891947669	8.222159459738345e-05	8.222159459738345e-05	4.1110797298691727e-05	2.0555398649345863e-05	6.16661959480376e-05	2.0555398649345863e-05	0.0	4.1110797298691727e-05	2.0555398649345863e-05	0.0	0.0	0.0	0.0	0.0	0.0	0.0	0.0	0.0	0.0	0.0	0.0	0.0	0.0001233323918960752
Goy-APnd_012-Ex1-2D-lcwgs-1-2	89.3320206231423	9.509033783835147	1.03573769680176	0.10878393747954576	0.011967987388002345	0.0015788387270817426	0.00027288570591536295	0.00013644285295768147	7.796734454724655e-05	5.847550841043492e-05	1.9491836136811637e-05	3.8983672273623274e-05	9.745918068405819e-05	1.9491836136811637e-05	0.0	0.0	0.0	7.796734454724655e-05	0.0	0.0	0.0	0.0	0.0	0.0	1.9491836136811637e-05	0.0	0.0	0.0	0.0	0.0	5.847550841043492e-05
Goy-APnd_014-Ex1-2F-lcwgs-1-2	88.54211836915425	10.160641990251504	1.1562644317293558	0.12396095951912026	0.013808666135690576	0.002007892779934599	0.0003170357020949367	0.0001409047564866385	7.045237824331926e-05	7.045237824331926e-05	3.522618912165963e-05	3.522618912165963e-05	0.0	3.522618912165963e-05	0.0001056785673649789	3.522618912165963e-05	0.0	3.522618912165963e-05	0.0	0.0	0.0	0.0	0.0	0.0	0.0	0.0	0.0	3.522618912165963e-05	0.0	3.522618912165963e-05	0.00024658332385161743
Goy-APnd_015-Ex1-2G-lcwgs-1-2	89.38372905703919	9.407972942101207	1.0790440678228614	0.1126283101203821	0.013382779436306683	0.0015488207665888382	0.0007018094098605674	0.0001694022713456542	0.00014520194686770362	9.680129791180239e-05	7.260097343385181e-05	4.8400648955901194e-05	0.000121001622389753	2.4200324477950597e-05	2.4200324477950597e-05	2.4200324477950597e-05	2.4200324477950597e-05	2.4200324477950597e-05	0.0	0.0	2.4200324477950597e-05	0.0	2.4200324477950597e-05	0.0	0.0	2.4200324477950597e-05	0.0	2.4200324477950597e-05	0.0	0.0	0.000121001622389753
Goy-APnd_016-Ex1-2H-lcwgs-1-2	88.23982915372983	10.43478571044326	1.1788485191221607	0.12773751127223282	0.014682583371140423	0.0021691275499058408	0.0005591528795312834	0.00030849814043105284	0.00021209247154634886	9.640566888470402e-05	0.00010604623577317443	9.640566888470402e-05	4.820283444235201e-05	7.712453510776321e-05	4.820283444235201e-05	4.820283444235201e-05	6.748396821929282e-05	9.640566888470401e-06	0.0	0.0	1.9281133776940803e-05	4.820283444235201e-05	9.640566888470401e-06	9.640566888470401e-06	0.0	0.0	1.9281133776940803e-05	0.0	0.0	1.9281133776940803e-05	0.00014460850332705604
Goy-APnd_017-Ex1-3A-lcwgs-1-2	76.63093130992874	17.645991411817217	4.282686654456466	1.0668200637187755	0.27537592538439043	0.07163744940205932	0.01957736290459114	0.0049174272390069725	0.0013544087544056763	0.00034629769288781496	0.00020777861573268897	4.6173025718375326e-05	7.695504286395887e-06	3.078201714558355e-05	7.695504286395887e-06	0.0	7.695504286395887e-06	0.0	0.0	1.5391008572791774e-05	0.0	0.0	7.695504286395887e-06	7.695504286395887e-06	0.0	0.0	7.695504286395887e-06	0.0	0.0	0.0	1.5391008572791774e-05
Goy-APnd_019-Ex1-3C-lcwgs-1-2	86.18254712929787	11.901609572410232	1.656730067517017	0.22332094702082983	0.029753078617162473	0.004677953174012836	0.0007778582645009797	0.00019446456612524492	0.00011883945707653854	2.1607174013916102e-05	6.48215220417483e-05	2.1607174013916102e-05	5.4017935034790244e-05	0.0	1.0803587006958051e-05	1.0803587006958051e-05	1.0803587006958051e-05	0.0	1.0803587006958051e-05	0.0	1.0803587006958051e-05	0.0	0.0	0.0	0.0	1.0803587006958051e-05	0.0	0.0	0.0	2.1607174013916102e-05	2.1607174013916102e-05
Goy-APnd_020-Ex1-3D-lcwgs-1-2	88.98494993350786	9.7381558116002	1.133127822159328	0.12721095097666138	0.014393778724123327	0.0016608206220142302	0.0002768034370023717	9.22678123341239e-05	5.2724464190927936e-05	1.3181116047731984e-05	1.3181116047731984e-05	1.3181116047731984e-05	0.0	0.0	0.0	1.3181116047731984e-05	0.0	1.3181116047731984e-05	0.0	0.0	0.0	0.0	0.0	0.0	0.0	0.0	0.0	0.0	0.0	0.0	1.3181116047731984e-05
Goy-APnd_021-Ex1-3E-lcwgs-1-2	91.04913187318311	7.948435722151186	0.8931357762207002	0.09591189128988832	0.011334822455682049	0.0014228819678409382	0.00012058321761363884	7.23499305681833e-05	7.23499305681833e-05	9.646657409091106e-05	0.0	2.4116643522727765e-05	2.4116643522727765e-05	2.4116643522727765e-05	2.4116643522727765e-05	0.0	0.0	4.823328704545553e-05	0.0	0.0	0.0	0.0	0.0	0.0	0.0	0.0	0.0	0.0	2.4116643522727765e-05	0.0	9.646657409091106e-05
Goy-APnd_022-Ex1-3F-lcwgs-1-2	89.68872845742112	9.091773556596005	1.082160698157523	0.12128829442047537	0.013568352738082306	0.0017665168384760899	0.0001503418585937098	0.0001503418585937098	0.0	0.0	0.0	3.758546464842745e-05	0.0	0.0	0.0	3.758546464842745e-05	0.0	0.0	7.51709292968549e-05	3.758546464842745e-05	0.0	0.0	0.0	0.0	0.0	0.0	3.758546464842745e-05	0.0	0.0	0.0	0.00018792732324213722
Goy-APnd_023-Ex1-3G-lcwgs-1-2	86.91979353907313	11.351701654339722	1.5074937291435255	0.19091725228272619	0.025091283293422126	0.0034223323072447723	0.0007420873625403205	0.0002531827472196387	9.603483515227677e-05	6.11130769150852e-05	9.603483515227677e-05	3.492175823719155e-05	4.3652197796489435e-05	2.6191318677893665e-05	2.6191318677893665e-05	8.730439559297888e-06	1.7460879118595777e-05	1.7460879118595777e-05	8.730439559297888e-06	8.730439559297888e-06	8.730439559297888e-06	0.0	1.7460879118595777e-05	1.7460879118595777e-05	1.7460879118595777e-05	0.0	8.730439559297888e-06	0.0	8.730439559297888e-06	8.730439559297888e-06	5.238263735578733e-05
Goy-APnd_024-Ex1-3H-lcwgs-1-2	91.76985247950236	7.318858520464165	0.8115961439712462	0.08813249300329189	0.009385157324809785	0.0011975851794679153	0.0004154887357337666	4.8881027733384296e-05	4.8881027733384296e-05	0.00012220256933346074	4.8881027733384296e-05	0.0	2.4440513866692148e-05	0.0	2.4440513866692148e-05	2.4440513866692148e-05	0.0	0.0	2.4440513866692148e-05	0.0	2.4440513866692148e-05	2.4440513866692148e-05	0.0	0.0	0.0	0.0	0.0	0.0	0.0	0.0	0.0001466430832001529
Goy-APnd_025-Ex1-4A-lcwgs-1-2	77.82738301987862	17.102456951757873	3.93294441588541	0.8836834259315005	0.19704190150683643	0.04326565099418888	0.009879882244153503	0.0021715157849129052	0.0007512827123158393	0.00018524779207787818	4.116617601730626e-05	4.116617601730626e-05	4.116617601730626e-05	1.0291544004326565e-05	3.0874632012979694e-05	1.0291544004326565e-05	0.0	2.058308800865313e-05	0.0	0.0	0.0	0.0	0.0	1.0291544004326565e-05	0.0	0.0	1.0291544004326565e-05	0.0	1.0291544004326565e-05	0.0	1.0291544004326565e-05
Goy-APnd_027-Ex1-4C-lcwgs-1-2	88.5870782088263	10.04243856452647	1.2066094122804054	0.1437417904467094	0.01701328089830123	0.0022368915466793025	0.00038715430615603305	6.452571769267217e-05	8.603429025689625e-05	4.301714512844812e-05	6.452571769267217e-05	2.150857256422406e-05	0.0	0.0	0.0	0.0	0.0	2.150857256422406e-05	2.150857256422406e-05	0.0	2.150857256422406e-05	2.150857256422406e-05	0.0	2.150857256422406e-05	2.150857256422406e-05	0.0	0.0	0.0	2.150857256422406e-05	0.0	6.452571769267217e-05
Goy-APnd_028-Ex1-4D-lcwgs-1-2	92.55990909994541	6.563648192028151	0.7750193888768855	0.08856684207424972	0.010594689441677723	0.0015475389072113527	0.00023808290880174656	5.952072720043664e-05	0.00011904145440087328	0.0	0.0	5.952072720043664e-05	0.0	0.0	0.0	5.952072720043664e-05	0.0	0.0	0.0	5.952072720043664e-05	0.0	0.0	0.0	0.0	0.0	0.0	0.0	0.0	0.0	0.0	0.00011904145440087328
Goy-APnd_029-Ex1-4E-lcwgs-1-2	96.36182288821867	3.28183998670118	0.31703436320026596	0.034553183404972806	0.0026122681612006935	0.00023747892374551758	0.00011873946187275879	0.0	0.0	0.0	0.0	0.0	0.00023747892374551758	0.0	0.00035621838561827635	0.0	0.0	0.0	0.0	0.0	0.00011873946187275879	0.0	0.00011873946187275879	0.0	0.0	0.0	0.0	0.00011873946187275879	0.0	0.0	0.0008311762331093116
Goy-APnd_030-Ex1-4F-lcwgs-1-2	74.70397859082554	18.891478053158757	4.823856777038904	1.1944446834074596	0.29363775309767753	0.06912602622666884	0.017617548296815007	0.004373023178456624	0.0009140335332019992	0.00021506671369458805	0.00012545558298850972	8.961113070607836e-05	1.792222614121567e-05	1.792222614121567e-05	0.0	0.0	3.584445228243134e-05	0.0	0.0	0.0	1.792222614121567e-05	0.0	1.792222614121567e-05	0.0	0.0	0.0	0.0	0.0	0.0	0.0	3.584445228243134e-05
Goy-APnd_033-Ex1-5A-lcwgs-1-2	69.95047982313483	20.60715912377897	6.5088969732131	2.0409928238797717	0.6232532000283174	0.1901815624706982	0.055658868043964645	0.016058041373892686	0.004767113731847525	0.0015615112696445437	0.0005480303975194793	0.00015765258010834335	8.257992291389414e-05	3.002906287777969e-05	2.2521797158334765e-05	3.002906287777969e-05	2.2521797158334765e-05	7.507265719444923e-06	7.507265719444923e-06	0.0	2.2521797158334765e-05	0.0	7.507265719444923e-06	0.0	0.0	7.507265719444923e-06	7.507265719444923e-06	0.0	0.0	0.0	3.7536328597224606e-05
Goy-APnd_035-Ex1-5C-lcwgs-1-2	89.08645073249855	9.572683311951051	1.1747449605657756	0.1434870527780172	0.018592786241754436	0.0025842585354677347	0.0004336004254140494	0.0003295363233146775	0.00022547222121530568	0.00012140811911593383	6.93760680662479e-05	3.468803403312395e-05	0.0	3.468803403312395e-05	3.468803403312395e-05	1.7344017016561976e-05	1.7344017016561976e-05	0.0	0.0	0.0	0.0	0.0	0.0	1.7344017016561976e-05	0.0	1.7344017016561976e-05	1.7344017016561976e-05	0.0	0.0	0.0	8.672008508280988e-05
Goy-APnd_037-Ex1-5E-lcwgs-1-2	77.25308066120738	17.45513254540312	4.075172023225196	0.9393948184369604	0.21434914665799928	0.047962784834661897	0.010985290753368439	0.0025959239214636593	0.0007252104923454033	0.0002554718779853125	6.592822657685484e-05	7.41692548989617e-05	2.4723084966320567e-05	8.241028322106854e-06	3.296411328842742e-05	4.1205141610534276e-05	8.241028322106854e-06	8.241028322106854e-06	8.241028322106854e-06	1.648205664421371e-05	0.0	0.0	8.241028322106854e-06	0.0	8.241028322106854e-06	8.241028322106854e-06	8.241028322106854e-06	0.0	0.0	0.0	2.4723084966320567e-05
Goy-APnd_038-Ex1-5F-lcwgs-1-2	87.08501786471035	11.239910453306297	1.469647538629313	0.1800584288743459	0.021303385769796034	0.0029370827292288172	0.0004958711101295406	0.0001144317946452786	5.72158973226393e-05	1.90719657742131e-05	7.62878630968524e-05	1.90719657742131e-05	3.81439315484262e-05	3.81439315484262e-05	1.90719657742131e-05	1.90719657742131e-05	3.81439315484262e-05	0.0	1.90719657742131e-05	0.0	3.81439315484262e-05	0.0	1.90719657742131e-05	0.0	0.0	0.0	0.0	0.0	1.90719657742131e-05	0.0	9.53598288710655e-05
Goy-APnd_040-Ex1-5H-lcwgs-1-2	89.236745559505	9.512030665287222	1.1070000863215985	0.12588212098262613	0.015237392191906661	0.00219701933929817	0.00035435795795131774	0.00021261477477079065	7.087159159026355e-05	5.669727327221084e-05	2.834863663610542e-05	1.417431831805271e-05	4.2522954954158126e-05	4.2522954954158126e-05	0.0	0.0	0.0	0.0	0.0	0.0	0.0	0.0	0.0	0.0	1.417431831805271e-05	0.0	0.0	1.417431831805271e-05	0.0	0.0	5.669727327221084e-05
Goy-APnd_041-Ex1-6A-lcwgs-1-2	87.03180298310474	11.130145154208485	1.580042660320446	0.2194226567351085	0.03166528535909234	0.0044063278609304726	0.0010080514210147544	0.0003949067422532028	0.00011431510959961133	0.00014549195767223262	7.274597883611631e-05	6.235369614524254e-05	0.0001247073922904851	9.353054421786382e-05	5.196141345436879e-05	1.0392282690873758e-05	1.0392282690873758e-05	5.196141345436879e-05	2.0784565381747516e-05	4.156913076349503e-05	2.0784565381747516e-05	2.0784565381747516e-05	1.0392282690873758e-05	1.0392282690873758e-05	2.0784565381747516e-05	1.0392282690873758e-05	4.156913076349503e-05	5.196141345436879e-05	0.0	2.0784565381747516e-05	0.00010392282690873758
Goy-APnd_043-Ex1-6C-lcwgs-1-2	89.2118822699752	9.534742320757635	1.1082124008759024	0.12619151720354	0.015524485275194178	0.002021552339674701	0.0004535534095424009	0.00018142136381696036	0.00011662801959661736	5.183467537627439e-05	3.887600653220579e-05	7.775201306441158e-05	7.775201306441158e-05	5.183467537627439e-05	2.5917337688137194e-05	3.887600653220579e-05	5.183467537627439e-05	3.887600653220579e-05	2.5917337688137194e-05	0.0	0.0	2.5917337688137194e-05	0.0	3.887600653220579e-05	0.0	1.2958668844068597e-05	0.0	0.0	1.2958668844068597e-05	0.0	0.00010366935075254878
Goy-APnd_044-Ex1-6D-lcwgs-1-2	89.83608775085547	9.0236971782436	1.0145468680917917	0.11104479459383004	0.012528481757503637	0.001396617638541389	0.000356000574530158	9.584630852735024e-05	0.0	9.584630852735024e-05	5.476931915848584e-05	2.738465957924292e-05	1.369232978962146e-05	0.0	0.0	0.0	0.0	0.0	1.369232978962146e-05	0.0	0.0	0.0	0.0	1.369232978962146e-05	2.738465957924292e-05	0.0	0.0	0.0	0.0	0.0	0.0
Goy-APnd_045-Ex1-6E-lcwgs-1-2	88.82639155820408	9.908512138560582	1.1252065095369859	0.12304659160623055	0.013958220373571192	0.0019197856288878312	0.0003181965130753311	0.0001060655043584437	0.0001060655043584437	8.485240348675496e-05	5.303275217922185e-05	4.242620174337748e-05	3.1819651307533115e-05	1.060655043584437e-05	1.060655043584437e-05	3.1819651307533115e-05	3.1819651307533115e-05	2.121310087168874e-05	1.060655043584437e-05	1.060655043584437e-05	2.121310087168874e-05	1.060655043584437e-05	2.121310087168874e-05	0.0	0.0	2.121310087168874e-05	0.0	0.0	0.0	0.0	2.121310087168874e-05
Goy-APnd_046-Ex1-6F-lcwgs-1-2	88.92686468909278	9.804326724475036	1.126556632430539	0.12571491378773222	0.014014723979259545	0.0018207448316320506	0.00030067345843465054	0.00015033672921732527	0.00010022448614488353	0.0	1.6704081024147252e-05	0.0	0.0	0.0	0.0	0.0	0.0	0.0	0.0	0.0	0.0	0.0	0.0	3.3408162048294504e-05	0.0	1.6704081024147252e-05	0.0	0.0	0.0	0.0	8.352040512073626e-05
Goy-APnd_048-Ex1-6H-lcwgs-1-2	87.1537547722924	11.224254145727658	1.421811038900977	0.17468126745982973	0.021662752917812483	0.0028877923706594434	0.0004999759925320827	0.00013792441173298835	9.482303306642947e-05	3.448110293324709e-05	0.0	2.5860827199935312e-05	8.620275733311772e-06	8.620275733311772e-06	2.5860827199935312e-05	1.7240551466623544e-05	3.448110293324709e-05	8.620275733311772e-06	0.0	0.0	8.620275733311772e-06	0.0	0.0	1.7240551466623544e-05	0.0	0.0	8.620275733311772e-06	0.0	0.0	0.0	1.7240551466623544e-05
Goy-APnd_049-Ex1-7A-lcwgs-1-2	60.358194509839095	22.03408182178277	9.77706964716785	4.3903070185272375	1.9567292960546476	0.8576975105191962	0.36509831618125155	0.15405110498269844	0.06350754467388624	0.025653385947998174	0.009911960120475625	0.0041292048758249066	0.0014947347966786993	0.0008314462306525265	0.0003830257916489167	0.00011210510975090246	4.671046239620935e-05	6.539464735469309e-05	6.539464735469309e-05	5.605255487545123e-05	4.671046239620935e-05	2.8026277437725614e-05	0.0	3.736836991696748e-05	9.34209247924187e-06	1.868418495848374e-05	1.868418495848374e-05	1.868418495848374e-05	2.8026277437725614e-05	1.868418495848374e-05	0.000289604866856498
Goy-APnd_050-Ex1-7B-lcwgs-1-2	87.29068211674053	11.108220872810962	1.4048808324246334	0.17164415206033737	0.02016166232905903	0.003150259738915474	0.0006750556583390301	0.000135011131667806	9.000742111187067e-05	4.5003710555935335e-05	4.5003710555935335e-05	4.5003710555935335e-05	0.0	4.5003710555935335e-05	0.0	0.0	0.0	0.0	0.0	0.0	0.0	0.0	0.0	4.5003710555935335e-05	0.0	0.0	0.0	0.0	0.0	4.5003710555935335e-05	9.000742111187067e-05
Goy-APnd_051-Ex1-7C-lcwgs-1-2	89.12533266926248	9.60243452582505	1.1243944062547362	0.12877641000966622	0.015756658596778467	0.0019907101445274344	0.0005258479627053601	0.00013146199067634001	0.0002817042657350143	5.6340853147002865e-05	7.512113752933715e-05	0.0	1.8780284382334287e-05	1.8780284382334287e-05	1.8780284382334287e-05	1.8780284382334287e-05	1.8780284382334287e-05	0.0	0.0	0.0	1.8780284382334287e-05	1.8780284382334287e-05	1.8780284382334287e-05	0.0	0.0	0.0	0.0	0.0	0.0	0.0	9.390142191167145e-05
Goy-APnd_052-Ex1-7D-lcwgs-1-2	89.81025339843445	9.087403853514772	0.9855319546388692	0.10281537066884525	0.011157913591343705	0.0014926480433453168	0.0005468116594433338	0.0001773443219816218	0.00013300824148621636	5.911477399387394e-05	8.86721609908109e-05	1.4778693498468485e-05	2.955738699693697e-05	4.433608049540545e-05	1.4778693498468485e-05	0.0	2.955738699693697e-05	1.4778693498468485e-05	2.955738699693697e-05	1.4778693498468485e-05	0.0	1.4778693498468485e-05	2.955738699693697e-05	0.0	1.4778693498468485e-05	0.0	0.0	0.0	0.0	0.0	8.86721609908109e-05
Goy-APnd_053-Ex1-7E-lcwgs-1-2	94.84085191898774	4.644949234657474	0.4578256700801136	0.04788181917890936	0.005542969215292463	0.0007665808489234257	0.0005307098184854484	0.0005307098184854484	0.0002358710304379771	0.00017690327282848285	5.896775760949428e-05	5.896775760949428e-05	5.896775760949428e-05	0.00011793551521898855	0.00011793551521898855	0.0	5.896775760949428e-05	0.0	0.0	5.896775760949428e-05	0.0	0.0	0.0	0.0	0.0	0.00011793551521898855	0.0	0.0	0.0	0.0	5.896775760949428e-05
Goy-APnd_054-Ex1-7F-lcwgs-1-2	92.19601157795276	6.946157607223095	0.7641111096612658	0.08312730605355609	0.00805943410491541	0.0009978346987038126	0.0003070260611396347	0.00015351303056981735	7.675651528490868e-05	7.675651528490868e-05	7.675651528490868e-05	7.675651528490868e-05	7.675651528490868e-05	0.0	0.0	0.0	7.675651528490868e-05	0.0	0.0	0.0	7.675651528490868e-05	0.0	7.675651528490868e-05	7.675651528490868e-05	0.0	0.0	0.0	0.0	0.0	0.0	0.00038378257642454334
Goy-APnd_055-Ex1-7G-lcwgs-1-2	88.20451288083801	10.381330559563615	1.2503452725190118	0.142720689501977	0.017939684029769736	0.0018350147863559888	0.00043460876518957637	0.00025352177969391955	0.00010865219129739409	6.0362328498552276e-05	8.450725989797317e-05	4.828986279884182e-05	3.621739709913136e-05	2.414493139942091e-05	3.621739709913136e-05	0.0	1.2072465699710454e-05	1.2072465699710454e-05	1.2072465699710454e-05	0.0	2.414493139942091e-05	1.2072465699710454e-05	2.414493139942091e-05	0.0	3.621739709913136e-05	1.2072465699710454e-05	0.0	0.0	1.2072465699710454e-05	0.0	7.243479419826271e-05
Goy-APnd_056-Ex1-7H-lcwgs-1-2	87.25844460837727	11.122207408109261	1.419343922792152	0.17323037148832204	0.022685896438070615	0.0030455409895977855	0.0003654649187517343	0.0002030360659731857	0.00010828590185236572	6.767868865772856e-05	5.414295092618286e-05	5.414295092618286e-05	0.0	4.060721319463714e-05	1.3535737731545715e-05	1.3535737731545715e-05	0.0	0.0	1.3535737731545715e-05	1.3535737731545715e-05	0.0	0.0	0.0	0.0	0.0	0.0	0.0	0.0	0.0	0.0	9.475016412081999e-05
Goy-APnd_059-Ex1-8C-lcwgs-1-2	87.25944571301193	11.152714728793537	1.4016181233047593	0.1651442170690392	0.018446781036709093	0.0016861774256589665	0.0004384061306713313	6.744709702635866e-05	0.000101170645539538	0.0	0.0	0.0	3.372354851317933e-05	0.000101170645539538	0.0	0.0	0.0	3.372354851317933e-05	0.0	3.372354851317933e-05	0.0	0.0	0.0	0.0	3.372354851317933e-05	0.0	0.0	0.0	0.0	0.0	0.000101170645539538
Goy-APnd_060-Ex1-8D-lcwgs-1-2	87.8255680183554	10.745620680349326	1.2668539235716612	0.14377594196770907	0.01572159444774602	0.0017824937015585055	0.00028519899224936087	0.00017824937015585056	0.0	3.564987403117011e-05	3.564987403117011e-05	0.0	0.0	0.0	0.0	0.0	0.0	0.0	3.564987403117011e-05	0.0	0.0	0.0	0.0	0.0	0.0	3.564987403117011e-05	0.0	0.0	0.0	0.0	7.129974806234022e-05
Goy-APnd_062-Ex1-8F-lcwgs-1-2	85.55489270743432	12.52385551947293	1.683327738604285	0.2100127260605596	0.02445161525593782	0.002477888352896184	0.00037402088345602776	0.00018701044172801388	0.0	4.675261043200347e-05	0.0	0.0	0.0	4.675261043200347e-05	0.0	0.0	0.0	0.0	0.0	0.0	0.0	0.0	4.675261043200347e-05	4.675261043200347e-05	0.0	0.0	0.0	0.0	0.0	0.0	0.00023376305216001736
Goy-APnd_063-Ex1-8G-lcwgs-1-2	87.12236982943567	11.266420465866283	1.4248909935916743	0.1616677401268691	0.021639104224490648	0.0022704841691649717	0.00027801846969366996	4.633641161561166e-05	0.0	0.0	4.633641161561166e-05	0.0	4.633641161561166e-05	0.0	4.633641161561166e-05	0.0	0.0	0.0	0.0	0.0	0.0	4.633641161561166e-05	0.0	0.0	0.0	0.0	4.633641161561166e-05	0.0	4.633641161561166e-05	0.0	0.00013900923484683498
Goy-APnd_064-Ex1-8H-lcwgs-1-2	86.59176010538435	11.662967150369779	1.5273470319161073	0.1897125787011586	0.023441794853177607	0.003215467435612858	0.0007260732919125807	5.186237799375577e-05	0.00010372475598751154	0.00010372475598751154	5.186237799375577e-05	0.0	0.0	5.186237799375577e-05	5.186237799375577e-05	0.0	0.0	5.186237799375577e-05	0.0	0.0	0.0	0.0	0.0	0.0	0.0	5.186237799375577e-05	0.0	0.0	0.0	0.0	0.00031117426796253465
Goy-CPnd_001-Ex1-7F-lcwgs-1-2	88.81914727324038	9.949318139615885	1.1015515090731125	0.11603009228903452	0.011749882763446535	0.0010490966753077262	0.00020981933506154527	0.0	0.00010490966753077264	0.00010490966753077264	0.00010490966753077264	0.0	0.0	0.00020981933506154527	0.0	0.0	0.00010490966753077264	0.0	0.0	0.0	0.00010490966753077264	0.0	0.0	0.0	0.0	0.0	0.0	0.0	0.0	0.0	0.00020981933506154527
Goy-CPnd_003-Ex1-7G-lcwgs-1-2	90.1631279213108	8.83271161847039	0.9059273717191433	0.08563292927217628	0.010352997072268735	0.0010433252863526633	0.00016051158251579434	0.00016051158251579434	0.0	0.0002407673737736915	0.0	8.025579125789717e-05	0.00016051158251579434	0.0	0.0	8.025579125789717e-05	0.0	0.0	0.0	0.0	8.025579125789717e-05	0.0	0.0	0.0	0.0	0.0	0.0	0.0	0.0	0.0	0.0002407673737736915
Goy-CPnd_004-Ex1-2D-lcwgs-1-2	86.47137786089542	11.751374411633254	1.5517984091048203	0.19616908621885026	0.024776173297706358	0.0037187357684251615	0.0004927517374310773	0.00014628567204985109	5.389472128152408e-05	7.699245897360583e-06	1.5398491794721165e-05	3.079698358944233e-05	0.0	7.699245897360583e-06	0.0	0.0	0.0	0.0	0.0	7.699245897360583e-06	7.699245897360583e-06	0.0	0.0	7.699245897360583e-06	0.0	7.699245897360583e-06	0.0	0.0	0.0	0.0	0.0
Goy-CPnd_005-Ex1-6A-lcwgs-1-2	87.56871234549651	10.735082219959633	1.469138676329797	0.19549948815433008	0.02680109580562851	0.003643705679760061	0.0005698686608155546	0.0001726874729744105	5.180624189232314e-05	5.180624189232314e-05	5.180624189232314e-05	1.726874729744105e-05	3.45374945948821e-05	3.45374945948821e-05	0.0	0.0	0.0	0.0	0.0	1.726874729744105e-05	3.45374945948821e-05	1.726874729744105e-05	0.0	0.0	0.0	0.0	0.0	0.0	0.0	0.0	6.90749891897642e-05
Goy-CPnd_006-Ex1-2C-lcwgs-1-2	89.70098789363058	9.128277622612766	1.0430345082592234	0.11272393917387985	0.012634769189408916	0.0016550336637883882	0.0003027500604490954	8.07333494530921e-05	8.07333494530921e-05	2.0183337363273025e-05	2.0183337363273025e-05	0.0	4.036667472654605e-05	0.0	0.0	0.0	0.0	0.0	0.0	0.0	2.0183337363273025e-05	0.0	2.0183337363273025e-05	0.0	0.0	0.0	0.0	0.0	0.0	0.0	0.00010091668681636513
Goy-CPnd_007-Ex1-8E-lcwgs-1-2	91.13560979613051	7.830407397022316	0.9165578131732105	0.10251605446550086	0.012446912550180891	0.0017097407349149576	0.0001367792587931966	6.83896293965983e-05	0.0001367792587931966	0.0	0.0	0.0	6.83896293965983e-05	0.0	0.0	0.0	6.83896293965983e-05	0.0	0.0	0.0	6.83896293965983e-05	6.83896293965983e-05	0.0	0.0	0.0	0.0	0.0	0.0	0.0	0.0	0.0001367792587931966
Goy-CPnd_008-Ex1-4B-lcwgs-1-2	72.34544522540102	19.886135533073222	5.656906549882963	1.55601175673909	0.4126115285435059	0.10649246003460336	0.027135183619788967	0.007142243932743929	0.001424886570123477	0.0004274659710370432	0.00020482744445524985	1.7811082126543463e-05	8.905541063271732e-06	8.905541063271732e-06	0.0	0.0	8.905541063271732e-06	0.0	8.905541063271732e-06	8.905541063271732e-06	0.0	0.0	0.0	0.0	0.0	0.0	0.0	0.0	0.0	0.0	0.0
Goy-CPnd_009-Ex1-8H-lcwgs-1-2	88.64207320246038	10.124617298187939	1.1108026575373802	0.10893018879735948	0.01069755733824699	0.0019017879712439091	0.0002905509400511528	0.00013206860911416037	2.6413721822832076e-05	7.924116546849623e-05	2.6413721822832076e-05	7.924116546849623e-05	0.0	0.0	7.924116546849623e-05	0.0	2.6413721822832076e-05	0.0	0.0	0.0	2.6413721822832076e-05	0.0	0.0	0.0	2.6413721822832076e-05	0.0	0.0	0.0	0.0	0.0	0.00018489605275982452
Goy-CPnd_010-Ex1-6D-lcwgs-1-2	94.83970667711864	4.528133131430683	0.5471055344233083	0.07365878336962171	0.009565627282412196	0.0011050544152967157	0.0002762636038241789	3.4532950478022366e-05	0.00010359885143406711	0.0	0.0	6.906590095604473e-05	0.0	0.0	6.906590095604473e-05	0.0	0.0	0.0	0.0	0.0	0.0	0.0	3.4532950478022366e-05	0.0	0.0	0.0	0.0	0.0	0.0	0.0	0.00013813180191208946
Goy-CPnd_015-Ex1-1E-lcwgs-1-2	90.70733604519198	8.267173333673378	0.9051147014192626	0.10711416584843346	0.010711416584843345	0.0010201349128422233	0.0	0.0002550337282105558	0.0	0.0	0.0	0.0	0.0	0.0002550337282105558	0.0	0.0002550337282105558	0.0	0.0002550337282105558	0.0	0.0	0.0	0.0002550337282105558	0.0002550337282105558	0.0	0.0	0.0	0.0	0.0	0.0	0.0	0.0
Goy-CPnd_016-Ex1-7C-lcwgs-1-2	93.43722666311133	5.848193093645386	0.6367892703292757	0.068329182151837	0.007741465169051557	0.0009676831461314446	0.0001612805243552408	5.376017478508026e-05	5.376017478508026e-05	5.376017478508026e-05	5.376017478508026e-05	0.0	0.0	5.376017478508026e-05	0.0	0.0	0.0	0.0	0.0	0.00010752034957016053	5.376017478508026e-05	0.0	0.0	0.0	0.0	0.0	5.376017478508026e-05	5.376017478508026e-05	0.0	0.0	5.376017478508026e-05
Goy-CPnd_020-Ex1-5B-lcwgs-1-2	87.98293010408193	10.579079195945784	1.272734684832955	0.14467090975469618	0.017295524818270853	0.002290597510937855	0.00043390173114681843	0.00016145180693835106	7.063516553552858e-05	5.04536896682347e-05	7.063516553552858e-05	3.027221380094082e-05	1.0090737933646941e-05	0.0	5.04536896682347e-05	2.0181475867293882e-05	3.027221380094082e-05	0.0	1.0090737933646941e-05	0.0	0.0	1.0090737933646941e-05	1.0090737933646941e-05	0.0	0.0	0.0	0.0	0.0	0.0	1.0090737933646941e-05	3.027221380094082e-05
Goy-CPnd_025-Ex1-5D-lcwgs-1-2	95.6835495803615	3.8948753885389626	0.3768048393820138	0.040371947076644335	0.003085335792849242	0.00039387265440628624	0.00026258176960419077	0.00019693632720314312	6.564544240104769e-05	0.0	0.0	6.564544240104769e-05	0.0	0.0	0.0	0.0	0.0	0.0	0.0	6.564544240104769e-05	6.564544240104769e-05	6.564544240104769e-05	0.0	0.0	0.0	0.0	6.564544240104769e-05	0.0	0.0	0.0	6.564544240104769e-05
Goy-CPnd_026-Ex1-2F-lcwgs-1-2	88.14118193354481	10.45559050592925	1.2476571148284021	0.13710482698927176	0.01537206946006722	0.002232458220341713	0.00041459938377774665	9.567678087178769e-05	3.18922602905959e-05	3.18922602905959e-05	0.0	6.37845205811918e-05	3.18922602905959e-05	3.18922602905959e-05	3.18922602905959e-05	0.0	0.0	0.0	0.0	0.0	3.18922602905959e-05	0.0	0.0	0.0	0.0	0.0	0.0	0.0	0.0	3.18922602905959e-05	6.37845205811918e-05
Goy-CPnd_027-Ex1-2H-lcwgs-1-2	87.5943846371782	10.909487367922942	1.3192925593243234	0.15523764076763685	0.018749470925833716	0.0022100440197684846	0.0003909464150492988	0.00014361296879361995	1.5956996532624436e-05	2.393549479893666e-05	1.5956996532624436e-05	0.0	7.978498266312218e-06	1.5956996532624436e-05	0.0	0.0	0.0	0.0	0.0	0.0	0.0	0.0	0.0	0.0	0.0	0.0	0.0	0.0	0.0	0.0	2.393549479893666e-05
Goy-CPnd_031-Ex1-1F-lcwgs-1-2	86.70568199994355	11.557069333759868	1.5065438499101456	0.19513939200060218	0.029543765230563682	0.004328067517853278	0.0005645305458069494	0.0	0.00018817684860231645	0.0	0.00018817684860231645	0.0	0.0	0.00018817684860231645	0.00018817684860231645	0.00018817684860231645	0.0	0.0	0.0	0.0	0.0	0.0	0.0	0.0	0.0	0.0	0.0	0.0	0.0	0.0	0.00018817684860231645
Goy-CPnd_035-Ex1-3A-lcwgs-1-2	88.1690899431085	10.417602715790524	1.2499629639100045	0.1438420854180086	0.016579992069203305	0.002090256038100294	0.0004160218328257867	0.00010146873971360651	7.102811779952457e-05	6.088124382816391e-05	3.0440621914081956e-05	1.0146873971360652e-05	1.0146873971360652e-05	1.0146873971360652e-05	0.0	0.0	1.0146873971360652e-05	1.0146873971360652e-05	0.0	1.0146873971360652e-05	0.0	0.0	0.0	0.0	0.0	1.0146873971360652e-05	0.0	0.0	0.0	1.0146873971360652e-05	7.102811779952457e-05
Goy-CPnd_037-Ex1-3H-lcwgs-1-2	94.69166981697545	4.757229778970503	0.4930772264058642	0.050788247982724334	0.005797526420669475	0.0007666150638901786	0.00019165376597254466	0.0001437403244794085	0.0	0.0	0.0	0.0	4.7913441493136165e-05	0.0	0.0	0.0	0.0	0.0	0.0	0.0	0.0	9.582688298627233e-05	0.0	0.0	4.7913441493136165e-05	4.7913441493136165e-05	0.0	0.0	0.0	4.7913441493136165e-05	4.7913441493136165e-05
Goy-CPnd_038-Ex1-6F-lcwgs-1-2	88.40425796503096	9.924142562240405	1.449001417663591	0.19126022831845202	0.02437386524734499	0.0042281194816822945	0.0009948516427487751	0.0002487129106871938	0.0002487129106871938	0.0	0.0	0.0	0.0	0.0	0.0002487129106871938	0.0002487129106871938	0.0	0.0	0.0	0.0	0.0	0.0	0.0	0.0002487129106871938	0.0	0.0	0.0	0.0	0.0	0.0	0.0004974258213743876
Goy-CPnd_039-Ex1-8A-lcwgs-1-2	87.16191163040453	11.05784042048657	1.544606146598049	0.20467756033127818	0.02508495568977749	0.003997914813058287	0.0010190763248972105	0.00023517145959166396	0.0	0.0	7.839048653055465e-05	7.839048653055465e-05	0.0	0.0	0.0	0.0	0.0	0.0	0.0	0.0	0.0	0.0	7.839048653055465e-05	0.0	0.0	0.0	0.0	0.0	0.0	0.0	0.0003919524326527733
Goy-CPnd_041-Ex1-3C-lcwgs-1-2	88.21248839823326	10.273851666623358	1.3279983529322403	0.1618417309136362	0.020138601551521838	0.0029150167671764446	0.00034980201206117337	0.00018322962536537654	1.6657238669579685e-05	3.331447733915937e-05	1.6657238669579685e-05	0.0	0.0	1.6657238669579685e-05	0.0	1.6657238669579685e-05	1.6657238669579685e-05	0.0	1.6657238669579685e-05	0.0	0.0	1.6657238669579685e-05	0.0	0.0	0.0	0.0	0.0	0.0	0.0	0.0	8.328619334789842e-05
Goy-CPnd_042-Ex1-3B-lcwgs-1-2	95.99595129647822	3.5970448433608206	0.35842934119258135	0.04212437855377929	0.004912030008037868	0.0008930963650977941	9.923292945531045e-05	4.9616464727655224e-05	4.9616464727655224e-05	0.0	0.0	0.0	4.9616464727655224e-05	0.0	0.0	0.0	4.9616464727655224e-05	0.0	0.0	0.0	0.0	4.9616464727655224e-05	0.0	0.0	0.0	0.0	0.0	0.0	0.0	0.0	0.00029769878836593134
Goy-CPnd_047-Ex1-6E-lcwgs-1-2	98.13581532635777	1.7368357238695773	0.11153070065208122	0.012887456770812841	0.0017263571375232157	0.00036133056366764976	0.00016059136163006654	0.00012044352122254991	4.0147840407516636e-05	0.0	0.0	8.029568081503327e-05	0.00012044352122254991	4.0147840407516636e-05	4.0147840407516636e-05	0.0	4.0147840407516636e-05	0.0	4.0147840407516636e-05	0.0	0.0	0.0	0.0	0.0	0.0	0.0	0.0	0.0	0.0	0.0	0.00016059136163006654
Goy-CPnd_048-Ex1-8B-lcwgs-1-2	86.50723866098485	11.720044861719172	1.5495494010034592	0.19542180892167305	0.02406703763938826	0.002758672298586006	0.00031708876995241447	0.00015854438497620724	0.0	6.34177539904829e-05	9.512663098572435e-05	0.0	0.0	3.170887699524145e-05	0.0	0.0	3.170887699524145e-05	3.170887699524145e-05	0.0	0.0	0.0	3.170887699524145e-05	0.0	3.170887699524145e-05	0.0	0.0	0.0	0.0	0.0	0.0	0.0001268355079809658
Goy-CPnd_052-Ex1-3D-lcwgs-1-2	90.38994104327796	8.520821526397826	0.9676967837732889	0.10748768408157319	0.012291098517978775	0.001202542062054806	0.0002936439918971038	6.991523616597708e-05	2.796609446639084e-05	2.796609446639084e-05	1.398304723319542e-05	1.398304723319542e-05	2.796609446639084e-05	0.0	0.0	0.0	0.0	0.0	0.0	0.0	2.796609446639084e-05	1.398304723319542e-05	0.0	0.0	0.0	0.0	0.0	0.0	0.0	0.0	4.1949141699586256e-05
Goy-CPnd_053-Ex1-2E-lcwgs-1-2	88.10401178467467	10.440073967638867	1.282607345642974	0.15231150818177944	0.018104512092159363	0.002219262772587277	0.0004185451720230391	7.786886921358866e-05	5.840165191019149e-05	9.733608651698582e-06	1.9467217303397165e-05	0.0	0.0	0.0	0.0	0.0	9.733608651698582e-06	9.733608651698582e-06	0.0	9.733608651698582e-06	0.0	0.0	9.733608651698582e-06	9.733608651698582e-06	0.0	0.0	0.0	9.733608651698582e-06	0.0	0.0	2.9200825955095745e-05
Goy-CPnd_056-Ex1-3G-lcwgs-1-2	90.97047926377435	7.983891420126104	0.9239258760461394	0.10450463056082694	0.01282623080802339	0.0024777945879136095	0.00029150524563689527	0.00029150524563689527	0.00014575262281844764	0.00014575262281844764	0.0	0.0	0.0	0.0	0.0	0.0	0.00014575262281844764	0.0	0.00029150524563689527	0.0	0.0	0.0	0.0	0.0	0.0	0.00014575262281844764	0.00014575262281844764	0.0	0.0	0.0	0.00029150524563689527
Goy-CPnd_057-Ex1-4F-lcwgs-1-2	85.45170503087851	12.61045475626724	1.6911986070088936	0.2146036240551338	0.027461127248761198	0.003051236360973466	0.0005085393934955777	0.0002034157573982311	0.00010170787869911555	0.0	0.0	0.00010170787869911555	0.00010170787869911555	0.00010170787869911555	0.0	0.0	0.0	0.0	0.0	0.0	0.00010170787869911555	0.0	0.0	0.0	0.0	0.0	0.0	0.0	0.0	0.0	0.00030512363609734664
Goy-CPnd_059-Ex1-8G-lcwgs-1-2	88.61413663457833	10.149430289830343	1.1094154119877833	0.1100500209938629	0.013420734267544256	0.002396559690632903	0.0002875871628759483	9.586238762531611e-05	0.0	0.0	9.586238762531611e-05	9.586238762531611e-05	0.0	0.0	0.0	0.0	0.0	9.586238762531611e-05	9.586238762531611e-05	9.586238762531611e-05	0.0	0.0	0.0	0.0	0.0	0.0	0.0	0.0	9.586238762531611e-05	0.0	0.00019172477525063221
Goy-CPnd_060-Ex1-7D-lcwgs-1-2	88.80185824193566	9.963296999553181	1.1042158699643672	0.11614481445741513	0.012372008846267933	0.0016239434980306164	0.0002816086990804537	7.509565308812099e-05	3.7547826544060495e-05	2.8160869908045373e-05	1.8773913272030247e-05	9.386956636015124e-06	9.386956636015124e-06	9.386956636015124e-06	0.0	9.386956636015124e-06	0.0	0.0	0.0	0.0	0.0	9.386956636015124e-06	0.0	0.0	0.0	0.0	0.0	0.0	0.0	0.0	0.0
Goy-CPnd_061-Ex1-7E-lcwgs-1-2	87.24942574857968	11.207836383755852	1.363298506033548	0.15654694180562229	0.01980092897201844	0.002455007442309598	0.0003077502206883827	0.00016786375673911785	6.994323197463243e-05	2.098296959238973e-05	1.3988646394926485e-05	6.994323197463243e-06	0.0	0.0	6.994323197463243e-06	6.994323197463243e-06	1.3988646394926485e-05	6.994323197463243e-06	6.994323197463243e-06	0.0	0.0	6.994323197463243e-06	0.0	0.0	0.0	0.0	0.0	0.0	0.0	0.0	0.0
Goy-CPnd_062-Ex1-3F-lcwgs-1-2	87.02358111578938	11.44063889852349	1.3557714682109347	0.16244671089314958	0.014927535595586718	0.0008780903291521599	0.0008780903291521599	0.0	0.0	0.00043904516457607997	0.0	0.00043904516457607997	0.0	0.0	0.0	0.0	0.0	0.0	0.0	0.0	0.0	0.0	0.0	0.0	0.0	0.0	0.0	0.0	0.0	0.0	0.0
Goy-CPnd_063-Ex1-2G-lcwgs-1-2	95.88020340710389	3.724360339104911	0.35180912958651955	0.0362977673382917	0.004537220917286463	0.0017450849681871008	0.0	0.0	0.0	0.0003490169936374202	0.0	0.0	0.0	0.0	0.0003490169936374202	0.0	0.0	0.0	0.0	0.0	0.0	0.0003490169936374202	0.0	0.0	0.0	0.0	0.0	0.0	0.0	0.0	0.0
Goy-CPnd_064-Ex1-8D-lcwgs-1-2	87.76420142697205	10.75807908614508	1.3068758234881719	0.1500861051456119	0.017918009315238976	0.002232158787576381	0.00028851031948266153	6.073901462792875e-05	4.555426097094655e-05	1.5184753656982187e-05	1.5184753656982187e-05	3.0369507313964373e-05	0.0	1.5184753656982187e-05	0.0	0.0	1.5184753656982187e-05	0.0	1.5184753656982187e-05	1.5184753656982187e-05	0.0	1.5184753656982187e-05	1.5184753656982187e-05	1.5184753656982187e-05	0.0	0.0	0.0	1.5184753656982187e-05	0.0	0.0	3.0369507313964373e-05
Goy-CPnd_068-Ex1-2A-lcwgs-1-2	87.05363170293764	11.259380043330848	1.4753181990821531	0.1849037295569629	0.022838914987501686	0.003028364418232268	0.00058359105976351	0.00011040911941471811	1.5772731344959728e-05	0.0	6.309092537983891e-05	0.0	1.5772731344959728e-05	0.0	0.0	0.0	0.0	1.5772731344959728e-05	1.5772731344959728e-05	0.0	1.5772731344959728e-05	0.0	0.0	0.0	0.0	0.0	1.5772731344959728e-05	1.5772731344959728e-05	0.0	0.0	3.1545462689919456e-05
Goy-CPnd_070-Ex1-1A-lcwgs-1-2	87.12561044219007	11.323204895354602	1.3753413466849231	0.15593410178617761	0.017147613334806185	0.0019909213984231904	0.0002568930836675084	0.0	0.0001284465418337542	0.0	0.0	0.0	6.42232709168771e-05	0.0	6.42232709168771e-05	0.0	0.0	0.0	0.0	0.0	0.0	6.42232709168771e-05	0.0	0.0	0.0	0.0	0.0	0.0	0.0	0.0	0.00019266981275063133
Goy-CPnd_071-Ex1-3E-lcwgs-1-2	85.6266716132713	12.381973108891351	1.7251895841321738	0.22895052055327147	0.03176656161934095	0.004482690386969098	0.0006462148509287773	0.0001224407085970315	6.802261588723972e-05	3.401130794361986e-05	2.720904635489589e-05	6.802261588723973e-06	2.0406784766171918e-05	1.3604523177447945e-05	1.3604523177447945e-05	6.802261588723973e-06	6.802261588723973e-06	0.0	0.0	0.0	0.0	0.0	0.0	0.0	0.0	0.0	0.0	0.0	0.0	0.0	0.0
Goy-CPnd_072-Ex1-4D-lcwgs-1-2	87.84765070279857	10.66127355410528	1.3105356313948455	0.15815857725113	0.019093896616348745	0.0024717277144749735	0.0004159541784876978	0.00014398413870728	4.799471290242667e-05	6.399295053656888e-05	3.9995594085355555e-05	1.599823763414222e-05	7.99911881707111e-06	2.3997356451213334e-05	2.3997356451213334e-05	0.0	7.99911881707111e-06	0.0	7.99911881707111e-06	0.0	0.0	0.0	0.0	0.0	0.0	7.99911881707111e-06	0.0	0.0	0.0	0.0	7.99911881707111e-06
Goy-CPnd_073-Ex1-4C-lcwgs-1-2	90.84736020360307	8.130224391511277	0.9091318618345858	0.10025803085684473	0.011069939317875229	0.0012571539919353572	0.00017460472110213292	3.492094422042659e-05	3.492094422042659e-05	3.492094422042659e-05	3.492094422042659e-05	0.0	3.492094422042659e-05	0.0	0.0	0.0	3.492094422042659e-05	3.492094422042659e-05	0.0	3.492094422042659e-05	0.0	0.0	0.0	0.0	0.0	0.0	3.492094422042659e-05	0.0	0.0	3.492094422042659e-05	0.00017460472110213292
