1.2771089 -0.0064760 0.0178985 -0.0516467 0.0544804 -0.0365673 -0.0235284 -0.0475684 0.0165542 -0.0727121 0.0426802 0.0105318 0.0360443 0.0693568 -0.0417977 -0.0413523 0.0126303 0.0578313 0.0234820 -0.0299179 -0.0174846 -0.0013943 -0.0239726 0.0208205 -0.0117226 -0.0690561 -0.0207931 0.0281635 -0.0377577 0.0169412 -0.0181029 -0.0509075 0.0069911 0.0178831 -0.0222233 -0.0365530 -0.0103895 -0.0317208 -0.0167776 0.0005597 -0.0315980 -0.0036587 -0.0262021 -0.0319127 -0.0336264 -0.0198132 -0.0375223 -0.0302804 -0.0040684 0.0438412 0.0088851 0.0061077 -0.0076692 -0.0022638 -0.0180591 -0.0225194 -0.0502528 -0.0289302 -0.0057452 -0.0146110 -0.0218392 -0.0351147 -0.0241105 0.0036994 -0.0344540 -0.0351127 -0.0275260 -0.0300824 -0.0024825 0.0086012 -0.0091909 -0.0226844 -0.0352054 -0.0420090 -0.0256926 -0.0255339 -0.0074924 -0.0093110 0.0033253 0.0078360 -0.0408878
-0.0064760 1.4602758 0.0165413 0.0519992 0.0584070 -0.0122854 0.0009659 -0.0007616 0.0108625 0.0374863 0.0323915 -0.0437295 -0.0371986 0.0705772 -0.0055284 0.0482907 -0.0376823 0.1604011 -0.0289892 -0.0327727 -0.0039081 0.0064284 -0.0213014 -0.0484213 -0.0170420 -0.0608545 -0.0623886 -0.0440224 -0.0507622 -0.0142450 -0.0535957 0.0010702 -0.0074015 -0.0126692 -0.0079690 -0.0357902 -0.0288796 -0.0413371 -0.0486836 -0.0030640 -0.0379901 -0.0028419 0.0001293 -0.0603483 -0.0239206 -0.0067087 -0.0241173 -0.0439718 -0.0361020 -0.0419967 -0.0377498 -0.0264578 -0.0369609 -0.0077491 -0.0411328 -0.0396161 -0.0237304 -0.0125347 0.0192163 -0.0525133 -0.0171772 -0.0022467 -0.0022278 -0.0442647 -0.0059307 0.0023990 0.0033643 -0.0278057 -0.0427014 -0.0205139 0.0279175 -0.0097133 -0.0344999 -0.0231665 -0.0494380 -0.0578512 -0.0288546 0.0194929 -0.0158759 0.0174362 -0.0502148
0.0178985 0.0165413 1.2271340 -0.0026833 -0.0295510 -0.0248584 -0.0093349 -0.0102833 0.0111140 0.0416423 -0.0065146 0.0368529 -0.0009718 0.0116227 -0.0505907 -0.0142701 -0.0053038 0.0268437 -0.0403541 0.0042525 -0.0308072 0.0026236 -0.0427790 -0.0535585 -0.0177021 -0.0262490 0.0022572 -0.0293249 -0.0525094 -0.0214155 0.0027426 -0.0253730 -0.0219866 -0.0412149 -0.0282612 -0.0170814 -0.0101189 -0.0210874 -0.0225078 -0.0250334 0.0027791 -0.0279438 0.0239589 -0.0287344 -0.0060703 -0.0270464 0.0488334 -0.0172270 -0.0118723 -0.0181979 0.0010577 -0.0254641 -0.0147558 -0.0172651 -0.0011627 -0.0375935 -0.0012744 0.0135030 -0.0076863 -0.0167008 0.0194182 -0.0331933 0.0021248 -0.0288290 -0.0178406 -0.0497879 -0.0256007 -0.0342326 0.0270643 -0.0137346 -0.0395692 -0.0394712 -0.0004235 -0.0209072 -0.0224714 -0.0417722 0.0130499 0.0172613 -0.0031778 -0.0277596 0.0002436
-0.0516467 0.0519992 -0.0026833 1.4387982 0.0343593 -0.0564955 0.0476424 -0.0327045 0.0828931 -0.0006183 0.0341984 -0.0165167 0.0141612 0.0988288 0.0017051 0.1328528 -0.0721744 0.1779511 -0.0520196 0.0536929 -0.0309215 0.0140649 -0.0227684 -0.1099818 -0.0168715 -0.0588324 0.0207075 -0.0298153 -0.0645119 -0.0803518 -0.0210560 -0.0477920 -0.0142035 -0.0816707 0.0080885 -0.0375835 -0.0122736 -0.0145693 -0.0814634 -0.0266587 -0.0449579 0.0220467 -0.0526800 -0.0709319 -0.0426962 0.0153943 0.0297527 -0.0339425 -0.0355522 -0.0394946 -0.0560480 -0.0237304 0.0149152 -0.0404989 -0.0500396 -0.0554874 0.0192316 -0.0072730 -0.0063431 -0.0246335 0.0059363 -0.0238091 -0.0237388 -0.0546409 -0.0419440 -0.0746992 0.0373620 -0.0493796 -0.0233158 -0.0463642 -0.0513151 -0.0215958 0.0160084 0.0036569 -0.0654475 -0.0744147 -0.0336800 0.0249757 0.0542435 0.0136141 -0.0506181
0.0544804 0.0584070 -0.0295510 0.0343593 1.6960902 -0.0127469 -0.0083320 -0.0410722 -0.0119180 0.0097965 0.0932904 -0.0450851 0.0070895 0.0613066 -0.0698019 0.0797138 -0.0223718 0.1418675 -0.1096552 -0.0313581 -0.0094771 -0.0155412 0.0331430 -0.0228964 -0.0118441 -0.0010534 -0.0231875 -0.0511510 -0.0343756 0.0401509 0.0097621 -0.0702921 0.0008952 -0.0568648 -0.0480136 -0.0535660 -0.0232229 -0.0637207 -0.0935405 -0.0448077 -0.0122283 -0.0312437 -0.0484187 -0.0667226 -0.0427552 -0.0170166 -0.0444929 -0.0214359 -0.0549664 -0.0646566 -0.0345639 -0.0739288 -0.0053396 -0.0158019 -0.0185780 0.0227449 -0.0586578 -0.0477912 -0.0389535 -0.0438017 0.0909047 -0.0557616 -0.0207651 -0.0059030 -0.0318358 -0.0507899 -0.0022696 0.0143486 -0.0282780 -0.0400809 0.0162338 0.0000109 -0.0392479 -0.0149130 -0.0492676 -0.0559654 -0.0421808 -0.0033034 -0.0050106 -0.0080512 -0.0562025
-0.0365673 -0.0122854 -0.0248584 -0.0564955 -0.0127469 1.1613002 -0.0537466 0.0350132 -0.0057612 -0.0012005 -0.0860220 0.0182906 -0.0193757 -0.0499890 -0.0128424 -0.0870981 0.0065438 -0.0700079 -0.0360678 0.0750268 -0.0017900 0.0138147 0.0260895 0.0620262 -0.0322205 -0.0573985 -0.0003828 -0.0159404 -0.0139926 0.0604008 -0.0025557 -0.0037211 -0.0255849 -0.0035730 -0.0114397 0.0317863 0.0063019 0.0150025 0.0223767 -0.0424637 -0.0154376 -0.0263925 -0.0330534 -0.0052481 0.0221383 -0.0341778 -0.0282200 0.0425638 0.0055981 -0.0132559 0.0242265 0.0106908 -0.0069978 -0.0143493 0.0138595 -0.0317677 0.0119231 -0.0073087 -0.0277957 -0.0408514 -0.0377550 -0.0158771 -0.0182974 0.0301417 -0.0121923 0.0211803 -0.0701393 -0.0003937 -0.0076500 -0.0145395 -0.0283944 -0.0345885 0.0032208 -0.0188851 0.0271714 0.0196843 -0.0169057 -0.0297359 -0.0332318 -0.0428386 -0.0007152
-0.0235284 0.0009659 -0.0093349 0.0476424 -0.0083320 -0.0537466 1.0278493 -0.0139269 -0.0182415 -0.0193112 0.0172607 -0.0060379 -0.0322774 0.0144771 -0.0204171 0.0324141 -0.0343354 0.0104378 -0.0559718 -0.0057233 -0.0375592 -0.0382545 0.0123244 -0.0527773 -0.0404067 0.0322330 -0.0041222 0.0026288 0.0410582 -0.0335159 -0.0122253 -0.0452999 0.0002186 -0.0357896 0.0256884 -0.0173600 0.0016289 -0.0157963 -0.0335520 -0.0265648 -0.0130948 0.0008808 0.0113483 -0.0354541 -0.0198224 0.0303325 -0.0082973 -0.0082813 -0.0013317 -0.0371436 -0.0193760 -0.0418800 -0.0090874 0.0064014 -0.0158191 0.0067939 0.0038270 -0.0149695 -0.0090743 -0.0303351 0.0307677 -0.0071277 -0.0138650 -0.0040968 -0.0038903 0.0017495 0.0526546 0.0037929 -0.0125853 -0.0073980 -0.0172200 -0.0003376 -0.0076695 -0.0067747 -0.0274341 -0.0329353 -0.0068554 -0.0033432 0.0039603 -0.0034713 -0.0128655
-0.0475684 -0.0007616 -0.0102833 -0.0327045 -0.0410722 0.0350132 -0.0139269 1.0428268 -0.0536606 0.0165703 -0.0822495 -0.0243081 0.0064561 0.0013020 -0.0581601 -0.0131108 -0.0005335 -0.0374338 0.0258173 -0.0230516 -0.0029269 0.0540726 0.0232529 -0.0583021 -0.0151863 -0.0198815 -0.0262303 -0.0218316 -0.0203572 0.0016375 -0.0008896 0.0076171 -0.0119124 -0.0160826 -0.0139304 -0.0079860 -0.0074095 -0.0035792 -0.0269920 0.0129695 -0.0174170 -0.0195798 0.0406747 -0.0095392 -0.0116067 -0.0168809 -0.0088379 -0.0074455 -0.0135242 -0.0152187 -0.0074642 -0.0048904 -0.0203323 -0.0012689 -0.0011733 0.0338266 -0.0173967 -0.0064505 -0.0161033 -0.0016408 -0.0201121 -0.0039588 -0.0009670 0.0073042 -0.0170838 0.0181718 -0.0473418 0.0087234 0.0193099 0.0321196 0.0223347 -0.0127740 -0.0087167 -0.0089839 0.0029220 0.0148335 -0.0026764 -0.0258406 -0.0177847 0.0141876 -0.0151414
0.0165542 0.0108625 0.0111140 0.0828931 -0.0119180 -0.0057612 -0.0182415 -0.0536606 1.7449446 -0.0016129 0.1395245 -0.0047232 0.0018373 0.1119199 0.1463374 0.0923297 -0.1089892 0.2552943 -0.1223947 -0.0482727 -0.0507720 0.1104871 -0.0240877 -0.0713854 -0.0479136 -0.0678772 0.0357466 -0.0288403 -0.0557724 0.0560916 0.0629596 -0.0006067 0.0061751 -0.1005984 0.0661718 -0.0385439 -0.0650524 -0.0562072 -0.0725610 0.0055105 -0.0490482 -0.0229192 -0.0384177 -0.0964939 -0.0721591 0.0110493 -0.0250585 -0.0892497 -0.0591636 -0.0955784 -0.0632495 -0.0756548 0.0217455 -0.0560865 -0.0790567 -0.0824876 -0.0596503 -0.0452044 -0.0018064 -0.0366610 0.0505737 -0.0214678 -0.0419688 -0.0699849 -0.0677999 -0.0874512 0.1586386 -0.0606002 -0.0127178 -0.0571418 -0.0594535 -0.0098413 -0.0037614 -0.0150672 -0.1084442 -0.1209663 -0.0632906 0.0556961 0.0317697 0.0430337 -0.0531208
-0.0727121 0.0374863 0.0416423 -0.0006183 0.0097965 -0.0012005 -0.0193112 0.0165703 -0.0016129 0.9781286 -0.0850061 0.0017430 -0.0465390 -0.0935633 -0.0369383 -0.0647504 0.0071239 -0.0181641 -0.0087488 -0.0353178 0.0181101 -0.0326321 -0.0073369 -0.0154571 -0.0368269 0.0073025 -0.0343200 -0.0055441 -0.0205253 -0.0454373 -0.0443477 0.0089371 -0.0206184 -0.0079777 -0.0368294 0.0233226 -0.0121915 -0.0036486 0.0558313 -0.0355830 -0.0171307 0.0048778 -0.0199938 0.0173474 -0.0020126 -0.0105545 0.0228002 0.0097255 -0.0043401 -0.0126692 -0.0134402 0.0264888 0.0144476 -0.0104265 0.0018165 -0.0106167 -0.0101074 -0.0197462 -0.0194499 -0.0262761 -0.0209910 0.0474892 -0.0084006 0.0112610 -0.0071414 0.0285033 -0.0368803 -0.0066042 -0.0094396 -0.0096704 0.0062491 -0.0224688 -0.0075799 0.0211099 0.0421993 0.0155961 -0.0018240 -0.0180756 -0.0130558 -0.0243827 0.0008898
0.0426802 0.0323915 -0.0065146 0.0341984 0.0932904 -0.0860220 0.0172607 -0.0822495 0.1395245 -0.0850061 1.7086942 0.0310273 0.0632465 0.1092910 0.0967510 0.0373941 -0.1014007 0.2447421 -0.0552024 -0.1073670 -0.0265810 -0.0190111 -0.0587668 0.0029909 -0.0460990 0.0246767 0.0043312 -0.0112582 -0.1231119 0.0960677 0.1029846 -0.0528294 -0.0019927 -0.0499775 0.0597575 -0.0540720 -0.0755030 -0.0461518 -0.1018825 0.0419107 -0.0483914 -0.0359022 -0.0093423 -0.0822241 -0.0651824 0.0010996 -0.0490801 -0.0674839 -0.0544050 -0.0808008 -0.0752406 -0.0888351 0.0132894 -0.0494828 -0.0730314 -0.0901087 -0.0595893 -0.0165586 0.0111365 0.0190900 0.0157491 -0.0446654 -0.0345195 -0.0760029 -0.0639343 -0.0516745 0.0803491 -0.0501080 -0.0208949 -0.0653230 -0.0562019 0.0142623 -0.0324663 -0.0469295 -0.0984574 -0.1024772 -0.0471615 0.0371978 0.0656785 0.0424673 -0.0935908
0.0105318 -0.0437295 0.0368529 -0.0165167 -0.0450851 0.0182906 -0.0060379 -0.0243081 -0.0047232 0.0017430 0.0310273 1.0177774 -0.0142433 0.0157780 0.0375035 0.0369365 -0.0121262 -0.0153624 -0.0168446 -0.0328380 -0.0177907 -0.0018805 0.0268621 -0.0257492 0.0000287 -0.0121106 -0.0289904 -0.0158751 -0.0040614 0.0006956 -0.0324824 -0.0325984 -0.0038077 -0.0272007 -0.0106813 -0.0130070 -0.0138891 -0.0094702 -0.0227968 0.0029463 -0.0139657 -0.0100288 0.0081276 -0.0225285 -0.0055379 -0.0090316 -0.0171835 0.0003510 -0.0146665 0.0013543 -0.0061029 -0.0138365 -0.0145105 -0.0068329 0.0026485 -0.0180799 -0.0245252 -0.0121508 0.0070910 -0.0106308 -0.0024207 -0.0129620 -0.0111592 -0.0084608 -0.0113093 -0.0177948 0.0045121 0.0192603 -0.0042625 -0.0053304 -0.0205592 -0.0132025 -0.0045145 0.0578143 -0.0105010 -0.0158809 -0.0094766 0.0382248 -0.0101556 -0.0050117 0.0189379
0.0360443 -0.0371986 -0.0009718 0.0141612 0.0070895 -0.0193757 -0.0322774 0.0064561 0.0018373 -0.0465390 0.0632465 -0.0142433 1.2061617 0.0648568 0.0037045 0.0806711 -0.0093667 0.0476218 -0.0000467 -0.0751215 0.0019067 0.0377116 -0.0513936 -0.0448529 0.0081478 -0.0022312 -0.0139023 -0.0154553 -0.0597671 -0.0047095 -0.0457561 -0.0283501 -0.0079186 -0.0391660 -0.0080306 -0.0453641 -0.0373287 -0.0043104 -0.0424285 0.0048996 -0.0230840 -0.0164583 -0.0392187 -0.0383840 -0.0242637 0.0075367 -0.0145325 -0.0324622 -0.0141128 -0.0228006 -0.0275218 -0.0207375 -0.0187614 -0.0058690 -0.0310213 -0.0065623 -0.0184969 -0.0299624 -0.0095257 -0.0249242 0.0165952 -0.0136319 -0.0126187 -0.0386760 -0.0273850 0.0017639 0.0767893 -0.0255521 -0.0298489 -0.0174551 -0.0365393 -0.0064147 0.0079278 -0.0340637 -0.0302911 -0.0094002 0.0071081 -0.0069366 0.0033604 0.0085965 -0.0240309
0.0693568 0.0705772 0.0116227 0.0988288 0.0613066 -0.0499890 0.0144771 0.0013020 0.1119199 -0.0935633 0.1092910 0.0157780 0.0648568 1.8913246 0.1081846 0.0959054 -0.1163574 0.3714963 -0.1108324 -0.0805860 -0.0665345 -0.0551687 0.0574347 -0.0871568 -0.0445761 -0.0801179 -0.0264812 -0.0704401 -0.0908909 -0.0354361 0.0765979 -0.0278472 0.0124502 -0.0800683 0.0178778 -0.0787974 -0.0404782 -0.0705509 -0.1435013 0.0059935 -0.0336966 0.0363353 -0.0424924 -0.1202584 -0.0130861 0.0034855 -0.0492393 -0.1063921 -0.0422516 -0.0835367 -0.0866309 -0.0944422 0.0003284 -0.0596802 -0.0899189 -0.0757264 -0.0645176 -0.0385007 0.0611048 -0.0193498 0.0353703 -0.0000383 -0.0184132 -0.0963859 -0.0709366 -0.1101468 0.1535628 -0.0459115 -0.0306184 -0.0223174 -0.0598450 0.0120757 -0.0498259 -0.0757880 -0.1226769 -0.0910475 -0.0866704 0.0566862 0.0396302 0.0913281 -0.0772146
-0.0417977 -0.0055284 -0.0505907 0.0017051 -0.0698019 -0.0128424 -0.0204171 -0.0581601 0.1463374 -0.0369383 0.0967510 0.0375035 0.0037045 0.1081846 1.3921555 -0.0366470 -0.0441551 0.0885589 -0.0728623 -0.0572372 -0.0209582 -0.0699415 -0.0721543 -0.0788530 -0.0123547 -0.0432763 -0.0309578 -0.0427051 -0.0046961 0.0420136 0.1260695 -0.0000206 0.0025758 -0.0302398 -0.0211694 0.0151141 -0.0141141 -0.0102455 -0.0528423 0.0300686 -0.0331501 -0.0196884 -0.0174742 -0.0543199 -0.0473255 -0.0123285 -0.0541655 -0.0442471 -0.0164276 -0.0513288 -0.0019657 -0.0462805 -0.0069607 0.0170236 -0.0313480 -0.0212870 -0.0377135 0.0241499 -0.0128223 -0.0494002 0.0350495 -0.0022375 0.0006641 -0.0415306 -0.0367341 -0.0621736 0.0466025 -0.0215850 -0.0096280 -0.0209458 -0.0505233 -0.0077967 -0.0361615 -0.0420625 -0.0655026 -0.0344440 -0.0328714 0.0174460 -0.0188052 0.0276424 -0.0039204
-0.0413523 0.0482907 -0.0142701 0.1328528 0.0797138 -0.0870981 0.0324141 -0.0131108 0.0923297 -0.0647504 0.0373941 0.0369365 0.0806711 0.0959054 -0.0366470 1.3096756 -0.0695424 0.1925999 -0.0795871 -0.0156127 -0.0348466 -0.0050906 0.0018263 -0.1035229 0.0439214 -0.0194801 -0.0178296 -0.0767090 -0.0543853 -0.0335513 0.0353743 -0.0200965 0.0031274 -0.0618761 0.0247370 -0.0518507 -0.0301912 -0.0419612 -0.1008508 0.0020745 -0.0325853 -0.0103798 -0.0191554 -0.0739372 -0.0357125 -0.0097403 -0.0205713 -0.0528641 -0.0319978 -0.0648307 -0.0553320 -0.0455564 -0.0020879 -0.0340886 -0.0580293 -0.0449480 0.0116628 -0.0257042 0.0145266 -0.0191472 0.0248040 -0.0329064 -0.0263031 -0.0542757 -0.0479551 -0.0627178 0.0871645 -0.0261003 -0.0229647 -0.0379665 -0.0410329 0.0137300 -0.0030693 -0.0255601 -0.0479364 -0.0925124 -0.0453466 0.0474305 -0.0014481 0.0584690 -0.0613659
0.0126303 -0.0376823 -0.0053038 -0.0721744 -0.0223718 0.0065438 -0.0343354 -0.0005335 -0.1089892 0.0071239 -0.1014007 -0.0121262 -0.0093667 -0.1163574 -0.0441551 -0.0695424 0.9096584 -0.1148978 0.0628304 -0.0015473 0.0327781 -0.0160438 0.0056715 0.0295886 -0.0283040 -0.0218954 -0.0394650 0.0305631 0.0460410 -0.0471910 0.0007987 -0.0026424 -0.0045439 0.0606792 -0.0338000 0.0473747 0.0110993 0.0137621 0.0264039 -0.0353767 0.0083039 -0.0083477 0.0084120 0.0396273 0.0172239 -0.0271400 -0.0052828 0.0267303 0.0261768 0.0499551 0.0321758 0.0115335 -0.0190351 0.0229115 0.0200168 0.0581067 0.0194157 -0.0026594 -0.0112533 0.0016572 -0.0175045 0.0033084 0.0040224 0.0089356 0.0112952 0.0316378 -0.0818470 0.0079518 0.0017434 0.0132417 0.0010987 -0.0027954 -0.0044752 0.0072291 0.0406143 0.0466672 0.0233442 -0.0354317 -0.0234588 -0.0134832 0.0357003
0.0578313 0.1604011 0.0268437 0.1779511 0.1418675 -0.0700079 0.0104378 -0.0374338 0.2552943 -0.0181641 0.2447421 -0.0153624 0.0476218 0.3714963 0.0885589 0.1925999 -0.1148978 2.0534770 -0.1529634 -0.0217005 -0.0799684 -0.0508036 -0.0297748 -0.0240694 0.0237630 -0.0771870 0.0469819 -0.0911084 -0.1353741 -0.0118635 0.0762276 -0.0558907 0.0049640 -0.1056328 0.0267778 -0.0902532 -0.0768475 -0.0467630 -0.1455639 0.0355312 -0.0577692 -0.0139357 -0.0344325 -0.1184268 -0.0739921 0.0227372 -0.0495209 -0.0716815 -0.0502922 -0.1113553 -0.0856727 -0.1006009 0.0197965 -0.0574679 -0.0923067 -0.0898477 -0.0715612 -0.0532192 0.0083712 -0.0254943 0.0563224 -0.0218858 -0.0426988 -0.0907782 -0.0728989 -0.0916103 0.1618804 -0.0684461 -0.0332453 -0.0584965 -0.0585817 -0.0022872 -0.0125654 -0.0694277 -0.1211705 -0.1261570 -0.0788526 0.0720130 0.0231607 0.0639238 -0.0956791
0.0234820 -0.0289892 -0.0403541 -0.0520196 -0.1096552 -0.0360678 -0.0559718 0.0258173 -0.1223947 -0.0087488 -0.0552024 -0.0168446 -0.0000467 -0.1108324 -0.0728623 -0.0795871 0.0628304 -0.1529634 1.2612733 0.0616099 0.0738896 -0.0133570 0.0165046 0.0311617 -0.0571244 0.0108251 -0.0574397 -0.0005986 0.0126056 0.0043481 -0.0888325 0.0328145 -0.0351321 0.0307217 -0.0511631 0.0187900 0.0219939 0.0076688 0.0517663 -0.0339189 0.0109177 -0.0104686 -0.0064983 0.0549950 0.0140063 -0.0226607 0.0271603 0.0289618 0.0088278 0.0849201 0.0374382 0.0136616 -0.0214805 0.0154784 0.0119827 0.0099179 -0.0055209 0.0489718 -0.0477342 -0.0093093 -0.0644624 -0.0257441 -0.0032926 0.0245675 -0.0036689 0.0106120 -0.1297066 0.0032206 -0.0190252 0.0123629 -0.0067038 -0.0444421 -0.0081008 -0.0046688 0.0745039 0.1355624 0.0173744 -0.0696366 -0.0389414 -0.0750629 0.0457371
-0.0299179 -0.0327727 0.0042525 0.0536929 -0.0313581 0.0750268 -0.0057233 -0.0230516 -0.0482727 -0.0353178 -0.1073670 -0.0328380 -0.0751215 -0.0805860 -0.0572372 -0.0156127 -0.0015473 -0.0217005 0.0616099 1.2470090 0.0279287 -0.0122401 0.0041412 0.0371683 0.0015951 -0.0179984 -0.0071185 -0.0060388 0.0242731 -0.0528720 -0.0891031 -0.0141931 -0.0047331 0.0101153 0.0052848 -0.0071633 0.0135941 -0.0052401 -0.0021505 -0.0271330 0.0030111 -0.0086876 -0.0342113 0.0293795 0.0040252 -0.0266895 -0.0191633 0.0102329 -0.0166034 -0.0127311 0.0088402 -0.0109618 -0.0267848 -0.0030118 0.0099510 -0.0111579 -0.0128834 -0.0101077 -0.0175622 -0.0235558 -0.0259321 -0.0028232 -0.0084269 0.0260026 -0.0023712 0.0244783 -0.0538463 0.0117183 -0.0098917 -0.0090168 0.0214017 -0.0250223 -0.0090793 -0.0210606 0.0147406 0.0139281 0.0320975 -0.0155093 -0.0230528 -0.0397469 0.0245091
-0.0174846 -0.0039081 -0.0308072 -0.0309215 -0.0094771 -0.0017900 -0.0375592 -0.0029269 -0.0507720 0.0181101 -0.0265810 -0.0177907 0.0019067 -0.0665345 -0.0209582 -0.0348466 0.0327781 -0.0799684 0.0738896 0.0279287 1.0751556 -0.0011503 -0.0337746 0.0463239 0.0069869 0.0328286 -0.0478958 -0.0038789 -0.0193695 -0.0626960 -0.0416810 -0.0216029 -0.0107738 0.0638402 -0.0175350 0.0118288 0.0181774 0.0015536 -0.0169368 -0.0270354 -0.0087667 -0.0225649 -0.0298821 0.0215192 0.0026289 -0.0242811 -0.0093920 -0.0037694 0.0249860 -0.0021106 0.0149658 0.0122280 -0.0183625 -0.0121862 0.0183726 -0.0266001 -0.0048770 -0.0156961 -0.0144370 0.0031210 -0.0275572 -0.0114134 0.0024166 0.0025349 -0.0093486 0.0134746 -0.0452824 -0.0010884 -0.0117482 -0.0019218 0.0457334 -0.0104265 -0.0119664 0.0094228 0.0519065 0.0217503 0.0179062 -0.0315905 -0.0345684 -0.0299356 0.0057125
-0.0013943 0.0064284 0.0026236 0.0140649 -0.0155412 0.0138147 -0.0382545 0.0540726 0.1104871 -0.0326321 -0.0190111 -0.0018805 0.0377116 -0.0551687 -0.0699415 -0.0050906 -0.0160438 -0.0508036 -0.0133570 -0.0122401 -0.0011503 1.3102100 -0.0434809 -0.0454020 -0.0242719 0.0310474 -0.0332149 -0.0234202 0.0158167 0.0123263 -0.0516085 -0.0241315 -0.0371011 -0.0020087 -0.0039241 0.0137264 -0.0100029 0.0079178 -0.0381121 -0.0163099 -0.0183266 -0.0195301 0.0051813 -0.0248858 -0.0039265 -0.0182373 -0.0176676 -0.0288217 -0.0027024 -0.0116386 -0.0135324 -0.0286134 -0.0063787 -0.0361480 -0.0158600 0.0316993 -0.0061632 -0.0023665 0.0155070 0.0218651 -0.0260839 -0.0321590 -0.0222139 -0.0077638 0.0095659 -0.0062957 -0.0378146 -0.0068573 -0.0209329 -0.0211914 -0.0287261 -0.0291416 -0.0202787 -0.0018631 -0.0097165 0.0004521 -0.0330951 0.0126375 -0.0376407 -0.0240739 -0.0205052
-0.0239726 -0.0213014 -0.0427790 -0.0227684 0.0331430 0.0260895 0.0123244 0.0232529 -0.0240877 -0.0073369 -0.0587668 0.0268621 -0.0513936 0.0574347 -0.0721543 0.0018263 0.0056715 -0.0297748 0.0165046 0.0041412 -0.0337746 -0.0434809 1.1398513 -0.0372689 0.0255783 0.0305691 -0.0033911 0.0025912 0.0924845 -0.0275771 -0.0052587 0.0193060 -0.0089946 -0.0332165 -0.0087469 -0.0174086 -0.0308634 -0.0297610 -0.0542568 -0.0162929 -0.0288610 -0.0182474 0.0178211 -0.0125819 -0.0021735 -0.0278951 -0.0191529 -0.0091149 -0.0128253 0.0045771 -0.0260278 -0.0194900 -0.0128999 -0.0266616 -0.0144116 -0.0201663 -0.0155901 -0.0274912 -0.0170775 -0.0163290 -0.0233892 0.0077594 -0.0122260 -0.0096107 0.0009002 -0.0381429 -0.0220715 0.0219444 -0.0171588 -0.0115291 0.0319461 -0.0096212 -0.0275784 -0.0077981 -0.0237140 -0.0083457 -0.0254163 -0.0214465 -0.0106732 -0.0099210 -0.0056915
0.0208205 -0.0484213 -0.0535585 -0.1099818 -0.0228964 0.0620262 -0.0527773 -0.0583021 -0.0713854 -0.0154571 0.0029909 -0.0257492 -0.0448529 -0.0871568 -0.0788530 -0.1035229 0.0295886 -0.0240694 0.0311617 0.0371683 0.0463239 -0.0454020 -0.0372689 1.3275018 0.0193526 -0.0051961 -0.0693369 0.0344827 -0.0264241 -0.1030459 -0.0018682 0.0331512 -0.0347707 0.0585207 -0.0033283 -0.0070711 0.0041246 0.0184645 0.0617815 -0.0281680 0.0489207 -0.0445489 -0.0074671 0.0477435 -0.0133878 -0.0234856 -0.0444936 0.0206271 -0.0085219 0.0301062 0.0221388 -0.0217883 -0.0025840 -0.0075189 0.0083951 -0.0303069 -0.0019012 -0.0216773 -0.0339913 -0.0013641 -0.0418664 -0.0343583 -0.0189645 0.0085741 -0.0273908 0.0284065 -0.0624334 -0.0173414 -0.0040095 0.0178870 -0.0197159 -0.0116087 -0.0137300 -0.0119531 0.0402245 0.0441625 -0.0012409 -0.0539619 -0.0376446 0.0058303 0.0385899
-0.0117226 -0.0170420 -0.0177021 -0.0168715 -0.0118441 -0.0322205 -0.0404067 -0.0151863 -0.0479136 -0.0368269 -0.0460990 0.0000287 0.0081478 -0.0445761 -0.0123547 0.0439214 -0.0283040 0.0237630 -0.0571244 0.0015951 0.0069869 -0.0242719 0.0255783 0.0193526 1.2315738 0.0349297 0.0087074 0.0292977 0.0339758 -0.0669865 -0.0544308 -0.0219179 -0.0187786 -0.0272289 -0.0044356 -0.0235230 -0.0203799 -0.0103799 -0.0094565 -0.0336843 -0.0377132 -0.0104548 -0.0350610 -0.0100717 -0.0023759 -0.0332099 -0.0015416 -0.0014487 0.0059666 -0.0083588 -0.0153736 0.0057630 -0.0202635 -0.0089233 -0.0101648 0.0061063 -0.0068803 0.0104892 -0.0371361 0.0132397 0.0046025 -0.0010242 -0.0243497 -0.0182062 -0.0404724 -0.0321446 -0.0194073 0.0411818 -0.0300370 -0.0160676 -0.0151889 0.0253298 -0.0047845 -0.0356288 0.0077571 0.0169946 -0.0248617 -0.0091484 -0.0084034 -0.0397853 0.0114590
-0.0690561 -0.0608545 -0.0262490 -0.0588324 -0.0010534 -0.0573985 0.0322330 -0.0198815 -0.0678772 0.0073025 0.0246767 -0.0121106 -0.0022312 -0.0801179 -0.0432763 -0.0194801 -0.0218954 -0.0771870 0.0108251 -0.0179984 0.0328286 0.0310474 0.0305691 -0.0051961 0.0349297 1.2457725 -0.0524923 -0.0023648 -0.0004337 0.0135610 -0.0840950 0.0277953 -0.0362612 0.0053849 -0.0356945 -0.0209597 -0.0215254 -0.0168702 -0.0030805 -0.0197794 -0.0101249 -0.0092981 -0.0360355 -0.0336656 -0.0046018 0.0262732 -0.0107904 -0.0134890 -0.0137299 0.0240868 -0.0012610 0.0264536 0.0069618 0.0577750 -0.0166007 0.0123196 0.0049734 -0.0128831 -0.0241438 -0.0040046 -0.0458265 -0.0242996 -0.0277196 0.0057449 -0.0131700 0.0191528 -0.0191331 -0.0114732 -0.0134763 -0.0095572 0.0042217 -0.0014405 0.0044719 -0.0062144 0.0072625 0.0226303 0.0090853 0.0241678 -0.0418868 -0.0246401 -0.0235434
-0.0207931 -0.0623886 0.0022572 0.0207075 -0.0231875 -0.0003828 -0.0041222 -0.0262303 0.0357466 -0.0343200 0.0043312 -0.0289904 -0.0139023 -0.0264812 -0.0309578 -0.0178296 -0.0394650 0.0469819 -0.0574397 -0.0071185 -0.0478958 -0.0332149 -0.0033911 -0.0693369 0.0087074 -0.0524923 0.9910412 -0.0049441 -0.0202160 -0.0389450 -0.0012696 0.0014587 0.0281240 -0.0281655 0.0286652 -0.0117121 -0.0301013 -0.0175323 0.0064697 0.0013456 0.0241090 0.0313458 0.0397754 -0.0167350 -0.0044896 -0.0116986 0.0394790 -0.0118559 -0.0145815 -0.0327666 -0.0261728 -0.0087871 -0.0084690 -0.0194000 -0.0024692 0.0090246 0.0054278 0.0105383 0.0065344 0.0176092 -0.0149552 -0.0068983 0.0066919 -0.0193426 -0.0275239 -0.0307327 0.0081087 -0.0157916 -0.0144402 -0.0227012 -0.0044858 -0.0127947 -0.0299248 0.0008545 -0.0128143 -0.0250587 0.0207025 -0.0040875 0.0170247 0.0320783 0.0077203
0.0281635 -0.0440224 -0.0293249 -0.0298153 -0.0511510 -0.0159404 0.0026288 -0.0218316 -0.0288403 -0.0055441 -0.0112582 -0.0158751 -0.0154553 -0.0704401 -0.0427051 -0.0767090 0.0305631 -0.0911084 -0.0005986 -0.0060388 -0.0038789 -0.0234202 0.0025912 0.0344827 0.0292977 -0.0023648 -0.0049441 1.0441064 0.1005491 0.0539559 -0.0752987 -0.0184143 -0.0077016 -0.0026996 -0.0170930 0.0096486 0.0106670 -0.0115280 0.0302344 -0.0279298 0.0013547 -0.0119825 -0.0298999 0.0373537 0.0063626 -0.0297013 -0.0154611 0.0123444 -0.0043908 0.0154584 0.0129324 0.0135951 -0.0099318 0.0031812 0.0088789 -0.0007381 0.0288240 -0.0088499 -0.0122807 0.0007742 -0.0212406 -0.0232967 -0.0155486 0.0124515 0.0212930 -0.0037649 -0.0332658 -0.0072129 0.0249450 0.0102141 -0.0032050 -0.0207664 0.0002509 0.0094382 0.0198425 0.0274038 0.0065395 -0.0293964 0.0181269 -0.0425198 0.0091282
-0.0377577 -0.0507622 -0.0525094 -0.0645119 -0.0343756 -0.0139926 0.0410582 -0.0203572 -0.0557724 -0.0205253 -0.1231119 -0.0040614 -0.0597671 -0.0908909 -0.0046961 -0.0543853 0.0460410 -0.1353741 0.0126056 0.0242731 -0.0193695 0.0158167 0.0924845 -0.0264241 0.0339758 -0.0004337 -0.0202160 0.1005491 1.2509555 -0.0952860 0.0079896 0.0646709 -0.0238565 -0.0077542 -0.0430570 -0.0122025 -0.0133122 -0.0057564 0.0146188 -0.0562307 0.0020979 -0.0289197 -0.0254015 0.0571615 -0.0060321 -0.0253189 -0.0380340 0.0003090 0.0161340 0.0522807 0.0071618 0.0241671 -0.0225656 0.0035074 0.0101823 0.0048652 0.0000037 -0.0075848 -0.0255417 0.0070464 -0.0161057 -0.0073620 -0.0243561 0.0145655 -0.0062474 0.0310974 -0.0300372 -0.0007971 0.0093871 -0.0090341 -0.0249481 -0.0344559 -0.0312411 -0.0160696 0.0254988 0.0433394 -0.0036440 -0.0499361 -0.0138287 -0.0586840 0.0163855
0.0169412 -0.0142450 -0.0214155 -0.0803518 0.0401509 0.0604008 -0.0335159 0.0016375 0.0560916 -0.0454373 0.0960677 0.0006956 -0.0047095 -0.0354361 0.0420136 -0.0335513 -0.0471910 -0.0118635 0.0043481 -0.0528720 -0.0626960 0.0123263 -0.0275771 -0.1030459 -0.0669865 0.0135610 -0.0389450 0.0539559 -0.0952860 1.6919873 0.0216652 -0.0635833 -0.0260549 -0.0188846 -0.0131494 -0.0260550 -0.0201039 -0.0336647 -0.0231650 -0.0250454 -0.0043036 0.0452731 -0.0295818 -0.0398996 -0.0234521 -0.0422995 -0.0243747 0.0101423 -0.0327003 -0.0175374 -0.0333324 -0.0101838 -0.0440437 -0.0098080 -0.0052909 -0.0041296 -0.0342306 -0.0681869 0.0037354 -0.0522665 -0.0270884 -0.0429861 -0.0118027 -0.0442224 0.0627089 -0.0537107 -0.0080715 -0.0342447 -0.0234696 -0.0203487 -0.0392001 -0.0030754 -0.0335678 -0.0361971 -0.0190451 -0.0154613 -0.0155009 -0.0045739 -0.0180827 -0.0351425 -0.0436765
-0.0181029 -0.0535957 0.0027426 -0.0210560 0.0097621 -0.0025557 -0.0122253 -0.0008896 0.0629596 -0.0443477 0.1029846 -0.0324824 -0.0457561 0.0765979 0.1260695 0.0353743 0.0007987 0.0762276 -0.0888325 -0.0891031 -0.0416810 -0.0516085 -0.0052587 -0.0018682 -0.0544308 -0.0840950 -0.0012696 -0.0752987 0.0079896 0.0216652 1.3739147 -0.0135208 0.0032502 -0.0310469 -0.0300438 -0.0485719 -0.0512923 -0.0007990 -0.0299802 0.0301582 -0.0305185 -0.0058386 -0.0089208 -0.0317609 -0.0524645 -0.0152057 -0.0385799 -0.0528983 -0.0026330 -0.0438916 -0.0315605 -0.0158336 0.0111801 -0.0413885 -0.0381862 -0.0271453 -0.0468794 -0.0478945 0.0058709 -0.0604547 0.0544130 0.0044660 -0.0089805 -0.0348026 -0.0276669 -0.0333313 0.0630170 0.0088122 -0.0333948 0.0169029 -0.0444071 -0.0065399 0.0002799 -0.0279225 -0.0503797 -0.0779693 -0.0374165 0.0145379 -0.0150990 0.0238968 -0.0659080
-0.0509075 0.0010702 -0.0253730 -0.0477920 -0.0702921 -0.0037211 -0.0452999 0.0076171 -0.0006067 0.0089371 -0.0528294 -0.0325984 -0.0283501 -0.0278472 -0.0000206 -0.0200965 -0.0026424 -0.0558907 0.0328145 -0.0141931 -0.0216029 -0.0241315 0.0193060 0.0331512 -0.0219179 0.0277953 0.0014587 -0.0184143 0.0646709 -0.0635833 -0.0135208 1.1246766 0.0159113 -0.0174325 -0.0259686 -0.0125453 -0.0348702 -0.0207361 0.0231373 -0.0118175 -0.0305649 -0.0206585 0.0259182 -0.0171113 -0.0188252 0.0144872 -0.0367291 0.0169652 -0.0131562 0.0580306 0.0047981 0.0160683 -0.0148915 -0.0150827 -0.0073680 -0.0069678 0.0060247 -0.0179974 -0.0065200 0.0169642 -0.0269061 0.0470633 -0.0186039 0.0072112 0.0317268 -0.0266464 -0.0520110 -0.0134374 -0.0279181 -0.0030267 0.0148205 0.0143012 -0.0160566 -0.0059020 0.0018341 -0.0130415 -0.0011857 -0.0243225 -0.0312504 -0.0012422 -0.0156938
0.0069911 -0.0074015 -0.0219866 -0.0142035 0.0008952 -0.0255849 0.0002186 -0.0119124 0.0061751 -0.0206184 -0.0019927 -0.0038077 -0.0079186 0.0124502 0.0025758 0.0031274 -0.0045439 0.0049640 -0.0351321 -0.0047331 -0.0107738 -0.0371011 -0.0089946 -0.0347707 -0.0187786 -0.0362612 0.0281240 -0.0077016 -0.0238565 -0.0260549 0.0032502 0.0159113 0.8185157 0.0026893 0.0057086 -0.0050182 0.0197284 0.0079145 -0.0278972 0.0030110 0.0069555 0.0063896 0.0104446 -0.0008331 -0.0134907 0.0070948 -0.0076534 -0.0024412 0.0222282 -0.0026748 0.0017482 -0.0060177 0.0369440 -0.0126388 -0.0128970 0.0195969 -0.0100524 -0.0022366 0.0272997 -0.0104370 -0.0017440 -0.0015368 0.0195579 -0.0139560 -0.0035747 -0.0010735 0.0057235 -0.0067979 -0.0039610 0.0025793 -0.0047658 0.0123323 -0.0133068 -0.0090723 -0.0137065 -0.0169735 -0.0199575 0.0058036 0.0063360 0.0275789 -0.0092340
0.0178831 -0.0126692 -0.0412149 -0.0816707 -0.0568648 -0.0035730 -0.0357896 -0.0160826 -0.1005984 -0.0079777 -0.0499775 -0.0272007 -0.0391660 -0.0800683 -0.0302398 -0.0618761 0.0606792 -0.1056328 0.0307217 0.0101153 0.0638402 -0.0020087 -0.0332165 0.0585207 -0.0272289 0.0053849 -0.0281655 -0.0026996 -0.0077542 -0.0188846 -0.0310469 -0.0174325 0.0026893 0.8589633 -0.0260934 0.0446263 0.0078776 0.0065725 0.0170176 -0.0317448 0.0214820 0.0164378 -0.0027338 0.0591152 0.0036026 -0.0311502 -0.0053191 0.0733615 0.0344456 0.0266623 0.0174356 0.0086848 0.0041751 -0.0042612 0.0365406 0.0173628 -0.0034263 0.0157457 0.0153961 0.0243631 -0.0452757 -0.0194818 -0.0032393 0.0105064 0.0200570 0.0359901 -0.0532809 0.0072298 -0.0093620 0.0102948 0.0071518 -0.0124758 -0.0014912 0.0118239 0.0391041 0.0535999 0.0134981 -0.0392433 -0.0091624 -0.0362128 0.0048090
-0.0222233 -0.0079690 -0.0282612 0.0080885 -0.0480136 -0.0114397 0.0256884 -0.0139304 0.0661718 -0.0368294 0.0597575 -0.0106813 -0.0080306 0.0178778 -0.0211694 0.0247370 -0.0338000 0.0267778 -0.0511631 0.0052848 -0.0175350 -0.0039241 -0.0087469 -0.0033283 -0.0044356 -0.0356945 0.0286652 -0.0170930 -0.0430570 -0.0131494 -0.0300438 -0.0259686 0.0057086 -0.0260934 0.8508727 0.0121833 -0.0201667 -0.0157394 -0.0485058 0.0056502 -0.0170768 0.0215344 -0.0239213 -0.0360866 0.0237886 0.0225220 0.0270192 -0.0280406 -0.0077232 -0.0278243 -0.0260124 -0.0198313 0.0192426 -0.0114319 -0.0075350 -0.0091079 -0.0118452 -0.0112418 0.0087378 -0.0263886 0.0008284 -0.0094047 0.0002415 -0.0055239 0.0003221 -0.0138513 0.0418454 0.0069845 0.0184400 -0.0123881 0.0133508 -0.0003553 -0.0085184 -0.0122529 -0.0252723 -0.0235744 -0.0081727 0.0101117 0.0311178 0.0191342 0.0009176
-0.0365530 -0.0357902 -0.0170814 -0.0375835 -0.0535660 0.0317863 -0.0173600 -0.0079860 -0.0385439 0.0233226 -0.0540720 -0.0130070 -0.0453641 -0.0787974 0.0151141 -0.0518507 0.0473747 -0.0902532 0.0187900 -0.0071633 0.0118288 0.0137264 -0.0174086 -0.0070711 -0.0235230 -0.0209597 -0.0117121 0.0096486 -0.0122025 -0.0260550 -0.0485719 -0.0125453 -0.0050182 0.0446263 0.0121833 0.6938581 0.0129997 0.0065776 0.0272157 -0.0254467 0.0344455 -0.0120444 0.0037573 0.0366338 0.0090550 -0.0218318 0.0047327 0.0287604 0.0069577 0.0132243 0.0482874 0.0176147 0.0024619 0.0191454 0.0249622 0.0116028 0.0418958 0.0128463 -0.0041382 -0.0007889 -0.0264653 0.0181478 0.0026510 0.0106176 0.0402786 0.0029136 -0.0605236 0.0065457 0.0220111 0.0090496 0.0079356 -0.0076426 -0.0047709 0.0007126 0.0343327 0.0262877 0.0196004 -0.0308469 -0.0076990 -0.0302655 0.0072651
-0.0103895 -0.0288796 -0.0101189 -0.0122736 -0.0232229 0.0063019 0.0016289 -0.0074095 -0.0650524 -0.0121915 -0.0755030 -0.0138891 -0.0373287 -0.0404782 -0.0141141 -0.0301912 0.0110993 -0.0768475 0.0219939 0.0135941 0.0181774 -0.0100029 -0.0308634 0.0041246 -0.0203799 -0.0215254 -0.0301013 0.0106670 -0.0133122 -0.0201039 -0.0512923 -0.0348702 0.0197284 0.0078776 -0.0201667 0.0129997 0.8326908 -0.0008648 0.0356707 -0.0127196 -0.0083361 -0.0033378 -0.0149917 0.0250245 0.0177155 0.0190050 0.0243609 0.0050016 0.0132966 -0.0075390 0.0209385 0.0279618 0.0001919 0.0056993 0.0103305 0.0613389 0.0056168 0.0113580 -0.0144332 0.0015549 -0.0201601 -0.0053332 -0.0027243 0.0065963 -0.0082907 0.0073808 -0.0257443 0.0138346 -0.0026124 0.0352800 -0.0004432 -0.0085115 0.0098966 -0.0103027 0.0116179 0.0157969 -0.0045714 -0.0196233 0.0047686 -0.0250561 0.0208469
-0.0317208 -0.0413371 -0.0210874 -0.0145693 -0.0637207 0.0150025 -0.0157963 -0.0035792 -0.0562072 -0.0036486 -0.0461518 -0.0094702 -0.0043104 -0.0705509 -0.0102455 -0.0419612 0.0137621 -0.0467630 0.0076688 -0.0052401 0.0015536 0.0079178 -0.0297610 0.0184645 -0.0103799 -0.0168702 -0.0175323 -0.0115280 -0.0057564 -0.0336647 -0.0007990 -0.0207361 0.0079145 0.0065725 -0.0157394 0.0065776 -0.0008648 0.7458592 0.0020830 0.0181625 -0.0035484 0.0282658 0.0116879 0.0207338 0.0089417 -0.0102888 0.0023018 0.0152402 0.0175647 0.0248155 0.0293575 0.0010513 0.0044044 0.0023108 0.0089045 0.0064222 -0.0087603 0.0413890 -0.0032681 0.0109721 -0.0095333 0.0070792 0.0015104 0.0407071 0.0226077 0.0148120 -0.0196136 -0.0004034 -0.0058623 0.0111911 -0.0015865 -0.0071383 -0.0049947 -0.0052551 0.0140484 0.0028033 0.0189067 -0.0036960 -0.0086852 0.0075389 0.0092824
-0.0167776 -0.0486836 -0.0225078 -0.0814634 -0.0935405 0.0223767 -0.0335520 -0.0269920 -0.0725610 0.0558313 -0.1018825 -0.0227968 -0.0424285 -0.1435013 -0.0528423 -0.1008508 0.0264039 -0.1455639 0.0517663 -0.0021505 -0.0169368 -0.0381121 -0.0542568 0.0617815 -0.0094565 -0.0030805 0.0064697 0.0302344 0.0146188 -0.0231650 -0.0299802 0.0231373 -0.0278972 0.0170176 -0.0485058 0.0272157 0.0356707 0.0020830 0.9777347 -0.0471075 -0.0115191 -0.0144308 0.0097107 0.0864436 0.0039012 -0.0269631 -0.0148587 0.0308930 0.0178867 0.0640446 0.0219290 0.0343769 -0.0052190 0.0140268 0.0251874 0.0341291 0.0014690 0.0087153 -0.0000448 0.0137674 -0.0366902 -0.0135000 -0.0026442 0.0182216 0.0104615 0.0390151 -0.0729906 0.0166695 0.0303832 0.0325865 -0.0093778 0.0176922 0.0145537 0.0218670 0.0943190 0.0558982 0.0508569 -0.0289686 -0.0361476 -0.0408050 0.0312252
0.0005597 -0.0030640 -0.0250334 -0.0266587 -0.0448077 -0.0424637 -0.0265648 0.0129695 0.0055105 -0.0355830 0.0419107 0.0029463 0.0048996 0.0059935 0.0300686 0.0020745 -0.0353767 0.0355312 -0.0339189 -0.0271330 -0.0270354 -0.0163099 -0.0162929 -0.0281680 -0.0336843 -0.0197794 0.0013456 -0.0279298 -0.0562307 -0.0250454 0.0301582 -0.0118175 0.0030110 -0.0317448 0.0056502 -0.0254467 -0.0127196 0.0181625 -0.0471075 0.9043740 -0.0101382 0.0178971 -0.0046914 -0.0232517 0.0103812 0.0558408 -0.0128314 0.0126572 -0.0194037 -0.0359249 -0.0187226 -0.0076428 -0.0017675 -0.0115100 -0.0197213 -0.0085808 0.0419298 -0.0086365 0.0055786 -0.0138574 0.0082778 0.0492507 -0.0031493 -0.0159464 -0.0195780 -0.0107936 0.0254154 -0.0063015 0.0065012 0.0017190 -0.0149535 0.0348324 -0.0060114 -0.0193088 -0.0271458 -0.0080301 -0.0167774 0.0062869 0.0114873 0.0302113 0.0020032
-0.0315980 -0.0379901 0.0027791 -0.0449579 -0.0122283 -0.0154376 -0.0130948 -0.0174170 -0.0490482 -0.0171307 -0.0483914 -0.0139657 -0.0230840 -0.0336966 -0.0331501 -0.0325853 0.0083039 -0.0577692 0.0109177 0.0030111 -0.0087667 -0.0183266 -0.0288610 0.0489207 -0.0377132 -0.0101249 0.0241090 0.0013547 0.0020979 -0.0043036 -0.0305185 -0.0305649 0.0069555 0.0214820 -0.0170768 0.0344455 -0.0083361 -0.0035484 -0.0115191 -0.0101382 0.7978992 0.0274580 0.0044066 0.0318960 0.0210381 0.0175314 0.0010728 0.0060543 0.0028797 -0.0061721 0.0155593 -0.0081244 -0.0038164 0.0255982 0.0041894 -0.0005526 0.0069015 0.0030713 -0.0120182 -0.0046938 -0.0119590 0.0085690 0.0361555 0.0086659 -0.0063140 0.0178132 0.0017557 -0.0002092 0.0007341 -0.0118826 0.0044444 -0.0024163 -0.0016313 -0.0112587 0.0070808 0.0286728 0.0066611 0.0223748 -0.0001532 -0.0048051 0.0319601
-0.0036587 -0.0028419 -0.0279438 0.0220467 -0.0312437 -0.0263925 0.0008808 -0.0195798 -0.0229192 0.0048778 -0.0359022 -0.0100288 -0.0164583 0.0363353 -0.0196884 -0.0103798 -0.0083477 -0.0139357 -0.0104686 -0.0086876 -0.0225649 -0.0195301 -0.0182474 -0.0445489 -0.0104548 -0.0092981 0.0313458 -0.0119825 -0.0289197 0.0452731 -0.0058386 -0.0206585 0.0063896 0.0164378 0.0215344 -0.0120444 -0.0033378 0.0282658 -0.0144308 0.0178971 0.0274580 0.7902516 -0.0048725 -0.0115530 -0.0029396 0.0195308 -0.0037885 -0.0024142 0.0093818 0.0280576 -0.0053421 -0.0089394 -0.0151281 -0.0146430 -0.0072172 0.0093697 -0.0000858 -0.0121632 -0.0100013 -0.0102138 0.0008615 0.0054182 0.0143867 -0.0046875 -0.0180342 -0.0025237 0.0072479 -0.0024525 0.0039857 -0.0040557 -0.0051426 -0.0085464 -0.0092141 -0.0136659 0.0012918 -0.0137059 -0.0074556 -0.0004612 0.0175647 -0.0012651 0.0155700
-0.0262021 0.0001293 0.0239589 -0.0526800 -0.0484187 -0.0330534 0.0113483 0.0406747 -0.0384177 -0.0199938 -0.0093423 0.0081276 -0.0392187 -0.0424924 -0.0174742 -0.0191554 0.0084120 -0.0344325 -0.0064983 -0.0342113 -0.0298821 0.0051813 0.0178211 -0.0074671 -0.0350610 -0.0360355 0.0397754 -0.0298999 -0.0254015 -0.0295818 -0.0089208 0.0259182 0.0104446 -0.0027338 -0.0239213 0.0037573 -0.0149917 0.0116879 0.0097107 -0.0046914 0.0044066 -0.0048725 0.8375922 0.0510268 -0.0088787 -0.0167551 -0.0044077 -0.0220315 -0.0012679 -0.0099079 -0.0017852 -0.0076895 -0.0096824 -0.0041184 0.0294081 -0.0061771 -0.0121755 -0.0046692 0.0113906 0.0251130 -0.0159985 0.0041979 -0.0075110 -0.0107987 0.0542161 0.0063301 -0.0013038 -0.0032908 -0.0096355 0.0116207 0.0130832 -0.0083120 0.0165799 -0.0013970 -0.0103330 -0.0036214 -0.0119311 0.0339954 -0.0208429 -0.0101812 0.0041733
-0.0319127 -0.0603483 -0.0287344 -0.0709319 -0.0667226 -0.0052481 -0.0354541 -0.0095392 -0.0964939 0.0173474 -0.0822241 -0.0225285 -0.0383840 -0.1202584 -0.0543199 -0.0739372 0.0396273 -0.1184268 0.0549950 0.0293795 0.0215192 -0.0248858 -0.0125819 0.0477435 -0.0100717 -0.0336656 -0.0167350 0.0373537 0.0571615 -0.0398996 -0.0317609 -0.0171113 -0.0008331 0.0591152 -0.0360866 0.0366338 0.0250245 0.0207338 0.0864436 -0.0232517 0.0318960 -0.0115530 0.0510268 0.7867645 0.0353118 -0.0258624 -0.0084493 0.0191915 0.0183557 0.0368315 0.0251349 0.0291023 0.0088963 0.0440219 0.0351128 0.0308667 0.0065632 0.0206280 -0.0099439 -0.0078155 -0.0373433 0.0167992 0.0130505 0.0228521 0.0136567 0.0501791 -0.0806537 0.0035684 -0.0169244 0.0186826 -0.0004130 -0.0058968 0.0183222 0.0241317 0.0480045 0.0433269 0.0510763 -0.0437806 -0.0217889 -0.0404017 0.0266025
-0.0336264 -0.0239206 -0.0060703 -0.0426962 -0.0427552 0.0221383 -0.0198224 -0.0116067 -0.0721591 -0.0020126 -0.0651824 -0.0055379 -0.0242637 -0.0130861 -0.0473255 -0.0357125 0.0172239 -0.0739921 0.0140063 0.0040252 0.0026289 -0.0039265 -0.0021735 -0.0133878 -0.0023759 -0.0046018 -0.0044896 0.0063626 -0.0060321 -0.0234521 -0.0524645 -0.0188252 -0.0134907 0.0036026 0.0237886 0.0090550 0.0177155 0.0089417 0.0039012 0.0103812 0.0210381 -0.0029396 -0.0088787 0.0353118 0.6797383 -0.0103023 0.0300264 0.0094252 0.0143694 0.0103860 0.0206732 0.0138477 -0.0036956 0.0048733 0.0148150 0.0190096 0.0204476 0.0025317 0.0279362 -0.0008453 -0.0156558 0.0004496 0.0068599 0.0303144 0.0019362 0.0201521 -0.0328168 0.0071498 0.0148674 0.0029927 0.0021527 -0.0084339 0.0063034 0.0253635 0.0274080 0.0309618 0.0087256 -0.0128081 0.0090989 -0.0160582 0.0084560
-0.0198132 -0.0067087 -0.0270464 0.0153943 -0.0170166 -0.0341778 0.0303325 -0.0168809 0.0110493 -0.0105545 0.0010996 -0.0090316 0.0075367 0.0034855 -0.0123285 -0.0097403 -0.0271400 0.0227372 -0.0226607 -0.0266895 -0.0242811 -0.0182373 -0.0278951 -0.0234856 -0.0332099 0.0262732 -0.0116986 -0.0297013 -0.0253189 -0.0422995 -0.0152057 0.0144872 0.0070948 -0.0311502 0.0225220 -0.0218318 0.0190050 -0.0102888 -0.0269631 0.0558408 0.0175314 0.0195308 -0.0167551 -0.0258624 -0.0103023 0.8776076 -0.0152349 -0.0302602 -0.0035386 0.0082588 -0.0119183 -0.0104794 -0.0091338 0.0120282 -0.0122133 -0.0188599 0.0484103 -0.0084085 -0.0007734 -0.0096615 0.0122730 0.0052206 0.0002768 -0.0059298 -0.0177821 -0.0073667 0.0296633 0.0274463 -0.0094752 0.0070357 -0.0136188 0.0240090 -0.0174719 -0.0144911 -0.0117227 -0.0168183 -0.0057238 0.0052755 0.0076786 0.0149611 -0.0147824
