1.0588188 -0.0719119 -0.0216215 -0.0031798 0.0248347 -0.0342988 0.0372389 0.0039006 0.0144009 -0.0077698 0.0057152 0.0275814 -0.0094201 -0.0382771 -0.0003068 -0.0548353 -0.0683234 -0.0419005 -0.0261824 -0.0184309 -0.0415854 -0.0137199 -0.0123901 0.0149691 0.0201587 -0.0380900 -0.0014856 0.0613606 -0.0119004 -0.0520844 -0.0216935 0.0360886 -0.0484300 -0.0195154 -0.0034320 -0.0048321 -0.0056269 -0.0582242 -0.0091106 -0.0357374 0.0053467 0.0424091 -0.0412709 -0.0410424 0.0366907 -0.0180580 -0.0013194 -0.0142304 -0.0156560 -0.0062357 -0.0201117 0.0416309 0.0501758 0.0070366 -0.0774346 -0.0005895 -0.0166666 -0.0227109 -0.0317232 -0.0188640 -0.0679917 -0.0142786 -0.0068681 -0.0019654 -0.0152395 -0.0116236 -0.0271352 -0.0273379 0.0143998 -0.0260631 -0.0087177 -0.0310023 -0.0196621 -0.0186194 0.0015498 -0.0222193 -0.0095353 0.0262330 -0.0215489 -0.0033696 -0.0128061
-0.0719119 1.1183026 -0.0024512 -0.0228690 -0.0692265 0.0034518 -0.0787450 -0.0399061 -0.0516217 -0.0379899 -0.0255192 -0.0593300 -0.0114761 0.0126467 -0.0247919 0.0508749 0.0836631 0.0282133 0.0005261 0.0017889 0.0416074 -0.0106721 -0.0184113 -0.0539423 -0.0574344 0.0221141 -0.0373595 -0.0957238 -0.0254475 0.0501758 0.0044338 -0.0762410 0.0493867 0.0138968 -0.0189314 -0.0125120 -0.0146594 0.0709390 -0.0113175 0.0255461 -0.0306964 -0.0787786 0.0426765 0.0440969 -0.0661877 0.0065122 -0.0167439 0.0057948 0.0038561 -0.0096543 -0.0008455 -0.0732163 -0.0721386 -0.0350543 0.0917139 -0.0158310 -0.0029567 0.0128990 0.0188811 0.0120703 0.0688255 -0.0030494 -0.0072206 -0.0094588 0.0029711 -0.0007744 0.0216992 0.0127501 -0.0361177 0.0264097 -0.0124203 0.0185267 -0.0044160 0.0091252 -0.0053312 0.0167407 -0.0049009 -0.0503472 0.0020959 -0.0120275 -0.0046748
-0.0216215 -0.0024512 1.0233696 -0.0149934 -0.0245814 -0.0219943 -0.0201021 -0.0150779 -0.0057487 -0.0149981 -0.0159335 -0.0131569 -0.0085051 -0.0062270 -0.0101121 -0.0039790 0.0020301 -0.0031569 -0.0155760 -0.0101682 0.0054638 -0.0098831 -0.0065700 -0.0213287 -0.0220975 -0.0142946 -0.0181377 -0.0151884 -0.0118527 -0.0100943 -0.0133140 -0.0208770 -0.0075664 -0.0139332 -0.0051443 -0.0069659 -0.0153779 -0.0032267 -0.0030570 -0.0096602 -0.0107300 -0.0130647 -0.0054045 -0.0025335 -0.0159581 -0.0163245 -0.0169403 -0.0061285 -0.0102825 -0.0121310 -0.0055077 -0.0088219 -0.0169488 -0.0093622 -0.0024306 -0.0029998 -0.0101414 -0.0074132 -0.0101751 -0.0077123 0.0039662 -0.0159103 -0.0166977 -0.0028772 -0.0174719 -0.0072848 -0.0080071 -0.0040016 -0.0057819 -0.0033557 -0.0004789 -0.0054581 -0.0086196 -0.0086534 -0.0075195 -0.0062241 -0.0076691 -0.0095933 -0.0075827 -0.0052101 -0.0090082
-0.0031798 -0.0228690 -0.0149934 1.0240961 -0.0186147 -0.0171793 -0.0076875 -0.0124331 -0.0119283 -0.0159943 -0.0083598 -0.0057727 -0.0127788 -0.0139562 -0.0136487 -0.0119183 -0.0093354 -0.0080197 -0.0188110 -0.0149483 -0.0180751 -0.0114066 -0.0152408 -0.0136958 -0.0140128 -0.0086495 -0.0064379 0.0067647 -0.0056022 -0.0213706 -0.0156884 -0.0118123 -0.0131797 -0.0142444 -0.0163195 0.0021142 -0.0047880 -0.0133922 -0.0058142 -0.0146091 -0.0080901 0.0063730 -0.0124312 -0.0141347 -0.0057872 -0.0115827 -0.0101459 -0.0055143 -0.0166505 -0.0093158 -0.0071047 -0.0041527 0.0001774 -0.0066941 -0.0083907 -0.0162669 -0.0050693 -0.0082343 -0.0112577 -0.0148526 -0.0091454 -0.0179116 -0.0111653 -0.0002624 -0.0101349 -0.0132044 -0.0150066 -0.0085760 -0.0024022 -0.0158899 -0.0055998 -0.0060444 -0.0111448 -0.0134863 -0.0072200 -0.0125082 -0.0082561 -0.0027745 -0.0120033 -0.0196056 -0.0079170
0.0248347 -0.0692265 -0.0245814 -0.0186147 1.0511866 -0.0314921 0.0826897 0.0018225 0.0174305 0.0022576 -0.0049915 0.0264989 -0.0142285 -0.0340716 -0.0085222 -0.0650972 -0.0811319 -0.0417114 -0.0321410 -0.0119912 -0.0486935 -0.0120660 -0.0120535 0.0221585 0.0181533 -0.0338855 0.0067193 0.0687354 -0.0176600 -0.0574620 -0.0283796 0.0314812 -0.0503770 -0.0216020 -0.0096866 -0.0048115 -0.0040729 -0.0673699 -0.0235070 -0.0387346 0.0048470 0.0397292 -0.0505179 -0.0475144 0.0400030 -0.0186494 -0.0016594 -0.0122098 -0.0112540 -0.0069001 -0.0056579 0.0398553 0.0500167 0.0148873 -0.0774586 -0.0055006 -0.0122867 -0.0274839 -0.0397709 -0.0114433 -0.0690676 -0.0125145 -0.0061269 -0.0018986 -0.0204645 -0.0208364 -0.0205348 -0.0289470 0.0117670 -0.0329676 -0.0058910 -0.0271481 -0.0150022 -0.0147542 -0.0008200 -0.0262460 -0.0098326 0.0330939 -0.0171442 -0.0026144 -0.0141150
-0.0342988 0.0034518 -0.0219943 -0.0171793 -0.0314921 1.0421101 -0.0312198 -0.0223888 -0.0270305 -0.0213303 -0.0172373 -0.0336013 -0.0111716 -0.0014456 -0.0070801 0.0066083 0.0220646 0.0018734 -0.0002724 -0.0115065 0.0051310 -0.0147111 -0.0194449 -0.0236854 -0.0264802 0.0092165 -0.0231152 -0.0358306 -0.0107949 0.0058882 -0.0049585 -0.0322102 0.0052926 -0.0090654 -0.0100366 -0.0119330 -0.0104564 0.0160889 -0.0060675 -0.0002604 -0.0111371 -0.0323678 0.0130535 0.0133436 -0.0275752 -0.0035459 -0.0155083 -0.0052802 -0.0097728 -0.0076015 -0.0037110 -0.0267050 -0.0307456 -0.0102237 0.0228758 -0.0128554 -0.0098575 -0.0048502 0.0029989 -0.0025230 0.0212107 -0.0038844 -0.0052014 -0.0082617 -0.0056818 -0.0065576 -0.0045255 -0.0041371 -0.0171584 0.0069396 -0.0044120 -0.0006631 -0.0035919 -0.0115206 -0.0024214 0.0012177 -0.0075299 -0.0201478 -0.0059546 -0.0131523 -0.0050616
0.0372389 -0.0787450 -0.0201021 -0.0076875 0.0826897 -0.0312198 1.0821314 0.0041253 0.0288259 0.0114643 0.0089509 0.0290932 -0.0167216 -0.0408592 0.0037469 -0.0701735 -0.0736232 -0.0385880 -0.0293868 -0.0129259 -0.0416301 -0.0185689 -0.0038190 0.0196441 0.0268246 -0.0464664 0.0070550 0.0709295 -0.0138399 -0.0566761 -0.0247580 0.0444940 -0.0586423 -0.0244683 0.0002626 -0.0118477 -0.0048617 -0.0717192 -0.0134308 -0.0472513 0.0096064 0.0507938 -0.0536679 -0.0519192 0.0372075 -0.0149793 -0.0033568 -0.0189161 -0.0190947 0.0015420 -0.0139495 0.0418141 0.0623989 0.0212215 -0.0789389 0.0068614 -0.0119544 -0.0267569 -0.0387955 -0.0193894 -0.0711334 -0.0174676 -0.0079410 -0.0042858 -0.0094960 -0.0202035 -0.0221574 -0.0281638 0.0183356 -0.0298939 0.0018848 -0.0229570 -0.0112298 -0.0133311 -0.0067919 -0.0287068 -0.0116228 0.0372738 -0.0206779 -0.0011035 -0.0154825
0.0039006 -0.0399061 -0.0150779 -0.0124331 0.0018225 -0.0223888 0.0041253 1.0338969 -0.0010279 -0.0102315 -0.0037264 0.0067430 -0.0143528 -0.0156708 -0.0119161 -0.0269306 -0.0331117 -0.0170992 -0.0178807 -0.0136414 -0.0180506 -0.0139317 -0.0121684 -0.0016544 0.0030801 -0.0172689 0.0026151 0.0141202 -0.0128708 -0.0327372 -0.0095406 0.0032595 -0.0316711 -0.0049118 -0.0011420 -0.0001453 -0.0050170 -0.0251466 -0.0018941 -0.0149900 -0.0037291 0.0172918 -0.0236473 -0.0215939 0.0093524 -0.0122106 -0.0023893 -0.0149237 -0.0100469 -0.0015589 -0.0036233 0.0076913 0.0131556 0.0026758 -0.0315847 0.0050920 -0.0094450 -0.0163360 -0.0117547 -0.0149150 -0.0296790 -0.0114447 -0.0027501 -0.0043332 -0.0078126 -0.0078610 -0.0164593 -0.0086434 0.0010971 -0.0166841 -0.0069548 -0.0133136 -0.0074786 -0.0113543 0.0003946 -0.0148895 -0.0060469 0.0086280 -0.0045384 -0.0091251 -0.0060323
0.0144009 -0.0516217 -0.0057487 -0.0119283 0.0174305 -0.0270305 0.0288259 -0.0010279 1.0444235 0.0123100 -0.0134771 0.0152121 -0.0080217 -0.0267109 -0.0055871 -0.0434763 -0.0518246 -0.0250704 -0.0201964 -0.0116261 -0.0275368 -0.0120257 -0.0083778 0.0066888 0.0153685 -0.0287207 0.0029037 0.0440198 -0.0083748 -0.0410554 -0.0272350 0.0284020 -0.0326863 -0.0216064 -0.0052502 -0.0084469 -0.0045378 -0.0478599 -0.0069465 -0.0324063 0.0031503 0.0309413 -0.0382798 -0.0370154 0.0270555 -0.0117136 -0.0020007 -0.0145175 -0.0148463 0.0013659 -0.0103953 0.0224863 0.0260027 0.0071657 -0.0480998 -0.0041912 -0.0107409 -0.0153452 -0.0247279 -0.0133528 -0.0436625 -0.0120609 -0.0037793 -0.0040846 -0.0065111 -0.0083775 -0.0144234 -0.0196461 0.0072567 -0.0222095 -0.0068041 -0.0209988 -0.0068499 -0.0097816 -0.0045500 -0.0129706 -0.0075319 0.0191352 -0.0127146 -0.0068896 -0.0104114
-0.0077698 -0.0379899 -0.0149981 -0.0159943 0.0022576 -0.0213303 0.0114643 -0.0102315 0.0123100 1.0143329 -0.0167482 0.0080153 -0.0110821 -0.0159659 -0.0037379 -0.0273633 -0.0351069 -0.0141611 -0.0220566 -0.0098963 -0.0164533 -0.0032989 -0.0157733 -0.0096193 0.0079907 -0.0190716 -0.0043319 0.0197429 -0.0123775 -0.0333320 -0.0261433 -0.0000742 -0.0244596 -0.0131266 -0.0118730 -0.0116233 -0.0122043 -0.0304489 -0.0093254 -0.0235497 -0.0023998 0.0188533 -0.0257738 -0.0312303 0.0042168 -0.0169898 -0.0087789 -0.0077198 -0.0037032 -0.0091019 -0.0017595 0.0119060 0.0078965 -0.0009907 -0.0316228 -0.0044358 -0.0117016 -0.0195839 -0.0138075 -0.0057116 -0.0320041 -0.0095000 -0.0087899 -0.0044042 -0.0085672 -0.0141684 -0.0194436 -0.0182869 -0.0010743 -0.0142987 -0.0092092 -0.0147989 -0.0057782 -0.0148291 -0.0031618 -0.0107097 -0.0090857 0.0034005 -0.0125071 -0.0001196 -0.0098974
0.0057152 -0.0255192 -0.0159335 -0.0083598 -0.0049915 -0.0172373 0.0089509 -0.0037264 -0.0134771 -0.0167482 1.0230814 0.0174353 -0.0052526 -0.0277611 -0.0085874 -0.0376834 -0.0337409 -0.0207091 -0.0203793 -0.0113853 -0.0237803 -0.0172883 -0.0058303 0.0000673 -0.0071051 -0.0221967 0.0072890 0.0208786 -0.0098449 -0.0288494 -0.0204530 -0.0030711 -0.0199296 -0.0139769 -0.0085073 -0.0097911 -0.0059256 -0.0278561 -0.0046441 -0.0167353 -0.0003707 0.0126086 -0.0168013 -0.0233076 0.0096521 -0.0091905 -0.0115117 -0.0147730 -0.0030761 -0.0092242 -0.0094236 0.0061584 0.0118116 0.0016030 -0.0328184 -0.0097487 -0.0090473 -0.0106055 -0.0135031 -0.0122708 -0.0260361 -0.0067836 -0.0091242 -0.0050700 -0.0058653 -0.0145302 -0.0162731 -0.0158619 0.0065807 -0.0211571 -0.0043197 -0.0248232 -0.0014832 -0.0096660 -0.0082631 -0.0154370 -0.0148397 0.0038641 -0.0161743 -0.0042080 -0.0162497
0.0275814 -0.0593300 -0.0131569 -0.0057727 0.0264989 -0.0336013 0.0290932 0.0067430 0.0152121 0.0080153 0.0174353 1.0518095 -0.0041803 -0.0308868 -0.0060686 -0.0444872 -0.0556968 -0.0256304 -0.0185121 -0.0128838 -0.0383685 -0.0038055 -0.0136436 0.0223947 0.0192764 -0.0317696 0.0023954 0.0460638 -0.0082195 -0.0583395 -0.0118990 0.0395289 -0.0419164 -0.0119458 -0.0043880 -0.0054436 -0.0083995 -0.0528374 -0.0127496 -0.0314492 0.0099587 0.0376251 -0.0369790 -0.0343017 0.0340771 -0.0071692 0.0020126 -0.0101944 -0.0078073 0.0045525 -0.0093914 0.0290240 0.0346135 0.0110423 -0.0560748 0.0025042 -0.0070458 -0.0100621 -0.0246622 -0.0133423 -0.0510608 -0.0071631 -0.0103325 0.0008911 -0.0088106 -0.0122427 -0.0203173 -0.0209258 0.0108378 -0.0224909 0.0027504 -0.0246380 -0.0144542 -0.0155346 -0.0006190 -0.0119977 -0.0014315 0.0226150 -0.0117350 -0.0058039 -0.0047704
-0.0094201 -0.0114761 -0.0085051 -0.0127788 -0.0142285 -0.0111716 -0.0167216 -0.0143528 -0.0080217 -0.0110821 -0.0052526 -0.0041803 1.0206013 -0.0123806 -0.0128063 -0.0080047 -0.0050332 -0.0084242 -0.0151481 -0.0093859 0.0004734 -0.0113156 -0.0156620 -0.0072899 -0.0104054 -0.0081600 -0.0098939 0.0001184 -0.0134424 -0.0133467 -0.0189302 -0.0066589 -0.0056771 -0.0096420 -0.0086009 -0.0129114 -0.0009693 -0.0125942 -0.0099237 -0.0076444 -0.0080667 -0.0045699 -0.0096829 -0.0084280 -0.0064201 -0.0048729 -0.0043079 -0.0101249 -0.0069673 -0.0019248 -0.0014064 -0.0027656 -0.0065993 -0.0069799 -0.0071878 -0.0082001 -0.0062575 -0.0107369 -0.0073789 -0.0095859 -0.0090624 -0.0100035 -0.0048418 -0.0014467 -0.0098831 -0.0114168 0.0006441 -0.0110726 -0.0074291 -0.0065912 -0.0081832 -0.0034723 -0.0079839 -0.0069633 -0.0027688 -0.0048135 -0.0080131 0.0010911 -0.0029909 -0.0082111 -0.0089410
-0.0382771 0.0126467 -0.0062270 -0.0139562 -0.0340716 -0.0014456 -0.0408592 -0.0156708 -0.0267109 -0.0159659 -0.0277611 -0.0308868 -0.0123806 1.0460112 -0.0155049 0.0084670 0.0318969 0.0090648 -0.0057648 -0.0105903 0.0061345 -0.0142100 -0.0086078 -0.0327214 -0.0359742 -0.0049780 -0.0204349 -0.0422062 -0.0175697 0.0120432 -0.0079663 -0.0340821 0.0177180 -0.0024742 -0.0113755 -0.0061931 -0.0113108 0.0154821 -0.0080111 0.0011937 -0.0106440 -0.0398600 0.0144091 0.0166953 -0.0248921 -0.0077676 -0.0133536 -0.0013896 -0.0116455 -0.0145312 0.0004222 -0.0324983 -0.0296295 -0.0158942 0.0333810 -0.0144339 -0.0013554 -0.0020949 0.0023309 0.0042797 0.0217451 0.0003516 -0.0082358 -0.0064485 -0.0043079 -0.0020615 0.0070560 0.0041040 -0.0200294 0.0076450 -0.0150316 0.0045200 -0.0100713 0.0006283 -0.0095252 0.0031322 -0.0014901 -0.0215207 0.0012505 -0.0064552 -0.0120979
-0.0003068 -0.0247919 -0.0101121 -0.0136487 -0.0085222 -0.0070801 0.0037469 -0.0119161 -0.0055871 -0.0037379 -0.0085874 -0.0060686 -0.0128063 -0.0155049 1.0346457 -0.0221044 -0.0190757 -0.0092803 -0.0185214 -0.0175733 -0.0193250 -0.0121677 -0.0141809 -0.0100378 -0.0085918 -0.0039807 -0.0062094 0.0043409 0.0227565 -0.0347971 -0.0125297 -0.0067703 -0.0190469 -0.0101701 -0.0173699 -0.0110307 -0.0119885 -0.0185796 -0.0113999 -0.0147101 -0.0109964 0.0038162 -0.0215445 -0.0203155 0.0030808 -0.0043891 -0.0102815 -0.0065523 -0.0134127 -0.0115262 -0.0057447 0.0018152 0.0059464 -0.0008963 -0.0179919 -0.0055182 -0.0112185 -0.0079499 -0.0143111 -0.0092990 -0.0179928 -0.0153941 -0.0034077 -0.0067009 -0.0085412 -0.0147380 -0.0134602 -0.0132152 -0.0050423 -0.0162839 -0.0036022 -0.0093984 -0.0147548 -0.0053710 -0.0099106 -0.0170968 -0.0115040 0.0012990 -0.0034836 -0.0104945 -0.0083877
-0.0548353 0.0508749 -0.0039790 -0.0119183 -0.0650972 0.0066083 -0.0701735 -0.0269306 -0.0434763 -0.0273633 -0.0376834 -0.0444872 -0.0080047 0.0084670 -0.0221044 1.0728225 0.0712500 0.0201210 0.0030890 -0.0089701 0.0285651 -0.0156070 -0.0171721 -0.0411694 -0.0467089 0.0112583 -0.0285017 -0.0823286 -0.0173833 0.0418989 -0.0031827 -0.0591141 0.0335960 0.0052363 -0.0112261 -0.0111484 -0.0159353 0.0516353 -0.0147629 0.0308501 -0.0236370 -0.0663445 0.0277224 0.0341298 -0.0531724 -0.0000313 -0.0221714 -0.0003620 0.0075612 -0.0142026 0.0029161 -0.0567312 -0.0640745 -0.0337146 0.0698206 -0.0264250 0.0026097 0.0045219 0.0205017 0.0082667 0.0649606 -0.0017504 -0.0124843 -0.0075245 -0.0015524 -0.0056714 0.0105322 0.0097327 -0.0258406 0.0203260 -0.0106515 0.0142200 -0.0030406 0.0057489 -0.0013426 0.0061402 -0.0129480 -0.0439550 0.0002411 -0.0122064 -0.0041342
-0.0683234 0.0836631 0.0020301 -0.0093354 -0.0811319 0.0220646 -0.0736232 -0.0331117 -0.0518246 -0.0351069 -0.0337409 -0.0556968 -0.0050332 0.0318969 -0.0190757 0.0712500 1.0666718 0.0322095 0.0157385 -0.0014323 0.0391977 -0.0036776 -0.0145314 -0.0562449 -0.0564093 0.0317123 -0.0324387 -0.0905115 -0.0062759 0.0664588 0.0107781 -0.0750863 0.0498834 0.0099556 -0.0151247 -0.0090979 -0.0092391 0.0752707 -0.0049375 0.0293441 -0.0246214 -0.0687796 0.0373864 0.0510141 -0.0555167 0.0092809 -0.0179659 0.0084284 0.0044525 -0.0130224 0.0011300 -0.0666371 -0.0630064 -0.0328788 0.0813114 -0.0155470 0.0007933 0.0156180 0.0220341 0.0092242 0.0737038 0.0034467 -0.0120082 -0.0073360 -0.0020310 0.0071306 0.0194485 0.0158683 -0.0256013 0.0296335 -0.0115470 0.0222972 0.0036182 0.0124409 -0.0033387 0.0136390 -0.0030927 -0.0413778 0.0055524 -0.0104124 -0.0052178
-0.0419005 0.0282133 -0.0031569 -0.0080197 -0.0417114 0.0018734 -0.0385880 -0.0170992 -0.0250704 -0.0141611 -0.0207091 -0.0256304 -0.0084242 0.0090648 -0.0092803 0.0201210 0.0322095 1.0405056 -0.0011120 0.0000062 0.0190974 -0.0069704 -0.0125493 -0.0312707 -0.0239153 0.0058560 -0.0119005 -0.0443059 -0.0050728 0.0191047 0.0056091 -0.0396843 0.0220931 0.0037919 -0.0099023 -0.0059497 -0.0051539 0.0322078 -0.0050185 0.0134103 -0.0093972 -0.0367580 0.0170023 0.0183261 -0.0276702 0.0035646 -0.0140368 -0.0008678 0.0009905 -0.0130575 -0.0010394 -0.0303137 -0.0338894 -0.0126156 0.0298444 -0.0103854 -0.0078731 0.0042078 0.0100683 0.0007442 0.0288392 -0.0035691 -0.0082719 -0.0056473 -0.0065800 -0.0000369 0.0042019 0.0042063 -0.0182034 0.0056758 -0.0016907 0.0092596 -0.0038718 -0.0010557 -0.0024818 0.0047276 -0.0094726 -0.0232293 0.0009457 -0.0069280 -0.0026161
-0.0261824 0.0005261 -0.0155760 -0.0188110 -0.0321410 -0.0002724 -0.0293868 -0.0178807 -0.0201964 -0.0220566 -0.0203793 -0.0185121 -0.0151481 -0.0057648 -0.0185214 0.0030890 0.0157385 -0.0011120 1.0295765 -0.0103130 -0.0005495 -0.0143841 -0.0112470 -0.0335167 -0.0231022 -0.0113199 -0.0154488 -0.0314562 -0.0072014 0.0036942 0.0013665 -0.0250268 0.0082845 -0.0040704 -0.0148603 -0.0120290 -0.0084703 0.0067463 -0.0057328 -0.0008922 -0.0143965 -0.0234820 0.0078546 0.0049220 -0.0209485 -0.0069560 -0.0133955 -0.0056379 -0.0011416 -0.0137157 -0.0062361 -0.0306765 -0.0242175 -0.0135585 0.0131178 -0.0118146 -0.0042487 -0.0088578 -0.0010135 -0.0080502 0.0056218 -0.0071604 -0.0101429 -0.0072686 -0.0012477 -0.0014566 -0.0037475 -0.0008820 -0.0122180 0.0028743 -0.0135070 -0.0014932 -0.0103025 -0.0037803 -0.0034598 0.0013589 -0.0016920 -0.0183437 -0.0096208 -0.0026943 -0.0068240
-0.0184309 0.0017889 -0.0101682 -0.0149483 -0.0119912 -0.0115065 -0.0129259 -0.0136414 -0.0116261 -0.0098963 -0.0113853 -0.0128838 -0.0093859 -0.0105903 -0.0175733 -0.0089701 -0.0014323 0.0000062 -0.0103130 1.0330311 -0.0040830 -0.0041636 -0.0049476 -0.0077962 -0.0170579 -0.0167114 -0.0111037 -0.0116537 -0.0186861 -0.0056325 -0.0079702 -0.0143050 -0.0028145 -0.0076712 -0.0056711 -0.0095601 -0.0087113 -0.0089302 -0.0074357 -0.0053105 -0.0037811 -0.0064344 -0.0084864 -0.0012249 -0.0099871 -0.0107593 -0.0094499 0.0000066 -0.0087584 -0.0020167 -0.0051092 -0.0135602 -0.0029997 -0.0043382 0.0029457 -0.0072985 -0.0104502 -0.0058972 -0.0064521 -0.0056709 0.0001185 -0.0100304 -0.0021540 -0.0043364 -0.0095768 -0.0026545 -0.0077046 -0.0078401 0.0000138 -0.0059401 -0.0092545 -0.0017216 -0.0078076 -0.0083314 -0.0060764 -0.0072154 -0.0084592 -0.0043345 -0.0097233 -0.0066166 -0.0032569
-0.0415854 0.0416074 0.0054638 -0.0180751 -0.0486935 0.0051310 -0.0416301 -0.0180506 -0.0275368 -0.0164533 -0.0237803 -0.0383685 0.0004734 0.0061345 -0.0193250 0.0285651 0.0391977 0.0190974 -0.0005495 -0.0040830 1.0415764 -0.0111546 -0.0114727 -0.0358136 -0.0413535 0.0058886 -0.0309933 -0.0521791 -0.0108307 0.0396279 -0.0068645 -0.0473246 0.0276760 0.0006971 -0.0118414 -0.0077926 -0.0124929 0.0321706 -0.0103021 0.0167089 -0.0219693 -0.0410977 0.0205530 0.0252607 -0.0390119 -0.0026404 -0.0146447 0.0023306 0.0000687 -0.0115500 0.0028710 -0.0403996 -0.0423779 -0.0221650 0.0445178 -0.0144308 -0.0001277 0.0077739 0.0108300 -0.0014485 0.0360876 -0.0047590 -0.0075554 -0.0126159 -0.0035285 -0.0028763 0.0106003 0.0041352 -0.0218026 0.0127525 -0.0053909 0.0117119 -0.0043034 0.0013123 -0.0033419 0.0055114 -0.0020479 -0.0243219 0.0006855 -0.0077320 -0.0032168
-0.0137199 -0.0106721 -0.0098831 -0.0114066 -0.0120660 -0.0147111 -0.0185689 -0.0139317 -0.0120257 -0.0032989 -0.0172883 -0.0038055 -0.0113156 -0.0142100 -0.0121677 -0.0156070 -0.0036776 -0.0069704 -0.0143841 -0.0041636 -0.0111546 1.0279278 -0.0110976 -0.0006832 0.0006130 -0.0093521 -0.0108236 -0.0071266 -0.0156192 -0.0039876 -0.0080733 -0.0078094 -0.0120433 -0.0077931 -0.0053886 -0.0018683 -0.0028554 -0.0040702 -0.0061192 -0.0083715 -0.0058247 -0.0099595 -0.0089978 -0.0038249 -0.0099805 -0.0067784 -0.0022701 0.0003955 -0.0034274 -0.0162269 -0.0068037 -0.0124915 -0.0065185 -0.0039389 -0.0114158 -0.0082171 -0.0073762 -0.0029074 -0.0038744 -0.0060169 -0.0112302 -0.0082377 -0.0072468 -0.0028693 -0.0062929 -0.0127319 -0.0038721 -0.0021880 -0.0100064 -0.0103502 -0.0077501 -0.0109375 -0.0047074 -0.0114940 -0.0035956 -0.0075273 -0.0085206 -0.0059330 -0.0083725 -0.0064346 -0.0053244
-0.0123901 -0.0184113 -0.0065700 -0.0152408 -0.0120535 -0.0194449 -0.0038190 -0.0121684 -0.0083778 -0.0157733 -0.0058303 -0.0136436 -0.0156620 -0.0086078 -0.0141809 -0.0171721 -0.0145314 -0.0125493 -0.0112470 -0.0049476 -0.0114727 -0.0110976 1.0147214 -0.0187062 -0.0126529 -0.0150485 -0.0114573 0.0003551 -0.0171667 -0.0167002 -0.0112677 -0.0154399 0.0024916 -0.0102557 -0.0150561 -0.0116924 -0.0040164 -0.0090249 -0.0118336 -0.0142103 -0.0077116 -0.0078781 -0.0087757 -0.0141697 -0.0062034 -0.0134937 -0.0090571 -0.0080694 -0.0079419 -0.0073403 -0.0056468 -0.0000774 -0.0005356 -0.0071771 -0.0116005 -0.0145981 -0.0093201 -0.0110755 -0.0077900 -0.0124864 -0.0113616 -0.0100709 -0.0094451 -0.0063734 -0.0050954 -0.0117549 -0.0123997 -0.0133956 -0.0110819 -0.0090111 -0.0098361 -0.0112219 -0.0069378 0.0025816 -0.0005205 0.0006605 -0.0136971 -0.0014263 -0.0067070 -0.0025509 -0.0172687
0.0149691 -0.0539423 -0.0213287 -0.0136958 0.0221585 -0.0236854 0.0196441 -0.0016544 0.0066888 -0.0096193 0.0000673 0.0223947 -0.0072899 -0.0327214 -0.0100378 -0.0411694 -0.0562449 -0.0312707 -0.0335167 -0.0077962 -0.0358136 -0.0006832 -0.0187062 1.0645998 0.0091613 -0.0335982 0.0018242 0.0420568 -0.0165036 -0.0442158 -0.0289876 0.0303925 -0.0330334 -0.0204503 -0.0055530 -0.0078500 -0.0003489 -0.0570690 -0.0038482 -0.0201984 0.0020866 0.0345806 -0.0449650 -0.0426402 0.0150103 -0.0109731 -0.0087693 -0.0107693 -0.0116624 -0.0087438 -0.0106082 0.0207264 0.0366462 0.0047491 -0.0640552 0.0013837 -0.0151908 -0.0163354 -0.0210189 -0.0149153 -0.0519752 -0.0242899 -0.0121832 -0.0007414 -0.0112235 -0.0148942 -0.0257332 -0.0231604 0.0072313 -0.0277368 -0.0082194 -0.0225057 -0.0158907 -0.0187586 -0.0063616 -0.0279249 -0.0122446 0.0214236 -0.0198922 -0.0042065 -0.0026888
0.0201587 -0.0574344 -0.0220975 -0.0140128 0.0181533 -0.0264802 0.0268246 0.0030801 0.0153685 0.0079907 -0.0071051 0.0192764 -0.0104054 -0.0359742 -0.0085918 -0.0467089 -0.0564093 -0.0239153 -0.0231022 -0.0170579 -0.0413535 0.0006130 -0.0126529 0.0091613 1.0684595 -0.0339573 0.0059979 0.0511268 -0.0064548 -0.0470322 -0.0348829 0.0224832 -0.0409557 -0.0233879 -0.0068407 -0.0077364 -0.0038831 -0.0573976 -0.0028632 -0.0308834 0.0017834 0.0324389 -0.0408106 -0.0408978 0.0211840 -0.0159020 0.0006689 -0.0130404 -0.0208823 -0.0056724 -0.0095457 0.0337363 0.0405847 0.0114088 -0.0635443 -0.0042809 -0.0100482 -0.0141968 -0.0316556 -0.0224539 -0.0517836 -0.0124678 -0.0083144 -0.0033609 -0.0147409 -0.0096070 -0.0171784 -0.0277506 0.0124205 -0.0254335 -0.0045885 -0.0240770 -0.0090148 -0.0111698 -0.0032384 -0.0213541 -0.0105408 0.0228902 -0.0075181 -0.0082858 -0.0100630
-0.0380900 0.0221141 -0.0142946 -0.0086495 -0.0338855 0.0092165 -0.0464664 -0.0172689 -0.0287207 -0.0190716 -0.0221967 -0.0317696 -0.0081600 -0.0049780 -0.0039807 0.0112583 0.0317123 0.0058560 -0.0113199 -0.0167114 0.0058886 -0.0093521 -0.0150485 -0.0335982 -0.0339573 1.0513709 -0.0350730 -0.0408772 -0.0182309 0.0106032 -0.0017499 -0.0317190 0.0239311 0.0035484 -0.0135232 -0.0072943 -0.0041731 0.0222923 -0.0115424 0.0111848 -0.0160677 -0.0350631 0.0132069 0.0134422 -0.0278727 -0.0003889 -0.0123161 -0.0057798 -0.0036848 -0.0133163 -0.0072675 -0.0359638 -0.0353965 -0.0191966 0.0364173 -0.0064520 -0.0047824 0.0033636 0.0072026 -0.0086546 0.0281670 -0.0021183 -0.0055201 -0.0056970 -0.0077450 -0.0039834 0.0016891 0.0060518 -0.0239199 0.0039071 -0.0128016 0.0032067 -0.0019852 -0.0041075 -0.0051410 0.0063522 -0.0076946 -0.0224152 -0.0049517 -0.0088274 -0.0104112
-0.0014856 -0.0373595 -0.0181377 -0.0064379 0.0067193 -0.0231152 0.0070550 0.0026151 0.0029037 -0.0043319 0.0072890 0.0023954 -0.0098939 -0.0204349 -0.0062094 -0.0285017 -0.0324387 -0.0119005 -0.0154488 -0.0111037 -0.0309933 -0.0108236 -0.0114573 0.0018242 0.0059979 -0.0350730 1.0317645 0.0215223 -0.0137462 -0.0296955 -0.0239403 0.0146760 -0.0196311 -0.0156804 -0.0121056 -0.0114368 0.0021201 -0.0337223 -0.0144882 -0.0192062 0.0017392 0.0115577 -0.0332638 -0.0238209 0.0157498 -0.0171783 -0.0061869 -0.0079839 -0.0168729 -0.0064461 -0.0101723 0.0112750 0.0141432 0.0059149 -0.0339428 -0.0076975 -0.0144559 -0.0203476 -0.0196523 -0.0106307 -0.0396001 -0.0137568 -0.0053269 -0.0022977 -0.0115464 -0.0116901 -0.0140514 -0.0122278 -0.0036152 -0.0153807 -0.0067317 -0.0127557 -0.0107122 -0.0106525 -0.0052457 -0.0092428 -0.0143564 0.0080761 -0.0091833 -0.0180981 -0.0128312
0.0613606 -0.0957238 -0.0151884 0.0067647 0.0687354 -0.0358306 0.0709295 0.0141202 0.0440198 0.0197429 0.0208786 0.0460638 0.0001184 -0.0422062 0.0043409 -0.0823286 -0.0905115 -0.0443059 -0.0314562 -0.0116537 -0.0521791 -0.0071266 0.0003551 0.0420568 0.0511268 -0.0408772 0.0215223 1.0949008 -0.0070163 -0.0887668 -0.0339103 0.0671336 -0.0652183 -0.0221205 0.0061024 -0.0054342 0.0030359 -0.0817483 -0.0035907 -0.0400081 0.0175008 0.0754016 -0.0614466 -0.0583938 0.0546167 -0.0198025 0.0071544 -0.0084821 -0.0156227 0.0039969 -0.0103274 0.0654192 0.0670729 0.0218203 -0.0909206 0.0039662 -0.0105488 -0.0270755 -0.0358508 -0.0188866 -0.0804865 -0.0110196 -0.0025599 0.0015890 -0.0098648 -0.0144652 -0.0204365 -0.0256896 0.0248115 -0.0411471 0.0018388 -0.0321991 -0.0111091 -0.0199800 0.0016283 -0.0262600 -0.0094792 0.0391002 -0.0114298 -0.0024836 0.0011661
-0.0119004 -0.0254475 -0.0118527 -0.0056022 -0.0176600 -0.0107949 -0.0138399 -0.0128708 -0.0083748 -0.0123775 -0.0098449 -0.0082195 -0.0134424 -0.0175697 0.0227565 -0.0173833 -0.0062759 -0.0050728 -0.0072014 -0.0186861 -0.0108307 -0.0156192 -0.0171667 -0.0165036 -0.0064548 -0.0182309 -0.0137462 -0.0070163 1.0171198 -0.0227706 -0.0223585 -0.0077962 -0.0067886 -0.0038913 -0.0030539 -0.0154006 -0.0120184 -0.0159433 -0.0114889 -0.0054399 -0.0096138 -0.0068564 -0.0093084 -0.0107662 -0.0063997 -0.0082586 -0.0072908 -0.0049205 -0.0076984 -0.0043796 -0.0074318 -0.0050143 -0.0077098 -0.0073363 -0.0093873 -0.0004065 -0.0032414 -0.0082083 -0.0095352 -0.0130564 -0.0085453 -0.0187250 -0.0104160 -0.0072205 -0.0114951 -0.0008323 -0.0063019 -0.0144316 -0.0069725 -0.0073428 -0.0059763 -0.0115151 -0.0107261 -0.0040783 -0.0043637 -0.0121447 -0.0082600 -0.0059862 -0.0066477 -0.0048717 -0.0036158
-0.0520844 0.0501758 -0.0100943 -0.0213706 -0.0574620 0.0058882 -0.0566761 -0.0327372 -0.0410554 -0.0333320 -0.0288494 -0.0583395 -0.0133467 0.0120432 -0.0347971 0.0418989 0.0664588 0.0191047 0.0036942 -0.0056325 0.0396279 -0.0039876 -0.0167002 -0.0442158 -0.0470322 0.0106032 -0.0296955 -0.0887668 -0.0227706 1.0849683 -0.0047029 -0.0700136 0.0479612 0.0053644 -0.0195342 -0.0077131 -0.0134116 0.0557450 -0.0172452 0.0138820 -0.0222309 -0.0721641 0.0250801 0.0407151 -0.0550990 0.0041614 -0.0225390 0.0024179 0.0015295 -0.0220275 -0.0001068 -0.0589881 -0.0724630 -0.0327350 0.0782953 -0.0189018 0.0057399 0.0111192 0.0209015 0.0011780 0.0521497 -0.0145385 -0.0149659 -0.0135243 -0.0023841 -0.0025155 0.0109077 0.0081524 -0.0313944 0.0210956 -0.0108792 0.0155058 0.0011698 0.0011185 -0.0128145 0.0102578 -0.0063069 -0.0422677 -0.0088464 -0.0164168 -0.0081552
-0.0216935 0.0044338 -0.0133140 -0.0156884 -0.0283796 -0.0049585 -0.0247580 -0.0095406 -0.0272350 -0.0261433 -0.0204530 -0.0118990 -0.0189302 -0.0079663 -0.0125297 -0.0031827 0.0107781 0.0056091 0.0013665 -0.0079702 -0.0068645 -0.0080733 -0.0112677 -0.0289876 -0.0348829 -0.0017499 -0.0239403 -0.0339103 -0.0223585 -0.0047029 1.0260626 -0.0235379 0.0077529 -0.0118595 -0.0125023 -0.0105652 -0.0116795 0.0108017 -0.0128171 -0.0062087 -0.0137951 -0.0209223 0.0058509 0.0010454 -0.0270050 -0.0080566 -0.0152279 -0.0077422 -0.0025596 -0.0136940 -0.0030863 -0.0312604 -0.0239775 -0.0129561 0.0096546 -0.0146115 -0.0103052 -0.0031961 -0.0003058 -0.0062878 0.0087810 -0.0160631 -0.0068908 -0.0025247 -0.0067112 -0.0174713 -0.0038732 -0.0036920 -0.0156661 -0.0087244 -0.0153758 -0.0087593 -0.0055224 -0.0034278 -0.0061368 -0.0092685 -0.0072107 -0.0217738 0.0010611 -0.0059347 -0.0095664
0.0360886 -0.0762410 -0.0208770 -0.0118123 0.0314812 -0.0322102 0.0444940 0.0032595 0.0284020 -0.0000742 -0.0030711 0.0395289 -0.0066589 -0.0340821 -0.0067703 -0.0591141 -0.0750863 -0.0396843 -0.0250268 -0.0143050 -0.0473246 -0.0078094 -0.0154399 0.0303925 0.0224832 -0.0317190 0.0146760 0.0671336 -0.0077962 -0.0700136 -0.0235379 1.0771663 -0.0533906 -0.0197727 0.0014280 -0.0059357 -0.0026085 -0.0678137 -0.0044733 -0.0489898 0.0041622 0.0478399 -0.0526908 -0.0449783 0.0307383 -0.0187397 0.0055148 -0.0170054 -0.0200960 0.0006890 -0.0088707 0.0396545 0.0442082 0.0179465 -0.0758367 0.0088116 -0.0063966 -0.0269513 -0.0273644 -0.0201653 -0.0714832 -0.0124404 -0.0007015 -0.0039875 -0.0173188 -0.0174636 -0.0272529 -0.0195164 0.0120322 -0.0342534 -0.0002486 -0.0267912 -0.0117448 -0.0249255 -0.0003290 -0.0227772 -0.0167776 0.0295935 -0.0089833 -0.0002476 -0.0091467
-0.0484300 0.0493867 -0.0075664 -0.0131797 -0.0503770 0.0052926 -0.0586423 -0.0316711 -0.0326863 -0.0244596 -0.0199296 -0.0419164 -0.0056771 0.0177180 -0.0190469 0.0335960 0.0498834 0.0220931 0.0082845 -0.0028145 0.0276760 -0.0120433 0.0024916 -0.0330334 -0.0409557 0.0239311 -0.0196311 -0.0652183 -0.0067886 0.0479612 0.0077529 -0.0533906 1.0297248 0.0080248 -0.0100030 -0.0114071 -0.0052785 0.0446887 -0.0026002 0.0225346 -0.0190167 -0.0512365 0.0312513 0.0286550 -0.0413086 0.0027122 -0.0100471 0.0046231 0.0020390 -0.0049908 -0.0023669 -0.0455299 -0.0439661 -0.0211275 0.0474432 -0.0146103 0.0008434 0.0080100 0.0193060 0.0039297 0.0420029 -0.0026665 -0.0013642 -0.0072756 0.0021844 0.0037806 0.0086609 0.0100791 -0.0217707 0.0161137 -0.0090488 0.0127327 0.0007636 0.0021412 -0.0048270 0.0087227 -0.0018427 -0.0294423 -0.0020505 -0.0043988 -0.0034771
-0.0195154 0.0138968 -0.0139332 -0.0142444 -0.0216020 -0.0090654 -0.0244683 -0.0049118 -0.0216064 -0.0131266 -0.0139769 -0.0119458 -0.0096420 -0.0024742 -0.0101701 0.0052363 0.0099556 0.0037919 -0.0040704 -0.0076712 0.0006971 -0.0077931 -0.0102557 -0.0204503 -0.0233879 0.0035484 -0.0156804 -0.0221205 -0.0038913 0.0053644 -0.0118595 -0.0197727 0.0080248 1.0018228 -0.0080821 -0.0057316 -0.0053078 0.0115079 -0.0082956 -0.0031922 -0.0086365 -0.0213885 0.0032841 0.0040093 -0.0158420 -0.0029484 -0.0068947 0.0010377 -0.0053390 -0.0078605 -0.0070541 -0.0166665 -0.0162230 -0.0058718 0.0104128 -0.0074953 -0.0036537 -0.0032446 0.0020717 -0.0042927 0.0093921 -0.0032628 -0.0118068 -0.0062604 -0.0035401 -0.0041177 0.0025096 0.0050536 -0.0106445 0.0008094 -0.0076598 -0.0007346 -0.0054372 0.0051313 -0.0028357 0.0017520 -0.0062943 -0.0090763 -0.0042675 -0.0050307 -0.0096377
-0.0034320 -0.0189314 -0.0051443 -0.0163195 -0.0096866 -0.0100366 0.0002626 -0.0011420 -0.0052502 -0.0118730 -0.0085073 -0.0043880 -0.0086009 -0.0113755 -0.0173699 -0.0112261 -0.0151247 -0.0099023 -0.0148603 -0.0056711 -0.0118414 -0.0053886 -0.0150561 -0.0055530 -0.0068407 -0.0135232 -0.0121056 0.0061024 -0.0030539 -0.0195342 -0.0125023 0.0014280 -0.0100030 -0.0080821 1.0191420 -0.0087405 -0.0126488 -0.0180758 -0.0035899 -0.0099436 -0.0018718 -0.0024148 -0.0178539 -0.0116876 0.0075196 -0.0043857 -0.0105288 -0.0027274 -0.0087873 -0.0055876 -0.0039989 0.0008259 0.0048422 -0.0000672 -0.0097852 -0.0027249 -0.0026775 -0.0104477 -0.0106302 -0.0095532 -0.0167003 -0.0073639 -0.0068027 -0.0048727 -0.0034243 -0.0054499 -0.0109906 -0.0105173 -0.0077053 -0.0098605 -0.0081490 -0.0106867 0.0015430 -0.0095056 -0.0033121 -0.0083344 -0.0070705 0.0023424 -0.0055047 -0.0020651 -0.0048739
-0.0048321 -0.0125120 -0.0069659 0.0021142 -0.0048115 -0.0119330 -0.0118477 -0.0001453 -0.0084469 -0.0116233 -0.0097911 -0.0054436 -0.0129114 -0.0061931 -0.0110307 -0.0111484 -0.0090979 -0.0059497 -0.0120290 -0.0095601 -0.0077926 -0.0018683 -0.0116924 -0.0078500 -0.0077364 -0.0072943 -0.0114368 -0.0054342 -0.0154006 -0.0077131 -0.0105652 -0.0059357 -0.0114071 -0.0057316 -0.0087405 1.0207701 -0.0091942 -0.0075991 -0.0070662 -0.0039676 -0.0049219 -0.0080136 -0.0081083 -0.0068644 -0.0042734 -0.0002156 -0.0008462 -0.0038012 -0.0085399 -0.0048836 -0.0022558 -0.0066635 -0.0025289 -0.0061270 -0.0089202 -0.0064769 -0.0071057 -0.0040698 -0.0036375 -0.0072273 -0.0008661 -0.0130067 -0.0053022 -0.0058307 -0.0078345 -0.0110549 -0.0091482 -0.0052321 -0.0076869 -0.0070980 0.0034219 -0.0056476 -0.0071370 -0.0084369 -0.0031042 -0.0043132 -0.0001166 -0.0003116 -0.0077279 -0.0082293 -0.0019919
-0.0056269 -0.0146594 -0.0153779 -0.0047880 -0.0040729 -0.0104564 -0.0048617 -0.0050170 -0.0045378 -0.0122043 -0.0059256 -0.0083995 -0.0009693 -0.0113108 -0.0119885 -0.0159353 -0.0092391 -0.0051539 -0.0084703 -0.0087113 -0.0124929 -0.0028554 -0.0040164 -0.0003489 -0.0038831 -0.0041731 0.0021201 0.0030359 -0.0120184 -0.0134116 -0.0116795 -0.0026085 -0.0052785 -0.0053078 -0.0126488 -0.0091942 1.0146407 -0.0078152 -0.0059006 -0.0176817 -0.0044259 0.0022716 -0.0109525 -0.0110246 0.0012575 -0.0101666 -0.0061674 -0.0061997 -0.0039654 -0.0030541 -0.0019420 -0.0049598 -0.0013576 -0.0025155 -0.0071419 0.0013038 -0.0034011 -0.0059875 -0.0075657 -0.0024190 -0.0093661 -0.0047457 -0.0046881 0.0004163 -0.0094000 -0.0001946 -0.0076836 -0.0104493 -0.0026823 -0.0064636 -0.0017913 -0.0075724 -0.0079895 -0.0102963 -0.0022248 0.0002843 -0.0122291 -0.0025049 -0.0079501 -0.0122490 -0.0100538
-0.0582242 0.0709390 -0.0032267 -0.0133922 -0.0673699 0.0160889 -0.0717192 -0.0251466 -0.0478599 -0.0304489 -0.0278561 -0.0528374 -0.0125942 0.0154821 -0.0185796 0.0516353 0.0752707 0.0322078 0.0067463 -0.0089302 0.0321706 -0.0040702 -0.0090249 -0.0570690 -0.0573976 0.0222923 -0.0337223 -0.0817483 -0.0159433 0.0557450 0.0108017 -0.0678137 0.0446887 0.0115079 -0.0180758 -0.0075991 -0.0078152 1.0722688 -0.0116444 0.0278575 -0.0170083 -0.0679809 0.0412551 0.0408513 -0.0509392 0.0020122 -0.0124670 0.0066980 0.0035211 -0.0094562 0.0014929 -0.0609483 -0.0620351 -0.0260283 0.0743304 -0.0222822 -0.0003787 0.0146670 0.0233028 -0.0008763 0.0581387 -0.0027387 -0.0051956 -0.0108066 -0.0035924 0.0019158 0.0173800 0.0159738 -0.0252289 0.0252233 -0.0076873 0.0196573 0.0039412 0.0056043 -0.0037088 0.0113164 -0.0030954 -0.0444184 0.0062940 -0.0152373 -0.0033902
-0.0091106 -0.0113175 -0.0030570 -0.0058142 -0.0235070 -0.0060675 -0.0134308 -0.0018941 -0.0069465 -0.0093254 -0.0046441 -0.0127496 -0.0099237 -0.0080111 -0.0113999 -0.0147629 -0.0049375 -0.0050185 -0.0057328 -0.0074357 -0.0103021 -0.0061192 -0.0118336 -0.0038482 -0.0028632 -0.0115424 -0.0144882 -0.0035907 -0.0114889 -0.0172452 -0.0128171 -0.0044733 -0.0026002 -0.0082956 -0.0035899 -0.0070662 -0.0059006 -0.0116444 1.0075368 -0.0073664 -0.0094115 -0.0047491 -0.0016215 -0.0121547 -0.0096028 -0.0020656 -0.0037705 -0.0014004 -0.0065014 -0.0051003 -0.0001406 -0.0045434 -0.0035834 -0.0038805 -0.0062397 -0.0063430 -0.0050439 -0.0108266 -0.0073034 -0.0075768 -0.0035188 -0.0080706 -0.0062837 -0.0097971 -0.0066483 -0.0066303 -0.0045064 -0.0072506 -0.0043475 -0.0057918 -0.0112539 -0.0062086 -0.0029232 -0.0019947 -0.0058684 -0.0062407 -0.0083332 -0.0049412 -0.0050687 -0.0065678 -0.0037141
-0.0357374 0.0255461 -0.0096602 -0.0146091 -0.0387346 -0.0002604 -0.0472513 -0.0149900 -0.0324063 -0.0235497 -0.0167353 -0.0314492 -0.0076444 0.0011937 -0.0147101 0.0308501 0.0293441 0.0134103 -0.0008922 -0.0053105 0.0167089 -0.0083715 -0.0142103 -0.0201984 -0.0308834 0.0111848 -0.0192062 -0.0400081 -0.0054399 0.0138820 -0.0062087 -0.0489898 0.0225346 -0.0031922 -0.0099436 -0.0039676 -0.0176817 0.0278575 -0.0073664 1.0151840 -0.0080575 -0.0367524 0.0151514 0.0151902 -0.0348604 -0.0057500 -0.0133702 -0.0040832 0.0030142 -0.0093028 -0.0013551 -0.0301803 -0.0360283 -0.0177797 0.0353477 -0.0114122 -0.0046522 -0.0019552 0.0105314 0.0044889 0.0284498 0.0047463 -0.0067235 -0.0035040 -0.0013646 -0.0027872 0.0019388 0.0050087 -0.0099416 0.0074731 -0.0095311 0.0087487 -0.0013645 0.0020616 -0.0086476 0.0064319 -0.0031542 -0.0224357 -0.0048932 -0.0035775 -0.0118963
0.0053467 -0.0306964 -0.0107300 -0.0080901 0.0048470 -0.0111371 0.0096064 -0.0037291 0.0031503 -0.0023998 -0.0003707 0.0099587 -0.0080667 -0.0106440 -0.0109964 -0.0236370 -0.0246214 -0.0093972 -0.0143965 -0.0037811 -0.0219693 -0.0058247 -0.0077116 0.0020866 0.0017834 -0.0160677 0.0017392 0.0175008 -0.0096138 -0.0222309 -0.0137951 0.0041622 -0.0190167 -0.0086365 -0.0018718 -0.0049219 -0.0044259 -0.0170083 -0.0094115 -0.0080575 1.0157651 0.0082167 -0.0185328 -0.0224703 0.0050055 -0.0120032 -0.0021913 -0.0062023 -0.0040075 -0.0005423 -0.0023399 0.0076678 0.0125655 0.0057639 -0.0232284 -0.0040613 -0.0076586 -0.0105930 -0.0076697 -0.0070667 -0.0199791 -0.0041531 -0.0023034 -0.0030909 -0.0056091 -0.0036761 -0.0105139 -0.0142254 0.0032407 -0.0110451 -0.0005006 -0.0071883 -0.0096645 -0.0134436 -0.0054395 -0.0014063 -0.0085925 0.0088203 -0.0110559 -0.0078356 -0.0067452
0.0424091 -0.0787786 -0.0130647 0.0063730 0.0397292 -0.0323678 0.0507938 0.0172918 0.0309413 0.0188533 0.0126086 0.0376251 -0.0045699 -0.0398600 0.0038162 -0.0663445 -0.0687796 -0.0367580 -0.0234820 -0.0064344 -0.0410977 -0.0099595 -0.0078781 0.0345806 0.0324389 -0.0350631 0.0115577 0.0754016 -0.0068564 -0.0721641 -0.0209223 0.0478399 -0.0512365 -0.0213885 -0.0024148 -0.0080136 0.0022716 -0.0679809 -0.0047491 -0.0367524 0.0082167 1.0781980 -0.0534515 -0.0563915 0.0409870 -0.0114395 0.0019040 -0.0106834 -0.0124851 0.0044347 -0.0085603 0.0487523 0.0538561 0.0189249 -0.0752445 0.0029486 -0.0079817 -0.0257496 -0.0341252 -0.0173622 -0.0697988 -0.0147304 -0.0020244 0.0000255 -0.0130714 -0.0189095 -0.0289652 -0.0256329 0.0196086 -0.0302527 0.0023295 -0.0246435 -0.0102540 -0.0243997 0.0008993 -0.0187708 -0.0145410 0.0302249 -0.0114242 -0.0007838 -0.0077728
-0.0412709 0.0426765 -0.0054045 -0.0124312 -0.0505179 0.0130535 -0.0536679 -0.0236473 -0.0382798 -0.0257738 -0.0168013 -0.0369790 -0.0096829 0.0144091 -0.0215445 0.0277224 0.0373864 0.0170023 0.0078546 -0.0084864 0.0205530 -0.0089978 -0.0087757 -0.0449650 -0.0408106 0.0132069 -0.0332638 -0.0614466 -0.0093084 0.0250801 0.0058509 -0.0526908 0.0312513 0.0032841 -0.0178539 -0.0081083 -0.0109525 0.0412551 -0.0016215 0.0151514 -0.0185328 -0.0534515 1.0314721 0.0292316 -0.0394696 -0.0022966 -0.0124883 -0.0040447 -0.0011181 -0.0116442 0.0004875 -0.0463893 -0.0442509 -0.0244965 0.0523051 -0.0193257 -0.0006987 0.0095046 0.0157146 -0.0028805 0.0396215 0.0075252 -0.0056653 -0.0058526 0.0036961 0.0040460 0.0077829 0.0055337 -0.0151898 0.0130349 -0.0129035 0.0080925 0.0024519 0.0011177 -0.0036651 0.0031630 -0.0063957 -0.0276965 -0.0025539 -0.0082507 -0.0084111
-0.0410424 0.0440969 -0.0025335 -0.0141347 -0.0475144 0.0133436 -0.0519192 -0.0215939 -0.0370154 -0.0312303 -0.0233076 -0.0343017 -0.0084280 0.0166953 -0.0203155 0.0341298 0.0510141 0.0183261 0.0049220 -0.0012249 0.0252607 -0.0038249 -0.0141697 -0.0426402 -0.0408978 0.0134422 -0.0238209 -0.0583938 -0.0107662 0.0407151 0.0010454 -0.0449783 0.0286550 0.0040093 -0.0116876 -0.0068644 -0.0110246 0.0408513 -0.0121547 0.0151902 -0.0224703 -0.0563915 0.0292316 1.0281543 -0.0361093 -0.0055191 -0.0153538 -0.0018448 0.0016164 -0.0159913 -0.0002344 -0.0431058 -0.0464016 -0.0188138 0.0450870 -0.0160780 0.0015891 0.0073834 0.0160656 0.0053532 0.0429156 -0.0081197 -0.0066262 -0.0039811 0.0002188 0.0009916 0.0116040 0.0082697 -0.0225215 0.0214598 -0.0076193 0.0165929 -0.0073885 0.0044322 -0.0042647 0.0062388 -0.0004989 -0.0239108 -0.0002474 -0.0099562 -0.0072931
0.0366907 -0.0661877 -0.0159581 -0.0057872 0.0400030 -0.0275752 0.0372075 0.0093524 0.0270555 0.0042168 0.0096521 0.0340771 -0.0064201 -0.0248921 0.0030808 -0.0531724 -0.0555167 -0.0276702 -0.0209485 -0.0099871 -0.0390119 -0.0099805 -0.0062034 0.0150103 0.0211840 -0.0278727 0.0157498 0.0546167 -0.0063997 -0.0550990 -0.0270050 0.0307383 -0.0413086 -0.0158420 0.0075196 -0.0042734 0.0012575 -0.0509392 -0.0096028 -0.0348604 0.0050055 0.0409870 -0.0394696 -0.0361093 1.0418438 -0.0159377 0.0030784 -0.0092643 -0.0144751 -0.0038768 -0.0074720 0.0356061 0.0434804 0.0111239 -0.0570912 -0.0049145 -0.0075022 -0.0159190 -0.0197258 -0.0145502 -0.0501809 -0.0135563 0.0003059 0.0019203 -0.0066558 -0.0108036 -0.0199922 -0.0176298 0.0111577 -0.0251708 -0.0012119 -0.0232466 -0.0089416 -0.0131437 -0.0024746 -0.0149916 -0.0052835 0.0178479 -0.0123762 -0.0017366 -0.0044190
