1.1951122 -0.0354301 -0.0560407 0.2791420 -0.0422713 -0.0519296 0.2761663 -0.0312397 -0.3401315 -0.0330567 -0.0312344 -0.0316032 -0.0251863 -0.0390719 -0.3398124 -0.0299621 -0.0459229 -0.0287375 -0.0336870 -0.0433564 -0.0386868 0.2863716 0.2822977 -0.0420814 -0.0337884 -0.0262600 -0.0415813 0.2851064 -0.3273371 -0.0314434 -0.3328683 -0.0385464 -0.0382754 -0.0412206 0.2901243 -0.0114323 -0.0293432 -0.0510945 -0.0303868 -0.0361910 -0.3497115 -0.0272375 0.2948265 -0.0208088 0.2810884 0.2904819 -0.0444315 -0.0292610 -0.0384280 0.2888942 -0.0341515 0.2947177 -0.3364426 -0.0327397 -0.0300041 -0.0377375 -0.3385092 -0.0366939 0.2853036 -0.0311502 -0.0355925 -0.0409722 -0.0324868 0.2890555 -0.0353136 -0.0375103 -0.0500021 0.2934907 -0.0276553 -0.0344500 -0.3516990 -0.0427108 -0.0408219 -0.0264512 0.2764604 0.2747322 -0.3278988 -0.0340400 -0.0392868 -0.0298322 -0.3392946
-0.0354301 0.9748564 0.0119119 -0.0438039 -0.0106047 -0.0157206 -0.0386996 -0.0002536 0.0339001 -0.0198267 -0.0095896 -0.0105864 -0.0111932 -0.0038946 0.0266056 -0.0129248 -0.0004473 -0.0073712 -0.0064216 -0.0001353 -0.0061742 -0.0297945 -0.0430538 -0.0106702 -0.0101396 -0.0072887 -0.0029391 -0.0424293 0.0227675 -0.0188172 0.0225994 -0.0107139 -0.0071981 -0.0098410 -0.0348217 -0.0073964 -0.0042539 -0.0013839 -0.0076805 0.0002832 0.0291338 -0.0020225 -0.0386136 -0.0099002 -0.0403629 -0.0424449 -0.0104491 -0.0142871 -0.0016394 -0.0323424 -0.0031593 -0.0463314 0.0255311 -0.0016130 -0.0047935 -0.0029272 0.0257745 0.0013254 -0.0299488 -0.0047362 0.0032089 -0.0045657 -0.0053182 -0.0326646 0.0055046 -0.0122572 -0.0042807 -0.0290514 -0.0071581 -0.0089741 0.0314218 0.0007560 -0.0081019 -0.0045291 -0.0350181 -0.0412456 0.0218782 -0.0025536 -0.0029509 -0.0107337 0.0299576
-0.0560407 0.0119119 0.9664608 -0.0613370 -0.0134361 -0.0064738 -0.0584966 -0.0050928 0.0409181 -0.0061940 -0.0154132 -0.0060968 -0.0099786 -0.0078048 0.0315223 -0.0149814 0.0061717 -0.0102821 -0.0143199 -0.0130870 -0.0025722 -0.0487534 -0.0393174 -0.0100789 -0.0097433 -0.0068543 -0.0114603 -0.0459027 0.0260278 -0.0088913 0.0318333 0.0035099 -0.0098781 -0.0042853 -0.0505091 -0.0021808 -0.0022868 -0.0002878 -0.0032508 -0.0100757 0.0411583 -0.0133129 -0.0464993 -0.0076530 -0.0501695 -0.0447904 -0.0087672 -0.0039495 -0.0066531 -0.0432381 -0.0017481 -0.0485092 0.0355213 0.0004025 -0.0001541 -0.0047365 0.0345510 -0.0075927 -0.0433294 -0.0056737 -0.0020552 -0.0090537 -0.0129668 -0.0456918 -0.0086517 -0.0093304 -0.0002085 -0.0398839 -0.0083621 -0.0032605 0.0427598 -0.0027839 -0.0017320 -0.0054271 -0.0423946 -0.0459929 0.0322450 -0.0042735 -0.0051518 -0.0014352 0.0354580
0.2791420 -0.0438039 -0.0613370 1.1908689 -0.0431257 -0.0391638 0.2799258 -0.0344713 -0.3443276 -0.0364771 -0.0319630 -0.0397955 -0.0204369 -0.0300482 -0.3406551 -0.0417952 -0.0444375 -0.0266495 -0.0309006 -0.0428873 -0.0269048 0.2828807 0.2789182 -0.0404442 -0.0405474 -0.0329519 -0.0379581 0.2768008 -0.3215354 -0.0361559 -0.3301031 -0.0370073 -0.0385494 -0.0425389 0.2818407 -0.0244440 -0.0234824 -0.0509398 -0.0318368 -0.0290129 -0.3495502 -0.0232059 0.2822582 -0.0245344 0.2799971 0.2760712 -0.0355140 -0.0288435 -0.0323927 0.2896116 -0.0329227 0.2906903 -0.3355092 -0.0297958 -0.0362124 -0.0260557 -0.3362380 -0.0359249 0.2919551 -0.0290829 -0.0289831 -0.0478941 -0.0399925 0.2848459 -0.0372920 -0.0300511 -0.0360049 0.2890953 -0.0159929 -0.0331468 -0.3515009 -0.0387061 -0.0375200 -0.0318777 0.2801863 0.2683409 -0.3235476 -0.0366278 -0.0451916 -0.0308931 -0.3361552
-0.0422713 -0.0106047 -0.0134361 -0.0431257 1.0015888 -0.0058397 -0.0263639 -0.0155452 0.0186367 -0.0102491 -0.0203534 -0.0023598 -0.0102095 -0.0038738 0.0157115 -0.0046685 -0.0102048 -0.0048030 -0.0041690 -0.0080213 -0.0131003 -0.0374802 -0.0383331 -0.0088468 -0.0008219 -0.0063984 -0.0112489 -0.0265049 0.0198010 -0.0238025 0.0236492 -0.0127797 -0.0081042 -0.0056240 -0.0394332 -0.0050475 -0.0084248 -0.0032950 -0.0091070 -0.0051275 0.0214609 -0.0101115 -0.0374349 -0.0176849 -0.0344268 -0.0330021 -0.0049559 -0.0119559 -0.0073146 -0.0349747 -0.0088704 -0.0366069 0.0217708 -0.0061204 -0.0068290 -0.0073068 0.0166652 0.0025067 -0.0363817 0.0020691 -0.0035734 -0.0155511 -0.0008458 -0.0327166 -0.0040673 -0.0071347 -0.0025439 -0.0338457 -0.0090522 -0.0053361 0.0195210 -0.0030855 -0.0050233 -0.0142055 -0.0283803 -0.0275573 0.0191204 -0.0130798 0.0021707 -0.0110639 0.0161897
-0.0519296 -0.0157206 -0.0064738 -0.0391638 -0.0058397 0.9968271 -0.0419652 -0.0030098 0.0430250 -0.0085299 -0.0131333 -0.0057898 -0.0095740 -0.0143473 0.0385659 -0.0084823 -0.0013520 -0.0061293 -0.0048191 0.0062960 -0.0023342 -0.0444225 -0.0440591 -0.0096217 -0.0123304 -0.0075633 -0.0106281 -0.0360607 0.0243684 -0.0145699 0.0186520 -0.0160563 0.0000514 -0.0018262 -0.0425567 -0.0064458 -0.0077078 -0.0041649 -0.0050663 -0.0053526 0.0476140 -0.0069914 -0.0492524 -0.0081116 -0.0410343 -0.0446524 -0.0051508 -0.0044328 -0.0025278 -0.0450090 -0.0063075 -0.0386034 0.0366265 -0.0058602 -0.0037527 -0.0135262 0.0314609 -0.0068880 -0.0408369 -0.0071275 0.0009054 -0.0063342 0.0079179 -0.0426966 -0.0093059 -0.0096270 -0.0011270 -0.0407032 -0.0068441 -0.0016957 0.0333298 -0.0007062 -0.0105274 -0.0067543 -0.0385743 -0.0435444 0.0282388 -0.0026184 -0.0051023 -0.0080059 0.0261000
0.2761663 -0.0386996 -0.0584966 0.2799258 -0.0263639 -0.0419652 1.1984181 -0.0378724 -0.3374120 -0.0308303 -0.0386390 -0.0359470 -0.0249346 -0.0369925 -0.3359444 -0.0376500 -0.0414051 -0.0334364 -0.0286483 -0.0322272 -0.0413370 0.2804374 0.2745363 -0.0413518 -0.0385183 -0.0327440 -0.0323188 0.2876573 -0.3283449 -0.0376294 -0.3254822 -0.0503861 -0.0308872 -0.0409798 0.2901316 -0.0217367 -0.0311565 -0.0500002 -0.0309904 -0.0252123 -0.3461061 -0.0240392 0.2842376 -0.0207977 0.2817897 0.2859796 -0.0358572 -0.0303835 -0.0279736 0.2815837 -0.0278837 0.2866731 -0.3291271 -0.0311216 -0.0343556 -0.0231214 -0.3316271 -0.0370069 0.2933350 -0.0230944 -0.0390684 -0.0366840 -0.0341064 0.2790368 -0.0390980 -0.0371396 -0.0396344 0.2889850 -0.0181409 -0.0417140 -0.3432558 -0.0378956 -0.0470946 -0.0225625 0.2760231 0.2714598 -0.3208676 -0.0353515 -0.0377348 -0.0300253 -0.3331821
-0.0312397 -0.0002536 -0.0050928 -0.0344713 -0.0155452 -0.0030098 -0.0378724 1.0203512 0.0180941 -0.0106427 0.0006615 -0.0127548 -0.0166510 -0.0127551 0.0212117 -0.0117621 -0.0019267 -0.0126989 -0.0166345 -0.0009308 -0.0007002 -0.0348987 -0.0320648 -0.0074892 -0.0030579 -0.0127395 -0.0131507 -0.0247285 0.0241134 -0.0191308 0.0180415 -0.0014899 0.0012869 -0.0091132 -0.0337479 -0.0101871 -0.0021978 -0.0038871 -0.0052754 -0.0051558 0.0304316 -0.0059710 -0.0374901 -0.0028987 -0.0312588 -0.0332631 0.0016693 -0.0059275 -0.0119125 -0.0322595 -0.0066844 -0.0289951 0.0358400 -0.0031320 -0.0012288 -0.0053696 0.0199123 -0.0034781 -0.0349882 -0.0136284 -0.0042101 -0.0198433 -0.0008889 -0.0239338 -0.0044686 -0.0066710 -0.0072433 -0.0314909 -0.0027444 -0.0019336 0.0166715 -0.0082088 -0.0052066 -0.0096492 -0.0249397 -0.0324414 0.0200363 -0.0028556 -0.0046886 -0.0001717 0.0200635
-0.3401315 0.0339001 0.0409181 -0.3443276 0.0186367 0.0430250 -0.3374120 0.0180941 1.2476305 0.0150171 0.0205073 0.0244262 0.0150494 0.0174558 0.3883302 0.0181980 0.0327986 0.0230211 0.0183565 0.0349800 0.0189526 -0.3444209 -0.3418463 0.0241528 0.0200031 0.0180626 0.0307111 -0.3353442 0.3690738 0.0122278 0.3659934 0.0333897 0.0270595 0.0278602 -0.3432953 0.0047558 0.0143725 0.0436736 0.0105073 0.0119063 0.3955522 0.0190961 -0.3459718 0.0015735 -0.3364957 -0.3433090 0.0241742 0.0194554 0.0211962 -0.3441341 0.0220465 -0.3485007 0.3827150 0.0231873 0.0339567 0.0285916 0.3818070 0.0279867 -0.3420382 0.0123416 0.0322725 0.0223889 0.0241764 -0.3315673 0.0236472 0.0178864 0.0409683 -0.3428110 0.0081892 0.0313396 0.4051405 0.0315414 0.0400321 0.0111381 -0.3257769 -0.3280126 0.3653078 0.0325267 0.0236076 0.0227963 0.3888611
-0.0330567 -0.0198267 -0.0061940 -0.0364771 -0.0102491 -0.0085299 -0.0308303 -0.0106427 0.0150171 0.9848037 -0.0116805 -0.0093350 -0.0094205 -0.0155166 0.0146107 -0.0068635 0.0017877 -0.0104299 0.0015406 -0.0059709 0.0044539 -0.0302905 -0.0383713 -0.0158539 -0.0131562 0.0025621 -0.0145472 -0.0342432 0.0142693 -0.0092960 0.0145125 -0.0117152 -0.0006931 -0.0069490 -0.0264151 -0.0053847 -0.0132415 -0.0017870 -0.0067038 -0.0087450 0.0209207 -0.0143091 -0.0350062 -0.0030271 -0.0358074 -0.0298414 -0.0080469 -0.0070968 -0.0113019 -0.0336988 -0.0072109 -0.0331438 0.0295192 -0.0070681 -0.0078146 -0.0051425 0.0264949 -0.0029626 -0.0326675 -0.0052928 -0.0098449 -0.0141469 -0.0095916 -0.0311782 -0.0072633 -0.0067601 -0.0055235 -0.0361712 -0.0054065 -0.0066337 0.0189435 -0.0082911 -0.0052788 -0.0004366 -0.0312953 -0.0321979 0.0166920 -0.0033680 -0.0049304 -0.0043061 0.0211669
-0.0312344 -0.0095896 -0.0154132 -0.0319630 -0.0203534 -0.0131333 -0.0386390 0.0006615 0.0205073 -0.0116805 0.9783921 0.0057126 -0.0132225 -0.0087638 0.0169542 -0.0065679 -0.0021462 -0.0044755 0.0034371 -0.0102269 -0.0079550 -0.0400859 -0.0373155 -0.0101220 -0.0128801 -0.0028111 -0.0039168 -0.0309239 0.0135427 -0.0045972 0.0128325 -0.0080486 -0.0039093 -0.0060731 -0.0398621 -0.0124081 -0.0059841 0.0017688 -0.0088313 -0.0109996 0.0236582 -0.0098291 -0.0388415 -0.0040911 -0.0317038 -0.0249643 -0.0077055 -0.0112966 -0.0048848 -0.0294190 -0.0091711 -0.0334897 0.0242751 -0.0017928 -0.0047152 -0.0104043 0.0272149 -0.0076584 -0.0331109 -0.0096685 -0.0054912 -0.0136273 -0.0091705 -0.0338474 -0.0024510 -0.0076675 -0.0012632 -0.0330949 -0.0142500 -0.0110462 0.0218733 -0.0116541 0.0035734 -0.0050627 -0.0269681 -0.0311934 0.0187520 -0.0020710 -0.0037558 -0.0156101 0.0200567
-0.0316032 -0.0105864 -0.0060968 -0.0397955 -0.0023598 -0.0057898 -0.0359470 -0.0127548 0.0244262 -0.0093350 0.0057126 1.0063705 -0.0084612 -0.0040635 0.0253311 -0.0015548 -0.0007691 -0.0044599 -0.0039527 -0.0037266 -0.0015566 -0.0405041 -0.0423657 -0.0058694 0.0005419 -0.0141872 -0.0103219 -0.0396929 0.0228220 -0.0029415 0.0214264 -0.0022311 -0.0006331 -0.0077533 -0.0371206 -0.0108332 -0.0067561 0.0030866 -0.0014350 -0.0042365 0.0290361 -0.0057287 -0.0398602 -0.0040195 -0.0322091 -0.0339921 -0.0000202 -0.0024744 -0.0076634 -0.0331723 0.0023275 -0.0307868 0.0272019 -0.0070137 -0.0037266 -0.0035242 0.0309733 0.0057011 -0.0387534 -0.0075383 0.0016900 -0.0112861 -0.0002260 -0.0356344 -0.0098495 -0.0038232 -0.0008662 -0.0384594 -0.0001563 0.0031158 0.0295593 -0.0023828 -0.0052978 -0.0063841 -0.0334543 -0.0325912 0.0280299 0.0010952 -0.0100897 -0.0052193 0.0374397
-0.0251863 -0.0111932 -0.0099786 -0.0204369 -0.0102095 -0.0095740 -0.0249346 -0.0166510 0.0150494 -0.0094205 -0.0132225 -0.0084612 0.9866595 -0.0092931 0.0200084 -0.0086324 -0.0007920 -0.0052427 -0.0099338 -0.0097249 -0.0043646 -0.0276354 -0.0319626 -0.0040929 -0.0007693 -0.0183733 -0.0169196 -0.0274595 0.0116105 -0.0096360 0.0016660 -0.0022903 -0.0079182 -0.0052334 -0.0283029 -0.0123322 -0.0099729 -0.0133253 -0.0043460 -0.0041531 0.0096067 -0.0113165 -0.0271946 -0.0084609 -0.0214883 -0.0226309 -0.0089314 -0.0077309 -0.0057404 -0.0262314 -0.0094220 -0.0276352 0.0171173 -0.0060702 -0.0034199 -0.0146266 0.0093581 -0.0104300 -0.0311650 -0.0071575 -0.0031712 0.0025594 -0.0034920 -0.0215010 -0.0013908 -0.0030143 -0.0000356 -0.0296739 -0.0056075 -0.0027720 0.0217950 -0.0033891 -0.0037642 -0.0018565 -0.0212230 -0.0172689 0.0169608 -0.0009602 0.0016713 -0.0018060 0.0202369
-0.0390719 -0.0038946 -0.0078048 -0.0300482 -0.0038738 -0.0143473 -0.0369925 -0.0127551 0.0174558 -0.0155166 -0.0087638 -0.0040635 -0.0092931 1.0050555 0.0132180 -0.0103723 0.0006514 -0.0042556 -0.0155299 -0.0079270 -0.0032103 -0.0333870 -0.0274012 -0.0121195 -0.0100786 -0.0094988 -0.0199922 -0.0338737 0.0094618 -0.0196343 0.0164922 -0.0128298 -0.0031713 0.0030172 -0.0363410 -0.0085513 -0.0034385 -0.0057264 -0.0027471 -0.0047374 0.0211460 -0.0087449 -0.0283175 -0.0028835 -0.0331329 -0.0263566 -0.0077788 -0.0080140 -0.0089789 -0.0321015 -0.0028603 -0.0274477 0.0174190 0.0006196 -0.0013255 -0.0051869 0.0247250 -0.0075410 -0.0328706 -0.0063900 -0.0037169 -0.0085642 -0.0005808 -0.0269809 -0.0055980 -0.0061553 -0.0000897 -0.0321828 -0.0041695 -0.0088448 0.0225368 -0.0019811 -0.0075845 -0.0122886 -0.0267018 -0.0334666 0.0219433 -0.0030252 -0.0050002 0.0006987 0.0228464
-0.3398124 0.0266056 0.0315223 -0.3406551 0.0157115 0.0385659 -0.3359444 0.0212117 0.3883302 0.0146107 0.0169542 0.0253311 0.0200084 0.0132180 1.2235643 0.0167837 0.0341925 0.0183670 0.0082957 0.0159617 0.0236084 -0.3423387 -0.3387194 0.0289119 0.0181355 0.0090967 0.0248551 -0.3289775 0.3639597 0.0179635 0.3700188 0.0423193 0.0208660 0.0274453 -0.3390381 0.0027093 0.0173492 0.0463903 0.0186660 0.0137365 0.3905139 0.0161040 -0.3449728 0.0029474 -0.3332605 -0.3368684 0.0218053 0.0210732 0.0212640 -0.3407683 0.0220008 -0.3420855 0.3815532 0.0260939 0.0347429 0.0168615 0.3788232 0.0332843 -0.3415452 0.0046571 0.0290415 0.0307820 0.0226294 -0.3333060 0.0303862 0.0252773 0.0382697 -0.3363020 0.0109608 0.0249683 0.3915679 0.0266753 0.0383114 0.0129616 -0.3282341 -0.3242999 0.3719252 0.0262365 0.0195000 0.0088450 0.3861199
-0.0299621 -0.0129248 -0.0149814 -0.0417952 -0.0046685 -0.0084823 -0.0376500 -0.0117621 0.0181980 -0.0068635 -0.0065679 -0.0015548 -0.0086324 -0.0103723 0.0167837 1.0247097 -0.0059398 -0.0058889 -0.0104394 -0.0085067 -0.0073489 -0.0265413 -0.0352109 -0.0060048 -0.0097638 -0.0037717 -0.0041015 -0.0228311 0.0128214 -0.0092161 0.0124352 -0.0073263 -0.0071264 -0.0053331 -0.0352203 -0.0037024 -0.0077389 -0.0132287 -0.0130581 -0.0082817 0.0121269 -0.0077258 -0.0288413 -0.0049604 -0.0255729 -0.0265611 -0.0056445 -0.0036431 -0.0071135 -0.0263383 -0.0032895 -0.0323080 0.0137005 -0.0042672 -0.0064669 -0.0072168 0.0107981 -0.0092146 -0.0279084 0.0008158 -0.0110425 0.0028090 -0.0071087 -0.0283658 -0.0085074 -0.0069808 0.0004336 -0.0325564 -0.0145691 -0.0050237 0.0127081 -0.0043452 0.0010363 -0.0064989 -0.0244525 -0.0277610 0.0091461 -0.0059386 0.0047847 -0.0069205 0.0114137
-0.0459229 -0.0004473 0.0061717 -0.0444375 -0.0102048 -0.0013520 -0.0414051 -0.0019267 0.0327986 0.0017877 -0.0021462 -0.0007691 -0.0007920 0.0006514 0.0341925 -0.0059398 1.0203769 -0.0039980 0.0010575 0.0044716 -0.0012836 -0.0455749 -0.0481149 -0.0077683 -0.0079257 -0.0051555 -0.0066161 -0.0420503 0.0340211 -0.0077442 0.0311976 -0.0038896 -0.0001560 0.0006263 -0.0431507 -0.0005683 -0.0007502 0.0020319 -0.0032722 -0.0064348 0.0361448 0.0001757 -0.0416429 -0.0051454 -0.0415660 -0.0378395 -0.0018537 -0.0025950 -0.0033388 -0.0472656 0.0023395 -0.0387053 0.0382424 -0.0043378 -0.0010574 -0.0034949 0.0378431 0.0019198 -0.0401217 -0.0021695 -0.0031308 -0.0014951 0.0023147 -0.0339894 0.0012510 0.0035879 -0.0045651 -0.0466789 0.0000655 0.0058270 0.0409371 0.0006396 0.0046069 -0.0011148 -0.0371970 -0.0369305 0.0385877 -0.0013914 -0.0072865 -0.0044197 0.0385319
-0.0287375 -0.0073712 -0.0102821 -0.0266495 -0.0048030 -0.0061293 -0.0334364 -0.0126989 0.0230211 -0.0104299 -0.0044755 -0.0044599 -0.0052427 -0.0042556 0.0183670 -0.0058889 -0.0039980 1.0375372 0.0009021 0.0010711 -0.0011955 -0.0255701 -0.0297698 -0.0082582 -0.0050022 -0.0044769 -0.0045534 -0.0287061 0.0260599 -0.0063002 0.0142951 -0.0025082 -0.0008522 -0.0024400 -0.0287606 -0.0068798 -0.0014830 -0.0034421 -0.0036859 -0.0000413 0.0258964 -0.0050481 -0.0328458 -0.0084977 -0.0280323 -0.0296117 -0.0015980 -0.0009641 -0.0017652 -0.0328703 -0.0006662 -0.0305294 0.0209645 -0.0030895 0.0027405 -0.0081821 0.0254299 -0.0033661 -0.0264072 -0.0049130 -0.0080133 0.0037251 -0.0058704 -0.0259754 0.0016804 -0.0027841 -0.0007491 -0.0291578 -0.0030109 0.0013534 0.0218752 -0.0046668 0.0036045 -0.0046865 -0.0249299 -0.0274424 0.0215122 -0.0006453 -0.0058751 0.0013596 0.0175853
-0.0336870 -0.0064216 -0.0143199 -0.0309006 -0.0041690 -0.0048191 -0.0286483 -0.0166345 0.0183565 0.0015406 0.0034371 -0.0039527 -0.0099338 -0.0155299 0.0082957 -0.0104394 0.0010575 0.0009021 1.0030212 -0.0115289 -0.0103001 -0.0342485 -0.0357407 -0.0108757 0.0046072 -0.0083015 -0.0118437 -0.0256735 0.0080479 -0.0111275 0.0154604 -0.0197982 -0.0002151 -0.0051525 -0.0280181 -0.0151140 -0.0079933 -0.0007395 -0.0108388 -0.0034374 0.0131050 -0.0071617 -0.0303120 -0.0073940 -0.0307485 -0.0309401 -0.0121884 -0.0070930 0.0037021 -0.0352161 -0.0032877 -0.0286938 0.0114317 -0.0039537 -0.0046829 -0.0166995 0.0122885 -0.0066363 -0.0305735 -0.0096038 0.0022082 -0.0116013 -0.0104732 -0.0258777 -0.0056575 -0.0094786 -0.0060690 -0.0286816 -0.0098464 -0.0070258 0.0234941 -0.0098624 -0.0047716 -0.0000432 -0.0266173 -0.0347896 0.0120022 -0.0041077 -0.0068172 -0.0055626 0.0141767
-0.0433564 -0.0001353 -0.0130870 -0.0428873 -0.0080213 0.0062960 -0.0322272 -0.0009308 0.0349800 -0.0059709 -0.0102269 -0.0037266 -0.0097249 -0.0079270 0.0159617 -0.0085067 0.0044716 0.0010711 -0.0115289 1.0161271 -0.0027148 -0.0389658 -0.0411885 -0.0123991 -0.0085948 -0.0038038 -0.0106466 -0.0342183 0.0251103 -0.0156491 0.0287682 -0.0022218 -0.0069438 -0.0069071 -0.0319149 -0.0069242 -0.0079813 -0.0011153 -0.0118603 -0.0071820 0.0251028 -0.0057960 -0.0361880 -0.0056439 -0.0351308 -0.0372695 -0.0024029 -0.0100329 0.0042522 -0.0352703 -0.0058037 -0.0375696 0.0268507 -0.0048751 0.0002646 -0.0005713 0.0292395 -0.0045839 -0.0341489 -0.0035166 -0.0058748 0.0000738 -0.0046711 -0.0320752 0.0058804 -0.0013676 -0.0096635 -0.0327004 -0.0112081 -0.0017138 0.0279782 -0.0058364 0.0030748 -0.0078545 -0.0279968 -0.0374367 0.0199569 -0.0064086 -0.0041578 -0.0041060 0.0246001
-0.0386868 -0.0061742 -0.0025722 -0.0269048 -0.0131003 -0.0023342 -0.0413370 -0.0007002 0.0189526 0.0044539 -0.0079550 -0.0015566 -0.0043646 -0.0032103 0.0236084 -0.0073489 -0.0012836 -0.0011955 -0.0103001 -0.0027148 1.0176197 -0.0322146 -0.0345341 -0.0061780 -0.0080330 -0.0162367 -0.0115455 -0.0338263 0.0234627 -0.0093680 0.0115861 -0.0064282 -0.0030062 0.0021551 -0.0362613 -0.0047519 -0.0060439 0.0004972 0.0014651 -0.0050135 0.0236320 -0.0052135 -0.0349007 -0.0001045 -0.0358111 -0.0329603 -0.0013346 -0.0021640 -0.0045521 -0.0378305 0.0012989 -0.0317924 0.0253045 -0.0018340 -0.0003257 -0.0062593 0.0201853 -0.0041772 -0.0323097 -0.0051156 -0.0022237 -0.0119068 -0.0063143 -0.0337864 -0.0018805 -0.0072535 -0.0042017 -0.0294517 -0.0010446 -0.0036423 0.0265648 -0.0024718 -0.0040388 -0.0041789 -0.0358712 -0.0292094 0.0266308 -0.0029779 0.0018292 -0.0119772 0.0328975
0.2863716 -0.0297945 -0.0487534 0.2828807 -0.0374802 -0.0444225 0.2804374 -0.0348987 -0.3444209 -0.0302905 -0.0400859 -0.0405041 -0.0276354 -0.0333870 -0.3423387 -0.0265413 -0.0455749 -0.0255701 -0.0342485 -0.0389658 -0.0322146 1.2019981 0.2849538 -0.0406384 -0.0291500 -0.0357555 -0.0353645 0.2856763 -0.3313866 -0.0306604 -0.3355322 -0.0407899 -0.0358035 -0.0402458 0.2911189 -0.0163613 -0.0214614 -0.0506985 -0.0274938 -0.0267996 -0.3485475 -0.0221170 0.2924530 -0.0219784 0.2841892 0.2802360 -0.0367553 -0.0389710 -0.0251929 0.2987317 -0.0339209 0.2884776 -0.3355101 -0.0245500 -0.0343784 -0.0313777 -0.3361179 -0.0347791 0.2939144 -0.0270020 -0.0356429 -0.0364477 -0.0376118 0.2847701 -0.0383662 -0.0381878 -0.0501850 0.2769538 -0.0246807 -0.0346220 -0.3491695 -0.0397291 -0.0384892 -0.0231404 0.2773261 0.2795215 -0.3250152 -0.0322292 -0.0387656 -0.0275875 -0.3352143
0.2822977 -0.0430538 -0.0393174 0.2789182 -0.0383331 -0.0440591 0.2745363 -0.0320648 -0.3418463 -0.0383713 -0.0373155 -0.0423657 -0.0319626 -0.0274012 -0.3387194 -0.0352109 -0.0481149 -0.0297698 -0.0357407 -0.0411885 -0.0345341 0.2849538 1.1909256 -0.0449124 -0.0298675 -0.0327919 -0.0395036 0.2822368 -0.3298028 -0.0355438 -0.3261351 -0.0473872 -0.0305010 -0.0365765 0.2814891 -0.0239892 -0.0315242 -0.0466354 -0.0285443 -0.0312770 -0.3409391 -0.0276917 0.2982621 -0.0222914 0.2808540 0.2865074 -0.0377603 -0.0315364 -0.0350170 0.2924102 -0.0269506 0.2903945 -0.3333218 -0.0322621 -0.0371256 -0.0346485 -0.3349025 -0.0373663 0.2846873 -0.0199029 -0.0327618 -0.0429768 -0.0313589 0.2768891 -0.0350452 -0.0323650 -0.0466091 0.2804902 -0.0253219 -0.0364204 -0.3501011 -0.0410311 -0.0441650 -0.0216562 0.2808705 0.2717241 -0.3237657 -0.0369845 -0.0394267 -0.0329558 -0.3350270
-0.0420814 -0.0106702 -0.0100789 -0.0404442 -0.0088468 -0.0096217 -0.0413518 -0.0074892 0.0241528 -0.0158539 -0.0101220 -0.0058694 -0.0040929 -0.0121195 0.0289119 -0.0060048 -0.0077683 -0.0082582 -0.0108757 -0.0123991 -0.0061780 -0.0406384 -0.0449124 0.9597889 -0.0079846 -0.0107056 -0.0118988 -0.0343060 0.0288749 -0.0041419 0.0071516 -0.0073464 -0.0041314 -0.0087628 -0.0465626 -0.0064348 -0.0024069 -0.0016440 -0.0024268 0.0015138 0.0285633 -0.0098148 -0.0334719 -0.0122654 -0.0383194 -0.0373887 -0.0027173 -0.0059244 -0.0133336 -0.0385061 -0.0045509 -0.0392893 0.0263309 0.0005731 0.0019445 -0.0018121 0.0314679 -0.0029837 -0.0366763 -0.0032010 0.0007376 -0.0169284 -0.0012611 -0.0392637 0.0009459 -0.0144446 -0.0005434 -0.0382290 -0.0069670 -0.0004059 0.0271089 -0.0070489 -0.0067411 -0.0074772 -0.0370263 -0.0351272 0.0263682 -0.0032186 -0.0086189 -0.0024710 0.0178599
-0.0337884 -0.0101396 -0.0097433 -0.0405474 -0.0008219 -0.0123304 -0.0385183 -0.0030579 0.0200031 -0.0131562 -0.0128801 0.0005419 -0.0007693 -0.0100786 0.0181355 -0.0097638 -0.0079257 -0.0050022 0.0046072 -0.0085948 -0.0080330 -0.0291500 -0.0298675 -0.0079846 1.0006624 -0.0078119 -0.0112372 -0.0266763 0.0141654 -0.0074484 0.0247437 -0.0137263 -0.0032085 -0.0041593 -0.0356325 -0.0134513 -0.0099633 -0.0122945 -0.0127839 -0.0004500 0.0256788 -0.0075486 -0.0336228 -0.0116367 -0.0394244 -0.0386499 -0.0042111 -0.0088158 -0.0145843 -0.0338450 0.0004035 -0.0346722 0.0136668 -0.0062131 -0.0041465 -0.0018567 0.0192201 -0.0047223 -0.0374906 -0.0068695 -0.0015683 -0.0065048 -0.0090938 -0.0289145 -0.0100777 -0.0015494 -0.0085734 -0.0241146 -0.0070257 -0.0039561 0.0174296 -0.0023491 -0.0018971 -0.0128523 -0.0292722 -0.0307059 0.0150720 -0.0074068 -0.0052104 -0.0073242 0.0146449
-0.0262600 -0.0072887 -0.0068543 -0.0329519 -0.0063984 -0.0075633 -0.0327440 -0.0127395 0.0180626 0.0025621 -0.0028111 -0.0141872 -0.0183733 -0.0094988 0.0090967 -0.0037717 -0.0051555 -0.0044769 -0.0083015 -0.0038038 -0.0162367 -0.0357555 -0.0327919 -0.0107056 -0.0078119 0.9883595 -0.0086084 -0.0283634 0.0135800 -0.0130228 0.0160248 -0.0186672 -0.0039757 0.0006539 -0.0299059 -0.0105195 -0.0046254 -0.0019645 -0.0084501 -0.0101525 0.0205245 -0.0076640 -0.0309937 -0.0074021 -0.0273407 -0.0304592 -0.0039051 -0.0004364 -0.0119003 -0.0222696 -0.0045317 -0.0307564 0.0152201 -0.0009470 -0.0009368 -0.0066815 0.0185685 -0.0134696 -0.0225159 -0.0085580 -0.0020667 -0.0078186 -0.0076552 -0.0234443 -0.0054960 -0.0023572 -0.0099527 -0.0250749 -0.0078079 -0.0138853 0.0228984 0.0032046 0.0003117 -0.0016626 -0.0218173 -0.0230914 0.0153976 -0.0006989 -0.0046896 -0.0102475 0.0118686
-0.0415813 -0.0029391 -0.0114603 -0.0379581 -0.0112489 -0.0106281 -0.0323188 -0.0131507 0.0307111 -0.0145472 -0.0039168 -0.0103219 -0.0169196 -0.0199922 0.0248551 -0.0041015 -0.0066161 -0.0045534 -0.0118437 -0.0106466 -0.0115455 -0.0353645 -0.0395036 -0.0118988 -0.0112372 -0.0086084 0.9973580 -0.0336471 0.0123669 -0.0098969 0.0220409 0.0004220 -0.0048061 -0.0085705 -0.0386363 -0.0106348 -0.0113991 -0.0043460 -0.0112661 -0.0043366 0.0232724 0.0035339 -0.0414979 -0.0072048 -0.0307309 -0.0322407 -0.0028260 -0.0088248 -0.0158992 -0.0380174 -0.0009263 -0.0345705 0.0310229 -0.0080907 -0.0043482 -0.0072496 0.0249233 -0.0059987 -0.0403912 0.0009433 -0.0018696 -0.0062803 -0.0053954 -0.0341589 -0.0119478 -0.0089741 -0.0022469 -0.0349164 -0.0025660 -0.0059103 0.0263830 -0.0058680 -0.0010234 -0.0034391 -0.0294546 -0.0288770 0.0298042 -0.0051487 -0.0084926 -0.0029634 0.0209220
0.2851064 -0.0424293 -0.0459027 0.2768008 -0.0265049 -0.0360607 0.2876573 -0.0247285 -0.3353442 -0.0342432 -0.0309239 -0.0396929 -0.0274595 -0.0338737 -0.3289775 -0.0228311 -0.0420503 -0.0287061 -0.0256735 -0.0342183 -0.0338263 0.2856763 0.2822368 -0.0343060 -0.0266763 -0.0283634 -0.0336471 1.2077140 -0.3252646 -0.0344179 -0.3291163 -0.0467823 -0.0302099 -0.0357690 0.2912804 -0.0126639 -0.0204231 -0.0505206 -0.0278344 -0.0298360 -0.3363721 -0.0232509 0.2863600 -0.0163912 0.2828668 0.2830729 -0.0306639 -0.0277930 -0.0309732 0.2872034 -0.0282560 0.2888546 -0.3224925 -0.0260985 -0.0340363 -0.0347896 -0.3256060 -0.0313114 0.2854743 -0.0222627 -0.0334796 -0.0307246 -0.0285251 0.2810890 -0.0317027 -0.0315614 -0.0386281 0.2900891 -0.0209021 -0.0316004 -0.3421600 -0.0384335 -0.0372075 -0.0246502 0.2706964 0.2750797 -0.3178356 -0.0341442 -0.0405479 -0.0298614 -0.3321003
-0.3273371 0.0227675 0.0260278 -0.3215354 0.0198010 0.0243684 -0.3283449 0.0241134 0.3690738 0.0142693 0.0135427 0.0228220 0.0116105 0.0094618 0.3639597 0.0128214 0.0340211 0.0260599 0.0080479 0.0251103 0.0234627 -0.3313866 -0.3298028 0.0288749 0.0141654 0.0135800 0.0123669 -0.3252646 1.2254953 0.0109928 0.3447568 0.0350081 0.0232593 0.0239143 -0.3300676 0.0050258 0.0110322 0.0383410 0.0301744 0.0171904 0.3876940 0.0119803 -0.3335343 0.0021706 -0.3273628 -0.3329880 0.0289583 0.0220475 0.0195819 -0.3332535 0.0190780 -0.3324657 0.3788675 0.0238120 0.0256166 0.0185327 0.3706897 0.0198541 -0.3315404 0.0156340 0.0243571 0.0257960 0.0241755 -0.3273628 0.0199264 0.0219249 0.0342042 -0.3323330 0.0146921 0.0273558 0.3885570 0.0350781 0.0337445 0.0100219 -0.3154120 -0.3141021 0.3687112 0.0291337 0.0324723 0.0232387 0.3651292
-0.0314434 -0.0188172 -0.0088913 -0.0361559 -0.0238025 -0.0145699 -0.0376294 -0.0191308 0.0122278 -0.0092960 -0.0045972 -0.0029415 -0.0096360 -0.0196343 0.0179635 -0.0092161 -0.0077442 -0.0063002 -0.0111275 -0.0156491 -0.0093680 -0.0306604 -0.0355438 -0.0041419 -0.0074484 -0.0130228 -0.0098969 -0.0344179 0.0109928 0.9689326 0.0095230 -0.0047145 0.0023533 -0.0102326 -0.0307509 -0.0076496 -0.0046092 -0.0072050 -0.0100264 -0.0163211 0.0166405 -0.0098124 -0.0228082 0.0000766 -0.0282123 -0.0281370 -0.0083178 -0.0054819 -0.0088958 -0.0247339 -0.0055790 -0.0272231 0.0183459 -0.0048403 0.0002406 -0.0036593 0.0139853 0.0034231 -0.0234393 -0.0050611 -0.0094186 -0.0047743 -0.0061324 -0.0219483 -0.0030283 -0.0160435 -0.0073554 -0.0262980 -0.0098095 -0.0060265 0.0213400 -0.0039578 -0.0138403 -0.0046018 -0.0239872 -0.0315320 0.0168107 0.0050715 -0.0089989 -0.0115268 0.0198864
-0.3328683 0.0225994 0.0318333 -0.3301031 0.0236492 0.0186520 -0.3254822 0.0180415 0.3659934 0.0145125 0.0128325 0.0214264 0.0016660 0.0164922 0.3700188 0.0124352 0.0311976 0.0142951 0.0154604 0.0287682 0.0115861 -0.3355322 -0.3261351 0.0071516 0.0247437 0.0160248 0.0220409 -0.3291163 0.3447568 0.0095230 1.1850123 0.0327385 0.0207694 0.0263812 -0.3258120 0.0148009 0.0151734 0.0357925 0.0234253 0.0168451 0.3799781 0.0205104 -0.3320394 0.0064876 -0.3274332 -0.3318121 0.0203212 0.0258056 0.0190301 -0.3337654 0.0283205 -0.3356301 0.3696737 0.0170572 0.0297323 0.0166747 0.3719942 0.0151250 -0.3344739 0.0112332 0.0216410 0.0207782 0.0230732 -0.3246856 0.0191566 0.0330683 0.0312441 -0.3340687 0.0180971 0.0202850 0.3830615 0.0314382 0.0256565 0.0084438 -0.3154233 -0.3148251 0.3512418 0.0289581 0.0335173 0.0119630 0.3777024
-0.0385464 -0.0107139 0.0035099 -0.0370073 -0.0127797 -0.0160563 -0.0503861 -0.0014899 0.0333897 -0.0117152 -0.0080486 -0.0022311 -0.0022903 -0.0128298 0.0423193 -0.0073263 -0.0038896 -0.0025082 -0.0197982 -0.0022218 -0.0064282 -0.0407899 -0.0473872 -0.0073464 -0.0137263 -0.0186672 0.0004220 -0.0467823 0.0350081 -0.0047145 0.0327385 1.0035318 -0.0036133 -0.0008146 -0.0462286 -0.0043055 -0.0056096 -0.0061944 -0.0142407 -0.0109933 0.0302684 -0.0072227 -0.0482143 -0.0096928 -0.0417563 -0.0415614 -0.0016906 -0.0017472 -0.0055544 -0.0404926 -0.0004763 -0.0406970 0.0345274 -0.0040946 -0.0037490 0.0023113 0.0349687 -0.0108288 -0.0394062 -0.0054362 0.0000541 -0.0031874 -0.0069291 -0.0422631 -0.0049783 -0.0028256 -0.0003455 -0.0438961 -0.0045888 -0.0087062 0.0346451 -0.0036985 -0.0045689 -0.0040863 -0.0339190 -0.0430126 0.0388532 -0.0097358 -0.0018372 -0.0057059 0.0368123
-0.0382754 -0.0071981 -0.0098781 -0.0385494 -0.0081042 0.0000514 -0.0308872 0.0012869 0.0270595 -0.0006931 -0.0039093 -0.0006331 -0.0079182 -0.0031713 0.0208660 -0.0071264 -0.0001560 -0.0008522 -0.0002151 -0.0069438 -0.0030062 -0.0358035 -0.0305010 -0.0041314 -0.0032085 -0.0039757 -0.0048061 -0.0302099 0.0232593 0.0023533 0.0207694 -0.0036133 1.0130851 -0.0053152 -0.0312148 0.0004821 -0.0035335 -0.0026329 -0.0020844 0.0002279 0.0275922 -0.0007353 -0.0326540 -0.0059270 -0.0294058 -0.0352987 -0.0036522 0.0012130 -0.0067153 -0.0351323 -0.0008725 -0.0276014 0.0257462 -0.0034138 0.0008464 -0.0107803 0.0258314 -0.0024760 -0.0323698 -0.0041350 -0.0004448 -0.0020239 -0.0070819 -0.0298549 -0.0048369 -0.0087802 0.0030277 -0.0279029 -0.0032513 0.0017430 0.0306916 -0.0016827 -0.0032738 -0.0023663 -0.0284861 -0.0337902 0.0269263 -0.0002743 0.0043487 -0.0025606 0.0254856
-0.0412206 -0.0098410 -0.0042853 -0.0425389 -0.0056240 -0.0018262 -0.0409798 -0.0091132 0.0278602 -0.0069490 -0.0060731 -0.0077533 -0.0052334 0.0030172 0.0274453 -0.0053331 0.0006263 -0.0024400 -0.0051525 -0.0069071 0.0021551 -0.0402458 -0.0365765 -0.0087628 -0.0041593 0.0006539 -0.0085705 -0.0357690 0.0239143 -0.0102326 0.0263812 -0.0008146 -0.0053152 1.0012680 -0.0344161 -0.0014843 -0.0021990 -0.0038808 -0.0070354 -0.0036336 0.0297105 -0.0035895 -0.0355127 -0.0086342 -0.0313031 -0.0388013 -0.0046911 -0.0033135 -0.0009705 -0.0370089 -0.0010218 -0.0381105 0.0338436 0.0029563 -0.0052266 -0.0021311 0.0284278 -0.0031088 -0.0346074 -0.0147771 0.0011448 0.0033786 -0.0005482 -0.0356285 -0.0014115 -0.0031355 0.0005336 -0.0338432 -0.0039079 -0.0047736 0.0304709 0.0004095 -0.0066748 -0.0013630 -0.0340116 -0.0324564 0.0280430 0.0012394 -0.0065664 0.0028240 0.0283941
0.2901243 -0.0348217 -0.0505091 0.2818407 -0.0394332 -0.0425567 0.2901316 -0.0337479 -0.3432953 -0.0264151 -0.0398621 -0.0371206 -0.0283029 -0.0363410 -0.3390381 -0.0352203 -0.0431507 -0.0287606 -0.0280181 -0.0319149 -0.0362613 0.2911189 0.2814891 -0.0465626 -0.0356325 -0.0299059 -0.0386363 0.2912804 -0.3300676 -0.0307509 -0.3258120 -0.0462286 -0.0312148 -0.0344161 1.1672810 -0.0150922 -0.0255822 -0.0450949 -0.0283443 -0.0266404 -0.3488909 -0.0216838 0.2874785 -0.0205176 0.2922619 0.2951257 -0.0337174 -0.0304456 -0.0291597 0.2935741 -0.0246054 0.2959192 -0.3313370 -0.0309091 -0.0295960 -0.0305510 -0.3329809 -0.0308778 0.2886810 -0.0221803 -0.0327883 -0.0378147 -0.0308303 0.2884522 -0.0311260 -0.0347012 -0.0463524 0.2895888 -0.0262693 -0.0352933 -0.3471241 -0.0383773 -0.0422546 -0.0252588 0.2818566 0.2770014 -0.3226776 -0.0367463 -0.0427418 -0.0321486 -0.3400180
-0.0114323 -0.0073964 -0.0021808 -0.0244440 -0.0050475 -0.0064458 -0.0217367 -0.0101871 0.0047558 -0.0053847 -0.0124081 -0.0108332 -0.0123322 -0.0085513 0.0027093 -0.0037024 -0.0005683 -0.0068798 -0.0151140 -0.0069242 -0.0047519 -0.0163613 -0.0239892 -0.0064348 -0.0134513 -0.0105195 -0.0106348 -0.0126639 0.0050258 -0.0076496 0.0148009 -0.0043055 0.0004821 -0.0014843 -0.0150922 1.0122521 -0.0058797 -0.0085566 -0.0003160 -0.0027234 0.0068436 -0.0039158 -0.0086118 -0.0006008 -0.0216581 -0.0130697 -0.0012584 -0.0064264 -0.0053533 -0.0209758 -0.0065107 -0.0236014 0.0088039 -0.0104606 -0.0063325 -0.0054283 0.0056860 -0.0097783 -0.0209132 -0.0085848 -0.0077257 -0.0042656 -0.0069240 -0.0091464 -0.0059524 -0.0022137 -0.0032763 -0.0155210 -0.0033251 -0.0103459 0.0048945 -0.0118946 -0.0132535 -0.0074766 -0.0157351 -0.0187155 0.0094681 -0.0011359 -0.0080778 -0.0007229 0.0088809
-0.0293432 -0.0042539 -0.0022868 -0.0234824 -0.0084248 -0.0077078 -0.0311565 -0.0021978 0.0143725 -0.0132415 -0.0059841 -0.0067561 -0.0099729 -0.0034385 0.0173492 -0.0077389 -0.0007502 -0.0014830 -0.0079933 -0.0079813 -0.0060439 -0.0214614 -0.0315242 -0.0024069 -0.0099633 -0.0046254 -0.0113991 -0.0204231 0.0110322 -0.0046092 0.0151734 -0.0056096 -0.0035335 -0.0021990 -0.0255822 -0.0058797 1.0032836 -0.0087240 0.0046677 0.0001718 0.0225055 -0.0047524 -0.0274780 -0.0069717 -0.0222772 -0.0263794 -0.0070252 -0.0035700 -0.0043376 -0.0249866 0.0003786 -0.0295393 0.0093983 -0.0042521 -0.0012321 -0.0094616 0.0216422 -0.0046875 -0.0217386 -0.0041370 -0.0028248 -0.0020999 -0.0082645 -0.0245307 -0.0053051 -0.0056635 -0.0022814 -0.0272043 -0.0100584 -0.0028318 0.0147980 -0.0021398 -0.0060380 -0.0068322 -0.0200041 -0.0208808 0.0124573 -0.0013665 0.0002107 -0.0049184 0.0194051
-0.0510945 -0.0013839 -0.0002878 -0.0509398 -0.0032950 -0.0041649 -0.0500002 -0.0038871 0.0436736 -0.0017870 0.0017688 0.0030866 -0.0133253 -0.0057264 0.0463903 -0.0132287 0.0020319 -0.0034421 -0.0007395 -0.0011153 0.0004972 -0.0506985 -0.0466354 -0.0016440 -0.0122945 -0.0019645 -0.0043460 -0.0505206 0.0383410 -0.0072050 0.0357925 -0.0061944 -0.0026329 -0.0038808 -0.0450949 -0.0085566 -0.0087240 0.9999776 -0.0077319 -0.0097287 0.0418098 -0.0052082 -0.0433158 -0.0039615 -0.0416620 -0.0510310 -0.0023531 -0.0014659 0.0041603 -0.0431165 0.0025123 -0.0458393 0.0446945 0.0003993 -0.0031657 -0.0026606 0.0487758 -0.0039593 -0.0464059 -0.0042576 -0.0000319 -0.0084030 0.0006184 -0.0463025 -0.0030199 -0.0017529 -0.0049362 -0.0453193 -0.0002921 -0.0008457 0.0431360 0.0003681 -0.0028094 0.0008591 -0.0452109 -0.0428440 0.0414134 -0.0017892 0.0034036 -0.0031123 0.0409235
-0.0303868 -0.0076805 -0.0032508 -0.0318368 -0.0091070 -0.0050663 -0.0309904 -0.0052754 0.0105073 -0.0067038 -0.0088313 -0.0014350 -0.0043460 -0.0027471 0.0186660 -0.0130581 -0.0032722 -0.0036859 -0.0108388 -0.0118603 0.0014651 -0.0274938 -0.0285443 -0.0024268 -0.0127839 -0.0084501 -0.0112661 -0.0278344 0.0301744 -0.0100264 0.0234253 -0.0142407 -0.0020844 -0.0070354 -0.0283443 -0.0003160 0.0046677 -0.0077319 0.9946449 -0.0102232 0.0289486 -0.0068918 -0.0326574 -0.0075390 -0.0275619 -0.0320877 -0.0008566 -0.0069910 -0.0074618 -0.0303286 -0.0020079 -0.0224083 0.0209253 -0.0009173 0.0014958 -0.0017285 0.0142085 -0.0061694 -0.0266989 -0.0017553 -0.0083723 -0.0044520 -0.0082635 -0.0269554 -0.0000602 -0.0088323 -0.0066362 -0.0377121 -0.0050826 -0.0114184 0.0141684 -0.0021008 -0.0057249 -0.0018036 -0.0290622 -0.0256654 0.0296059 -0.0007884 -0.0111727 -0.0060366 0.0212442
-0.0361910 0.0002832 -0.0100757 -0.0290129 -0.0051275 -0.0053526 -0.0252123 -0.0051558 0.0119063 -0.0087450 -0.0109996 -0.0042365 -0.0041531 -0.0047374 0.0137365 -0.0082817 -0.0064348 -0.0000413 -0.0034374 -0.0071820 -0.0050135 -0.0267996 -0.0312770 0.0015138 -0.0004500 -0.0101525 -0.0043366 -0.0298360 0.0171904 -0.0163211 0.0168451 -0.0109933 0.0002279 -0.0036336 -0.0266404 -0.0027234 0.0001718 -0.0097287 -0.0102232 0.9945644 0.0200724 -0.0035196 -0.0350800 -0.0000004 -0.0358190 -0.0340578 -0.0052940 0.0013821 -0.0042896 -0.0310333 0.0025520 -0.0349157 0.0254228 -0.0065675 -0.0054315 -0.0046665 0.0190680 -0.0078658 -0.0325291 -0.0029498 0.0028044 -0.0050797 0.0038276 -0.0286086 -0.0085649 -0.0063234 -0.0038588 -0.0293436 -0.0097905 -0.0073684 0.0235869 -0.0019477 -0.0021360 -0.0039625 -0.0264734 -0.0268055 0.0157823 0.0018419 0.0015062 -0.0042921 0.0211628
-0.3497115 0.0291338 0.0411583 -0.3495502 0.0214609 0.0476140 -0.3461061 0.0304316 0.3955522 0.0209207 0.0236582 0.0290361 0.0096067 0.0211460 0.3905139 0.0121269 0.0361448 0.0258964 0.0131050 0.0251028 0.0236320 -0.3485475 -0.3409391 0.0285633 0.0256788 0.0205245 0.0232724 -0.3363721 0.3876940 0.0166405 0.3799781 0.0302684 0.0275922 0.0297105 -0.3488909 0.0068436 0.0225055 0.0418098 0.0289486 0.0200724 1.2389715 0.0209498 -0.3471025 0.0123527 -0.3366300 -0.3441778 0.0311471 0.0287497 0.0265345 -0.3468112 0.0242946 -0.3458190 0.3886595 0.0251218 0.0308609 0.0206906 0.3991173 0.0248576 -0.3475622 0.0117374 0.0254196 0.0247952 0.0295862 -0.3352955 0.0225920 0.0301345 0.0402269 -0.3403237 0.0156676 0.0333303 0.4014243 0.0423472 0.0332572 0.0089404 -0.3260458 -0.3246077 0.3747442 0.0292128 0.0324312 0.0222426 0.3983761
-0.0272375 -0.0020225 -0.0133129 -0.0232059 -0.0101115 -0.0069914 -0.0240392 -0.0059710 0.0190961 -0.0143091 -0.0098291 -0.0057287 -0.0113165 -0.0087449 0.0161040 -0.0077258 0.0001757 -0.0050481 -0.0071617 -0.0057960 -0.0052135 -0.0221170 -0.0276917 -0.0098148 -0.0075486 -0.0076640 0.0035339 -0.0232509 0.0119803 -0.0098124 0.0205104 -0.0072227 -0.0007353 -0.0035895 -0.0216838 -0.0039158 -0.0047524 -0.0052082 -0.0068918 -0.0035196 0.0209498 1.0047396 -0.0255830 -0.0078070 -0.0228754 -0.0267855 -0.0006214 -0.0058352 0.0024792 -0.0227783 0.0026137 -0.0267095 0.0202511 -0.0014114 -0.0018013 -0.0091003 0.0164953 -0.0013252 -0.0241499 -0.0054684 -0.0024031 0.0013274 -0.0058658 -0.0200041 -0.0029246 -0.0108481 0.0001912 -0.0210359 -0.0052098 -0.0037275 0.0155777 -0.0072317 -0.0027201 -0.0068593 -0.0264676 -0.0203231 0.0118052 -0.0029948 -0.0074317 -0.0032792 0.0188956
0.2948265 -0.0386136 -0.0464993 0.2822582 -0.0374349 -0.0492524 0.2842376 -0.0374901 -0.3459718 -0.0350062 -0.0388415 -0.0398602 -0.0271946 -0.0283175 -0.3449728 -0.0288413 -0.0416429 -0.0328458 -0.0303120 -0.0361880 -0.0349007 0.2924530 0.2982621 -0.0334719 -0.0336228 -0.0309937 -0.0414979 0.2863600 -0.3335343 -0.0228082 -0.3320394 -0.0482143 -0.0326540 -0.0355127 0.2874785 -0.0086118 -0.0274780 -0.0433158 -0.0326574 -0.0350800 -0.3471025 -0.0255830 1.1789870 -0.0187457 0.2845242 0.3014182 -0.0369376 -0.0288367 -0.0287691 0.2886302 -0.0333933 0.2943604 -0.3358807 -0.0317062 -0.0353566 -0.0296745 -0.3381877 -0.0339147 0.2914712 -0.0202607 -0.0389898 -0.0352767 -0.0314395 0.2868139 -0.0393908 -0.0371639 -0.0406431 0.2933512 -0.0249891 -0.0374845 -0.3513920 -0.0346208 -0.0407197 -0.0259585 0.2807606 0.2746340 -0.3283033 -0.0318162 -0.0376638 -0.0231928 -0.3392119
-0.0208088 -0.0099002 -0.0076530 -0.0245344 -0.0176849 -0.0081116 -0.0207977 -0.0028987 0.0015735 -0.0030271 -0.0040911 -0.0040195 -0.0084609 -0.0028835 0.0029474 -0.0049604 -0.0051454 -0.0084977 -0.0073940 -0.0056439 -0.0001045 -0.0219784 -0.0222914 -0.0122654 -0.0116367 -0.0074021 -0.0072048 -0.0163912 0.0021706 0.0000766 0.0064876 -0.0096928 -0.0059270 -0.0086342 -0.0205176 -0.0006008 -0.0069717 -0.0039615 -0.0075390 -0.0000004 0.0123527 -0.0078070 -0.0187457 0.9917953 -0.0148412 -0.0168165 -0.0061340 -0.0119010 -0.0038349 -0.0186301 -0.0021708 -0.0156617 0.0079934 -0.0026222 -0.0027339 -0.0065358 0.0117726 -0.0054730 -0.0182052 -0.0049036 -0.0064672 0.0044937 0.0010191 -0.0094491 -0.0037719 -0.0043908 -0.0042900 -0.0182173 -0.0033077 -0.0019536 0.0180481 -0.0047224 -0.0025224 -0.0005249 -0.0172902 -0.0172720 0.0008022 -0.0001725 -0.0018491 -0.0021407 0.0068199
0.2810884 -0.0403629 -0.0501695 0.2799971 -0.0344268 -0.0410343 0.2817897 -0.0312588 -0.3364957 -0.0358074 -0.0317038 -0.0322091 -0.0214883 -0.0331329 -0.3332605 -0.0255729 -0.0415660 -0.0280323 -0.0307485 -0.0351308 -0.0358111 0.2841892 0.2808540 -0.0383194 -0.0394244 -0.0273407 -0.0307309 0.2828668 -0.3273628 -0.0282123 -0.3274332 -0.0417563 -0.0294058 -0.0313031 0.2922619 -0.0216581 -0.0222772 -0.0416620 -0.0275619 -0.0358190 -0.3366300 -0.0228754 0.2845242 -0.0148412 1.1657709 0.2887006 -0.0320701 -0.0313475 -0.0266859 0.2925639 -0.0243850 0.2874323 -0.3278682 -0.0229770 -0.0331468 -0.0250102 -0.3274696 -0.0340473 0.2890144 -0.0191383 -0.0364978 -0.0277104 -0.0360763 0.2799839 -0.0361999 -0.0342053 -0.0409520 0.2821073 -0.0213890 -0.0378724 -0.3436968 -0.0377475 -0.0340223 -0.0198470 0.2740123 0.2674154 -0.3163028 -0.0334092 -0.0389435 -0.0248160 -0.3305755
0.2904819 -0.0424449 -0.0447904 0.2760712 -0.0330021 -0.0446524 0.2859796 -0.0332631 -0.3433090 -0.0298414 -0.0249643 -0.0339921 -0.0226309 -0.0263566 -0.3368684 -0.0265611 -0.0378395 -0.0296117 -0.0309401 -0.0372695 -0.0329603 0.2802360 0.2865074 -0.0373887 -0.0386499 -0.0304592 -0.0322407 0.2830729 -0.3329880 -0.0281370 -0.3318121 -0.0415614 -0.0352987 -0.0388013 0.2951257 -0.0130697 -0.0263794 -0.0510310 -0.0320877 -0.0340578 -0.3441778 -0.0267855 0.3014182 -0.0168165 0.2887006 1.1941921 -0.0343303 -0.0308554 -0.0320566 0.2944387 -0.0314856 0.2899939 -0.3322078 -0.0258835 -0.0360952 -0.0291650 -0.3321295 -0.0333325 0.2860575 -0.0223429 -0.0318137 -0.0317303 -0.0367811 0.2855287 -0.0343838 -0.0351055 -0.0397299 0.2891822 -0.0319769 -0.0364071 -0.3491476 -0.0366632 -0.0381911 -0.0295073 0.2716141 0.2752578 -0.3222911 -0.0330233 -0.0374474 -0.0219964 -0.3373007
