1.0150665 -0.0228861 -0.0195944 -0.0155885 -0.0033650 -0.0198446 -0.0169313 -0.0026559 -0.0116670 -0.0081652 -0.0238934 -0.0254018 -0.0175592 -0.0147913 -0.0202958 -0.0115712 -0.0049064 0.0033655 -0.0097857 -0.0131284 -0.0176917 -0.0004461 -0.0075094 -0.0105670 -0.0099522 -0.0173778 -0.0010859 -0.0187313 -0.0267211 -0.0263370 0.0008415 -0.0043374 -0.0148975 -0.0071347 -0.0187343 0.0017103 -0.0073463 -0.0074933 -0.0053233 -0.0062223 -0.0040169 -0.0161121 -0.0147189 -0.0184612 0.0063190 0.0008384 -0.0135699 -0.0189643 -0.0103312 -0.0072140 -0.0223652 0.0001866 0.0061891 -0.0192473 -0.0045600 -0.0107730 -0.0180225 -0.0103629 -0.0114331 -0.0167320 -0.0103565 -0.0073409 -0.0030771 -0.0037349 0.0033321 0.0010907 -0.0022131 -0.0219234 -0.0103402 -0.0063227 0.0071927 -0.0068424 -0.0101652 -0.0202909 -0.0158216 0.0008622 -0.0069854 -0.0208451 0.0016095 -0.0224505 -0.0113260
-0.0228861 1.0212269 0.0061338 -0.0079984 -0.0182478 -0.0288790 -0.0306406 -0.0527191 0.0019009 -0.0272687 0.0240810 0.0239777 -0.0132279 -0.0286733 -0.0029072 -0.0086683 -0.0129721 -0.0383547 -0.0280862 -0.0249597 0.0191251 -0.0246568 -0.0159604 -0.0101320 0.0090935 0.0119780 -0.0457993 0.0410236 0.0262716 -0.0023232 -0.0270933 -0.0142324 0.0279952 -0.0359217 -0.0021243 -0.0305788 0.0066607 -0.0154035 -0.0297608 -0.0309180 -0.0267841 0.0208943 0.0103372 0.0175062 -0.0331072 -0.0346027 0.0063129 0.0244621 -0.0212794 -0.0145020 0.0261018 -0.0390400 -0.0115849 0.0178327 -0.0021839 0.0063227 0.0248473 0.0192995 0.0058588 0.0092386 0.0154199 -0.0331733 -0.0275247 -0.0164730 -0.0282953 -0.0337661 -0.0265763 0.0033258 -0.0268343 -0.0291860 -0.0360115 0.0194736 -0.0177624 -0.0038368 0.0349914 -0.0195684 -0.0143797 0.0437511 -0.0312255 0.0220462 -0.0046690
-0.0195944 0.0061338 1.0449964 -0.0131453 -0.0147748 -0.0172234 -0.0063695 -0.0178636 -0.0087007 -0.0210424 -0.0048626 -0.0081208 -0.0078388 -0.0142063 -0.0148650 -0.0241119 -0.0089124 -0.0125338 -0.0083918 -0.0052216 -0.0067909 -0.0148548 -0.0148560 -0.0207279 -0.0095387 -0.0085743 -0.0206453 -0.0016461 -0.0067179 -0.0221218 -0.0162573 -0.0323616 -0.0018247 -0.0107581 -0.0198521 -0.0124870 -0.0086447 -0.0101778 -0.0249572 -0.0186795 -0.0094193 -0.0049170 -0.0119943 -0.0162235 -0.0005558 -0.0083994 -0.0021268 -0.0076311 -0.0119502 -0.0061560 0.0012935 -0.0118360 -0.0066878 -0.0053632 -0.0012506 -0.0112474 -0.0002718 -0.0130141 -0.0041141 -0.0022840 -0.0020793 -0.0067709 -0.0120144 -0.0057447 -0.0066775 -0.0216259 -0.0103019 -0.0098762 -0.0164225 -0.0163813 -0.0107768 0.0066206 -0.0107206 -0.0079224 0.0034773 -0.0165945 -0.0092364 0.0001556 -0.0148622 -0.0094937 -0.0083145
-0.0155885 -0.0079984 -0.0131453 1.0187116 -0.0135252 -0.0125269 -0.0161146 -0.0280604 -0.0042616 -0.0130313 0.0060603 0.0056188 -0.0095827 -0.0140857 -0.0177451 -0.0166627 -0.0061415 -0.0200663 -0.0303194 -0.0093858 -0.0042260 -0.0261884 -0.0159406 -0.0052815 -0.0155812 -0.0103128 -0.0231952 0.0013128 -0.0040258 -0.0142196 -0.0294218 -0.0073232 0.0039623 -0.0166377 -0.0168100 -0.0164053 -0.0054023 -0.0084316 -0.0267065 -0.0166795 -0.0211676 -0.0064910 -0.0046594 -0.0043545 -0.0184506 -0.0192965 0.0030684 0.0029500 -0.0180393 -0.0076444 0.0072682 -0.0184389 -0.0016797 0.0055490 -0.0061385 -0.0086354 -0.0001186 -0.0002182 -0.0009489 0.0064529 0.0010472 -0.0189528 -0.0110603 -0.0042600 -0.0229637 -0.0148412 -0.0078371 0.0037252 -0.0080387 -0.0181759 -0.0267611 0.0134603 -0.0129868 -0.0082011 0.0095736 -0.0160500 -0.0053047 0.0156774 -0.0179716 0.0028081 -0.0089796
-0.0033650 -0.0182478 -0.0147748 -0.0135252 1.0197923 -0.0113202 -0.0099069 0.0115743 -0.0201415 -0.0133663 -0.0230345 -0.0139864 -0.0136109 -0.0059739 -0.0064763 -0.0043311 -0.0061823 -0.0104415 -0.0175926 -0.0097292 -0.0244165 -0.0032160 -0.0057419 -0.0149041 -0.0302123 -0.0240398 -0.0032006 -0.0217939 -0.0338928 -0.0146267 -0.0117396 -0.0137240 -0.0124069 0.0029170 -0.0090862 -0.0003548 -0.0087097 -0.0070755 -0.0127371 -0.0104263 -0.0160394 -0.0171380 -0.0134615 -0.0175137 0.0043987 0.0031197 -0.0127790 -0.0130847 -0.0081470 -0.0052932 -0.0217465 0.0027972 0.0005637 -0.0135153 -0.0113444 -0.0111556 -0.0259207 -0.0239906 -0.0124010 -0.0140839 -0.0123255 -0.0015581 -0.0066044 -0.0049997 -0.0123101 -0.0031304 -0.0010625 -0.0150803 -0.0003701 0.0018986 -0.0004675 -0.0220545 -0.0035590 -0.0156814 -0.0220448 -0.0047364 -0.0068401 -0.0224559 -0.0091957 -0.0226578 -0.0007607
-0.0198446 -0.0288790 -0.0172234 -0.0125269 -0.0113202 1.0441877 0.0108350 0.0221986 -0.0278259 -0.0112425 -0.0517930 -0.0239706 -0.0073131 -0.0070602 -0.0101396 -0.0023395 0.0015677 0.0168702 -0.0040663 0.0090137 -0.0353927 0.0073590 -0.0147536 -0.0163654 -0.0200951 -0.0296700 0.0214787 -0.0439649 -0.0372318 -0.0257611 -0.0006250 -0.0219416 -0.0328396 0.0141421 -0.0231906 0.0094036 -0.0195826 -0.0003740 0.0229327 0.0065223 0.0124015 -0.0218575 -0.0282673 -0.0361095 0.0208220 0.0315136 -0.0242748 -0.0412895 0.0100014 -0.0052204 -0.0351023 0.0150946 -0.0071222 -0.0413080 -0.0098485 -0.0257262 -0.0422402 -0.0177568 -0.0254180 -0.0225290 -0.0254036 0.0003393 0.0057031 0.0124494 0.0096372 0.0115496 0.0119683 -0.0125051 0.0022448 0.0056450 0.0211075 -0.0409637 0.0022734 -0.0192203 -0.0413687 0.0062521 -0.0155001 -0.0517850 -0.0044254 -0.0394192 -0.0125789
-0.0169313 -0.0306406 -0.0063695 -0.0161146 -0.0099069 0.0108350 1.0466084 0.0197550 -0.0166187 -0.0179572 -0.0493402 -0.0248942 -0.0097912 -0.0083844 -0.0056724 -0.0105310 -0.0029702 0.0082868 -0.0047318 -0.0013010 -0.0253708 -0.0033741 -0.0023350 -0.0105467 -0.0254035 -0.0223574 0.0104917 -0.0296915 -0.0315184 -0.0205801 -0.0043722 -0.0146676 -0.0287777 0.0081626 -0.0204358 0.0177344 -0.0208144 0.0097538 0.0062015 0.0105156 0.0024769 -0.0206034 -0.0187498 -0.0234926 0.0066916 0.0139758 -0.0274892 -0.0313096 -0.0019344 -0.0064457 -0.0246116 0.0082844 0.0028430 -0.0304826 -0.0067655 -0.0083687 -0.0339328 -0.0185411 -0.0183213 -0.0174211 -0.0243067 -0.0010025 0.0010562 0.0035379 0.0028657 -0.0027053 0.0156361 -0.0149539 0.0010715 0.0083269 0.0154147 -0.0307867 -0.0029901 -0.0126137 -0.0347003 0.0099889 -0.0161979 -0.0404667 -0.0014141 -0.0354239 -0.0061963
-0.0026559 -0.0527191 -0.0178636 -0.0280604 0.0115743 0.0221986 0.0197550 1.0866787 -0.0399409 -0.0004833 -0.0904706 -0.0551502 -0.0068918 0.0177203 -0.0004582 -0.0074224 0.0040286 0.0378870 0.0017687 0.0247460 -0.0698760 0.0192530 -0.0152279 -0.0031086 -0.0328760 -0.0429724 0.0372021 -0.0711591 -0.0751269 -0.0317054 0.0274666 -0.0280468 -0.0534389 0.0298172 -0.0197456 0.0350028 -0.0215925 0.0140625 0.0351004 0.0279301 0.0266042 -0.0271864 -0.0362323 -0.0491202 0.0428006 0.0428799 -0.0393792 -0.0667206 0.0268731 0.0010350 -0.0553372 0.0295990 -0.0022554 -0.0521996 -0.0225914 -0.0279417 -0.0615605 -0.0386115 -0.0261475 -0.0376480 -0.0548277 0.0266161 0.0169444 0.0175573 0.0217190 0.0325128 0.0292232 -0.0305951 0.0283964 0.0242521 0.0527851 -0.0708549 0.0048597 -0.0268413 -0.0768319 0.0277010 -0.0148863 -0.0855065 0.0154000 -0.0672791 -0.0029990
-0.0116670 0.0019009 -0.0087007 -0.0042616 -0.0201415 -0.0278259 -0.0166187 -0.0399409 1.0359770 -0.0091207 0.0229968 0.0186524 -0.0157400 -0.0288146 -0.0142957 -0.0138758 -0.0150252 -0.0198343 -0.0280933 -0.0274476 0.0143177 -0.0218588 -0.0155815 -0.0193969 -0.0112477 0.0007338 -0.0376856 0.0172758 0.0065575 0.0021169 -0.0329244 0.0014125 0.0043305 -0.0311611 -0.0071667 -0.0213568 0.0018446 -0.0136050 -0.0255742 -0.0260557 -0.0226434 0.0013847 0.0045330 0.0132348 -0.0253184 -0.0339532 0.0032404 0.0166349 -0.0164181 -0.0063146 0.0124709 -0.0233750 -0.0089647 0.0158191 -0.0001992 0.0072917 0.0198869 0.0052668 0.0041327 0.0048756 0.0142031 -0.0177522 -0.0161528 -0.0050617 -0.0210612 -0.0221242 -0.0203738 0.0034900 -0.0116390 -0.0255753 -0.0345466 0.0169320 -0.0103291 0.0015695 0.0266890 -0.0178238 -0.0077405 0.0278285 -0.0237635 0.0168238 -0.0056312
-0.0081652 -0.0272687 -0.0210424 -0.0130313 -0.0133663 -0.0112425 -0.0179572 -0.0004833 -0.0091207 1.0082293 -0.0326095 -0.0199658 -0.0130619 -0.0020524 -0.0097014 -0.0057128 -0.0097511 0.0048266 -0.0043018 -0.0092027 -0.0129912 0.0000581 -0.0202854 -0.0061716 -0.0220730 -0.0231239 -0.0083463 -0.0221900 -0.0151623 -0.0204802 0.0002140 -0.0145717 -0.0139320 0.0045131 -0.0085830 -0.0100542 -0.0218824 -0.0070039 -0.0022367 -0.0069000 0.0080400 -0.0186721 -0.0147452 -0.0127890 -0.0068848 -0.0044101 -0.0128849 -0.0175078 0.0026770 -0.0061987 -0.0134020 -0.0071004 -0.0011078 -0.0204627 0.0004711 -0.0090464 -0.0173233 -0.0143497 -0.0086226 -0.0110091 -0.0169289 -0.0002692 -0.0165922 -0.0017653 -0.0036597 0.0091658 -0.0051318 -0.0106926 -0.0034406 -0.0043730 0.0087094 -0.0164565 -0.0183908 -0.0086907 -0.0175511 -0.0047098 -0.0166424 -0.0201703 -0.0033281 -0.0208669 -0.0076586
-0.0238934 0.0240810 -0.0048626 0.0060603 -0.0230345 -0.0517930 -0.0493402 -0.0904706 0.0229968 -0.0326095 1.1136000 0.0588986 -0.0261051 -0.0293830 -0.0242364 -0.0184103 -0.0155449 -0.0647005 -0.0339768 -0.0458949 0.0547953 -0.0533240 -0.0127313 -0.0134088 0.0032529 0.0235500 -0.0621869 0.0738066 0.0466538 0.0085328 -0.0354665 -0.0031641 0.0464253 -0.0615041 0.0076268 -0.0495523 0.0121581 -0.0230901 -0.0605851 -0.0331643 -0.0526351 0.0146873 0.0140972 0.0415494 -0.0656443 -0.0613170 0.0249282 0.0593562 -0.0462077 -0.0168491 0.0495986 -0.0551023 -0.0223578 0.0549597 0.0139264 0.0051587 0.0562219 0.0290995 0.0068268 0.0259130 0.0421378 -0.0458362 -0.0289399 -0.0313871 -0.0478334 -0.0552874 -0.0529606 0.0102210 -0.0477404 -0.0532978 -0.0790630 0.0662368 -0.0144449 0.0065895 0.0803072 -0.0390131 0.0068995 0.1010029 -0.0374731 0.0536432 -0.0131304
-0.0254018 0.0239777 -0.0081208 0.0056188 -0.0139864 -0.0239706 -0.0248942 -0.0551502 0.0186524 -0.0199658 0.0588986 1.0319901 -0.0132475 -0.0204578 -0.0063461 -0.0121063 -0.0105596 -0.0377091 -0.0219508 -0.0335673 0.0267448 -0.0284999 -0.0062896 -0.0107020 0.0097029 0.0229392 -0.0405035 0.0402546 0.0356168 0.0018222 -0.0345386 -0.0089247 0.0227565 -0.0360840 -0.0053848 -0.0228670 0.0072977 -0.0187533 -0.0416091 -0.0236183 -0.0292966 0.0051382 0.0092150 0.0276306 -0.0372482 -0.0380005 0.0172906 0.0252291 -0.0256678 -0.0151890 0.0334266 -0.0325581 -0.0123260 0.0247529 0.0073353 -0.0009771 0.0420328 0.0165391 0.0021917 0.0123656 0.0292596 -0.0364222 -0.0308060 -0.0175133 -0.0285018 -0.0374207 -0.0343154 0.0016490 -0.0299667 -0.0229185 -0.0441543 0.0390602 -0.0123266 0.0034767 0.0405559 -0.0244062 -0.0080977 0.0520018 -0.0305085 0.0343053 -0.0095700
-0.0175592 -0.0132279 -0.0078388 -0.0095827 -0.0136109 -0.0073131 -0.0097912 -0.0068918 -0.0157400 -0.0130619 -0.0261051 -0.0132475 1.0324870 -0.0004061 -0.0166462 -0.0122547 -0.0019264 -0.0118960 -0.0051265 -0.0017352 -0.0016824 -0.0040509 -0.0136451 -0.0142232 -0.0107488 -0.0155631 -0.0065475 -0.0062567 -0.0207142 -0.0143328 -0.0107334 -0.0004033 -0.0112531 -0.0104399 -0.0119431 -0.0053997 -0.0061234 -0.0248469 -0.0126392 -0.0074445 0.0000233 -0.0027539 -0.0133281 -0.0024717 -0.0040479 -0.0022693 -0.0081530 -0.0144668 -0.0075712 -0.0036972 -0.0083745 -0.0029430 -0.0085094 -0.0062550 -0.0082971 -0.0147282 -0.0130430 -0.0056222 -0.0149421 -0.0177041 -0.0017140 -0.0110302 -0.0081329 -0.0036797 -0.0092761 -0.0065382 -0.0069957 -0.0101635 0.0011426 -0.0027922 -0.0008924 -0.0063564 -0.0093372 -0.0100990 -0.0074686 -0.0123913 -0.0038159 -0.0135916 -0.0052924 -0.0090373 -0.0007984
-0.0147913 -0.0286733 -0.0142063 -0.0140857 -0.0059739 -0.0070602 -0.0083844 0.0177203 -0.0288146 -0.0020524 -0.0293830 -0.0204578 -0.0004061 1.0553005 -0.0078306 -0.0047838 -0.0026495 0.0113415 -0.0023586 -0.0031933 -0.0293034 -0.0026937 -0.0154592 -0.0108327 -0.0212584 -0.0179291 0.0122500 -0.0295458 -0.0440005 -0.0153445 0.0014492 -0.0101380 -0.0250464 0.0056519 -0.0154143 -0.0025255 -0.0122560 -0.0078581 0.0068310 -0.0049900 0.0054867 -0.0157902 -0.0202289 -0.0196297 0.0060956 0.0038886 -0.0202117 -0.0324642 0.0053772 -0.0160234 -0.0243581 0.0083527 -0.0121599 -0.0169758 -0.0141949 -0.0137161 -0.0294496 -0.0127038 -0.0169113 -0.0337748 -0.0256437 0.0112653 0.0037757 -0.0025517 0.0069275 0.0089524 0.0100831 -0.0202953 -0.0050019 0.0090689 0.0261575 -0.0284524 -0.0094989 -0.0152770 -0.0321591 0.0051092 -0.0138009 -0.0402748 -0.0018813 -0.0260258 -0.0032654
-0.0202958 -0.0029072 -0.0148650 -0.0177451 -0.0064763 -0.0101396 -0.0056724 -0.0004582 -0.0142957 -0.0097014 -0.0242364 -0.0063461 -0.0166462 -0.0078306 0.9975040 -0.0173595 -0.0030367 -0.0038759 -0.0090588 0.0031591 -0.0120581 -0.0243168 -0.0262069 -0.0207866 -0.0160125 -0.0204072 -0.0080774 -0.0169238 -0.0281207 -0.0113383 -0.0115335 -0.0114747 -0.0124487 -0.0007794 -0.0081782 -0.0040963 -0.0103961 -0.0081108 0.0011818 -0.0116956 0.0009502 -0.0112633 -0.0099670 -0.0070951 0.0044452 -0.0043765 -0.0208579 -0.0156278 -0.0077701 -0.0107608 -0.0065990 -0.0014810 -0.0057800 -0.0100883 -0.0054891 -0.0107619 -0.0171203 -0.0107842 -0.0036594 -0.0089386 -0.0117228 -0.0060138 -0.0030796 -0.0003643 -0.0050009 -0.0016090 -0.0029601 -0.0121085 -0.0004389 -0.0009128 -0.0042573 -0.0138970 -0.0143356 -0.0055312 -0.0065407 -0.0047942 -0.0065931 -0.0152628 -0.0137734 -0.0105427 -0.0088287
-0.0115712 -0.0086683 -0.0241119 -0.0166627 -0.0043311 -0.0023395 -0.0105310 -0.0074224 -0.0138758 -0.0057128 -0.0184103 -0.0121063 -0.0122547 -0.0047838 -0.0173595 1.0469469 -0.0066648 -0.0127782 -0.0192334 -0.0120516 -0.0083006 -0.0152229 -0.0082545 -0.0168106 -0.0061399 -0.0202234 -0.0112850 -0.0067981 -0.0138678 -0.0236924 -0.0149603 -0.0134735 -0.0108453 -0.0061400 -0.0144477 -0.0112774 -0.0084064 -0.0078076 0.0049730 -0.0012051 -0.0127572 -0.0166707 -0.0080182 -0.0137279 -0.0095936 -0.0028530 -0.0063592 -0.0084493 -0.0051229 -0.0062069 -0.0051226 -0.0076556 -0.0090521 -0.0033143 -0.0044053 -0.0147078 -0.0137464 -0.0101594 -0.0113146 -0.0097454 -0.0035462 -0.0124032 -0.0065933 -0.0097101 -0.0055390 -0.0008439 -0.0072948 -0.0090301 -0.0106284 -0.0077095 -0.0084834 -0.0094139 0.0015476 -0.0062685 -0.0034623 -0.0065641 -0.0050285 -0.0105261 -0.0057321 -0.0148349 -0.0205819
-0.0049064 -0.0129721 -0.0089124 -0.0061415 -0.0061823 0.0015677 -0.0029702 0.0040286 -0.0150252 -0.0097511 -0.0155449 -0.0105596 -0.0019264 -0.0026495 -0.0030367 -0.0066648 1.0093064 0.0000675 -0.0064321 -0.0070048 -0.0113210 -0.0040125 -0.0023565 -0.0088076 -0.0099367 -0.0072847 -0.0072274 -0.0097724 -0.0058955 -0.0105610 0.0020039 -0.0078265 -0.0099801 0.0020053 -0.0021055 -0.0025046 -0.0030209 -0.0098272 0.0005544 -0.0053214 0.0003259 -0.0037988 -0.0083460 -0.0070622 -0.0045625 0.0005569 -0.0036333 -0.0121474 -0.0036786 0.0003756 -0.0046875 -0.0014105 -0.0034191 -0.0105144 -0.0062237 -0.0003790 -0.0122425 -0.0050587 -0.0028817 -0.0101575 -0.0058626 -0.0038425 -0.0021928 -0.0066068 -0.0056902 0.0037263 0.0025620 -0.0015412 -0.0028012 -0.0094379 -0.0012560 -0.0116338 -0.0057181 -0.0051360 -0.0091282 -0.0007514 -0.0043319 -0.0048851 -0.0045622 -0.0159486 -0.0019416
0.0033655 -0.0383547 -0.0125338 -0.0200663 -0.0104415 0.0168702 0.0082868 0.0378870 -0.0198343 0.0048266 -0.0647005 -0.0377091 -0.0118960 0.0113415 -0.0038759 -0.0127782 0.0000675 1.0474119 0.0001756 0.0195939 -0.0406127 0.0164043 -0.0137585 -0.0012250 -0.0266888 -0.0293184 0.0303674 -0.0401851 -0.0541796 -0.0236121 0.0157271 -0.0160124 -0.0306926 0.0234096 -0.0127559 0.0226437 -0.0183920 0.0005546 0.0252027 0.0146149 0.0183313 -0.0134526 -0.0289132 -0.0314560 0.0198526 0.0253558 -0.0276257 -0.0357979 0.0183603 -0.0056382 -0.0293692 0.0214989 0.0009085 -0.0272822 -0.0146444 -0.0103040 -0.0394439 -0.0282153 -0.0141258 -0.0269937 -0.0275169 0.0114807 0.0147137 0.0089406 0.0162602 0.0222647 0.0184334 -0.0191599 0.0138273 0.0126590 0.0288711 -0.0489747 0.0042588 -0.0098062 -0.0469520 0.0189088 -0.0005170 -0.0512512 0.0155774 -0.0312413 -0.0065758
-0.0097857 -0.0280862 -0.0083918 -0.0303194 -0.0175926 -0.0040663 -0.0047318 0.0017687 -0.0280933 -0.0043018 -0.0339768 -0.0219508 -0.0051265 -0.0023586 -0.0090588 -0.0192334 -0.0064321 0.0001756 1.0385000 0.0028562 -0.0225968 -0.0025382 0.0005125 -0.0252573 -0.0138151 -0.0248199 0.0082800 -0.0357018 -0.0274848 -0.0159569 0.0031735 -0.0100224 -0.0224628 0.0086739 -0.0177051 -0.0021842 -0.0183668 0.0007809 -0.0005717 -0.0053496 0.0231879 -0.0097072 -0.0257888 -0.0238442 0.0076578 -0.0026458 -0.0185132 -0.0184420 0.0066258 -0.0111415 -0.0251576 0.0009627 -0.0065581 -0.0269209 -0.0133640 -0.0145646 -0.0207116 -0.0206854 -0.0215718 -0.0214668 -0.0289642 0.0112480 -0.0052510 0.0047004 0.0071470 0.0040877 -0.0004184 -0.0169365 -0.0001738 0.0019963 0.0157672 -0.0259987 -0.0039909 -0.0185470 -0.0377225 0.0143058 -0.0157675 -0.0305390 0.0050733 -0.0343284 -0.0136656
-0.0131284 -0.0249597 -0.0052216 -0.0093858 -0.0097292 0.0090137 -0.0013010 0.0247460 -0.0274476 -0.0092027 -0.0458949 -0.0335673 -0.0017352 -0.0031933 0.0031591 -0.0120516 -0.0070048 0.0195939 0.0028562 1.0415808 -0.0288374 0.0044508 -0.0135954 -0.0083197 -0.0221153 -0.0297295 0.0115204 -0.0385851 -0.0341293 -0.0290264 0.0145963 -0.0098158 -0.0241003 0.0114219 -0.0125292 0.0012435 -0.0064571 0.0042633 0.0087872 0.0079301 0.0051757 -0.0131464 -0.0191212 -0.0263120 0.0104547 0.0148435 -0.0237327 -0.0265860 0.0024258 -0.0089586 -0.0207914 0.0124424 0.0018572 -0.0266254 -0.0138628 -0.0117324 -0.0291523 -0.0201735 -0.0153100 -0.0166811 -0.0254390 0.0052716 0.0063057 -0.0031886 0.0016551 0.0107795 0.0089891 -0.0199075 0.0130462 0.0056214 0.0209688 -0.0370560 -0.0094461 -0.0157853 -0.0327365 0.0024492 -0.0125016 -0.0442872 0.0045677 -0.0339408 -0.0088779
-0.0176917 0.0191251 -0.0067909 -0.0042260 -0.0244165 -0.0353927 -0.0253708 -0.0698760 0.0143177 -0.0129912 0.0547953 0.0267448 -0.0016824 -0.0293034 -0.0120581 -0.0083006 -0.0113210 -0.0406127 -0.0225968 -0.0288374 1.0668665 -0.0261992 -0.0115375 -0.0218727 0.0014136 0.0193642 -0.0459689 0.0368514 0.0360496 0.0193667 -0.0461267 -0.0032932 0.0259221 -0.0356819 0.0013675 -0.0431149 0.0068078 -0.0134797 -0.0408515 -0.0243023 -0.0341790 0.0124089 0.0172741 0.0261388 -0.0409304 -0.0409613 0.0151233 0.0357295 -0.0328011 -0.0127951 0.0243841 -0.0372765 -0.0059060 0.0280143 0.0103131 0.0052477 0.0394526 0.0176463 0.0123911 0.0166911 0.0308430 -0.0259189 -0.0257520 -0.0159039 -0.0289520 -0.0329633 -0.0413079 0.0096902 -0.0288914 -0.0370173 -0.0519967 0.0417748 -0.0150499 0.0027372 0.0482153 -0.0280484 -0.0000192 0.0544604 -0.0305490 0.0346750 -0.0079577
-0.0004461 -0.0246568 -0.0148548 -0.0261884 -0.0032160 0.0073590 -0.0033741 0.0192530 -0.0218588 0.0000581 -0.0533240 -0.0284999 -0.0040509 -0.0026937 -0.0243168 -0.0152229 -0.0040125 0.0164043 -0.0025382 0.0044508 -0.0261992 1.0447758 -0.0149450 -0.0115457 -0.0107384 -0.0294705 0.0095168 -0.0377249 -0.0479193 -0.0313161 -0.0049308 -0.0126253 -0.0282006 0.0045801 -0.0175286 0.0059823 -0.0147058 0.0018138 0.0096628 0.0067969 0.0079154 -0.0288254 -0.0140113 -0.0267675 0.0136201 0.0144079 -0.0201265 -0.0337891 0.0017220 -0.0098739 -0.0274708 0.0172564 0.0023158 -0.0249005 -0.0096965 -0.0172174 -0.0319470 -0.0218740 -0.0085055 -0.0271330 -0.0251177 0.0131351 -0.0052573 0.0083219 0.0152365 0.0083886 0.0144500 -0.0133025 0.0043420 0.0121696 0.0196293 -0.0351709 -0.0052996 -0.0125378 -0.0374677 0.0126011 -0.0060113 -0.0404574 0.0064765 -0.0398100 -0.0065808
-0.0075094 -0.0159604 -0.0148560 -0.0159406 -0.0057419 -0.0147536 -0.0023350 -0.0152279 -0.0155815 -0.0202854 -0.0127313 -0.0062896 -0.0136451 -0.0154592 -0.0262069 -0.0082545 -0.0023565 -0.0137585 0.0005125 -0.0135954 -0.0115375 -0.0149450 1.0321316 -0.0121104 -0.0155669 -0.0125700 -0.0077984 -0.0185138 -0.0106823 -0.0213351 -0.0161797 -0.0060140 -0.0045739 -0.0061979 -0.0143351 -0.0073908 -0.0054833 -0.0142903 -0.0137761 -0.0143147 -0.0061388 -0.0106890 -0.0110689 -0.0009409 0.0054870 -0.0104256 -0.0193962 -0.0075157 -0.0071600 -0.0091055 -0.0028923 -0.0046047 -0.0114072 -0.0052923 -0.0133782 -0.0071922 -0.0037222 -0.0089877 -0.0060741 -0.0066260 -0.0019315 -0.0092433 -0.0103195 -0.0114710 -0.0094409 -0.0126345 -0.0115650 -0.0095040 -0.0152141 -0.0098452 -0.0130127 -0.0059697 -0.0066750 -0.0113829 -0.0067240 -0.0035373 -0.0135656 -0.0113197 -0.0042456 -0.0078511 -0.0115548
-0.0105670 -0.0101320 -0.0207279 -0.0052815 -0.0149041 -0.0163654 -0.0105467 -0.0031086 -0.0193969 -0.0061716 -0.0134088 -0.0107020 -0.0142232 -0.0108327 -0.0207866 -0.0168106 -0.0088076 -0.0012250 -0.0252573 -0.0083197 -0.0218727 -0.0115457 -0.0121104 1.0306170 -0.0206583 -0.0158591 -0.0141680 -0.0087964 -0.0174929 -0.0097597 -0.0184567 -0.0167428 -0.0105479 -0.0108938 -0.0109685 -0.0109328 -0.0108862 -0.0024166 -0.0089040 -0.0081870 -0.0016893 -0.0212470 -0.0095155 -0.0076558 -0.0013385 -0.0082513 -0.0075824 -0.0071263 -0.0125995 -0.0000797 -0.0098837 -0.0061143 -0.0072550 -0.0088595 -0.0048526 -0.0138986 -0.0129687 -0.0076129 -0.0085924 -0.0156404 -0.0134240 -0.0177549 -0.0144214 -0.0019941 -0.0063743 -0.0164139 -0.0026991 -0.0086767 -0.0072691 -0.0087452 -0.0050939 -0.0110353 -0.0009245 -0.0029197 -0.0141246 -0.0074823 -0.0047387 -0.0108559 -0.0129367 -0.0088554 -0.0097108
-0.0099522 0.0090935 -0.0095387 -0.0155812 -0.0302123 -0.0200951 -0.0254035 -0.0328760 -0.0112477 -0.0220730 0.0032529 0.0097029 -0.0107488 -0.0212584 -0.0160125 -0.0061399 -0.0099367 -0.0266888 -0.0138151 -0.0221153 0.0014136 -0.0107384 -0.0155669 -0.0206583 1.0364941 -0.0073851 -0.0238081 0.0198309 0.0041735 -0.0083017 -0.0329328 -0.0054102 0.0088316 -0.0120182 0.0001501 -0.0149231 -0.0049092 -0.0110265 -0.0226831 -0.0284724 -0.0189082 -0.0156255 -0.0090621 0.0066452 -0.0253720 -0.0276626 0.0041844 0.0150451 -0.0169512 -0.0060517 0.0120905 -0.0206444 -0.0097154 0.0118410 -0.0012618 -0.0104802 0.0092114 0.0056351 0.0091174 0.0040543 0.0134347 -0.0214218 -0.0183483 -0.0128163 -0.0215787 -0.0157667 -0.0238187 -0.0106543 -0.0149831 -0.0187251 -0.0195273 0.0176783 -0.0098019 -0.0139747 0.0158506 -0.0194640 -0.0087640 0.0165988 -0.0129809 0.0097426 -0.0051860
-0.0173778 0.0119780 -0.0085743 -0.0103128 -0.0240398 -0.0296700 -0.0223574 -0.0429724 0.0007338 -0.0231239 0.0235500 0.0229392 -0.0155631 -0.0179291 -0.0204072 -0.0202234 -0.0072847 -0.0293184 -0.0248199 -0.0297295 0.0193642 -0.0294705 -0.0125700 -0.0158591 -0.0073851 1.0457134 -0.0392389 0.0260448 0.0240182 0.0081361 -0.0285431 -0.0062848 0.0178873 -0.0316268 -0.0020785 -0.0343018 -0.0061903 -0.0111135 -0.0370948 -0.0314884 -0.0273150 0.0006733 0.0033828 0.0179391 -0.0271304 -0.0288087 0.0100539 0.0224612 -0.0255129 -0.0076709 0.0179698 -0.0206855 -0.0042178 0.0245109 0.0013476 0.0013390 0.0225113 0.0060321 0.0062578 0.0056291 0.0172324 -0.0342800 -0.0173796 -0.0174365 -0.0213061 -0.0315990 -0.0273069 0.0038705 -0.0262169 -0.0247240 -0.0362391 0.0345718 -0.0095526 -0.0059491 0.0306936 -0.0211775 -0.0106944 0.0441497 -0.0156953 0.0161227 -0.0091286
-0.0010859 -0.0457993 -0.0206453 -0.0231952 -0.0032006 0.0214787 0.0104917 0.0372021 -0.0376856 -0.0083463 -0.0621869 -0.0405035 -0.0065475 0.0122500 -0.0080774 -0.0112850 -0.0072274 0.0303674 0.0082800 0.0115204 -0.0459689 0.0095168 -0.0077984 -0.0141680 -0.0238081 -0.0392389 1.0629771 -0.0631543 -0.0545779 -0.0313518 0.0049367 -0.0240765 -0.0488818 0.0345514 -0.0150667 0.0172254 -0.0214003 0.0092958 0.0212574 0.0181195 0.0061356 -0.0201989 -0.0365509 -0.0503922 0.0311479 0.0251836 -0.0308266 -0.0480860 0.0205056 -0.0127444 -0.0423388 0.0139822 -0.0030537 -0.0397910 -0.0175213 -0.0205907 -0.0452474 -0.0348246 -0.0232652 -0.0346208 -0.0396693 0.0114480 0.0146822 0.0038785 0.0212974 0.0152326 0.0168946 -0.0274147 0.0116305 0.0154617 0.0354624 -0.0472258 -0.0005490 -0.0106181 -0.0590465 0.0150812 -0.0057222 -0.0732963 0.0126862 -0.0537374 -0.0075319
-0.0187313 0.0410236 -0.0016461 0.0013128 -0.0217939 -0.0439649 -0.0296915 -0.0711591 0.0172758 -0.0221900 0.0738066 0.0402546 -0.0062567 -0.0295458 -0.0169238 -0.0067981 -0.0097724 -0.0401851 -0.0357018 -0.0385851 0.0368514 -0.0377249 -0.0185138 -0.0087964 0.0198309 0.0260448 -0.0631543 1.0760242 0.0594709 0.0186410 -0.0433407 0.0009711 0.0372477 -0.0403720 0.0056818 -0.0379861 0.0148373 -0.0205977 -0.0453385 -0.0274086 -0.0405491 0.0117645 0.0087846 0.0329428 -0.0381346 -0.0512707 0.0185143 0.0401412 -0.0295946 -0.0096584 0.0403712 -0.0423295 -0.0070568 0.0341252 0.0097636 0.0111056 0.0466583 0.0230329 0.0148613 0.0189121 0.0371662 -0.0342307 -0.0283986 -0.0183153 -0.0360460 -0.0371810 -0.0384290 0.0161226 -0.0331217 -0.0337546 -0.0560196 0.0462676 -0.0099704 0.0133909 0.0575378 -0.0302900 -0.0021603 0.0686216 -0.0245750 0.0404869 -0.0055280
-0.0267211 0.0262716 -0.0067179 -0.0040258 -0.0338928 -0.0372318 -0.0315184 -0.0751269 0.0065575 -0.0151623 0.0466538 0.0356168 -0.0207142 -0.0440005 -0.0281207 -0.0138678 -0.0058955 -0.0541796 -0.0274848 -0.0341293 0.0360496 -0.0479193 -0.0106823 -0.0174929 0.0041735 0.0240182 -0.0545779 0.0594709 1.0759077 -0.0033563 -0.0380991 0.0026748 0.0367645 -0.0523179 0.0011399 -0.0400706 0.0036281 -0.0087064 -0.0429038 -0.0231272 -0.0450910 0.0132175 0.0106276 0.0279768 -0.0485625 -0.0541749 0.0224872 0.0420197 -0.0395976 -0.0188477 0.0413403 -0.0403688 -0.0082967 0.0416146 0.0083223 -0.0029823 0.0455586 0.0189027 0.0094877 0.0135174 0.0363217 -0.0284804 -0.0325209 -0.0240157 -0.0434216 -0.0409017 -0.0395545 0.0094328 -0.0360961 -0.0357588 -0.0641815 0.0481276 -0.0159745 0.0005876 0.0625904 -0.0411326 -0.0075194 0.0752548 -0.0291740 0.0404915 -0.0150062
-0.0263370 -0.0023232 -0.0221218 -0.0142196 -0.0146267 -0.0257611 -0.0205801 -0.0317054 0.0021169 -0.0204802 0.0085328 0.0018222 -0.0143328 -0.0153445 -0.0113383 -0.0236924 -0.0105610 -0.0236121 -0.0159569 -0.0290264 0.0193667 -0.0313161 -0.0213351 -0.0097597 -0.0083017 0.0081361 -0.0313518 0.0186410 -0.0033563 1.0234680 -0.0221153 -0.0056924 0.0062280 -0.0315703 0.0021114 -0.0218429 0.0069406 -0.0125470 -0.0211458 -0.0154386 -0.0166742 -0.0032867 0.0004813 0.0024359 -0.0254510 -0.0315458 0.0014738 0.0074214 -0.0212587 -0.0103750 0.0073394 -0.0273652 -0.0147131 0.0091466 0.0038435 -0.0047422 0.0085519 -0.0017345 -0.0073653 -0.0021085 0.0144518 -0.0240384 -0.0130485 -0.0074720 -0.0263098 -0.0215821 -0.0236014 0.0004613 -0.0148971 -0.0160887 -0.0335852 0.0131217 -0.0025959 -0.0009854 0.0195142 -0.0249655 -0.0065268 0.0307560 -0.0123914 0.0128830 -0.0102633
0.0008415 -0.0270933 -0.0162573 -0.0294218 -0.0117396 -0.0006250 -0.0043722 0.0274666 -0.0329244 0.0002140 -0.0354665 -0.0345386 -0.0107334 0.0014492 -0.0115335 -0.0149603 0.0020039 0.0157271 0.0031735 0.0145963 -0.0461267 -0.0049308 -0.0161797 -0.0184567 -0.0329328 -0.0285431 0.0049367 -0.0433407 -0.0380991 -0.0221153 1.0247016 -0.0204948 -0.0378496 0.0137016 -0.0165679 0.0005212 -0.0208355 -0.0036491 0.0142999 0.0011029 0.0046974 -0.0130824 -0.0273017 -0.0278833 0.0103812 0.0083298 -0.0265457 -0.0363080 0.0089407 -0.0102090 -0.0307062 0.0075253 -0.0057128 -0.0355330 -0.0187612 -0.0141918 -0.0385379 -0.0262951 -0.0127663 -0.0204278 -0.0308048 -0.0016784 0.0090505 0.0084948 0.0014269 -0.0015308 0.0101774 -0.0182314 0.0002094 0.0097590 0.0166578 -0.0453439 -0.0004742 -0.0133260 -0.0489860 0.0051852 -0.0077284 -0.0494730 0.0024355 -0.0343230 0.0018797
-0.0043374 -0.0142324 -0.0323616 -0.0073232 -0.0137240 -0.0219416 -0.0146676 -0.0280468 0.0014125 -0.0145717 -0.0031641 -0.0089247 -0.0004033 -0.0101380 -0.0114747 -0.0134735 -0.0078265 -0.0160124 -0.0100224 -0.0098158 -0.0032932 -0.0126253 -0.0060140 -0.0167428 -0.0054102 -0.0062848 -0.0240765 0.0009711 0.0026748 -0.0056924 -0.0204948 1.0263788 0.0042261 -0.0144598 -0.0088355 -0.0117568 -0.0036917 -0.0085340 -0.0212815 -0.0173770 -0.0042225 -0.0014085 -0.0071924 0.0016930 -0.0159949 -0.0207045 -0.0063209 -0.0026972 -0.0120587 -0.0007191 -0.0011411 -0.0149567 -0.0042338 0.0048470 -0.0057894 -0.0088098 0.0016908 0.0045023 -0.0012062 -0.0032387 -0.0024016 -0.0112054 -0.0134628 -0.0095734 -0.0184057 -0.0145037 -0.0102431 -0.0033187 -0.0093297 -0.0065784 -0.0199198 0.0011723 -0.0108730 -0.0174692 0.0092034 -0.0115732 0.0010425 0.0050120 -0.0059835 -0.0025683 -0.0095005
-0.0148975 0.0279952 -0.0018247 0.0039623 -0.0124069 -0.0328396 -0.0287777 -0.0534389 0.0043305 -0.0139320 0.0464253 0.0227565 -0.0112531 -0.0250464 -0.0124487 -0.0108453 -0.0099801 -0.0306926 -0.0224628 -0.0241003 0.0259221 -0.0282006 -0.0045739 -0.0105479 0.0088316 0.0178873 -0.0488818 0.0372477 0.0367645 0.0062280 -0.0378496 0.0042261 1.0296669 -0.0351571 0.0041782 -0.0193924 0.0130781 -0.0100954 -0.0332168 -0.0300998 -0.0352912 0.0128614 0.0120813 0.0236660 -0.0375185 -0.0340060 0.0149344 0.0262129 -0.0233668 -0.0104090 0.0233029 -0.0298040 -0.0068646 0.0219535 0.0048628 0.0037888 0.0315937 0.0182873 0.0097402 0.0233089 0.0249963 -0.0365608 -0.0147852 -0.0148287 -0.0278373 -0.0314391 -0.0293262 0.0101885 -0.0167811 -0.0226602 -0.0405185 0.0303563 -0.0114102 0.0063897 0.0384045 -0.0190921 0.0037899 0.0428103 -0.0144212 0.0368749 -0.0056244
-0.0071347 -0.0359217 -0.0107581 -0.0166377 0.0029170 0.0141421 0.0081626 0.0298172 -0.0311611 0.0045131 -0.0615041 -0.0360840 -0.0104399 0.0056519 -0.0007794 -0.0061400 0.0020053 0.0234096 0.0086739 0.0114219 -0.0356819 0.0045801 -0.0061979 -0.0108938 -0.0120182 -0.0316268 0.0345514 -0.0403720 -0.0523179 -0.0315703 0.0137016 -0.0144598 -0.0351571 1.0281998 -0.0106231 0.0070307 -0.0211637 0.0015487 0.0247835 0.0007055 0.0085042 -0.0162437 -0.0267110 -0.0278915 0.0204262 0.0216013 -0.0278796 -0.0368466 0.0213297 -0.0005105 -0.0300074 0.0222083 -0.0013274 -0.0287291 -0.0125301 -0.0063901 -0.0337114 -0.0280199 -0.0072769 -0.0188728 -0.0364710 0.0222339 0.0085246 0.0005896 0.0171195 0.0192395 0.0085026 -0.0260444 0.0083568 0.0225988 0.0272877 -0.0366275 0.0048326 -0.0123343 -0.0445191 0.0137503 -0.0073267 -0.0546184 0.0112509 -0.0393523 -0.0077118
-0.0187343 -0.0021243 -0.0198521 -0.0168100 -0.0090862 -0.0231906 -0.0204358 -0.0197456 -0.0071667 -0.0085830 0.0076268 -0.0053848 -0.0119431 -0.0154143 -0.0081782 -0.0144477 -0.0021055 -0.0127559 -0.0177051 -0.0125292 0.0013675 -0.0175286 -0.0143351 -0.0109685 0.0001501 -0.0020785 -0.0150667 0.0056818 0.0011399 0.0021114 -0.0165679 -0.0088355 0.0041782 -0.0106231 1.0111809 -0.0055409 -0.0128691 -0.0036571 -0.0129842 -0.0183640 -0.0091945 0.0017477 -0.0031310 -0.0027747 -0.0136556 -0.0102565 -0.0005107 0.0010070 -0.0147520 -0.0070516 0.0024168 -0.0109060 -0.0035612 0.0006907 -0.0023522 -0.0031260 0.0033050 -0.0061697 -0.0040026 -0.0044526 0.0055328 -0.0132324 -0.0010882 -0.0095258 -0.0010880 -0.0096669 -0.0102812 -0.0000472 -0.0117893 -0.0087341 -0.0115812 0.0005364 0.0017053 0.0017699 0.0025920 -0.0096686 -0.0018807 0.0068684 -0.0070811 -0.0026952 -0.0123128
0.0017103 -0.0305788 -0.0124870 -0.0164053 -0.0003548 0.0094036 0.0177344 0.0350028 -0.0213568 -0.0100542 -0.0495523 -0.0228670 -0.0053997 -0.0025255 -0.0040963 -0.0112774 -0.0025046 0.0226437 -0.0021842 0.0012435 -0.0431149 0.0059823 -0.0073908 -0.0109328 -0.0149231 -0.0343018 0.0172254 -0.0379861 -0.0400706 -0.0218429 0.0005212 -0.0117568 -0.0193924 0.0070307 -0.0055409 1.0150427 -0.0199180 0.0024727 0.0093552 0.0106031 0.0084648 -0.0182070 -0.0186540 -0.0251273 0.0132003 0.0187942 -0.0174891 -0.0322743 0.0153233 -0.0041263 -0.0244033 0.0102938 -0.0034265 -0.0291879 -0.0113852 -0.0104333 -0.0358369 -0.0192717 -0.0133847 -0.0189039 -0.0215641 0.0100789 0.0118693 0.0056889 0.0036253 0.0116671 0.0183421 -0.0213939 0.0123854 0.0132414 0.0309303 -0.0310573 -0.0020495 -0.0171355 -0.0362466 0.0083246 -0.0098631 -0.0443042 0.0074638 -0.0374393 -0.0056585
-0.0073463 0.0066607 -0.0086447 -0.0054023 -0.0087097 -0.0195826 -0.0208144 -0.0215925 0.0018446 -0.0218824 0.0121581 0.0072977 -0.0061234 -0.0122560 -0.0103961 -0.0084064 -0.0030209 -0.0183920 -0.0183668 -0.0064571 0.0068078 -0.0147058 -0.0054833 -0.0108862 -0.0049092 -0.0061903 -0.0214003 0.0148373 0.0036281 0.0069406 -0.0208355 -0.0036917 0.0130781 -0.0211637 -0.0128691 -0.0199180 1.0241605 -0.0072677 -0.0169337 -0.0177792 -0.0136431 -0.0030001 -0.0030857 0.0062830 -0.0205069 -0.0187492 0.0026560 0.0057573 -0.0089413 -0.0079622 0.0058392 -0.0172265 -0.0073584 0.0050181 0.0010421 -0.0012160 0.0044944 0.0040670 0.0008005 0.0015274 0.0082031 -0.0189668 -0.0096289 -0.0088987 -0.0092278 -0.0200314 -0.0068451 -0.0015853 -0.0123163 -0.0138898 -0.0217297 0.0079947 0.0014253 -0.0013103 0.0127922 -0.0124968 -0.0062284 0.0136003 -0.0179219 0.0074945 -0.0021266
-0.0074933 -0.0154035 -0.0101778 -0.0084316 -0.0070755 -0.0003740 0.0097538 0.0140625 -0.0136050 -0.0070039 -0.0230901 -0.0187533 -0.0248469 -0.0078581 -0.0081108 -0.0078076 -0.0098272 0.0005546 0.0007809 0.0042633 -0.0134797 0.0018138 -0.0142903 -0.0024166 -0.0110265 -0.0111135 0.0092958 -0.0205977 -0.0087064 -0.0125470 -0.0036491 -0.0085340 -0.0100954 0.0015487 -0.0036571 0.0024727 -0.0072677 1.0229458 0.0019245 -0.0041509 0.0004813 -0.0104054 -0.0154373 -0.0146508 -0.0034224 -0.0094327 -0.0198154 -0.0102581 -0.0008322 -0.0036274 -0.0094111 0.0019393 -0.0001401 -0.0162593 -0.0078482 -0.0175856 -0.0139337 -0.0098155 -0.0095363 -0.0107281 -0.0100892 -0.0032296 -0.0000471 -0.0021192 0.0003797 0.0057996 0.0014278 -0.0075589 -0.0039232 -0.0047126 0.0039967 -0.0112810 -0.0018438 -0.0103254 -0.0155900 0.0008477 -0.0109903 -0.0177952 -0.0013149 -0.0198693 -0.0004791
-0.0053233 -0.0297608 -0.0249572 -0.0267065 -0.0127371 0.0229327 0.0062015 0.0351004 -0.0255742 -0.0022367 -0.0605851 -0.0416091 -0.0126392 0.0068310 0.0011818 0.0049730 0.0005544 0.0252027 -0.0005717 0.0087872 -0.0408515 0.0096628 -0.0137761 -0.0089040 -0.0226831 -0.0370948 0.0212574 -0.0453385 -0.0429038 -0.0211458 0.0142999 -0.0212815 -0.0332168 0.0247835 -0.0129842 0.0093552 -0.0169337 0.0019245 1.0305358 0.0094724 0.0146981 -0.0239005 -0.0355182 -0.0297513 0.0284656 0.0210084 -0.0258729 -0.0315340 0.0093507 -0.0053299 -0.0355715 0.0214942 0.0053983 -0.0310729 -0.0143320 -0.0134908 -0.0351311 -0.0246573 -0.0185815 -0.0188406 -0.0319543 0.0118177 0.0092861 0.0038580 0.0206484 0.0157312 0.0189036 -0.0188286 0.0134813 0.0154653 0.0308018 -0.0407531 -0.0008449 -0.0147815 -0.0444011 0.0108642 -0.0145257 -0.0514417 0.0073314 -0.0311280 -0.0082684
-0.0062223 -0.0309180 -0.0186795 -0.0166795 -0.0104263 0.0065223 0.0105156 0.0279301 -0.0260557 -0.0069000 -0.0331643 -0.0236183 -0.0074445 -0.0049900 -0.0116956 -0.0012051 -0.0053214 0.0146149 -0.0053496 0.0079301 -0.0243023 0.0067969 -0.0143147 -0.0081870 -0.0284724 -0.0314884 0.0181195 -0.0274086 -0.0231272 -0.0154386 0.0011029 -0.0173770 -0.0300998 0.0007055 -0.0183640 0.0106031 -0.0177792 -0.0041509 0.0094724 1.0205204 0.0057621 -0.0045629 -0.0160971 -0.0285295 0.0110906 0.0115186 -0.0154950 -0.0200130 0.0023945 -0.0012249 -0.0165599 0.0067676 -0.0009233 -0.0256901 -0.0080881 -0.0137264 -0.0212741 -0.0130065 -0.0122813 -0.0181592 -0.0140543 0.0112701 -0.0011371 -0.0002442 0.0157935 0.0137921 0.0105950 -0.0187478 -0.0014820 0.0096625 0.0114214 -0.0315031 -0.0029434 -0.0102002 -0.0274053 0.0054497 -0.0043950 -0.0320988 0.0055642 -0.0291875 -0.0095414
-0.0040169 -0.0267841 -0.0094193 -0.0211676 -0.0160394 0.0124015 0.0024769 0.0266042 -0.0226434 0.0080400 -0.0526351 -0.0292966 0.0000233 0.0054867 0.0009502 -0.0127572 0.0003259 0.0183313 0.0231879 0.0051757 -0.0341790 0.0079154 -0.0061388 -0.0016893 -0.0189082 -0.0273150 0.0061356 -0.0405491 -0.0450910 -0.0166742 0.0046974 -0.0042225 -0.0352912 0.0085042 -0.0091945 0.0084648 -0.0136431 0.0004813 0.0146981 0.0057621 1.0169047 -0.0236093 -0.0172393 -0.0329226 0.0161779 0.0204862 -0.0126121 -0.0304904 0.0106182 -0.0065373 -0.0295026 0.0134086 0.0038691 -0.0305445 -0.0081605 -0.0102986 -0.0316540 -0.0245487 -0.0093434 -0.0192985 -0.0239023 0.0151688 0.0083801 0.0028807 0.0105174 0.0180158 0.0137339 -0.0205325 0.0143961 0.0056662 0.0222959 -0.0255616 0.0076727 -0.0102252 -0.0369781 0.0155190 -0.0026427 -0.0378609 0.0102868 -0.0371764 -0.0041199
-0.0161121 0.0208943 -0.0049170 -0.0064910 -0.0171380 -0.0218575 -0.0206034 -0.0271864 0.0013847 -0.0186721 0.0146873 0.0051382 -0.0027539 -0.0157902 -0.0112633 -0.0166707 -0.0037988 -0.0134526 -0.0097072 -0.0131464 0.0124089 -0.0288254 -0.0106890 -0.0212470 -0.0156255 0.0006733 -0.0201989 0.0117645 0.0132175 -0.0032867 -0.0130824 -0.0014085 0.0128614 -0.0162437 0.0017477 -0.0182070 -0.0030001 -0.0104054 -0.0239005 -0.0045629 -0.0236093 1.0301585 0.0039207 -0.0003122 -0.0208293 -0.0130420 -0.0001123 0.0089406 -0.0099829 -0.0044829 0.0076693 -0.0178445 -0.0048510 0.0057014 -0.0030297 0.0066216 0.0134549 0.0097075 0.0023857 0.0081079 0.0114510 -0.0209799 -0.0130689 -0.0073580 -0.0162453 -0.0178492 -0.0122906 0.0011205 -0.0132056 -0.0184445 -0.0232863 0.0065996 -0.0084032 -0.0087719 0.0209375 -0.0143780 -0.0058312 0.0196371 -0.0113906 0.0132982 -0.0022912
-0.0147189 0.0103372 -0.0119943 -0.0046594 -0.0134615 -0.0282673 -0.0187498 -0.0362323 0.0045330 -0.0147452 0.0140972 0.0092150 -0.0133281 -0.0202289 -0.0099670 -0.0080182 -0.0083460 -0.0289132 -0.0257888 -0.0191212 0.0172741 -0.0140113 -0.0110689 -0.0095155 -0.0090621 0.0033828 -0.0365509 0.0087846 0.0106276 0.0004813 -0.0273017 -0.0071924 0.0120813 -0.0267110 -0.0031310 -0.0186540 -0.0030857 -0.0154373 -0.0355182 -0.0160971 -0.0172393 0.0039207 1.0149118 0.0120782 -0.0259152 -0.0185408 0.0010904 0.0146683 -0.0152002 -0.0043047 0.0152582 -0.0218837 -0.0066072 0.0105225 0.0018852 -0.0036724 0.0191742 0.0018719 -0.0000076 0.0057157 0.0159353 -0.0220750 -0.0115458 -0.0062500 -0.0103880 -0.0247633 -0.0130648 0.0048876 -0.0236763 -0.0136820 -0.0231199 0.0186139 -0.0090930 0.0025122 0.0215538 -0.0164462 -0.0091110 0.0270238 -0.0162046 0.0152547 -0.0052346
-0.0184612 0.0175062 -0.0162235 -0.0043545 -0.0175137 -0.0361095 -0.0234926 -0.0491202 0.0132348 -0.0127890 0.0415494 0.0276306 -0.0024717 -0.0196297 -0.0070951 -0.0137279 -0.0070622 -0.0314560 -0.0238442 -0.0263120 0.0261388 -0.0267675 -0.0009409 -0.0076558 0.0066452 0.0179391 -0.0503922 0.0329428 0.0279768 0.0024359 -0.0278833 0.0016930 0.0236660 -0.0278915 -0.0027747 -0.0251273 0.0062830 -0.0146508 -0.0297513 -0.0285295 -0.0329226 -0.0003122 0.0120782 1.0323737 -0.0307047 -0.0369791 0.0108513 0.0330270 -0.0211093 -0.0100018 0.0210462 -0.0318005 -0.0097842 0.0244206 0.0029301 -0.0045499 0.0311047 0.0166800 0.0086902 0.0107730 0.0202347 -0.0303666 -0.0241277 -0.0120963 -0.0222691 -0.0312400 -0.0225391 0.0000330 -0.0283677 -0.0168065 -0.0394514 0.0244768 -0.0135588 0.0081676 0.0390533 -0.0224628 -0.0020110 0.0402413 -0.0150611 0.0289711 -0.0089451
0.0063190 -0.0331072 -0.0005558 -0.0184506 0.0043987 0.0208220 0.0066916 0.0428006 -0.0253184 -0.0068848 -0.0656443 -0.0372482 -0.0040479 0.0060956 0.0044452 -0.0095936 -0.0045625 0.0198526 0.0076578 0.0104547 -0.0409304 0.0136201 0.0054870 -0.0013385 -0.0253720 -0.0271304 0.0311479 -0.0381346 -0.0485625 -0.0254510 0.0103812 -0.0159949 -0.0375185 0.0204262 -0.0136556 0.0132003 -0.0205069 -0.0034224 0.0284656 0.0110906 0.0161779 -0.0208293 -0.0259152 -0.0307047 1.0184240 0.0250219 -0.0252478 -0.0427347 0.0156794 -0.0016398 -0.0292238 0.0201075 -0.0013552 -0.0316363 -0.0114718 -0.0175424 -0.0343625 -0.0241449 -0.0176586 -0.0223775 -0.0308425 0.0088951 0.0165926 0.0087812 0.0115384 0.0159999 0.0157157 -0.0145221 0.0146893 0.0132438 0.0275669 -0.0449328 -0.0003617 -0.0132059 -0.0413425 0.0155435 -0.0114000 -0.0468873 0.0145901 -0.0383728 -0.0082356
0.0008384 -0.0346027 -0.0083994 -0.0192965 0.0031197 0.0315136 0.0139758 0.0428799 -0.0339532 -0.0044101 -0.0613170 -0.0380005 -0.0022693 0.0038886 -0.0043765 -0.0028530 0.0005569 0.0253558 -0.0026458 0.0148435 -0.0409613 0.0144079 -0.0104256 -0.0082513 -0.0276626 -0.0288087 0.0251836 -0.0512707 -0.0541749 -0.0315458 0.0083298 -0.0207045 -0.0340060 0.0216013 -0.0102565 0.0187942 -0.0187492 -0.0094327 0.0210084 0.0115186 0.0204862 -0.0130420 -0.0185408 -0.0369791 0.0250219 1.0342624 -0.0247389 -0.0351153 0.0120518 0.0003260 -0.0315567 0.0179988 0.0053596 -0.0374854 -0.0168787 -0.0092692 -0.0402734 -0.0305711 -0.0231982 -0.0311097 -0.0374511 0.0108872 0.0043691 0.0073895 0.0147221 0.0228417 0.0184514 -0.0190612 0.0091442 0.0153995 0.0379616 -0.0414311 0.0042417 -0.0142375 -0.0448270 0.0153770 -0.0098691 -0.0541886 0.0130645 -0.0443654 -0.0025629
