1.0118462 0.0019384 -0.0128576 -0.0224631 -0.0089733 -0.0078478 0.0075998 -0.0178090 -0.0298057 -0.0085398 -0.0105765 -0.0008528 -0.0089177 -0.0210898 -0.0079663 -0.0173478 -0.0141552 -0.0162737 -0.0007215 -0.0188357 0.0215910 -0.0102223 -0.0217049 0.0054940 -0.0133820 -0.0246749 -0.0185044 0.0114671 -0.0020474 -0.0296418 -0.0288951 0.0062403 -0.0043512 -0.0079520 -0.0137988 -0.0174274 -0.0155274 -0.0136728 -0.0216454 -0.0055229 0.0079430 -0.0095986 -0.0015115 0.0030758 0.0008816 -0.0040288 -0.0025519 -0.0245049 -0.0144950 -0.0137535 -0.0083165 -0.0254098 -0.0081646 -0.0078072 -0.0189167 -0.0015266 -0.0138665 0.0030601 -0.0000646 -0.0160007 -0.0076064 -0.0109269 -0.0179060 -0.0216509 -0.0001470 -0.0272848 -0.0116831 -0.0103303 -0.0010611 -0.0159459 -0.0115694 -0.0116043 -0.0068439 -0.0052901 -0.0102463 -0.0048689 -0.0205104 -0.0073821 0.0068265 -0.0124369 -0.0205217
0.0019384 1.0461203 0.0015762 -0.0493346 0.0015982 0.0074889 0.0630955 -0.0352058 -0.0566489 -0.0157925 -0.0098295 0.0175452 0.0033498 -0.0031848 -0.0014598 -0.0406859 -0.0344744 -0.0205349 -0.0209670 -0.0325599 0.0413110 0.0119297 -0.0263606 0.0127675 -0.0060501 -0.0353913 -0.0214543 0.0516785 -0.0186621 -0.0454822 -0.0412931 0.0313808 0.0052594 -0.0169944 -0.0035869 -0.0282199 -0.0319542 -0.0105378 -0.0140654 0.0112173 0.0330409 -0.0214491 -0.0003180 0.0132783 0.0178360 0.0099199 0.0155819 -0.0328932 -0.0324699 -0.0305438 -0.0028979 -0.0530186 -0.0018347 0.0037786 -0.0368158 0.0133432 -0.0097089 0.0362810 0.0193068 -0.0285143 -0.0150674 -0.0180193 -0.0457594 -0.0335377 0.0174970 -0.0430684 -0.0221564 -0.0368485 0.0053525 -0.0130853 -0.0400818 -0.0138166 -0.0042643 -0.0058480 0.0003051 0.0028152 -0.0235311 -0.0208507 0.0379743 -0.0232611 -0.0288857
-0.0128576 0.0015762 1.0041227 -0.0162879 -0.0012611 -0.0117495 0.0046612 -0.0211595 -0.0303543 -0.0186723 -0.0213265 0.0027989 -0.0016868 -0.0232476 -0.0103975 -0.0261234 -0.0160266 -0.0098812 -0.0141893 -0.0194414 0.0107664 -0.0027151 -0.0041691 -0.0037958 -0.0031165 -0.0197975 -0.0194258 0.0154475 -0.0201635 -0.0140593 -0.0271972 0.0075863 -0.0041099 -0.0138608 -0.0040341 -0.0093795 -0.0142181 -0.0137562 -0.0140584 -0.0087446 0.0011668 -0.0174292 -0.0055573 0.0012929 -0.0044150 0.0007459 0.0011204 -0.0154532 -0.0144290 -0.0127969 -0.0035077 -0.0255527 -0.0066442 -0.0003037 -0.0174681 -0.0054527 -0.0163220 0.0054212 0.0004436 -0.0137542 -0.0087574 -0.0151413 -0.0165719 -0.0207618 0.0020608 -0.0253883 -0.0117985 -0.0183242 -0.0012304 -0.0091560 -0.0178373 -0.0122547 -0.0046792 -0.0137782 -0.0012285 -0.0121423 -0.0114571 -0.0145438 0.0044632 -0.0064395 -0.0335038
-0.0224631 -0.0493346 -0.0162879 1.0390571 -0.0281824 -0.0390970 -0.0680190 0.0151153 0.0340783 -0.0099305 -0.0085657 -0.0269562 -0.0360991 -0.0096148 -0.0222647 0.0054396 0.0209403 0.0031403 -0.0115072 0.0115482 -0.0619070 -0.0260177 0.0047049 -0.0377905 -0.0130148 0.0134302 0.0053046 -0.0644965 -0.0137251 0.0075079 0.0017660 -0.0468563 -0.0237267 -0.0054501 -0.0192309 -0.0039147 0.0118212 -0.0113368 0.0065666 -0.0222483 -0.0392630 0.0061326 -0.0230960 -0.0246446 -0.0312299 -0.0224363 -0.0411217 0.0150890 0.0229219 0.0108612 -0.0082523 0.0378407 -0.0119201 -0.0156777 0.0206824 -0.0308612 0.0033306 -0.0429910 -0.0361654 0.0071912 0.0016068 -0.0118214 0.0226056 0.0193956 -0.0427489 0.0225053 0.0047928 0.0125045 -0.0251046 -0.0062653 0.0211534 0.0034489 -0.0088655 -0.0160647 -0.0097415 -0.0107546 0.0075825 0.0049707 -0.0547923 0.0087526 0.0151438
-0.0089733 0.0015982 -0.0012611 -0.0281824 1.0125072 -0.0040399 0.0171460 -0.0360015 -0.0294380 -0.0118950 -0.0242450 0.0027883 -0.0034082 -0.0066127 -0.0116586 -0.0170642 -0.0242382 -0.0150576 -0.0147078 -0.0292880 0.0160962 -0.0004585 -0.0268558 -0.0087676 -0.0192064 -0.0304442 -0.0197284 0.0181516 -0.0123070 -0.0348773 -0.0138389 0.0059845 -0.0012201 -0.0160934 -0.0069116 -0.0187789 -0.0109771 -0.0107806 -0.0144858 -0.0083229 0.0108620 -0.0080217 -0.0101768 0.0019208 0.0020154 -0.0028474 0.0079796 -0.0171911 -0.0213275 -0.0127903 -0.0056902 -0.0355439 -0.0084326 -0.0034718 -0.0229337 0.0050307 -0.0141399 0.0239695 0.0066271 -0.0161481 -0.0179186 -0.0122555 -0.0338615 -0.0191982 0.0067794 -0.0284171 -0.0212886 -0.0192862 0.0019527 -0.0145233 -0.0265174 -0.0167350 -0.0050296 -0.0056270 -0.0043700 -0.0074124 -0.0166460 -0.0103507 0.0261247 -0.0206263 -0.0166289
-0.0078478 0.0074889 -0.0117495 -0.0390970 -0.0040399 1.0527420 0.0524178 -0.0346981 -0.0528504 -0.0180322 -0.0123085 0.0194958 0.0087676 -0.0121642 -0.0162263 -0.0372886 -0.0319938 -0.0159376 -0.0227857 -0.0383074 0.0510185 0.0031744 -0.0256887 -0.0013516 -0.0075001 -0.0430015 -0.0162711 0.0487282 -0.0176569 -0.0291447 -0.0259541 0.0309243 0.0109434 -0.0129987 0.0054665 -0.0217956 -0.0183461 -0.0099368 -0.0283295 0.0060393 0.0309797 -0.0123613 0.0028959 0.0031238 0.0103465 0.0012110 0.0208876 -0.0224409 -0.0380149 -0.0302815 -0.0023767 -0.0529622 -0.0024728 -0.0016716 -0.0357134 0.0121647 -0.0139985 0.0201420 0.0170136 -0.0236112 -0.0170751 -0.0164104 -0.0378577 -0.0285664 0.0244251 -0.0466505 -0.0269763 -0.0257854 0.0094941 -0.0087439 -0.0401624 -0.0167429 -0.0080630 -0.0045029 -0.0042584 -0.0028828 -0.0165781 -0.0254658 0.0255842 -0.0175525 -0.0287050
0.0075998 0.0630955 0.0046612 -0.0680190 0.0171460 0.0524178 1.1668673 -0.0642342 -0.1018013 -0.0073987 -0.0237752 0.0397738 0.0219962 -0.0177996 -0.0133335 -0.0474884 -0.0663242 -0.0246816 -0.0183367 -0.0744113 0.1038584 0.0319627 -0.0359529 0.0221361 -0.0093456 -0.0652672 -0.0268213 0.1224991 -0.0184817 -0.0670474 -0.0684825 0.0814464 0.0204324 -0.0278335 0.0149950 -0.0305866 -0.0427266 -0.0062070 -0.0309950 0.0204152 0.0725000 -0.0271480 0.0113573 0.0314007 0.0501027 0.0143664 0.0499375 -0.0568509 -0.0611798 -0.0457290 0.0008926 -0.0963506 0.0026903 0.0133146 -0.0674075 0.0420116 -0.0236727 0.0660161 0.0473017 -0.0395092 -0.0213041 -0.0169391 -0.0758829 -0.0619529 0.0416039 -0.0789728 -0.0398360 -0.0645487 0.0296214 -0.0258027 -0.0810126 -0.0253352 -0.0075804 -0.0104782 0.0056536 0.0063734 -0.0436884 -0.0462539 0.0873762 -0.0339333 -0.0628815
-0.0178090 -0.0352058 -0.0211595 0.0151153 -0.0360015 -0.0346981 -0.0642342 1.0602822 0.0226857 -0.0154045 -0.0082162 -0.0308916 -0.0289651 -0.0024276 -0.0106366 0.0076626 0.0165826 0.0004413 -0.0076637 0.0074021 -0.0470498 -0.0264828 0.0002150 -0.0248352 -0.0096607 0.0146064 -0.0020031 -0.0567093 -0.0028504 0.0058015 0.0039949 -0.0481245 -0.0114195 -0.0002401 -0.0199241 0.0101654 0.0068972 -0.0031899 0.0033206 -0.0179452 -0.0435770 -0.0048055 -0.0214610 -0.0218185 -0.0301447 -0.0239162 -0.0277586 0.0113456 0.0150580 0.0094350 -0.0087053 0.0258528 -0.0112796 -0.0168069 0.0188673 -0.0298994 -0.0056016 -0.0351610 -0.0254352 0.0060821 -0.0014045 -0.0086536 0.0298588 0.0155170 -0.0271793 0.0254528 0.0140610 0.0066353 -0.0171882 -0.0006714 0.0269801 -0.0000504 -0.0014395 -0.0141476 -0.0055373 -0.0047815 0.0088782 0.0094882 -0.0421918 -0.0040141 0.0080561
-0.0298057 -0.0566489 -0.0303543 0.0340783 -0.0294380 -0.0528504 -0.1018013 0.0226857 1.0871449 -0.0044480 -0.0132894 -0.0472045 -0.0288507 0.0004050 -0.0227110 0.0158951 0.0407083 0.0106279 -0.0063511 0.0314406 -0.0807511 -0.0374369 0.0156330 -0.0335052 -0.0127958 0.0241043 -0.0067482 -0.0903784 -0.0140958 0.0362397 0.0156553 -0.0743159 -0.0237526 0.0093380 -0.0207962 0.0035047 0.0131587 -0.0149229 0.0154780 -0.0365596 -0.0630414 0.0081506 -0.0324812 -0.0292956 -0.0444557 -0.0258333 -0.0450358 0.0305059 0.0302418 0.0181040 -0.0074082 0.0648068 -0.0150142 -0.0143562 0.0379532 -0.0380001 -0.0011269 -0.0571402 -0.0439547 0.0182080 0.0056057 -0.0002635 0.0463873 0.0366168 -0.0505477 0.0464890 0.0208447 0.0244264 -0.0333680 -0.0025764 0.0467406 0.0016980 -0.0060592 -0.0116655 -0.0116607 -0.0042517 0.0147527 0.0186292 -0.0764857 0.0073805 0.0252148
-0.0085398 -0.0157925 -0.0186723 -0.0099305 -0.0118950 -0.0180322 -0.0073987 -0.0154045 -0.0044480 1.0073947 -0.0159924 -0.0084734 -0.0052226 -0.0166858 -0.0138193 -0.0096544 -0.0121080 -0.0061530 -0.0013499 -0.0104283 -0.0006149 -0.0267811 -0.0042241 -0.0014868 -0.0238339 -0.0265560 -0.0118842 -0.0005816 -0.0142130 -0.0180108 -0.0115692 -0.0150054 -0.0114666 -0.0134849 -0.0108746 -0.0135287 -0.0051422 -0.0021451 -0.0078886 -0.0166294 -0.0028367 -0.0027268 -0.0125241 -0.0071900 -0.0097529 -0.0118791 -0.0197886 -0.0056006 -0.0027367 -0.0058118 -0.0009577 -0.0096308 -0.0104207 -0.0100384 -0.0049941 -0.0076300 -0.0080517 -0.0065689 -0.0074646 -0.0079578 -0.0062532 -0.0061072 -0.0147698 -0.0068491 -0.0077668 -0.0118067 -0.0067596 -0.0110842 -0.0146998 -0.0097785 -0.0111280 -0.0092309 -0.0058688 -0.0038113 -0.0034683 -0.0164902 -0.0049068 -0.0083152 -0.0055457 -0.0027613 -0.0137421
-0.0105765 -0.0098295 -0.0213265 -0.0085657 -0.0242450 -0.0123085 -0.0237752 -0.0082162 -0.0132894 -0.0159924 1.0176630 0.0013798 -0.0120283 -0.0136691 -0.0130482 -0.0075751 -0.0095216 -0.0005235 -0.0057417 -0.0092445 -0.0063744 -0.0134900 -0.0099669 -0.0143401 -0.0155197 -0.0139444 -0.0149937 -0.0131526 -0.0162788 -0.0108349 -0.0220690 -0.0107518 -0.0198943 -0.0065119 -0.0046721 -0.0013359 -0.0108504 -0.0036184 -0.0132855 -0.0108784 -0.0106430 -0.0000589 -0.0108463 -0.0108582 -0.0134762 -0.0086152 -0.0085331 -0.0121275 -0.0139047 0.0005296 -0.0044766 -0.0093561 -0.0094352 -0.0106529 -0.0070087 -0.0083922 -0.0076319 -0.0070180 0.0012796 -0.0132591 -0.0127815 -0.0073970 -0.0032618 -0.0000403 -0.0083286 -0.0033760 -0.0078273 -0.0046892 -0.0048556 -0.0138073 -0.0111850 -0.0065013 -0.0120957 -0.0067175 -0.0037305 -0.0098962 -0.0097817 -0.0050674 -0.0145436 -0.0024218 -0.0110001
-0.0008528 0.0175452 0.0027989 -0.0269562 0.0027883 0.0194958 0.0397738 -0.0308916 -0.0472045 -0.0084734 0.0013798 1.0371374 0.0037096 -0.0076315 -0.0070966 -0.0174452 -0.0248957 -0.0084768 -0.0143698 -0.0296671 0.0338010 0.0056490 -0.0275285 0.0061752 -0.0097918 -0.0281700 -0.0189339 0.0351288 -0.0139737 -0.0400806 -0.0268367 0.0266378 -0.0002603 -0.0117075 -0.0001300 -0.0133575 -0.0217344 -0.0006032 -0.0090780 0.0011958 0.0253175 -0.0125558 0.0002355 0.0026249 0.0098114 -0.0059049 0.0088623 -0.0148616 -0.0265547 -0.0182357 -0.0053641 -0.0432608 0.0016558 -0.0026680 -0.0276926 0.0063917 -0.0095711 0.0218901 0.0146885 -0.0150356 -0.0078157 -0.0034820 -0.0345635 -0.0173149 0.0214924 -0.0321490 -0.0246243 -0.0238554 0.0041888 -0.0072900 -0.0309824 -0.0132005 -0.0074770 -0.0082170 0.0027138 -0.0069952 -0.0219120 -0.0179950 0.0247995 -0.0159829 -0.0204244
-0.0089177 0.0033498 -0.0016868 -0.0360991 -0.0034082 0.0087676 0.0219962 -0.0289651 -0.0288507 -0.0052226 -0.0120283 0.0037096 1.0145700 -0.0055183 -0.0160168 -0.0198880 -0.0196755 -0.0102437 -0.0162931 -0.0311325 0.0177607 0.0095410 -0.0243599 -0.0051937 -0.0096042 -0.0303808 -0.0116283 0.0167988 -0.0073609 -0.0244422 -0.0160331 0.0153756 0.0033170 -0.0105145 -0.0121110 -0.0142778 -0.0161913 -0.0075173 -0.0213699 -0.0056329 0.0003829 -0.0046883 -0.0004900 0.0028307 0.0064458 0.0021343 0.0077667 -0.0164657 -0.0189003 -0.0171920 -0.0059963 -0.0287942 -0.0085267 -0.0017718 -0.0200293 0.0034636 -0.0077277 0.0074553 0.0025322 -0.0186503 -0.0034736 -0.0103195 -0.0199611 -0.0167568 0.0052709 -0.0238602 -0.0108968 -0.0215129 -0.0025203 -0.0149573 -0.0210142 -0.0081716 -0.0091005 0.0003599 -0.0003450 -0.0128709 -0.0181576 -0.0110996 0.0171046 -0.0094352 -0.0102796
-0.0210898 -0.0031848 -0.0232476 -0.0096148 -0.0066127 -0.0121642 -0.0177996 -0.0024276 0.0004050 -0.0166858 -0.0136691 -0.0076315 -0.0055183 1.0348855 -0.0184526 -0.0070060 -0.0086754 -0.0090659 -0.0180127 -0.0145190 -0.0121501 -0.0160133 -0.0022198 -0.0179996 -0.0090985 -0.0063025 -0.0273049 -0.0092341 -0.0069654 -0.0039632 -0.0095105 -0.0075640 -0.0072499 -0.0076685 -0.0114651 -0.0027979 -0.0104429 -0.0156384 -0.0030458 -0.0142740 -0.0124274 -0.0108063 -0.0117144 -0.0163555 -0.0097074 -0.0093405 -0.0185160 -0.0102123 -0.0093897 -0.0064244 0.0001008 -0.0091674 -0.0046094 0.0001550 -0.0039912 -0.0139868 -0.0045027 -0.0061338 -0.0168724 -0.0061876 -0.0066869 -0.0157529 -0.0089487 0.0006627 -0.0057427 -0.0057387 -0.0040585 -0.0046364 -0.0110903 -0.0065760 -0.0102639 -0.0015489 -0.0028325 -0.0007434 -0.0056934 -0.0058286 -0.0126676 -0.0008154 -0.0126859 -0.0057545 -0.0046444
-0.0079663 -0.0014598 -0.0103975 -0.0222647 -0.0116586 -0.0162263 -0.0133335 -0.0106366 -0.0227110 -0.0138193 -0.0130482 -0.0070966 -0.0160168 -0.0184526 1.0456856 -0.0203487 -0.0154059 -0.0080110 -0.0086079 -0.0155635 -0.0034067 -0.0026972 -0.0124090 -0.0019210 -0.0154736 -0.0156043 -0.0070012 -0.0036273 -0.0221728 -0.0113984 -0.0193268 0.0014354 0.0008439 -0.0095612 -0.0069414 -0.0107910 -0.0064017 -0.0044390 -0.0104547 -0.0109546 -0.0048136 -0.0100783 0.0008945 -0.0081726 -0.0060194 -0.0065738 -0.0125828 -0.0111441 -0.0114758 -0.0152033 -0.0006630 -0.0166044 -0.0024570 -0.0090338 -0.0105230 -0.0062141 -0.0021610 -0.0078529 0.0045720 -0.0062071 -0.0069246 -0.0045017 -0.0120515 -0.0098819 -0.0085659 -0.0141969 -0.0049520 -0.0226959 -0.0055538 -0.0076467 -0.0037699 -0.0065064 -0.0167337 -0.0169596 -0.0052056 -0.0117032 -0.0109933 -0.0032579 -0.0079027 -0.0135040 -0.0179648
-0.0173478 -0.0406859 -0.0261234 0.0054396 -0.0170642 -0.0372886 -0.0474884 0.0076626 0.0158951 -0.0096544 -0.0075751 -0.0174452 -0.0198880 -0.0070060 -0.0203487 1.0653695 0.0210407 -0.0004958 -0.0078254 0.0034164 -0.0434940 -0.0177751 -0.0126899 -0.0281990 -0.0004041 0.0066364 -0.0144149 -0.0399375 -0.0136278 0.0072671 -0.0035912 -0.0304623 -0.0175243 -0.0084898 -0.0118767 0.0029538 0.0023049 -0.0083392 -0.0013257 -0.0154575 -0.0220756 -0.0037522 -0.0172622 -0.0211511 -0.0185626 -0.0161936 -0.0299225 0.0019998 0.0159352 0.0028042 -0.0094774 0.0229932 -0.0145265 -0.0120759 0.0173340 -0.0243103 0.0000580 -0.0288988 -0.0309025 -0.0014076 -0.0037172 -0.0131256 0.0119237 0.0052313 -0.0255884 0.0128550 0.0010069 0.0017495 -0.0252448 -0.0090689 0.0139829 -0.0025800 -0.0099185 -0.0129363 -0.0014218 -0.0081264 -0.0039834 0.0056524 -0.0338035 0.0002139 0.0066368
-0.0141552 -0.0344744 -0.0160266 0.0209403 -0.0242382 -0.0319938 -0.0663242 0.0165826 0.0407083 -0.0121080 -0.0095216 -0.0248957 -0.0196755 -0.0086754 -0.0154059 0.0210407 1.0322171 -0.0024228 -0.0035179 0.0176250 -0.0524581 -0.0252065 0.0058122 -0.0247878 -0.0056421 0.0175187 -0.0045094 -0.0496733 -0.0062916 0.0197460 0.0100142 -0.0523745 -0.0183058 -0.0019630 -0.0117868 0.0084996 0.0099147 -0.0061475 0.0096071 -0.0144237 -0.0363188 0.0014221 -0.0143385 -0.0166795 -0.0224297 -0.0114358 -0.0336279 0.0184475 0.0216616 0.0095386 -0.0078668 0.0365715 -0.0054148 -0.0081226 0.0280538 -0.0235580 0.0058960 -0.0336760 -0.0280500 0.0161901 0.0011469 0.0001783 0.0277371 0.0183446 -0.0277631 0.0213757 0.0127664 0.0215155 -0.0200240 -0.0025027 0.0261148 0.0036624 -0.0036055 -0.0072694 -0.0068210 -0.0008122 0.0064486 0.0078917 -0.0434395 0.0061109 0.0159333
-0.0162737 -0.0205349 -0.0098812 0.0031403 -0.0150576 -0.0159376 -0.0246816 0.0004413 0.0106279 -0.0061530 -0.0005235 -0.0084768 -0.0102437 -0.0090659 -0.0080110 -0.0004958 -0.0024228 1.0170448 -0.0009490 0.0045821 -0.0186455 -0.0150588 -0.0017697 -0.0177745 -0.0055832 -0.0029825 -0.0034248 -0.0179622 -0.0091099 -0.0059969 -0.0022395 -0.0227553 -0.0057729 -0.0006375 -0.0046457 -0.0040368 0.0012803 0.0021586 -0.0019907 -0.0087787 -0.0123701 -0.0035264 -0.0110721 -0.0080172 -0.0114746 -0.0072805 -0.0197036 0.0014883 0.0008590 -0.0004154 -0.0040167 0.0073438 -0.0001246 -0.0037857 0.0051373 -0.0069578 0.0023422 -0.0187498 -0.0111789 -0.0035039 -0.0007238 -0.0071736 -0.0007435 0.0027093 -0.0137135 0.0063822 0.0042942 0.0070503 -0.0041094 -0.0024960 0.0044850 -0.0063106 -0.0044325 -0.0076383 -0.0076677 -0.0018100 -0.0047660 -0.0020051 -0.0130681 -0.0029749 0.0013922
-0.0007215 -0.0209670 -0.0141893 -0.0115072 -0.0147078 -0.0227857 -0.0183367 -0.0076637 -0.0063511 -0.0013499 -0.0057417 -0.0143698 -0.0162931 -0.0180127 -0.0086079 -0.0078254 -0.0035179 -0.0009490 1.0372766 -0.0078249 -0.0216156 -0.0115719 -0.0079978 -0.0081400 -0.0138889 -0.0013773 -0.0215738 -0.0191804 -0.0159621 -0.0193484 -0.0117141 -0.0119981 -0.0078253 -0.0164365 -0.0092996 -0.0084156 0.0008458 -0.0033240 -0.0106703 -0.0162345 -0.0138793 -0.0056045 -0.0185768 -0.0124707 -0.0116348 -0.0076673 -0.0134476 -0.0066167 -0.0089485 -0.0033478 -0.0119976 -0.0056859 -0.0095959 -0.0103579 0.0005537 -0.0040735 -0.0063238 -0.0158395 -0.0152695 0.0012293 -0.0069159 -0.0122104 -0.0093678 0.0058083 -0.0170493 0.0014329 -0.0082617 -0.0075567 -0.0178422 -0.0084750 -0.0030640 -0.0037819 -0.0078009 -0.0104583 -0.0039626 -0.0114028 -0.0023262 -0.0065102 -0.0245683 0.0011841 -0.0075799
-0.0188357 -0.0325599 -0.0194414 0.0115482 -0.0292880 -0.0383074 -0.0744113 0.0074021 0.0314406 -0.0104283 -0.0092445 -0.0296671 -0.0311325 -0.0145190 -0.0155635 0.0034164 0.0176250 0.0045821 -0.0078249 1.0620834 -0.0589952 -0.0251723 0.0191181 -0.0314827 -0.0238143 0.0252504 -0.0067375 -0.0650151 -0.0077834 0.0172844 0.0087435 -0.0517739 -0.0189139 -0.0016351 -0.0154077 0.0015576 0.0026389 -0.0070087 0.0045587 -0.0265387 -0.0485346 -0.0015245 -0.0188296 -0.0254071 -0.0282208 -0.0122125 -0.0306787 0.0134392 0.0201326 0.0085849 -0.0052924 0.0367750 -0.0119297 -0.0158281 0.0249591 -0.0234863 0.0025988 -0.0409074 -0.0313999 0.0062418 -0.0051918 -0.0033929 0.0262359 0.0183118 -0.0309359 0.0260186 0.0126026 0.0150475 -0.0200336 -0.0014574 0.0306742 0.0053838 -0.0001006 -0.0066203 -0.0040988 -0.0071676 0.0110498 0.0052119 -0.0499889 0.0120285 0.0191856
0.0215910 0.0413110 0.0107664 -0.0619070 0.0160962 0.0510185 0.1038584 -0.0470498 -0.0807511 -0.0006149 -0.0063744 0.0338010 0.0177607 -0.0121501 -0.0034067 -0.0434940 -0.0524581 -0.0186455 -0.0216156 -0.0589952 1.0842900 0.0192228 -0.0388439 0.0181332 -0.0073165 -0.0600289 -0.0165675 0.0966746 -0.0118822 -0.0567896 -0.0639907 0.0701312 0.0229877 -0.0115862 0.0070771 -0.0295955 -0.0334445 -0.0080980 -0.0381218 0.0138853 0.0643771 -0.0229512 0.0118537 0.0218366 0.0296325 0.0100746 0.0419640 -0.0361680 -0.0519758 -0.0339650 -0.0054477 -0.0782471 0.0084879 0.0093219 -0.0540416 0.0257218 -0.0153786 0.0458243 0.0401568 -0.0297070 -0.0162830 -0.0193068 -0.0599336 -0.0439019 0.0385761 -0.0597003 -0.0311500 -0.0487050 0.0193386 -0.0168630 -0.0628364 -0.0203275 -0.0070524 -0.0061854 0.0027676 0.0023595 -0.0324579 -0.0276518 0.0633233 -0.0210729 -0.0428513
-0.0102223 0.0119297 -0.0027151 -0.0260177 -0.0004585 0.0031744 0.0319627 -0.0264828 -0.0374369 -0.0267811 -0.0134900 0.0056490 0.0095410 -0.0160133 -0.0026972 -0.0177751 -0.0252065 -0.0150588 -0.0115719 -0.0251723 0.0192228 1.0327549 -0.0207259 -0.0035399 -0.0021149 -0.0220293 -0.0123923 0.0309789 -0.0205099 -0.0241646 -0.0264211 0.0113600 0.0018137 -0.0123673 -0.0044899 -0.0110488 -0.0174088 -0.0037131 -0.0189837 -0.0058866 0.0182472 -0.0159413 -0.0005603 0.0019514 0.0079370 0.0027324 0.0022147 -0.0182443 -0.0197684 -0.0143797 -0.0064737 -0.0369488 -0.0046356 -0.0060239 -0.0282939 0.0101954 -0.0116917 0.0115650 0.0088619 -0.0240351 -0.0115680 -0.0151629 -0.0250123 -0.0247123 0.0013330 -0.0260485 -0.0150013 -0.0239102 0.0007327 -0.0033093 -0.0268475 -0.0062094 -0.0023372 -0.0126172 0.0025669 -0.0040713 -0.0206575 -0.0185101 0.0264319 -0.0105321 -0.0171193
-0.0217049 -0.0263606 -0.0041691 0.0047049 -0.0268558 -0.0256887 -0.0359529 0.0002150 0.0156330 -0.0042241 -0.0099669 -0.0275285 -0.0243599 -0.0022198 -0.0124090 -0.0126899 0.0058122 -0.0017697 -0.0079978 0.0191181 -0.0388439 -0.0207259 1.0259501 -0.0216458 -0.0146199 -0.0051449 -0.0144885 -0.0375261 -0.0144687 0.0016562 -0.0078567 -0.0508579 -0.0191275 -0.0050329 -0.0068110 -0.0055009 0.0017098 -0.0133967 -0.0054456 -0.0223139 -0.0338765 -0.0029692 -0.0158807 -0.0171022 -0.0188499 -0.0139402 -0.0283664 0.0010219 0.0123867 -0.0060850 -0.0062057 0.0147758 -0.0047591 -0.0116938 0.0137885 -0.0173652 0.0045925 -0.0304517 -0.0208851 -0.0028822 -0.0005700 -0.0063697 0.0080339 0.0022404 -0.0285480 0.0013558 0.0033112 0.0108748 -0.0213408 -0.0047109 0.0140714 -0.0075243 -0.0094067 -0.0096347 -0.0051499 -0.0095802 0.0035039 0.0030376 -0.0350701 -0.0078740 0.0055123
0.0054940 0.0127675 -0.0037958 -0.0377905 -0.0087676 -0.0013516 0.0221361 -0.0248352 -0.0335052 -0.0014868 -0.0143401 0.0061752 -0.0051937 -0.0179996 -0.0019210 -0.0281990 -0.0247878 -0.0177745 -0.0081400 -0.0314827 0.0181332 -0.0035399 -0.0216458 1.0273865 -0.0025191 -0.0263972 -0.0113914 0.0269941 -0.0175112 -0.0413396 -0.0272669 0.0136795 0.0054230 -0.0110166 -0.0030774 -0.0191433 -0.0091679 -0.0145932 -0.0162174 0.0069219 0.0157749 -0.0079774 -0.0106219 0.0031783 0.0026563 -0.0023403 0.0005400 -0.0243992 -0.0271957 -0.0201939 -0.0021509 -0.0432543 -0.0057932 -0.0003352 -0.0270860 0.0026855 -0.0108244 0.0174308 0.0012499 -0.0207211 -0.0101932 -0.0200067 -0.0280760 -0.0235895 0.0030396 -0.0359714 -0.0203896 -0.0244885 -0.0080247 -0.0064958 -0.0342022 -0.0141951 -0.0098690 -0.0095097 -0.0009599 -0.0109655 -0.0245300 -0.0229252 0.0239781 -0.0177799 -0.0124335
-0.0133820 -0.0060501 -0.0031165 -0.0130148 -0.0192064 -0.0075001 -0.0093456 -0.0096607 -0.0127958 -0.0238339 -0.0155197 -0.0097918 -0.0096042 -0.0090985 -0.0154736 -0.0004041 -0.0056421 -0.0055832 -0.0138889 -0.0238143 -0.0073165 -0.0021149 -0.0146199 -0.0025191 1.0355045 -0.0192529 -0.0135431 -0.0007311 -0.0051655 -0.0216793 -0.0179521 -0.0029661 -0.0073937 -0.0108999 -0.0111322 -0.0155354 -0.0068191 -0.0184677 -0.0091123 -0.0027309 -0.0060509 -0.0095980 -0.0172778 -0.0138271 -0.0030014 -0.0123705 0.0021829 -0.0105217 -0.0149934 -0.0154604 -0.0060583 -0.0088264 -0.0083890 0.0004005 -0.0109432 -0.0035329 -0.0112763 0.0027894 0.0047632 -0.0031061 -0.0113290 -0.0117045 -0.0029847 -0.0137950 -0.0064515 -0.0078401 -0.0113715 -0.0144168 -0.0115488 -0.0096225 -0.0124947 -0.0110652 -0.0093562 -0.0109336 -0.0048035 0.0005538 -0.0103558 -0.0142981 -0.0045620 -0.0135537 -0.0118088
-0.0246749 -0.0353913 -0.0197975 0.0134302 -0.0304442 -0.0430015 -0.0652672 0.0146064 0.0241043 -0.0265560 -0.0139444 -0.0281700 -0.0303808 -0.0063025 -0.0156043 0.0066364 0.0175187 -0.0029825 -0.0013773 0.0252504 -0.0600289 -0.0220293 -0.0051449 -0.0263972 -0.0192529 1.0487894 -0.0143087 -0.0639109 -0.0050770 0.0074777 0.0227979 -0.0470614 -0.0165763 -0.0048909 -0.0115378 0.0086959 0.0084456 -0.0083084 0.0050269 -0.0229077 -0.0454223 -0.0031014 -0.0174325 -0.0249994 -0.0346996 -0.0190012 -0.0336526 0.0176683 0.0256656 0.0019398 -0.0084783 0.0291847 -0.0060153 -0.0129813 0.0192145 -0.0306567 0.0009052 -0.0362517 -0.0359020 0.0064522 0.0023855 -0.0001899 0.0195070 0.0244749 -0.0339982 0.0275630 0.0136717 0.0166336 -0.0203298 0.0002437 0.0268254 -0.0020397 -0.0096354 -0.0080749 -0.0126212 -0.0036102 0.0048869 0.0073086 -0.0536625 0.0042414 0.0179601
-0.0185044 -0.0214543 -0.0194258 0.0053046 -0.0197284 -0.0162711 -0.0268213 -0.0020031 -0.0067482 -0.0118842 -0.0149937 -0.0189339 -0.0116283 -0.0273049 -0.0070012 -0.0144149 -0.0045094 -0.0034248 -0.0215738 -0.0067375 -0.0165675 -0.0123923 -0.0144885 -0.0113914 -0.0135431 -0.0143087 1.0209979 -0.0150244 -0.0153118 0.0059253 -0.0165022 -0.0209878 -0.0129223 -0.0085772 -0.0125152 -0.0026617 0.0003196 0.0029457 -0.0059867 -0.0130971 -0.0114566 -0.0145401 -0.0244982 -0.0093237 -0.0113155 -0.0154408 -0.0046008 0.0005510 -0.0030007 -0.0017435 -0.0015543 0.0043811 -0.0047181 -0.0091812 0.0034514 -0.0086801 -0.0034369 -0.0156303 -0.0202275 -0.0081296 0.0023360 -0.0148351 0.0027662 0.0039460 -0.0129418 -0.0073216 -0.0074383 -0.0042825 -0.0075133 -0.0041842 0.0009653 -0.0021011 -0.0050598 -0.0059615 -0.0048456 -0.0143576 -0.0116656 -0.0015300 -0.0229830 -0.0002087 -0.0041711
0.0114671 0.0516785 0.0154475 -0.0644965 0.0181516 0.0487282 0.1224991 -0.0567093 -0.0903784 -0.0005816 -0.0131526 0.0351288 0.0167988 -0.0092341 -0.0036273 -0.0399375 -0.0496733 -0.0179622 -0.0191804 -0.0650151 0.0966746 0.0309789 -0.0375261 0.0269941 -0.0007311 -0.0639109 -0.0150244 1.1123421 -0.0040987 -0.0663738 -0.0539417 0.0792694 0.0200922 -0.0182462 0.0078074 -0.0296544 -0.0283961 -0.0104473 -0.0323843 0.0184465 0.0622662 -0.0212964 0.0186163 0.0329187 0.0392467 0.0159181 0.0494279 -0.0424563 -0.0599574 -0.0285808 -0.0021277 -0.0835144 0.0100231 0.0088978 -0.0527577 0.0349552 -0.0199148 0.0599676 0.0395047 -0.0331408 -0.0156136 -0.0078500 -0.0629848 -0.0437770 0.0392571 -0.0734435 -0.0310730 -0.0480088 0.0243854 -0.0190277 -0.0682115 -0.0156314 -0.0092101 0.0023481 0.0047629 -0.0021107 -0.0323818 -0.0280553 0.0767575 -0.0297406 -0.0449590
-0.0020474 -0.0186621 -0.0201635 -0.0137251 -0.0123070 -0.0176569 -0.0184817 -0.0028504 -0.0140958 -0.0142130 -0.0162788 -0.0139737 -0.0073609 -0.0069654 -0.0221728 -0.0136278 -0.0062916 -0.0091099 -0.0159621 -0.0077834 -0.0118822 -0.0205099 -0.0144687 -0.0175112 -0.0051655 -0.0050770 -0.0153118 -0.0040987 1.0042483 -0.0103626 -0.0085987 -0.0161064 -0.0114424 -0.0080205 -0.0071878 -0.0072226 -0.0007842 -0.0136511 -0.0097706 -0.0093950 -0.0111606 -0.0090358 -0.0068894 -0.0117593 -0.0110655 -0.0084013 -0.0071714 -0.0057079 0.0002614 -0.0038357 -0.0026718 -0.0062945 -0.0085109 -0.0047213 -0.0013765 -0.0179309 -0.0050947 -0.0102702 -0.0103635 -0.0129632 -0.0047504 -0.0127129 -0.0022477 -0.0017571 -0.0054579 -0.0038444 -0.0039646 -0.0004983 -0.0127094 0.0007971 -0.0120731 -0.0014910 -0.0046002 -0.0156822 -0.0090436 -0.0005893 -0.0125610 -0.0073562 -0.0153118 -0.0067444 -0.0048750
-0.0296418 -0.0454822 -0.0140593 0.0075079 -0.0348773 -0.0291447 -0.0670474 0.0058015 0.0362397 -0.0180108 -0.0108349 -0.0400806 -0.0244422 -0.0039632 -0.0113984 0.0072671 0.0197460 -0.0059969 -0.0193484 0.0172844 -0.0567896 -0.0241646 0.0016562 -0.0413396 -0.0216793 0.0074777 0.0059253 -0.0663738 -0.0103626 1.0623629 0.0136925 -0.0583750 -0.0215688 -0.0067439 -0.0263041 -0.0061912 0.0097104 -0.0169843 0.0037489 -0.0228391 -0.0494227 -0.0034348 -0.0212376 -0.0266674 -0.0315323 -0.0202513 -0.0359848 0.0082383 0.0241279 0.0070366 -0.0066622 0.0309548 -0.0121288 -0.0172992 0.0263805 -0.0317112 0.0019960 -0.0487522 -0.0292621 0.0046546 0.0025434 -0.0089202 0.0233588 0.0222579 -0.0308321 0.0286598 0.0071573 0.0123112 -0.0168032 -0.0007507 0.0283856 0.0013699 -0.0013181 -0.0060854 -0.0044958 -0.0209727 0.0078004 0.0036015 -0.0549306 0.0040580 0.0149925
-0.0288951 -0.0412931 -0.0271972 0.0017660 -0.0138389 -0.0259541 -0.0684825 0.0039949 0.0156553 -0.0115692 -0.0220690 -0.0268367 -0.0160331 -0.0095105 -0.0193268 -0.0035912 0.0100142 -0.0022395 -0.0117141 0.0087435 -0.0639907 -0.0264211 -0.0078567 -0.0272669 -0.0179521 0.0227979 -0.0165022 -0.0539417 -0.0085987 0.0136925 1.0343083 -0.0411651 -0.0191254 -0.0043185 -0.0153157 -0.0086077 0.0038508 -0.0104116 0.0169955 -0.0236715 -0.0443151 -0.0037829 -0.0146473 -0.0210342 -0.0326563 -0.0208227 -0.0267682 0.0131700 0.0090391 0.0059734 -0.0031803 0.0301923 -0.0142880 -0.0144996 0.0259667 -0.0299993 -0.0007429 -0.0350003 -0.0312241 0.0004099 0.0023948 -0.0087861 0.0167301 0.0166494 -0.0317970 0.0178872 0.0014520 0.0127685 -0.0240601 -0.0061498 0.0164486 -0.0032329 -0.0136619 -0.0174616 -0.0114844 -0.0173431 0.0029975 0.0048218 -0.0425485 -0.0051736 0.0049729
0.0062403 0.0313808 0.0075863 -0.0468563 0.0059845 0.0309243 0.0814464 -0.0481245 -0.0743159 -0.0150054 -0.0107518 0.0266378 0.0153756 -0.0075640 0.0014354 -0.0304623 -0.0523745 -0.0227553 -0.0119981 -0.0517739 0.0701312 0.0113600 -0.0508579 0.0136795 -0.0029661 -0.0470614 -0.0209878 0.0792694 -0.0161064 -0.0583750 -0.0411651 1.0887426 0.0105710 -0.0188946 0.0039581 -0.0210469 -0.0335600 -0.0050218 -0.0307463 0.0138426 0.0493814 -0.0225317 0.0021165 0.0156937 0.0275740 0.0117114 0.0263871 -0.0348921 -0.0524334 -0.0297260 -0.0005018 -0.0675537 0.0011280 0.0051008 -0.0502500 0.0157083 -0.0244261 0.0415308 0.0317074 -0.0347499 -0.0222204 -0.0147157 -0.0473331 -0.0446379 0.0319085 -0.0557966 -0.0291536 -0.0444843 0.0117513 -0.0125264 -0.0582434 -0.0202336 -0.0084844 -0.0089163 0.0030492 -0.0030301 -0.0328620 -0.0225580 0.0589761 -0.0213644 -0.0385148
-0.0043512 0.0052594 -0.0041099 -0.0237267 -0.0012201 0.0109434 0.0204324 -0.0114195 -0.0237526 -0.0114666 -0.0198943 -0.0002603 0.0033170 -0.0072499 0.0008439 -0.0175243 -0.0183058 -0.0057729 -0.0078253 -0.0189139 0.0229877 0.0018137 -0.0191275 0.0054230 -0.0073937 -0.0165763 -0.0129223 0.0200922 -0.0114424 -0.0215688 -0.0191254 0.0105710 1.0202841 -0.0103053 0.0052250 -0.0076259 -0.0138052 -0.0073196 -0.0050914 -0.0016097 0.0115464 -0.0060596 -0.0043816 -0.0007368 0.0062242 0.0005023 0.0059688 -0.0147935 -0.0119064 -0.0104941 -0.0032202 -0.0292041 -0.0017821 -0.0015174 -0.0200265 0.0056215 -0.0087223 0.0089804 0.0099699 -0.0109540 -0.0063031 -0.0071290 -0.0143662 -0.0128156 0.0095282 -0.0193455 -0.0088580 -0.0084245 0.0004711 -0.0109981 -0.0134330 -0.0106906 -0.0019006 0.0009785 -0.0039258 0.0004350 -0.0068438 -0.0081870 0.0113086 -0.0071827 -0.0130044
-0.0079520 -0.0169944 -0.0138608 -0.0054501 -0.0160934 -0.0129987 -0.0278335 -0.0002401 0.0093380 -0.0134849 -0.0065119 -0.0117075 -0.0105145 -0.0076685 -0.0095612 -0.0084898 -0.0019630 -0.0006375 -0.0164365 -0.0016351 -0.0115862 -0.0123673 -0.0050329 -0.0110166 -0.0108999 -0.0048909 -0.0085772 -0.0182462 -0.0080205 -0.0067439 -0.0043185 -0.0188946 -0.0103053 1.0018473 -0.0095057 -0.0089152 0.0005868 -0.0076751 -0.0078987 -0.0032379 -0.0136548 0.0055747 -0.0059253 -0.0044597 -0.0130143 -0.0113972 -0.0035895 -0.0027085 -0.0060882 0.0015854 -0.0065773 0.0033722 -0.0082317 -0.0031017 0.0010153 -0.0164037 -0.0081734 -0.0084961 -0.0115305 -0.0032823 -0.0008695 -0.0084303 0.0051207 0.0016354 -0.0102379 -0.0057469 -0.0048264 0.0089383 -0.0114227 -0.0060422 0.0083674 -0.0037170 -0.0022097 0.0008187 -0.0043331 -0.0086749 0.0044722 0.0066967 -0.0087846 -0.0045037 -0.0004985
-0.0137988 -0.0035869 -0.0040341 -0.0192309 -0.0069116 0.0054665 0.0149950 -0.0199241 -0.0207962 -0.0108746 -0.0046721 -0.0001300 -0.0121110 -0.0114651 -0.0069414 -0.0118767 -0.0117868 -0.0046457 -0.0092996 -0.0154077 0.0070771 -0.0044899 -0.0068110 -0.0030774 -0.0111322 -0.0115378 -0.0125152 0.0078074 -0.0071878 -0.0263041 -0.0153157 0.0039581 0.0052250 -0.0095057 0.9965718 -0.0086267 -0.0155091 -0.0027065 -0.0092411 -0.0059985 0.0066439 -0.0050492 -0.0041271 -0.0129809 0.0003624 -0.0020745 -0.0002724 -0.0138360 -0.0094178 -0.0100908 -0.0049411 -0.0147932 0.0004754 -0.0055967 -0.0097531 0.0019291 -0.0079641 0.0026709 0.0003951 -0.0113442 -0.0066352 -0.0073826 -0.0188320 -0.0085389 0.0067295 -0.0200512 -0.0126645 -0.0102032 -0.0046696 -0.0079898 -0.0183923 -0.0058856 -0.0084950 -0.0031582 0.0003857 -0.0045244 -0.0118262 -0.0068170 0.0016219 -0.0081366 -0.0151162
-0.0174274 -0.0282199 -0.0093795 -0.0039147 -0.0187789 -0.0217956 -0.0305866 0.0101654 0.0035047 -0.0135287 -0.0013359 -0.0133575 -0.0142778 -0.0027979 -0.0107910 0.0029538 0.0084996 -0.0040368 -0.0084156 0.0015576 -0.0295955 -0.0110488 -0.0055009 -0.0191433 -0.0155354 0.0086959 -0.0026617 -0.0296544 -0.0072226 -0.0061912 -0.0086077 -0.0210469 -0.0076259 -0.0089152 -0.0086267 1.0179980 -0.0026996 -0.0083130 -0.0073383 -0.0189581 -0.0174022 -0.0049370 -0.0080936 -0.0131360 -0.0058958 -0.0124060 -0.0133282 0.0005908 0.0022506 0.0004460 -0.0043926 0.0137925 -0.0028410 -0.0077562 0.0075133 -0.0167126 0.0011869 -0.0186312 -0.0126550 0.0069982 0.0023016 -0.0067060 0.0072767 0.0030229 -0.0077066 0.0023780 -0.0007411 0.0045720 -0.0144628 -0.0038347 0.0077167 0.0026324 -0.0014708 -0.0039560 -0.0049898 -0.0070606 -0.0027830 0.0035679 -0.0279567 -0.0039961 -0.0027056
-0.0155274 -0.0319542 -0.0142181 0.0118212 -0.0109771 -0.0183461 -0.0427266 0.0068972 0.0131587 -0.0051422 -0.0108504 -0.0217344 -0.0161913 -0.0104429 -0.0064017 0.0023049 0.0099147 0.0012803 0.0008458 0.0026389 -0.0334445 -0.0174088 0.0017098 -0.0091679 -0.0068191 0.0084456 0.0003196 -0.0283961 -0.0007842 0.0097104 0.0038508 -0.0335600 -0.0138052 0.0005868 -0.0155091 -0.0026996 1.0163740 -0.0101462 0.0014889 -0.0110943 -0.0274307 -0.0020241 -0.0144337 -0.0155469 -0.0172140 -0.0132784 -0.0237848 0.0069613 0.0105548 0.0091875 -0.0055417 0.0189775 -0.0067175 -0.0059338 0.0124009 -0.0142478 0.0016594 -0.0270988 -0.0158292 -0.0023023 0.0032941 -0.0041897 0.0018959 0.0092099 -0.0211978 0.0129976 0.0003039 -0.0030494 -0.0144246 -0.0051954 0.0145972 -0.0045733 -0.0028492 -0.0081313 -0.0080743 -0.0135633 0.0062697 -0.0000733 -0.0294568 -0.0010807 0.0032690
-0.0136728 -0.0105378 -0.0137562 -0.0113368 -0.0107806 -0.0099368 -0.0062070 -0.0031899 -0.0149229 -0.0021451 -0.0036184 -0.0006032 -0.0075173 -0.0156384 -0.0044390 -0.0083392 -0.0061475 0.0021586 -0.0033240 -0.0070087 -0.0080980 -0.0037131 -0.0133967 -0.0145932 -0.0184677 -0.0083084 0.0029457 -0.0104473 -0.0136511 -0.0169843 -0.0104116 -0.0050218 -0.0073196 -0.0076751 -0.0027065 -0.0083130 -0.0101462 1.0193726 -0.0050139 -0.0030395 -0.0108057 -0.0046872 -0.0055854 -0.0123037 -0.0011561 -0.0144737 -0.0112687 -0.0057641 -0.0017126 -0.0074617 -0.0049806 0.0008164 0.0007745 -0.0045770 -0.0060156 -0.0017767 -0.0082727 -0.0079288 -0.0042337 -0.0060819 -0.0069321 -0.0023622 0.0004637 -0.0043341 -0.0034444 -0.0021669 -0.0025720 -0.0068210 -0.0076284 -0.0060020 -0.0048199 -0.0065430 -0.0009402 -0.0073151 -0.0033549 -0.0067193 0.0024698 0.0007195 -0.0082071 -0.0019208 -0.0049572
-0.0216454 -0.0140654 -0.0140584 0.0065666 -0.0144858 -0.0283295 -0.0309950 0.0033206 0.0154780 -0.0078886 -0.0132855 -0.0090780 -0.0213699 -0.0030458 -0.0104547 -0.0013257 0.0096071 -0.0019907 -0.0106703 0.0045587 -0.0381218 -0.0189837 -0.0054456 -0.0162174 -0.0091123 0.0050269 -0.0059867 -0.0323843 -0.0097706 0.0037489 0.0169955 -0.0307463 -0.0050914 -0.0078987 -0.0092411 -0.0073383 0.0014889 -0.0050139 0.9942059 -0.0078303 -0.0267952 -0.0107578 -0.0145878 -0.0202013 -0.0142303 -0.0189420 -0.0248185 0.0037481 0.0092074 0.0005676 -0.0022699 0.0086122 -0.0062612 -0.0099076 0.0105640 -0.0234657 0.0025007 -0.0203133 -0.0234081 0.0016993 0.0011005 -0.0084121 0.0084381 0.0048492 -0.0231685 0.0111485 0.0064364 0.0191255 -0.0147932 -0.0019926 0.0107828 0.0032283 -0.0030171 -0.0097606 -0.0072830 -0.0125207 0.0033697 0.0008410 -0.0250644 0.0003773 0.0012815
-0.0055229 0.0112173 -0.0087446 -0.0222483 -0.0083229 0.0060393 0.0204152 -0.0179452 -0.0365596 -0.0166294 -0.0108784 0.0011958 -0.0056329 -0.0142740 -0.0109546 -0.0154575 -0.0144237 -0.0087787 -0.0162345 -0.0265387 0.0138853 -0.0058866 -0.0223139 0.0069219 -0.0027309 -0.0229077 -0.0130971 0.0184465 -0.0093950 -0.0228391 -0.0236715 0.0138426 -0.0016097 -0.0032379 -0.0059985 -0.0189581 -0.0110943 -0.0030395 -0.0078303 1.0272270 0.0177347 -0.0112164 -0.0043807 0.0007364 0.0075773 -0.0072100 0.0036704 -0.0099093 -0.0237098 -0.0080626 -0.0050665 -0.0288816 -0.0024890 -0.0038281 -0.0206541 0.0033026 -0.0015231 0.0142720 0.0062667 -0.0088532 -0.0057065 -0.0071790 -0.0233955 -0.0204327 0.0081106 -0.0141093 -0.0107992 -0.0219385 0.0014309 -0.0077938 -0.0179021 -0.0122235 -0.0062866 -0.0014816 -0.0015411 -0.0111896 -0.0124198 -0.0119000 0.0147844 -0.0077490 -0.0139475
0.0079430 0.0330409 0.0011668 -0.0392630 0.0108620 0.0309797 0.0725000 -0.0435770 -0.0630414 -0.0028367 -0.0106430 0.0253175 0.0003829 -0.0124274 -0.0048136 -0.0220756 -0.0363188 -0.0123701 -0.0138793 -0.0485346 0.0643771 0.0182472 -0.0338765 0.0157749 -0.0060509 -0.0454223 -0.0114566 0.0622662 -0.0111606 -0.0494227 -0.0443151 0.0493814 0.0115464 -0.0136548 0.0066439 -0.0174022 -0.0274307 -0.0108057 -0.0267952 0.0177347 1.0339141 -0.0100200 0.0095867 0.0137385 0.0216645 0.0068770 0.0289439 -0.0249229 -0.0343006 -0.0240542 0.0038482 -0.0581456 0.0056989 0.0055806 -0.0356897 0.0147751 -0.0109806 0.0318742 0.0211609 -0.0200954 -0.0149708 -0.0149474 -0.0450145 -0.0331138 0.0239082 -0.0483658 -0.0217345 -0.0386607 0.0130473 -0.0082879 -0.0472427 -0.0100672 -0.0020791 -0.0050167 0.0026850 -0.0005907 -0.0256548 -0.0237653 0.0516028 -0.0213181 -0.0263212
-0.0095986 -0.0214491 -0.0174292 0.0061326 -0.0080217 -0.0123613 -0.0271480 -0.0048055 0.0081506 -0.0027268 -0.0000589 -0.0125558 -0.0046883 -0.0108063 -0.0100783 -0.0037522 0.0014221 -0.0035264 -0.0056045 -0.0015245 -0.0229512 -0.0159413 -0.0029692 -0.0079774 -0.0095980 -0.0031014 -0.0145401 -0.0212964 -0.0090358 -0.0034348 -0.0037829 -0.0225317 -0.0060596 0.0055747 -0.0050492 -0.0049370 -0.0020241 -0.0046872 -0.0107578 -0.0112164 -0.0100200 1.0234060 -0.0052704 -0.0102692 -0.0153037 -0.0057703 -0.0135163 0.0016721 0.0003277 -0.0039530 -0.0059877 0.0082388 -0.0072499 -0.0079125 0.0016503 -0.0142848 -0.0058344 -0.0202284 -0.0100188 0.0026360 -0.0059721 0.0051206 0.0107369 0.0038590 -0.0096418 0.0007841 -0.0019180 0.0026456 -0.0167043 -0.0039616 0.0012576 -0.0036875 -0.0073275 -0.0087340 -0.0049359 -0.0109564 -0.0067688 0.0032543 -0.0139187 -0.0011337 0.0043718
-0.0015115 -0.0003180 -0.0055573 -0.0230960 -0.0101768 0.0028959 0.0113573 -0.0214610 -0.0324812 -0.0125241 -0.0108463 0.0002355 -0.0004900 -0.0117144 0.0008945 -0.0172622 -0.0143385 -0.0110721 -0.0185768 -0.0188296 0.0118537 -0.0005603 -0.0158807 -0.0106219 -0.0172778 -0.0174325 -0.0244982 0.0186163 -0.0068894 -0.0212376 -0.0146473 0.0021165 -0.0043816 -0.0059253 -0.0041271 -0.0080936 -0.0144337 -0.0055854 -0.0145878 -0.0043807 0.0095867 -0.0052704 1.0233561 0.0032647 0.0078956 0.0020374 -0.0028636 -0.0108300 -0.0213283 -0.0112531 -0.0075541 -0.0199987 0.0015478 -0.0016473 -0.0097026 0.0005250 -0.0103739 0.0010749 0.0023604 -0.0080894 -0.0071837 -0.0114908 -0.0179256 -0.0142208 0.0046254 -0.0106289 -0.0145179 -0.0141145 -0.0024357 -0.0053079 -0.0188960 -0.0066064 -0.0043013 -0.0064433 -0.0043542 -0.0095869 -0.0107643 -0.0075344 0.0060913 -0.0049085 -0.0155295
0.0030758 0.0132783 0.0012929 -0.0246446 0.0019208 0.0031238 0.0314007 -0.0218185 -0.0292956 -0.0071900 -0.0108582 0.0026249 0.0028307 -0.0163555 -0.0081726 -0.0211511 -0.0166795 -0.0080172 -0.0124707 -0.0254071 0.0218366 0.0019514 -0.0171022 0.0031783 -0.0138271 -0.0249994 -0.0093237 0.0329187 -0.0117593 -0.0266674 -0.0210342 0.0156937 -0.0007368 -0.0044597 -0.0129809 -0.0131360 -0.0155469 -0.0123037 -0.0202013 0.0007364 0.0137385 -0.0102692 0.0032647 1.0244300 0.0096256 0.0052338 0.0124512 -0.0136768 -0.0162525 -0.0139488 -0.0032737 -0.0339436 0.0020474 0.0035661 -0.0212745 0.0105132 -0.0100326 0.0157124 0.0093201 -0.0108113 -0.0062177 -0.0088696 -0.0261887 -0.0191859 0.0048066 -0.0300325 -0.0126555 -0.0201065 0.0050994 -0.0076159 -0.0276227 -0.0124939 -0.0058501 -0.0056027 0.0016246 -0.0035533 -0.0196249 -0.0104791 0.0224675 -0.0162803 -0.0178851
0.0008816 0.0178360 -0.0044150 -0.0312299 0.0020154 0.0103465 0.0501027 -0.0301447 -0.0444557 -0.0097529 -0.0134762 0.0098114 0.0064458 -0.0097074 -0.0060194 -0.0185626 -0.0224297 -0.0114746 -0.0116348 -0.0282208 0.0296325 0.0079370 -0.0188499 0.0026563 -0.0030014 -0.0346996 -0.0113155 0.0392467 -0.0110655 -0.0315323 -0.0326563 0.0275740 0.0062242 -0.0130143 0.0003624 -0.0058958 -0.0172140 -0.0011561 -0.0142303 0.0075773 0.0216645 -0.0153037 0.0078956 0.0096256 1.0405145 0.0073429 0.0226431 -0.0213083 -0.0280736 -0.0121482 -0.0042113 -0.0390541 0.0000637 -0.0022000 -0.0270878 0.0093394 -0.0124790 0.0222385 0.0108397 -0.0183438 -0.0098312 -0.0153185 -0.0275472 -0.0178191 0.0127722 -0.0338061 -0.0211317 -0.0224943 0.0053219 -0.0095367 -0.0299888 -0.0112839 -0.0042055 -0.0070581 -0.0006452 -0.0063662 -0.0217842 -0.0118595 0.0301118 -0.0163597 -0.0240051
-0.0040288 0.0099199 0.0007459 -0.0224363 -0.0028474 0.0012110 0.0143664 -0.0239162 -0.0258333 -0.0118791 -0.0086152 -0.0059049 0.0021343 -0.0093405 -0.0065738 -0.0161936 -0.0114358 -0.0072805 -0.0076673 -0.0122125 0.0100746 0.0027324 -0.0139402 -0.0023403 -0.0123705 -0.0190012 -0.0154408 0.0159181 -0.0084013 -0.0202513 -0.0208227 0.0117114 0.0005023 -0.0113972 -0.0020745 -0.0124060 -0.0132784 -0.0144737 -0.0189420 -0.0072100 0.0068770 -0.0057703 0.0020374 0.0052338 0.0073429 1.0113852 0.0052970 -0.0131004 -0.0169396 -0.0144924 -0.0007234 -0.0237006 0.0027302 0.0020654 -0.0110930 0.0000441 -0.0070339 0.0113643 0.0003752 -0.0137714 -0.0095884 -0.0113098 -0.0180934 -0.0157580 0.0059687 -0.0245550 -0.0133730 -0.0170558 0.0029838 -0.0038604 -0.0160573 -0.0069606 -0.0014495 -0.0093288 -0.0051491 -0.0031022 -0.0134746 -0.0006527 0.0145958 -0.0126285 -0.0190571
