1.0491596 -0.0011405 -0.0198491 -0.0161027 -0.0210613 -0.0097035 0.0002238 -0.0214913 -0.0104453 -0.0265861 -0.0095813 -0.0241368 -0.0090904 -0.0371094 -0.0109156 -0.0205567 -0.0264861 0.0058247 -0.0206751 -0.0024416 -0.0080642 -0.0221838 -0.0069381 -0.0194827 -0.0117604 -0.0076846 -0.0151438 -0.0029327 -0.0182127 -0.0006279 -0.0058829 -0.0242130 -0.0051939 -0.0190237 0.0027051 -0.0121047 -0.0086482 0.0012800 -0.0138980 -0.0081081 0.0005892 -0.0070334 -0.0082091 -0.0176844 -0.0200702 -0.0019819 -0.0103830 -0.0043608 -0.0057349 -0.0077330 -0.0084976 -0.0074990 -0.0080448 -0.0048679 -0.0042035 -0.0062662 -0.0023968 -0.0155661 -0.0081595 0.0008162 -0.0235916 -0.0093106 0.0078063 0.0028009 -0.0205529 -0.0107717 -0.0060540 -0.0131071 -0.0099399 -0.0077325 -0.0139649 -0.0109187 -0.0131693 -0.0056313 -0.0103824 -0.0050532 -0.0089657 -0.0100381 0.0029098 -0.0045273 -0.0141946
-0.0011405 1.0595949 0.0122441 -0.0341620 -0.0189222 -0.0122475 0.0208852 -0.0664085 -0.0091509 -0.0220739 -0.0264726 -0.0443017 -0.0220888 -0.0699165 -0.0259395 -0.0299801 -0.0658491 0.0474335 -0.0298886 0.0397866 0.0083784 -0.0754648 -0.0207210 -0.0178393 -0.0069358 -0.0034518 0.0094492 -0.0033847 -0.0170483 0.0129393 0.0160686 -0.0488695 0.0099314 -0.0320886 0.0328000 -0.0046593 -0.0179062 0.0420278 -0.0366765 0.0141568 0.0012627 0.0259816 -0.0191890 -0.0395076 -0.0089902 0.0151015 0.0205630 0.0206889 0.0061170 -0.0099315 -0.0136486 -0.0150262 -0.0275159 0.0340414 0.0037575 -0.0123763 -0.0140181 -0.0164258 -0.0352495 0.0088362 -0.0620881 0.0138871 0.0194416 0.0408017 -0.0501366 -0.0432948 -0.0003178 -0.0218186 -0.0122400 -0.0142343 -0.0327675 -0.0014874 -0.0096486 -0.0126962 -0.0149486 0.0004030 0.0087977 0.0017458 0.0291405 0.0061785 -0.0191374
-0.0198491 0.0122441 1.0520297 -0.0159049 -0.0207237 -0.0115451 0.0115110 -0.0359577 -0.0189818 -0.0277901 -0.0164072 -0.0376807 -0.0169981 -0.0448548 -0.0162366 -0.0172746 -0.0334386 0.0246859 -0.0170929 0.0119161 -0.0073850 -0.0386036 -0.0196330 -0.0185671 -0.0022646 -0.0112201 0.0064525 0.0047155 -0.0151697 -0.0031437 -0.0164650 -0.0404922 -0.0000434 -0.0246384 0.0101700 -0.0138413 -0.0149865 0.0238320 -0.0160579 0.0045873 -0.0088134 0.0024698 -0.0213769 -0.0241331 0.0001659 -0.0039067 0.0090693 0.0027592 -0.0035585 -0.0066311 -0.0088404 -0.0196788 -0.0144411 0.0111430 0.0024150 -0.0051687 -0.0083589 -0.0113948 -0.0181013 -0.0000297 -0.0438791 -0.0005000 0.0182387 0.0202521 -0.0346449 -0.0310306 -0.0127360 -0.0099965 -0.0122023 -0.0097222 -0.0245730 -0.0128456 -0.0129510 -0.0123115 -0.0112153 -0.0036460 0.0030430 -0.0031202 0.0103166 -0.0010325 -0.0262716
-0.0161027 -0.0341620 -0.0159049 1.0322160 -0.0197514 -0.0200348 -0.0230198 0.0110202 -0.0043278 -0.0086028 -0.0040187 -0.0044689 -0.0163812 0.0073419 -0.0124966 -0.0107324 0.0171690 -0.0271960 -0.0187953 -0.0226794 -0.0099487 0.0063247 -0.0152401 -0.0039454 -0.0175580 -0.0084920 -0.0090848 -0.0124659 -0.0249950 -0.0219994 -0.0169051 0.0057326 -0.0112276 0.0002904 -0.0298793 -0.0092181 -0.0083708 -0.0302243 -0.0025467 -0.0201230 -0.0121538 -0.0210841 -0.0128799 -0.0035885 -0.0126326 -0.0182372 -0.0114905 -0.0151438 -0.0133805 -0.0034720 -0.0107956 -0.0142001 0.0019922 -0.0123754 -0.0120675 -0.0190062 -0.0110889 -0.0063460 -0.0019734 -0.0123520 0.0121809 -0.0097094 -0.0139611 -0.0299047 0.0116871 0.0055313 -0.0027002 -0.0008356 -0.0048417 -0.0030659 -0.0001189 -0.0062884 -0.0098383 -0.0077996 0.0017920 -0.0146351 -0.0146770 -0.0007992 -0.0168559 -0.0142484 -0.0116504
-0.0210613 -0.0189222 -0.0207237 -0.0197514 1.0049394 -0.0127811 -0.0127732 -0.0163440 -0.0095169 -0.0161875 -0.0086708 -0.0129238 -0.0065698 -0.0129445 -0.0108502 -0.0181040 -0.0151420 0.0021114 -0.0193254 -0.0093819 -0.0050911 -0.0187264 -0.0194335 -0.0170180 -0.0082473 -0.0099739 -0.0105327 -0.0062206 -0.0133909 -0.0282940 -0.0089020 -0.0106871 -0.0014796 -0.0078178 -0.0066525 -0.0179963 -0.0098648 -0.0041735 -0.0217011 -0.0215400 -0.0037144 -0.0137506 -0.0108051 -0.0112065 -0.0042392 -0.0048258 -0.0103936 -0.0094994 -0.0090555 -0.0065939 0.0006127 -0.0066127 -0.0029643 -0.0080585 -0.0037655 -0.0025524 -0.0023898 0.0006114 -0.0152305 -0.0082519 -0.0088369 -0.0085656 -0.0027563 -0.0024600 -0.0167997 -0.0161988 -0.0052380 -0.0132525 -0.0035839 -0.0091787 -0.0137352 -0.0019626 -0.0087524 -0.0108030 -0.0099509 -0.0060202 -0.0146531 -0.0091262 -0.0047780 -0.0132106 -0.0043570
-0.0097035 -0.0122475 -0.0115451 -0.0200348 -0.0127811 1.0335778 -0.0062572 -0.0100668 -0.0220799 -0.0107785 -0.0083619 -0.0040689 -0.0149293 -0.0133623 -0.0107625 -0.0120124 -0.0114807 -0.0122014 -0.0172195 -0.0149818 -0.0092036 -0.0183928 -0.0115864 -0.0099863 -0.0176842 -0.0156937 -0.0046011 -0.0054434 -0.0153114 -0.0148408 -0.0119034 -0.0128498 -0.0084294 -0.0050477 -0.0074739 -0.0096279 -0.0035302 -0.0130594 -0.0198689 -0.0118834 -0.0080165 -0.0068478 -0.0203208 -0.0024865 -0.0100021 -0.0065087 -0.0002510 -0.0075480 -0.0100836 -0.0052046 -0.0070362 -0.0027806 -0.0085851 -0.0041203 -0.0075159 -0.0107201 -0.0038202 -0.0120630 -0.0072637 -0.0058182 -0.0082183 -0.0109839 -0.0099812 -0.0072924 -0.0114532 -0.0049180 -0.0149770 -0.0140218 -0.0123989 -0.0049460 -0.0114101 -0.0056668 -0.0002833 -0.0056854 -0.0027423 -0.0011442 -0.0113403 -0.0082353 -0.0007624 -0.0076216 -0.0024554
0.0002238 0.0208852 0.0115110 -0.0230198 -0.0127732 -0.0062572 1.0582238 -0.0507925 -0.0083932 -0.0400464 -0.0319543 -0.0559865 -0.0199454 -0.0733333 -0.0166969 -0.0224985 -0.0647902 0.0430437 -0.0328237 0.0374221 0.0063012 -0.0718962 -0.0251589 -0.0193712 -0.0159754 -0.0053595 0.0203341 -0.0001000 -0.0079507 0.0027307 0.0019938 -0.0381426 0.0074212 -0.0357717 0.0313216 -0.0057717 -0.0167430 0.0363039 -0.0278666 0.0097202 0.0015223 0.0270954 -0.0108419 -0.0373393 -0.0078008 0.0053730 0.0229759 0.0182560 -0.0018185 -0.0062378 -0.0081872 -0.0152058 -0.0325430 0.0402986 0.0098427 -0.0085430 -0.0041648 -0.0174362 -0.0276837 0.0124457 -0.0597808 0.0050415 0.0175384 0.0313854 -0.0496052 -0.0454172 -0.0008407 -0.0151229 -0.0140224 -0.0090448 -0.0319899 -0.0019078 -0.0093247 -0.0156815 -0.0119403 -0.0008956 0.0043894 0.0023354 0.0202297 0.0103239 -0.0083944
-0.0214913 -0.0664085 -0.0359577 0.0110202 -0.0163440 -0.0100668 -0.0507925 1.0716366 -0.0037953 0.0004755 0.0047866 0.0548472 0.0020063 0.0673943 0.0058493 0.0042640 0.0686742 -0.0760537 0.0273571 -0.0687920 -0.0245981 0.0741866 0.0029791 -0.0074558 -0.0179539 -0.0228568 -0.0430263 -0.0202132 -0.0198122 -0.0321052 -0.0452847 0.0308452 -0.0261663 0.0258332 -0.0645833 -0.0087256 -0.0023718 -0.0665995 0.0176254 -0.0382331 -0.0065750 -0.0546075 -0.0095339 0.0359762 -0.0088271 -0.0279700 -0.0449643 -0.0357329 -0.0203368 0.0002746 0.0029953 0.0039578 0.0259483 -0.0562536 -0.0213099 -0.0036168 -0.0150372 -0.0001534 0.0154322 -0.0323279 0.0809335 -0.0283806 -0.0459884 -0.0582202 0.0514036 0.0370733 -0.0185256 0.0023317 -0.0053495 -0.0068374 0.0264129 -0.0144617 -0.0021316 0.0063993 0.0038960 -0.0203721 -0.0237621 -0.0122114 -0.0523368 -0.0213670 0.0086451
-0.0104453 -0.0091509 -0.0189818 -0.0043278 -0.0095169 -0.0220799 -0.0083932 -0.0037953 1.0182111 -0.0052624 -0.0082628 -0.0017597 -0.0013127 -0.0090993 -0.0099471 -0.0110057 -0.0042531 -0.0084669 -0.0099837 -0.0176757 -0.0099247 -0.0072140 -0.0055784 -0.0088144 -0.0188711 -0.0118336 -0.0226892 -0.0090761 -0.0136326 -0.0072851 -0.0139072 -0.0048854 -0.0084437 -0.0133400 -0.0076501 -0.0118003 -0.0031704 -0.0098030 -0.0047870 -0.0185238 -0.0009525 -0.0105685 -0.0120068 -0.0060451 -0.0085521 -0.0103578 -0.0105993 -0.0054554 -0.0086701 -0.0097941 -0.0079946 -0.0076576 -0.0051292 -0.0057822 -0.0034278 -0.0109401 -0.0090179 -0.0028891 -0.0047806 -0.0097212 0.0022108 -0.0093423 -0.0056877 -0.0169225 -0.0075506 -0.0056693 -0.0045299 -0.0035898 -0.0043045 -0.0055950 -0.0022648 -0.0050598 -0.0007852 -0.0048862 -0.0054144 -0.0120936 -0.0165194 -0.0101962 -0.0099711 -0.0105707 -0.0115803
-0.0265861 -0.0220739 -0.0277901 -0.0086028 -0.0161875 -0.0107785 -0.0400464 0.0004755 -0.0052624 1.0264840 -0.0087960 0.0105144 -0.0043426 0.0136411 -0.0077350 -0.0034311 0.0154296 -0.0345424 -0.0082337 -0.0257784 -0.0047369 0.0244068 -0.0150699 -0.0032622 -0.0114140 -0.0190884 -0.0250105 -0.0060542 -0.0219247 -0.0194967 -0.0249615 -0.0002950 -0.0142278 0.0012383 -0.0310411 -0.0033461 0.0033899 -0.0267645 -0.0000486 -0.0169564 -0.0123046 -0.0195785 -0.0060983 0.0133747 -0.0045553 -0.0211655 -0.0244065 -0.0258916 -0.0142404 -0.0137374 -0.0012924 -0.0005701 0.0012916 -0.0244294 -0.0133404 -0.0078421 -0.0024208 -0.0030351 -0.0036847 -0.0140497 0.0215883 -0.0239776 -0.0164249 -0.0286093 0.0058263 0.0007930 -0.0105147 -0.0048110 -0.0064760 -0.0133777 -0.0037322 -0.0135017 -0.0122782 -0.0084071 0.0034041 -0.0110594 -0.0073573 -0.0103238 -0.0191672 -0.0153873 -0.0042959
-0.0095813 -0.0264726 -0.0164072 -0.0040187 -0.0086708 -0.0083619 -0.0319543 0.0047866 -0.0082628 -0.0087960 1.0391023 0.0098871 -0.0137550 0.0132750 -0.0092517 0.0034836 0.0147193 -0.0214718 0.0024496 -0.0221090 -0.0143797 0.0007948 -0.0195123 -0.0076277 -0.0166414 -0.0187196 -0.0231764 -0.0123904 -0.0030282 -0.0235447 -0.0243924 0.0094772 -0.0150542 0.0004697 -0.0309158 -0.0084399 -0.0112568 -0.0254255 -0.0036410 -0.0136226 -0.0058885 -0.0172191 -0.0133278 0.0006226 -0.0124531 -0.0153252 -0.0225534 -0.0166474 -0.0168075 -0.0089845 -0.0057790 -0.0113542 0.0001447 -0.0247825 -0.0118119 -0.0138656 -0.0139335 -0.0099962 -0.0051980 -0.0147125 0.0146395 -0.0186025 -0.0193854 -0.0246679 0.0042566 0.0103499 -0.0091193 -0.0025758 -0.0107396 -0.0130899 0.0020408 -0.0132595 -0.0042774 -0.0050695 0.0000676 -0.0090995 -0.0126790 -0.0140678 -0.0207454 -0.0153384 -0.0018651
-0.0241368 -0.0443017 -0.0376807 -0.0044689 -0.0129238 -0.0040689 -0.0559865 0.0548472 -0.0017597 0.0105144 0.0098871 1.0527893 -0.0006901 0.0818866 0.0026998 0.0089043 0.0639107 -0.0709919 0.0222365 -0.0735149 -0.0276052 0.0736930 0.0028183 0.0001999 -0.0031617 -0.0225579 -0.0439482 -0.0202702 -0.0241312 -0.0316123 -0.0472252 0.0401010 -0.0241109 0.0288108 -0.0709736 -0.0024618 0.0030180 -0.0590660 0.0160108 -0.0448704 -0.0153677 -0.0506403 0.0009850 0.0385475 -0.0091668 -0.0319906 -0.0454119 -0.0354078 -0.0157521 0.0012326 0.0025970 0.0036115 0.0248759 -0.0551923 -0.0186036 -0.0062470 -0.0045159 0.0001956 0.0191914 -0.0319603 0.0695726 -0.0242814 -0.0403545 -0.0525170 0.0434573 0.0356237 -0.0087826 0.0078100 -0.0044798 -0.0049430 0.0255969 -0.0112132 0.0062244 0.0081223 0.0135496 -0.0128713 -0.0184521 -0.0109127 -0.0484435 -0.0185772 -0.0002587
-0.0090904 -0.0220888 -0.0169981 -0.0163812 -0.0065698 -0.0149293 -0.0199454 0.0020063 -0.0013127 -0.0043426 -0.0137550 -0.0006901 1.0138947 0.0008909 -0.0025605 -0.0054954 0.0088965 -0.0170846 -0.0077407 -0.0229972 -0.0120782 0.0055596 -0.0101872 -0.0075494 -0.0175347 -0.0119918 -0.0125176 -0.0070225 -0.0136489 -0.0153916 -0.0215746 -0.0058039 -0.0102322 0.0087323 -0.0138195 -0.0028424 -0.0057135 -0.0102612 -0.0080695 -0.0159566 -0.0132422 -0.0122536 -0.0074578 -0.0054037 -0.0032900 -0.0096829 -0.0117514 -0.0093991 -0.0057271 -0.0097005 -0.0084192 -0.0101564 -0.0012682 -0.0150601 -0.0087648 -0.0076811 -0.0104723 -0.0096161 -0.0005712 -0.0125567 -0.0021387 -0.0148095 -0.0166910 -0.0126020 -0.0064221 0.0006652 -0.0052113 0.0000400 -0.0052580 -0.0107032 -0.0007622 -0.0018470 -0.0013178 -0.0007120 -0.0001651 -0.0075074 -0.0114886 -0.0094837 -0.0167982 -0.0064055 -0.0062897
-0.0371094 -0.0699165 -0.0448548 0.0073419 -0.0129445 -0.0133623 -0.0733333 0.0673943 -0.0090993 0.0136411 0.0132750 0.0818866 0.0008909 1.1226909 0.0047090 0.0125116 0.0934127 -0.0989630 0.0248774 -0.0936988 -0.0227591 0.1011752 0.0057069 -0.0102413 -0.0049924 -0.0246196 -0.0637436 -0.0204108 -0.0250938 -0.0395635 -0.0578113 0.0455859 -0.0327489 0.0472260 -0.0853349 -0.0057143 0.0046846 -0.0840718 0.0219689 -0.0518629 -0.0191899 -0.0621297 0.0056584 0.0378719 -0.0012579 -0.0393859 -0.0546911 -0.0473163 -0.0287958 -0.0093592 0.0047711 0.0050335 0.0337594 -0.0828565 -0.0294200 -0.0131061 -0.0114297 -0.0033708 0.0363552 -0.0445990 0.0923747 -0.0394085 -0.0600696 -0.0767234 0.0708387 0.0556112 -0.0070934 0.0163252 0.0005890 -0.0078337 0.0365909 -0.0080854 -0.0027323 0.0079983 0.0161353 -0.0213953 -0.0280783 -0.0218537 -0.0716361 -0.0309062 0.0094480
-0.0109156 -0.0259395 -0.0162366 -0.0124966 -0.0108502 -0.0107625 -0.0166969 0.0058493 -0.0099471 -0.0077350 -0.0092517 0.0026998 -0.0025605 0.0047090 1.0205306 -0.0056720 0.0068630 -0.0167100 -0.0163581 -0.0299208 -0.0121323 0.0058690 -0.0046675 -0.0145886 -0.0190377 -0.0133859 -0.0207862 -0.0087276 -0.0144435 -0.0180943 -0.0240842 0.0027694 0.0001623 0.0011096 -0.0188671 -0.0072955 -0.0039794 -0.0150720 -0.0077905 -0.0096260 -0.0202800 -0.0187815 -0.0046211 -0.0041319 -0.0055859 -0.0139409 -0.0122278 -0.0125548 -0.0115450 -0.0116930 -0.0043439 -0.0105246 0.0050301 -0.0272538 -0.0053285 -0.0147058 -0.0109573 -0.0043749 -0.0059095 -0.0114643 0.0030299 -0.0157579 -0.0181732 -0.0177257 0.0012266 0.0001620 -0.0165242 -0.0094426 -0.0062140 -0.0127834 -0.0093840 0.0019378 -0.0078983 -0.0078756 -0.0046849 -0.0101209 -0.0197312 -0.0027315 -0.0173739 -0.0059256 -0.0031336
-0.0205567 -0.0299801 -0.0172746 -0.0107324 -0.0181040 -0.0120124 -0.0224985 0.0042640 -0.0110057 -0.0034311 0.0034836 0.0089043 -0.0054954 0.0125116 -0.0056720 1.0194565 0.0222900 -0.0330030 -0.0043321 -0.0277185 -0.0126441 0.0162728 -0.0093166 -0.0078373 -0.0233125 -0.0159518 -0.0251033 -0.0147617 -0.0117569 -0.0177209 -0.0194514 0.0036078 -0.0175722 0.0103637 -0.0337477 0.0026528 -0.0023903 -0.0195013 0.0027724 -0.0218341 -0.0023072 -0.0157599 -0.0107053 0.0067837 -0.0064113 -0.0181038 -0.0292551 -0.0194640 -0.0116525 -0.0121965 -0.0013557 -0.0055552 -0.0001116 -0.0271688 -0.0111919 -0.0053969 -0.0082515 -0.0082346 0.0040224 -0.0086580 0.0139850 -0.0193122 -0.0215464 -0.0190900 0.0138824 0.0092909 -0.0072869 -0.0113524 -0.0057425 -0.0051457 -0.0001248 -0.0098027 -0.0052693 -0.0083075 0.0005396 -0.0172605 -0.0208257 -0.0125998 -0.0179140 -0.0116013 -0.0005936
-0.0264861 -0.0658491 -0.0334386 0.0171690 -0.0151420 -0.0114807 -0.0647902 0.0686742 -0.0042531 0.0154296 0.0147193 0.0639107 0.0088965 0.0934127 0.0068630 0.0222900 1.0804763 -0.0809776 0.0331230 -0.0751843 -0.0180313 0.0965881 0.0042002 -0.0011683 -0.0075853 -0.0163629 -0.0462617 -0.0179694 -0.0072977 -0.0365503 -0.0541671 0.0495482 -0.0250719 0.0395897 -0.0692269 -0.0060933 0.0086843 -0.0722605 0.0229700 -0.0420757 -0.0149986 -0.0523213 -0.0010772 0.0421336 -0.0009676 -0.0297661 -0.0487489 -0.0359390 -0.0212967 -0.0019270 0.0022916 0.0021833 0.0272391 -0.0639871 -0.0213177 -0.0043233 -0.0024077 0.0003421 0.0232944 -0.0320374 0.0835149 -0.0320700 -0.0486025 -0.0649494 0.0573467 0.0430185 -0.0101373 0.0178754 0.0072978 -0.0027509 0.0368971 -0.0128383 0.0018998 0.0060997 0.0080554 -0.0225452 -0.0226723 -0.0131966 -0.0520480 -0.0237324 0.0097617
0.0058247 0.0474335 0.0246859 -0.0271960 0.0021114 -0.0122014 0.0430437 -0.0760537 -0.0084669 -0.0345424 -0.0214718 -0.0709919 -0.0170846 -0.0989630 -0.0167100 -0.0330030 -0.0809776 1.1052742 -0.0444397 0.0716777 0.0076064 -0.1043359 -0.0114770 -0.0184640 -0.0034545 0.0080717 0.0331786 0.0109669 -0.0017664 0.0184364 0.0313769 -0.0650684 0.0125613 -0.0424064 0.0602384 -0.0063989 -0.0169684 0.0589508 -0.0361925 0.0262231 0.0030569 0.0399542 -0.0101879 -0.0549090 -0.0118983 0.0238677 0.0368639 0.0345734 0.0068889 -0.0033728 -0.0129949 -0.0109365 -0.0351365 0.0549463 0.0163336 -0.0035057 -0.0001999 -0.0127796 -0.0325874 0.0221075 -0.0846331 0.0257125 0.0288333 0.0562734 -0.0666452 -0.0513180 0.0003104 -0.0205053 -0.0157528 -0.0076366 -0.0391829 -0.0009759 -0.0095980 -0.0178571 -0.0133318 0.0090156 0.0113565 0.0120747 0.0387702 0.0108991 -0.0177974
-0.0206751 -0.0298886 -0.0170929 -0.0187953 -0.0193254 -0.0172195 -0.0328237 0.0273571 -0.0099837 -0.0082337 0.0024496 0.0222365 -0.0077407 0.0248774 -0.0163581 -0.0043321 0.0331230 -0.0444397 1.0161096 -0.0420919 -0.0169309 0.0296238 -0.0205027 -0.0025404 -0.0073870 -0.0248108 -0.0277495 -0.0117549 -0.0163981 -0.0165360 -0.0287925 0.0082888 -0.0116586 0.0043913 -0.0369050 -0.0110728 -0.0003761 -0.0377411 -0.0022806 -0.0211664 -0.0120950 -0.0259118 -0.0058934 0.0075134 -0.0061991 -0.0175627 -0.0267062 -0.0128744 -0.0219156 -0.0070719 0.0043138 -0.0033261 0.0050615 -0.0278755 -0.0171894 0.0004917 -0.0012666 -0.0041515 0.0011503 -0.0194384 0.0286878 -0.0226308 -0.0174976 -0.0358414 0.0213675 0.0082603 -0.0135742 -0.0013732 -0.0052659 -0.0034772 -0.0007100 -0.0120353 -0.0041080 -0.0048319 -0.0003341 -0.0164684 -0.0043897 -0.0174112 -0.0226479 -0.0136989 -0.0099179
-0.0024416 0.0397866 0.0119161 -0.0226794 -0.0093819 -0.0149818 0.0374221 -0.0687920 -0.0176757 -0.0257784 -0.0221090 -0.0735149 -0.0229972 -0.0936988 -0.0299208 -0.0277185 -0.0751843 0.0716777 -0.0420919 1.1068288 0.0070451 -0.0885565 -0.0198260 -0.0101369 -0.0130358 -0.0001703 0.0200401 0.0137389 0.0015216 0.0211543 0.0245372 -0.0436711 0.0104064 -0.0514845 0.0425649 -0.0087820 -0.0224023 0.0401713 -0.0348851 0.0342088 0.0035978 0.0334995 -0.0099623 -0.0459564 -0.0152494 0.0153436 0.0329261 0.0307197 0.0072918 -0.0106311 -0.0083766 -0.0196558 -0.0363126 0.0533835 0.0121665 -0.0118075 -0.0095563 -0.0189566 -0.0373815 0.0184837 -0.0837901 0.0098859 0.0301096 0.0543234 -0.0639173 -0.0507593 0.0029877 -0.0224290 -0.0122802 -0.0085235 -0.0411275 -0.0036311 -0.0057552 -0.0191059 -0.0240027 0.0041676 0.0113904 0.0085411 0.0425753 0.0076436 -0.0188462
-0.0080642 0.0083784 -0.0073850 -0.0099487 -0.0050911 -0.0092036 0.0063012 -0.0245981 -0.0099247 -0.0047369 -0.0143797 -0.0276052 -0.0120782 -0.0227591 -0.0121323 -0.0126441 -0.0180313 0.0076064 -0.0169309 0.0070451 1.0329940 -0.0283530 -0.0206499 -0.0162065 -0.0080252 -0.0093265 -0.0053627 0.0001470 -0.0181542 0.0048019 -0.0067684 -0.0130706 0.0029487 -0.0090844 0.0026338 -0.0073822 -0.0093926 0.0025799 -0.0029802 -0.0036445 -0.0029119 0.0045566 -0.0055126 -0.0165218 -0.0080493 -0.0012511 0.0020105 0.0005348 -0.0058399 -0.0092588 -0.0001824 -0.0118777 -0.0108717 0.0031702 0.0029866 -0.0072657 -0.0068381 -0.0021068 -0.0144820 -0.0007491 -0.0238397 -0.0028266 0.0013631 0.0062083 -0.0262409 -0.0172509 -0.0093930 -0.0109689 -0.0051845 -0.0126247 -0.0129562 -0.0037903 -0.0034031 -0.0088215 -0.0029194 -0.0080541 -0.0034512 0.0017090 0.0039949 -0.0000708 -0.0094614
-0.0221838 -0.0754648 -0.0386036 0.0063247 -0.0187264 -0.0183928 -0.0718962 0.0741866 -0.0072140 0.0244068 0.0007948 0.0736930 0.0055596 0.1011752 0.0058690 0.0162728 0.0965881 -0.1043359 0.0296238 -0.0885565 -0.0283530 1.1488388 0.0016170 0.0038063 -0.0128951 -0.0281178 -0.0605176 -0.0288954 -0.0196758 -0.0336108 -0.0527490 0.0463253 -0.0332483 0.0426308 -0.0848959 -0.0106569 0.0095580 -0.0837031 0.0217984 -0.0600427 -0.0185294 -0.0639080 -0.0035641 0.0457357 -0.0023161 -0.0377930 -0.0696995 -0.0542868 -0.0252843 -0.0111378 0.0107786 0.0097231 0.0305854 -0.0828445 -0.0287457 0.0008266 -0.0122130 0.0058186 0.0314581 -0.0421666 0.0967527 -0.0399283 -0.0654470 -0.0830323 0.0768476 0.0514801 -0.0100605 0.0131311 0.0025870 -0.0092376 0.0475249 -0.0107284 -0.0088504 0.0017058 0.0075376 -0.0201542 -0.0231114 -0.0182232 -0.0707744 -0.0307284 0.0149763
-0.0069381 -0.0207210 -0.0196330 -0.0152401 -0.0194335 -0.0115864 -0.0251589 0.0029791 -0.0055784 -0.0150699 -0.0195123 0.0028183 -0.0101872 0.0057069 -0.0046675 -0.0093166 0.0042002 -0.0114770 -0.0205027 -0.0198260 -0.0206499 0.0016170 1.0283896 -0.0195342 -0.0231325 -0.0047635 -0.0254366 -0.0105769 -0.0092668 -0.0167257 -0.0217610 -0.0081553 -0.0102719 -0.0046185 -0.0250633 -0.0080262 -0.0022585 -0.0178080 -0.0060543 -0.0186870 -0.0089872 -0.0162195 -0.0077047 0.0044345 -0.0098959 -0.0190008 -0.0105994 -0.0142710 -0.0023008 -0.0090964 -0.0045699 -0.0092592 0.0000071 -0.0223566 -0.0057691 -0.0008342 -0.0091334 -0.0132556 -0.0043040 -0.0148509 0.0078013 -0.0130041 -0.0096095 -0.0124920 0.0042925 -0.0032868 -0.0146218 -0.0017388 -0.0038943 -0.0064077 -0.0021543 -0.0089151 -0.0165552 -0.0052196 -0.0036579 -0.0076838 -0.0069926 -0.0085845 -0.0174210 -0.0142791 -0.0093519
-0.0194827 -0.0178393 -0.0185671 -0.0039454 -0.0170180 -0.0099863 -0.0193712 -0.0074558 -0.0088144 -0.0032622 -0.0076277 0.0001999 -0.0075494 -0.0102413 -0.0145886 -0.0078373 -0.0011683 -0.0184640 -0.0025404 -0.0101369 -0.0162065 0.0038063 -0.0195342 1.0242878 -0.0013891 -0.0204550 -0.0116807 -0.0150282 -0.0162753 -0.0121067 -0.0157500 -0.0091766 -0.0086485 -0.0101185 -0.0149436 0.0006826 -0.0047471 -0.0151597 -0.0194330 -0.0139013 -0.0147604 -0.0129539 -0.0130910 -0.0082211 -0.0094956 -0.0147717 -0.0137481 -0.0151207 -0.0126632 -0.0016299 -0.0046108 -0.0099350 -0.0050043 -0.0142072 -0.0089501 -0.0133234 -0.0032373 -0.0127658 -0.0092699 -0.0153090 -0.0039216 -0.0161571 -0.0100434 -0.0119139 -0.0084638 -0.0025434 -0.0036926 -0.0056858 -0.0038438 -0.0095934 -0.0040871 -0.0135813 -0.0059048 -0.0080230 -0.0068342 -0.0143831 -0.0149037 -0.0056812 -0.0147614 -0.0025596 -0.0155887
-0.0117604 -0.0069358 -0.0022646 -0.0175580 -0.0082473 -0.0176842 -0.0159754 -0.0179539 -0.0188711 -0.0114140 -0.0166414 -0.0031617 -0.0175347 -0.0049924 -0.0190377 -0.0233125 -0.0075853 -0.0034545 -0.0073870 -0.0130358 -0.0080252 -0.0128951 -0.0231325 -0.0013891 1.0308490 -0.0007866 -0.0122236 -0.0019796 -0.0034173 -0.0114059 -0.0193764 -0.0056868 -0.0045593 -0.0036893 -0.0077927 -0.0103421 -0.0161828 -0.0145486 -0.0162593 -0.0052469 -0.0107863 -0.0103007 -0.0010193 -0.0141892 -0.0072168 -0.0138057 -0.0085053 -0.0079630 -0.0130698 -0.0126223 -0.0051612 -0.0070541 -0.0038362 -0.0084985 -0.0030701 -0.0137576 -0.0084664 -0.0111359 -0.0005644 -0.0100167 -0.0056214 -0.0078803 -0.0076091 -0.0035665 -0.0030719 -0.0109809 -0.0072750 -0.0118975 -0.0061512 -0.0120128 -0.0165653 -0.0063930 -0.0045390 -0.0015389 -0.0116567 -0.0027971 -0.0070481 -0.0042236 -0.0106314 -0.0060898 -0.0199401
-0.0076846 -0.0034518 -0.0112201 -0.0084920 -0.0099739 -0.0156937 -0.0053595 -0.0228568 -0.0118336 -0.0190884 -0.0187196 -0.0225579 -0.0119918 -0.0246196 -0.0133859 -0.0159518 -0.0163629 0.0080717 -0.0248108 -0.0001703 -0.0093265 -0.0281178 -0.0047635 -0.0204550 -0.0007866 1.0364655 -0.0046499 -0.0024358 -0.0066582 -0.0110316 -0.0123955 -0.0217800 -0.0053704 -0.0142603 -0.0036287 -0.0069404 -0.0090929 0.0006714 -0.0109862 0.0014336 0.0003553 -0.0004764 -0.0117704 -0.0168189 -0.0104789 -0.0099629 -0.0000430 -0.0030168 0.0010110 -0.0069458 -0.0064746 -0.0098345 -0.0120404 0.0085936 -0.0085477 -0.0062356 -0.0013233 -0.0173161 -0.0131578 -0.0091048 -0.0168047 -0.0033736 0.0033393 0.0080224 -0.0182493 -0.0212846 -0.0083871 -0.0127556 -0.0045618 -0.0072343 -0.0071595 -0.0073993 -0.0068012 -0.0124825 -0.0098256 -0.0008874 -0.0031656 -0.0043022 -0.0043774 -0.0007268 -0.0054911
-0.0151438 0.0094492 0.0064525 -0.0090848 -0.0105327 -0.0046011 0.0203341 -0.0430263 -0.0226892 -0.0250105 -0.0231764 -0.0439482 -0.0125176 -0.0637436 -0.0207862 -0.0251033 -0.0462617 0.0331786 -0.0277495 0.0200401 -0.0053627 -0.0605176 -0.0254366 -0.0116807 -0.0122236 -0.0046499 1.0428660 0.0004945 -0.0087654 0.0043867 0.0085325 -0.0410830 0.0073498 -0.0341382 0.0304328 -0.0053630 -0.0109183 0.0226025 -0.0205975 0.0082321 -0.0070179 0.0155765 -0.0099858 -0.0247729 -0.0144173 0.0074077 0.0126922 0.0127854 0.0046675 -0.0089932 -0.0114880 -0.0117293 -0.0211445 0.0315208 0.0072692 -0.0128287 -0.0119165 -0.0123221 -0.0237652 0.0070860 -0.0522294 -0.0066759 0.0162667 0.0282942 -0.0462107 -0.0388059 -0.0019458 -0.0231243 -0.0129117 -0.0154855 -0.0221202 -0.0007016 -0.0159938 -0.0151181 -0.0129184 -0.0022522 -0.0000142 -0.0030402 0.0159391 -0.0011958 -0.0136438
-0.0029327 -0.0033847 0.0047155 -0.0124659 -0.0062206 -0.0054434 -0.0001000 -0.0202132 -0.0090761 -0.0060542 -0.0123904 -0.0202702 -0.0070225 -0.0204108 -0.0087276 -0.0147617 -0.0179694 0.0109669 -0.0117549 0.0137389 0.0001470 -0.0288954 -0.0105769 -0.0150282 -0.0019796 -0.0024358 0.0004945 1.0336372 -0.0151314 -0.0045814 0.0059823 -0.0205423 -0.0004667 -0.0185781 0.0113457 -0.0071325 -0.0035937 0.0078271 -0.0076317 0.0031558 0.0005265 0.0070120 -0.0150131 -0.0083504 -0.0078410 0.0002215 0.0039827 0.0023752 0.0016644 -0.0086505 -0.0028908 -0.0112199 -0.0077413 0.0112521 -0.0020391 -0.0018869 -0.0046452 -0.0070057 -0.0055111 -0.0002413 -0.0213680 -0.0070201 0.0026949 0.0087761 -0.0152670 -0.0095916 0.0000796 -0.0087008 -0.0066287 -0.0078324 -0.0106099 -0.0050587 -0.0032434 -0.0069254 -0.0101271 0.0011487 -0.0006681 -0.0022005 0.0019045 -0.0035423 -0.0092410
-0.0182127 -0.0170483 -0.0151697 -0.0249950 -0.0133909 -0.0153114 -0.0079507 -0.0198122 -0.0136326 -0.0219247 -0.0030282 -0.0241312 -0.0136489 -0.0250938 -0.0144435 -0.0117569 -0.0072977 -0.0017664 -0.0163981 0.0015216 -0.0181542 -0.0196758 -0.0092668 -0.0162753 -0.0034173 -0.0066582 -0.0087654 -0.0151314 1.0528084 -0.0062735 -0.0128161 -0.0198537 0.0015509 -0.0158057 -0.0021774 -0.0143411 -0.0086092 0.0008447 -0.0107637 -0.0028840 -0.0037767 -0.0113906 -0.0054972 -0.0093204 -0.0060962 -0.0060863 0.0073020 -0.0048469 -0.0094392 -0.0089114 -0.0019686 -0.0075735 -0.0131791 -0.0018971 -0.0075888 -0.0111156 -0.0067941 -0.0060258 -0.0141450 -0.0107026 -0.0098888 -0.0025306 -0.0075108 -0.0016314 -0.0105550 -0.0066756 -0.0046377 -0.0022034 -0.0147151 -0.0084055 -0.0139124 -0.0059094 -0.0116775 -0.0160686 -0.0033068 -0.0048793 -0.0060012 -0.0095513 -0.0047094 -0.0128294 -0.0089843
-0.0006279 0.0129393 -0.0031437 -0.0219994 -0.0282940 -0.0148408 0.0027307 -0.0321052 -0.0072851 -0.0194967 -0.0235447 -0.0316123 -0.0153916 -0.0395635 -0.0180943 -0.0177209 -0.0365503 0.0184364 -0.0165360 0.0211543 0.0048019 -0.0336108 -0.0167257 -0.0121067 -0.0114059 -0.0110316 0.0043867 -0.0045814 -0.0062735 1.0220920 -0.0011880 -0.0318985 0.0019008 -0.0233950 0.0104317 -0.0126875 -0.0173351 0.0138860 -0.0140147 0.0010280 -0.0037012 0.0008778 -0.0164400 -0.0213533 -0.0130228 -0.0080975 -0.0021155 0.0030658 -0.0027986 -0.0114203 -0.0120775 -0.0132861 -0.0180697 0.0085540 0.0062318 -0.0168883 -0.0146115 -0.0132351 -0.0148847 -0.0063181 -0.0298692 -0.0104210 -0.0007312 0.0143565 -0.0275000 -0.0227044 -0.0053065 -0.0076816 -0.0055644 -0.0117086 -0.0169121 -0.0035097 -0.0070102 -0.0134667 -0.0131319 -0.0144044 -0.0123966 -0.0015530 0.0108147 -0.0056785 -0.0215745
-0.0058829 0.0160686 -0.0164650 -0.0169051 -0.0089020 -0.0119034 0.0019938 -0.0452847 -0.0139072 -0.0249615 -0.0243924 -0.0472252 -0.0215746 -0.0578113 -0.0240842 -0.0194514 -0.0541671 0.0313769 -0.0287925 0.0245372 -0.0067684 -0.0527490 -0.0217610 -0.0157500 -0.0193764 -0.0123955 0.0085325 0.0059823 -0.0128161 -0.0011880 1.0223248 -0.0294909 0.0028131 -0.0313888 0.0241429 -0.0081653 -0.0216571 0.0276812 -0.0317571 0.0076404 -0.0108496 0.0152557 -0.0179085 -0.0442967 -0.0140998 0.0019296 0.0071364 0.0082785 -0.0041073 -0.0059135 -0.0134419 -0.0118379 -0.0237376 0.0258384 0.0056809 -0.0122631 -0.0072810 -0.0117038 -0.0212710 0.0033147 -0.0563169 0.0054035 0.0191770 0.0350347 -0.0376891 -0.0261103 -0.0099714 -0.0255798 -0.0143454 -0.0095817 -0.0255838 -0.0109681 -0.0106922 -0.0109621 -0.0126586 -0.0034402 0.0035896 -0.0018496 0.0108083 0.0010900 -0.0159218
-0.0242130 -0.0488695 -0.0404922 0.0057326 -0.0106871 -0.0128498 -0.0381426 0.0308452 -0.0048854 -0.0002950 0.0094772 0.0401010 -0.0058039 0.0455859 0.0027694 0.0036078 0.0495482 -0.0650684 0.0082888 -0.0436711 -0.0130706 0.0463253 -0.0081553 -0.0091766 -0.0056868 -0.0217800 -0.0410830 -0.0205423 -0.0198537 -0.0318985 -0.0294909 1.0454031 -0.0198771 0.0202547 -0.0474774 -0.0160809 0.0020337 -0.0427579 0.0091021 -0.0342562 -0.0168921 -0.0335197 -0.0106527 0.0205420 0.0017797 -0.0269997 -0.0310712 -0.0328584 -0.0186658 -0.0088328 -0.0023131 0.0023655 0.0176806 -0.0473052 -0.0165676 -0.0065487 -0.0083165 -0.0049304 0.0149797 -0.0299594 0.0429792 -0.0230078 -0.0348991 -0.0421977 0.0361027 0.0122671 -0.0086270 0.0008932 0.0021515 -0.0093727 0.0108269 -0.0129185 -0.0083357 -0.0015430 0.0074584 -0.0098637 -0.0200768 -0.0047746 -0.0407755 -0.0161971 0.0067562
-0.0051939 0.0099314 -0.0000434 -0.0112276 -0.0014796 -0.0084294 0.0074212 -0.0261663 -0.0084437 -0.0142278 -0.0150542 -0.0241109 -0.0102322 -0.0327489 0.0001623 -0.0175722 -0.0250719 0.0125613 -0.0116586 0.0104064 0.0029487 -0.0332483 -0.0102719 -0.0086485 -0.0045593 -0.0053704 0.0073498 -0.0004667 0.0015509 0.0019008 0.0028131 -0.0198771 1.0278549 -0.0143720 0.0158226 -0.0066824 -0.0089498 0.0118816 -0.0141705 0.0037315 -0.0045260 0.0078337 -0.0048982 -0.0196419 -0.0069491 -0.0018364 0.0056835 0.0012353 0.0000472 -0.0039944 -0.0054941 -0.0055677 -0.0140418 0.0101180 0.0035889 -0.0083401 -0.0047072 -0.0067510 -0.0116678 0.0038798 -0.0253540 0.0025103 0.0049204 0.0130850 -0.0209127 -0.0192948 -0.0005766 -0.0118374 -0.0076024 -0.0029006 -0.0163521 -0.0056655 -0.0083534 -0.0088510 -0.0008575 -0.0019002 0.0013005 0.0003017 0.0095510 -0.0087349 -0.0151034
-0.0190237 -0.0320886 -0.0246384 0.0002904 -0.0078178 -0.0050477 -0.0357717 0.0258332 -0.0133400 0.0012383 0.0004697 0.0288108 0.0087323 0.0472260 0.0011096 0.0103637 0.0395897 -0.0424064 0.0043913 -0.0514845 -0.0090844 0.0426308 -0.0046185 -0.0101185 -0.0036893 -0.0142603 -0.0341382 -0.0185781 -0.0158057 -0.0233950 -0.0313888 0.0202547 -0.0143720 1.0188092 -0.0401527 -0.0052739 -0.0025678 -0.0409571 0.0072681 -0.0280248 -0.0114126 -0.0276182 -0.0018468 0.0155642 -0.0005221 -0.0159090 -0.0263843 -0.0268340 -0.0125260 -0.0050258 -0.0032769 -0.0045998 0.0113232 -0.0374465 -0.0156248 -0.0103432 -0.0052558 -0.0017608 0.0168525 -0.0234696 0.0395612 -0.0125807 -0.0291478 -0.0327292 0.0312856 0.0180250 -0.0036804 0.0047925 0.0002392 -0.0036775 0.0143107 -0.0151542 0.0029006 0.0064467 0.0094435 -0.0114926 -0.0184509 -0.0045516 -0.0374162 -0.0146352 -0.0021279
0.0027051 0.0328000 0.0101700 -0.0298793 -0.0066525 -0.0074739 0.0313216 -0.0645833 -0.0076501 -0.0310411 -0.0309158 -0.0709736 -0.0138195 -0.0853349 -0.0188671 -0.0337477 -0.0692269 0.0602384 -0.0369050 0.0425649 0.0026338 -0.0848959 -0.0250633 -0.0149436 -0.0077927 -0.0036287 0.0304328 0.0113457 -0.0021774 0.0104317 0.0241429 -0.0474774 0.0158226 -0.0401527 1.0559002 -0.0053516 -0.0186766 0.0438492 -0.0303042 0.0158328 0.0059040 0.0350929 -0.0033016 -0.0417448 -0.0098623 0.0182221 0.0293141 0.0253779 0.0111229 -0.0092262 -0.0183234 -0.0157678 -0.0255009 0.0510350 0.0117790 -0.0054687 -0.0076839 -0.0098092 -0.0323483 0.0106272 -0.0749435 0.0164239 0.0269252 0.0498011 -0.0646701 -0.0399736 -0.0023949 -0.0216182 -0.0140746 -0.0012944 -0.0445610 -0.0027289 -0.0133053 -0.0157416 -0.0149749 0.0073375 -0.0000918 0.0054044 0.0356301 0.0200366 -0.0157205
-0.0121047 -0.0046593 -0.0138413 -0.0092181 -0.0179963 -0.0096279 -0.0057717 -0.0087256 -0.0118003 -0.0033461 -0.0084399 -0.0024618 -0.0028424 -0.0057143 -0.0072955 0.0026528 -0.0060933 -0.0063989 -0.0110728 -0.0087820 -0.0073822 -0.0106569 -0.0080262 0.0006826 -0.0103421 -0.0069404 -0.0053630 -0.0071325 -0.0143411 -0.0126875 -0.0081653 -0.0160809 -0.0066824 -0.0052739 -0.0053516 1.0053179 -0.0023302 -0.0076202 0.0032474 -0.0063473 -0.0084890 -0.0043088 -0.0069724 -0.0089281 -0.0038915 -0.0048715 -0.0120263 -0.0011043 -0.0059574 -0.0072210 -0.0062660 -0.0045407 -0.0103155 -0.0048757 0.0006200 -0.0121313 -0.0011815 -0.0106051 -0.0037053 -0.0012352 -0.0044732 -0.0058705 -0.0082713 -0.0055794 -0.0032616 -0.0076442 -0.0064364 -0.0061000 -0.0053040 -0.0073110 -0.0021696 -0.0062346 -0.0042510 -0.0106794 0.0020733 -0.0102368 -0.0081997 -0.0023387 -0.0071199 -0.0136088 -0.0079454
-0.0086482 -0.0179062 -0.0149865 -0.0083708 -0.0098648 -0.0035302 -0.0167430 -0.0023718 -0.0031704 0.0033899 -0.0112568 0.0030180 -0.0057135 0.0046846 -0.0039794 -0.0023903 0.0086843 -0.0169684 -0.0003761 -0.0224023 -0.0093926 0.0095580 -0.0022585 -0.0047471 -0.0161828 -0.0090929 -0.0109183 -0.0035937 -0.0086092 -0.0173351 -0.0216571 0.0020337 -0.0089498 -0.0025678 -0.0186766 -0.0023302 1.0154712 -0.0109315 -0.0017068 -0.0109315 -0.0056833 -0.0121379 -0.0055973 0.0005476 0.0013981 -0.0161632 -0.0134245 -0.0141824 -0.0124852 -0.0088467 -0.0022696 0.0026164 -0.0011850 -0.0147683 -0.0075269 -0.0042436 -0.0052298 -0.0041048 0.0050428 -0.0048804 0.0085009 -0.0174669 -0.0188377 -0.0110165 0.0087938 -0.0065296 -0.0110832 0.0071387 -0.0023366 0.0027381 -0.0008897 -0.0047250 -0.0070053 -0.0059303 -0.0052270 -0.0061363 -0.0184227 -0.0060379 -0.0128367 -0.0075150 -0.0070362
0.0012800 0.0420278 0.0238320 -0.0302243 -0.0041735 -0.0130594 0.0363039 -0.0665995 -0.0098030 -0.0267645 -0.0254255 -0.0590660 -0.0102612 -0.0840718 -0.0150720 -0.0195013 -0.0722605 0.0589508 -0.0377411 0.0401713 0.0025799 -0.0837031 -0.0178080 -0.0151597 -0.0145486 0.0006714 0.0226025 0.0078271 0.0008447 0.0138860 0.0276812 -0.0427579 0.0118816 -0.0409571 0.0438492 -0.0076202 -0.0109315 1.0512142 -0.0250591 0.0213901 -0.0048037 0.0307485 -0.0103796 -0.0434610 -0.0056618 0.0106428 0.0247467 0.0199208 0.0061699 -0.0050487 -0.0089556 -0.0154103 -0.0278197 0.0454044 0.0109176 -0.0054442 -0.0044532 -0.0126229 -0.0275803 0.0226660 -0.0713813 0.0187244 0.0269402 0.0460218 -0.0497372 -0.0455487 -0.0019380 -0.0227606 -0.0165563 -0.0103989 -0.0296111 -0.0005100 -0.0088153 -0.0148395 -0.0110120 -0.0013372 0.0021610 0.0014593 0.0341342 0.0107733 -0.0162077
-0.0138980 -0.0366765 -0.0160579 -0.0025467 -0.0217011 -0.0198689 -0.0278666 0.0176254 -0.0047870 -0.0000486 -0.0036410 0.0160108 -0.0080695 0.0219689 -0.0077905 0.0027724 0.0229700 -0.0361925 -0.0022806 -0.0348851 -0.0029802 0.0217984 -0.0060543 -0.0194330 -0.0162593 -0.0109862 -0.0205975 -0.0076317 -0.0107637 -0.0140147 -0.0317571 0.0091021 -0.0141705 0.0072681 -0.0303042 0.0032474 -0.0017068 -0.0250591 1.0249866 -0.0204961 -0.0162676 -0.0212104 -0.0054663 0.0145685 -0.0135239 -0.0130295 -0.0247053 -0.0167020 -0.0068587 -0.0056264 -0.0009560 -0.0022018 0.0075460 -0.0263670 -0.0152741 -0.0051115 -0.0023697 -0.0041546 0.0036542 -0.0158150 0.0291235 -0.0159463 -0.0196586 -0.0264590 0.0113953 0.0087311 -0.0030057 0.0049724 0.0029723 -0.0064960 0.0031443 -0.0059378 -0.0063741 -0.0011046 0.0041127 -0.0109856 -0.0070693 -0.0101103 -0.0307901 -0.0146185 0.0065330
-0.0081081 0.0141568 0.0045873 -0.0201230 -0.0215400 -0.0118834 0.0097202 -0.0382331 -0.0185238 -0.0169564 -0.0136226 -0.0448704 -0.0159566 -0.0518629 -0.0096260 -0.0218341 -0.0420757 0.0262231 -0.0211664 0.0342088 -0.0036445 -0.0600427 -0.0186870 -0.0139013 -0.0052469 0.0014336 0.0082321 0.0031558 -0.0028840 0.0010280 0.0076404 -0.0342562 0.0037315 -0.0280248 0.0158328 -0.0063473 -0.0109315 0.0213901 -0.0204961 1.0341905 -0.0008574 0.0177949 -0.0030147 -0.0190455 -0.0092039 0.0040458 0.0132677 0.0137540 0.0036647 -0.0141871 -0.0055410 -0.0144567 -0.0195872 0.0220026 0.0063040 -0.0090983 -0.0089548 -0.0045987 -0.0166900 0.0057324 -0.0450519 0.0057725 0.0177870 0.0232412 -0.0315725 -0.0261573 -0.0006467 -0.0194941 -0.0076280 0.0008120 -0.0175049 -0.0056388 -0.0057954 -0.0117521 -0.0107591 -0.0039522 0.0012296 0.0007000 0.0180941 -0.0023788 -0.0160283
0.0005892 0.0012627 -0.0088134 -0.0121538 -0.0037144 -0.0080165 0.0015223 -0.0065750 -0.0009525 -0.0123046 -0.0058885 -0.0153677 -0.0132422 -0.0191899 -0.0202800 -0.0023072 -0.0149986 0.0030569 -0.0120950 0.0035978 -0.0029119 -0.0185294 -0.0089872 -0.0147604 -0.0107863 0.0003553 -0.0070179 0.0005265 -0.0037767 -0.0037012 -0.0108496 -0.0168921 -0.0045260 -0.0114126 0.0059040 -0.0084890 -0.0056833 -0.0048037 -0.0162676 -0.0008574 1.0087622 -0.0035308 -0.0084136 -0.0074715 -0.0062004 -0.0030201 0.0044039 0.0002199 -0.0026223 -0.0025419 -0.0024004 -0.0087514 -0.0077827 0.0057610 -0.0000880 -0.0097751 -0.0034992 -0.0038650 -0.0053221 -0.0030177 -0.0147046 -0.0017489 -0.0036278 0.0032133 -0.0142616 -0.0126835 -0.0041305 -0.0093912 -0.0023117 -0.0086696 -0.0098623 -0.0039909 -0.0003592 -0.0066784 -0.0084027 -0.0006166 -0.0040736 -0.0016740 0.0014316 -0.0032528 -0.0069835
-0.0070334 0.0259816 0.0024698 -0.0210841 -0.0137506 -0.0068478 0.0270954 -0.0546075 -0.0105685 -0.0195785 -0.0172191 -0.0506403 -0.0122536 -0.0621297 -0.0187815 -0.0157599 -0.0523213 0.0399542 -0.0259118 0.0334995 0.0045566 -0.0639080 -0.0162195 -0.0129539 -0.0103007 -0.0004764 0.0155765 0.0070120 -0.0113906 0.0008778 0.0152557 -0.0335197 0.0078337 -0.0276182 0.0350929 -0.0043088 -0.0121379 0.0307485 -0.0212104 0.0177949 -0.0035308 1.0255181 -0.0054039 -0.0294795 -0.0092250 0.0183816 0.0167529 0.0151744 0.0104285 -0.0098471 -0.0058059 -0.0100889 -0.0192528 0.0333857 0.0092212 -0.0077828 -0.0058588 -0.0118437 -0.0208864 0.0108866 -0.0457757 0.0038746 0.0189484 0.0309362 -0.0393719 -0.0366123 0.0012672 -0.0162333 -0.0114281 -0.0007950 -0.0252517 -0.0004346 -0.0081438 -0.0137217 -0.0136358 0.0002544 0.0010554 0.0012067 0.0198406 0.0030442 -0.0136383
-0.0082091 -0.0191890 -0.0213769 -0.0128799 -0.0108051 -0.0203208 -0.0108419 -0.0095339 -0.0120068 -0.0060983 -0.0133278 0.0009850 -0.0074578 0.0056584 -0.0046211 -0.0107053 -0.0010772 -0.0101879 -0.0058934 -0.0099623 -0.0055126 -0.0035641 -0.0077047 -0.0130910 -0.0010193 -0.0117704 -0.0099858 -0.0150131 -0.0054972 -0.0164400 -0.0179085 -0.0106527 -0.0048982 -0.0018468 -0.0033016 -0.0069724 -0.0055973 -0.0103796 -0.0054663 -0.0030147 -0.0084136 -0.0054039 1.0064750 -0.0062787 0.0010730 -0.0113503 -0.0073769 -0.0013360 -0.0026984 -0.0048911 -0.0069254 -0.0035841 -0.0072704 -0.0067778 -0.0084871 -0.0087250 -0.0111122 -0.0050559 -0.0042887 -0.0143110 0.0003507 -0.0063602 -0.0110898 -0.0121335 -0.0110000 -0.0078887 -0.0039338 -0.0033787 -0.0021459 -0.0063694 -0.0068080 -0.0011216 -0.0083377 -0.0080983 -0.0053938 -0.0026619 -0.0051333 -0.0086854 -0.0019047 -0.0139340 -0.0081987
-0.0176844 -0.0395076 -0.0241331 -0.0035885 -0.0112065 -0.0024865 -0.0373393 0.0359762 -0.0060451 0.0133747 0.0006226 0.0385475 -0.0054037 0.0378719 -0.0041319 0.0067837 0.0421336 -0.0549090 0.0075134 -0.0459564 -0.0165218 0.0457357 0.0044345 -0.0082211 -0.0141892 -0.0168189 -0.0247729 -0.0083504 -0.0093204 -0.0213533 -0.0442967 0.0205420 -0.0196419 0.0155642 -0.0417448 -0.0089281 0.0005476 -0.0434610 0.0145685 -0.0190455 -0.0074715 -0.0294795 -0.0062787 1.0112127 -0.0030723 -0.0207352 -0.0314096 -0.0295166 -0.0108749 -0.0027330 0.0018657 0.0008717 0.0142417 -0.0404271 -0.0164342 -0.0056145 -0.0037214 0.0012492 0.0130867 -0.0177279 0.0477695 -0.0262549 -0.0380473 -0.0379264 0.0333020 0.0222775 -0.0101950 0.0098946 -0.0018168 -0.0074626 0.0119962 -0.0131747 -0.0037739 0.0040728 0.0081755 -0.0135567 -0.0093652 -0.0066714 -0.0344900 -0.0152902 0.0043751
-0.0200702 -0.0089902 0.0001659 -0.0126326 -0.0042392 -0.0100021 -0.0078008 -0.0088271 -0.0085521 -0.0045553 -0.0124531 -0.0091668 -0.0032900 -0.0012579 -0.0055859 -0.0064113 -0.0009676 -0.0118983 -0.0061991 -0.0152494 -0.0080493 -0.0023161 -0.0098959 -0.0094956 -0.0072168 -0.0104789 -0.0144173 -0.0078410 -0.0060962 -0.0130228 -0.0140998 0.0017797 -0.0069491 -0.0005221 -0.0098623 -0.0038915 0.0013981 -0.0056618 -0.0135239 -0.0092039 -0.0062004 -0.0092250 0.0010730 -0.0030723 1.0024866 -0.0134878 -0.0061009 -0.0080678 -0.0107951 -0.0106702 -0.0054945 -0.0010755 0.0031041 -0.0066832 -0.0003563 -0.0056103 -0.0034630 0.0004444 -0.0021033 -0.0018719 -0.0040536 -0.0039886 -0.0095150 -0.0090926 0.0008092 -0.0008171 -0.0052750 -0.0043742 -0.0008013 -0.0061687 0.0024547 -0.0049044 -0.0038970 -0.0060710 -0.0013519 -0.0000575 -0.0007931 -0.0061325 -0.0077369 -0.0099538 -0.0003745
