1.0187184 -0.0517574 -0.0106326 -0.0178090 -0.0110248 -0.0247058 -0.0111447 -0.0190011 -0.0042977 -0.0044267 -0.0136980 -0.0047229 -0.0084209 -0.0099638 -0.0181397 -0.0298315 -0.0029522 -0.0480964 -0.0093520 -0.0046530 -0.0062662 -0.0070196 -0.0117012 -0.0235522 -0.0403703 0.0014890 -0.0118711 -0.0027352 -0.0093625 -0.0006655 -0.0280215 0.0018813 0.0026382 -0.0027547 0.0030655 -0.0072533 0.0007130 -0.0066222 -0.0005359 0.0048285 -0.0060053 -0.0222336 -0.0054702 -0.0295318 0.0008612 -0.0305882 -0.0089207 -0.0027322 -0.0036105 -0.0098997 -0.0002985 -0.0004257 0.0034593 -0.0061723 0.0011512 -0.0034946 -0.0215287 -0.0093903 -0.0002770 -0.0000817 -0.0062130 -0.0237106 -0.0016965 -0.0007842 0.0011710 -0.0113192 -0.0003703 -0.0094035 -0.0049345 -0.0252160 -0.0067843 -0.0064425 0.0060672 0.0059939 -0.0039950 -0.0294199 -0.0050724 0.0000147 -0.0065621 -0.0028195 -0.0264004
-0.0517574 1.2418054 -0.0412739 -0.0562534 -0.0328410 0.1558498 -0.0499978 -0.0404497 -0.0578274 -0.0451252 -0.0568639 -0.0373878 -0.0640481 -0.0540485 -0.0487050 0.1393432 -0.0792769 0.3642583 -0.0332487 -0.0614288 -0.0518726 -0.0629494 -0.0677501 0.1382267 0.1522423 -0.0808392 -0.0468891 -0.0637208 -0.0499999 -0.0260460 0.1171245 -0.0477760 -0.0411641 -0.0561382 -0.0762298 -0.0482659 -0.0502765 -0.0598828 -0.0508011 -0.0464951 -0.0099755 0.1514079 -0.0716775 0.1869693 -0.0693756 0.1540028 -0.0539834 -0.0592537 -0.0609842 -0.0197085 -0.0706732 -0.0533570 -0.0668900 -0.0611289 -0.0658004 -0.0479145 0.1467672 -0.0562079 -0.0814150 -0.0631834 -0.0480644 0.1495386 -0.0630440 -0.0541829 -0.0658345 -0.0440569 -0.0497869 -0.0465117 -0.0470618 0.1547412 -0.0351646 -0.0542200 -0.0602456 -0.0726656 -0.0601786 0.1667150 -0.0528509 -0.0512949 -0.0720222 -0.0518406 0.1797590
-0.0106326 -0.0412739 1.0424367 -0.0127112 -0.0131070 -0.0302395 -0.0094448 -0.0088377 -0.0009702 -0.0100233 -0.0057736 -0.0066272 -0.0104437 -0.0064178 -0.0221677 -0.0301155 -0.0048279 -0.0435519 -0.0095467 -0.0087072 -0.0091938 -0.0079094 -0.0121554 -0.0298144 -0.0358980 -0.0034551 -0.0100385 -0.0054028 -0.0135200 -0.0054809 -0.0224490 -0.0080556 -0.0024092 -0.0053777 0.0044580 -0.0117006 -0.0085435 -0.0075112 -0.0050514 -0.0005456 -0.0062399 -0.0359054 -0.0015965 -0.0274551 -0.0046900 -0.0228324 -0.0073615 0.0024257 0.0051333 -0.0063407 0.0019010 -0.0090070 0.0040236 -0.0005140 0.0049293 -0.0048400 -0.0245018 -0.0042294 0.0064211 -0.0049643 -0.0026795 -0.0262735 -0.0040366 0.0003187 -0.0017964 -0.0016144 -0.0022374 -0.0094407 -0.0020084 -0.0220015 -0.0032080 0.0035617 -0.0077787 -0.0016455 -0.0034968 -0.0295639 -0.0068508 -0.0024410 -0.0045330 0.0017596 -0.0387691
-0.0178090 -0.0562534 -0.0127112 1.0214741 -0.0034983 -0.0241070 -0.0188889 -0.0098056 -0.0114031 -0.0027150 -0.0042732 -0.0033773 -0.0046186 0.0037323 -0.0124823 -0.0257620 0.0094355 -0.0557811 -0.0099729 0.0001760 -0.0076467 -0.0020053 0.0057280 -0.0272338 -0.0277373 -0.0041849 -0.0151880 0.0006933 -0.0135408 -0.0056679 -0.0234473 -0.0118921 0.0004701 -0.0067320 -0.0072405 -0.0102975 -0.0091852 0.0010341 -0.0087306 -0.0025881 -0.0034544 -0.0347059 -0.0099997 -0.0396137 -0.0050042 -0.0313616 -0.0060424 0.0020769 -0.0040433 -0.0067752 0.0015012 -0.0006804 0.0060731 0.0008530 0.0018345 -0.0099384 -0.0242743 0.0016470 0.0045998 -0.0085654 -0.0041117 -0.0333939 -0.0003830 -0.0072062 0.0039530 -0.0101623 -0.0026933 -0.0058459 -0.0064582 -0.0266953 -0.0019497 -0.0069597 0.0009151 -0.0041688 0.0016911 -0.0287643 0.0054992 -0.0028193 0.0000824 0.0002631 -0.0320252
-0.0110248 -0.0328410 -0.0131070 -0.0034983 1.0119134 -0.0198055 -0.0129528 -0.0126934 -0.0024279 -0.0098984 -0.0174180 -0.0011323 0.0042067 -0.0127256 -0.0114925 -0.0186091 -0.0047160 -0.0413404 -0.0227373 -0.0085698 -0.0046301 -0.0082172 -0.0166104 -0.0337362 -0.0258304 -0.0113664 -0.0058269 -0.0017698 -0.0105100 -0.0053550 -0.0247587 -0.0063656 -0.0055516 -0.0046431 0.0001608 -0.0130478 -0.0014716 0.0030074 -0.0033004 -0.0044395 -0.0150167 -0.0294219 -0.0068954 -0.0328952 0.0022925 -0.0279721 -0.0060520 -0.0040493 -0.0035241 -0.0085365 0.0014061 -0.0058299 -0.0043066 -0.0011799 0.0044243 -0.0091533 -0.0295841 -0.0101823 0.0003225 0.0000553 0.0023755 -0.0237450 0.0023165 0.0056182 -0.0035939 -0.0072331 -0.0034615 -0.0079240 -0.0105542 -0.0264844 -0.0094637 -0.0017137 -0.0004717 0.0002820 -0.0025884 -0.0262564 -0.0103628 -0.0058173 -0.0160831 -0.0063984 -0.0208763
-0.0247058 0.1558498 -0.0302395 -0.0241070 -0.0198055 1.0840170 -0.0387048 -0.0215049 -0.0366650 -0.0316391 -0.0312588 -0.0275531 -0.0409246 -0.0346183 -0.0358837 0.0593278 -0.0335663 0.1768926 -0.0301400 -0.0463284 -0.0307550 -0.0266534 -0.0489096 0.0536102 0.0578237 -0.0381994 -0.0303139 -0.0332921 -0.0333279 -0.0158534 0.0483553 -0.0419626 -0.0146895 -0.0243586 -0.0467774 -0.0242776 -0.0259655 -0.0267309 -0.0296949 -0.0291430 -0.0110042 0.0696279 -0.0309699 0.0886759 -0.0323141 0.0662445 -0.0296920 -0.0305064 -0.0411640 -0.0136215 -0.0399448 -0.0304327 -0.0444068 -0.0362565 -0.0394081 -0.0297222 0.0630628 -0.0308187 -0.0481973 -0.0350969 -0.0314285 0.0592293 -0.0409281 -0.0312506 -0.0425943 -0.0185389 -0.0254161 -0.0177094 -0.0296622 0.0674055 -0.0244871 -0.0309993 -0.0334955 -0.0369465 -0.0360763 0.0803811 -0.0308045 -0.0288203 -0.0475169 -0.0289578 0.0828312
-0.0111447 -0.0499978 -0.0094448 -0.0188889 -0.0129528 -0.0387048 1.0327882 -0.0066654 -0.0059428 -0.0032691 -0.0176060 -0.0044198 -0.0066801 -0.0118265 -0.0116646 -0.0250553 0.0020704 -0.0473742 -0.0177317 0.0064801 -0.0052886 -0.0074504 0.0039209 -0.0270679 -0.0401002 -0.0044843 -0.0090488 0.0018177 -0.0086328 -0.0087898 -0.0260194 0.0001651 -0.0054732 -0.0005839 -0.0059985 -0.0063342 -0.0011942 -0.0006068 -0.0068157 0.0019482 -0.0062678 -0.0321108 0.0016691 -0.0321995 0.0041258 -0.0232266 -0.0093559 0.0044046 -0.0016566 -0.0117911 0.0098926 -0.0010220 0.0096269 0.0071000 0.0054988 -0.0037008 -0.0308680 -0.0003044 0.0042070 0.0092531 0.0011406 -0.0263098 -0.0004121 0.0079168 0.0036503 -0.0084362 -0.0045648 -0.0000193 -0.0010415 -0.0266767 -0.0014687 0.0055625 -0.0014263 0.0017090 0.0002221 -0.0345358 0.0012152 0.0008842 0.0020600 -0.0048389 -0.0409085
-0.0190011 -0.0404497 -0.0088377 -0.0098056 -0.0126934 -0.0215049 -0.0066654 1.0331748 -0.0020597 -0.0053216 -0.0131842 -0.0033980 -0.0096922 -0.0028163 -0.0104557 -0.0242680 0.0029084 -0.0362569 0.0006827 -0.0101897 -0.0072738 -0.0071154 -0.0180892 -0.0332411 -0.0186584 -0.0039238 -0.0114253 0.0004731 -0.0031249 -0.0020958 -0.0139645 -0.0003663 -0.0022578 -0.0027502 -0.0069314 -0.0075218 -0.0001893 -0.0040389 -0.0045406 -0.0069155 -0.0085301 -0.0238785 -0.0030533 -0.0240658 -0.0003052 -0.0364989 0.0055904 -0.0044864 -0.0009674 -0.0090370 0.0032373 0.0021230 -0.0022127 -0.0012029 -0.0015916 -0.0037660 -0.0201546 0.0022661 0.0081364 0.0052998 0.0003185 -0.0258070 -0.0053878 0.0025809 -0.0020334 -0.0135143 -0.0047987 -0.0032067 -0.0003687 -0.0227151 -0.0107623 0.0009720 -0.0012711 -0.0009170 0.0002143 -0.0199817 -0.0007806 -0.0003645 -0.0051162 -0.0004176 -0.0209538
-0.0042977 -0.0578274 -0.0009702 -0.0114031 -0.0024279 -0.0366650 -0.0059428 -0.0020597 1.0490564 -0.0082715 -0.0074775 -0.0062078 0.0025902 -0.0034362 -0.0051177 -0.0434817 -0.0016359 -0.0505794 -0.0043554 0.0048206 -0.0074212 -0.0080929 -0.0099877 -0.0292070 -0.0285282 -0.0025580 -0.0029098 0.0020137 -0.0131884 -0.0067261 -0.0302866 0.0053987 -0.0100422 -0.0031633 0.0008429 -0.0040195 -0.0021509 0.0004359 0.0019402 -0.0063152 0.0003614 -0.0264975 0.0017846 -0.0350881 0.0062995 -0.0301428 -0.0014148 -0.0050263 0.0061905 -0.0011151 0.0022990 -0.0054308 -0.0042488 0.0124933 0.0038403 -0.0011327 -0.0253439 -0.0014904 0.0027916 -0.0060726 0.0013415 -0.0307580 0.0014677 -0.0054274 -0.0004145 -0.0058323 -0.0071458 0.0030766 -0.0019144 -0.0309975 -0.0018928 -0.0051036 0.0001121 0.0052756 -0.0018966 -0.0301245 -0.0023220 0.0012436 0.0014815 0.0007441 -0.0340004
-0.0044267 -0.0451252 -0.0100233 -0.0027150 -0.0098984 -0.0316391 -0.0032691 -0.0053216 -0.0082715 1.0207893 -0.0113802 -0.0049910 -0.0039523 -0.0092233 0.0023434 -0.0206622 0.0022875 -0.0449454 -0.0053297 -0.0032594 -0.0045080 -0.0078196 -0.0141472 -0.0299829 -0.0307363 -0.0100835 -0.0137387 0.0025940 -0.0066697 -0.0120538 -0.0277925 -0.0083137 -0.0065400 -0.0078708 0.0010686 -0.0030675 -0.0060253 -0.0002041 -0.0025198 -0.0081297 -0.0097025 -0.0241826 -0.0025627 -0.0278508 -0.0073833 -0.0265175 -0.0092438 -0.0029133 -0.0029640 -0.0073314 0.0076578 -0.0085709 0.0049246 -0.0058735 0.0033011 -0.0074415 -0.0210375 -0.0116472 0.0000876 -0.0057727 0.0032039 -0.0269443 -0.0071775 0.0002605 0.0055093 -0.0041185 -0.0076293 -0.0069375 -0.0007416 -0.0225734 -0.0114934 -0.0023594 -0.0057494 -0.0102415 0.0007111 -0.0318646 -0.0059215 0.0027471 -0.0068179 -0.0004964 -0.0305322
-0.0136980 -0.0568639 -0.0057736 -0.0042732 -0.0174180 -0.0312588 -0.0176060 -0.0131842 -0.0074775 -0.0113802 1.0145954 0.0052580 -0.0061666 0.0078395 -0.0072349 -0.0249566 0.0013629 -0.0519748 -0.0001690 -0.0017671 -0.0075386 0.0029392 -0.0155996 -0.0304763 -0.0313099 -0.0058700 -0.0101401 0.0008854 -0.0113459 -0.0175804 -0.0230486 -0.0008338 -0.0069703 0.0044380 0.0070053 -0.0039921 -0.0061305 0.0016096 -0.0050328 -0.0083658 -0.0071412 -0.0252962 -0.0075721 -0.0249085 -0.0045408 -0.0324566 -0.0005879 -0.0030626 0.0009950 -0.0153262 -0.0027894 -0.0002173 -0.0016132 -0.0048024 -0.0036735 -0.0020256 -0.0310081 -0.0022224 0.0027159 -0.0038473 -0.0046898 -0.0260710 0.0004641 -0.0020048 -0.0051985 -0.0100149 -0.0003512 -0.0072295 -0.0087946 -0.0309349 -0.0002568 0.0029166 0.0001738 -0.0027698 0.0022902 -0.0264076 0.0004556 -0.0004102 -0.0000107 0.0070097 -0.0211398
-0.0047229 -0.0373878 -0.0066272 -0.0033773 -0.0011323 -0.0275531 -0.0044198 -0.0033980 -0.0062078 -0.0049910 0.0052580 1.0434632 0.0000786 -0.0125387 -0.0099021 -0.0255179 0.0026216 -0.0437564 0.0002397 -0.0030145 -0.0010917 -0.0035904 -0.0064222 -0.0294212 -0.0234526 -0.0004599 -0.0120751 -0.0038726 -0.0032220 -0.0102540 -0.0343712 -0.0023280 -0.0022306 -0.0034687 -0.0018573 -0.0075450 -0.0034663 -0.0011860 -0.0011670 0.0011752 -0.0081486 -0.0207827 -0.0078961 -0.0278038 0.0017113 -0.0271785 0.0008261 -0.0010001 0.0024207 -0.0029345 0.0034577 0.0010387 0.0047462 -0.0003061 0.0009164 -0.0070501 -0.0205248 -0.0032166 0.0045956 0.0022960 0.0047135 -0.0302270 -0.0056905 0.0007980 0.0051171 -0.0003880 0.0018260 -0.0000530 0.0038466 -0.0221461 -0.0017879 0.0025496 -0.0030604 0.0068623 0.0041794 -0.0279727 -0.0033415 0.0011993 0.0047583 -0.0051261 -0.0264904
-0.0084209 -0.0640481 -0.0104437 -0.0046186 0.0042067 -0.0409246 -0.0066801 -0.0096922 0.0025902 -0.0039523 -0.0061666 0.0000786 1.0351400 -0.0045868 -0.0023362 -0.0422523 0.0067212 -0.0695472 -0.0049862 0.0028586 0.0004709 0.0020663 0.0025945 -0.0446399 -0.0310086 0.0000150 -0.0063725 0.0089603 -0.0001068 -0.0063292 -0.0361480 0.0063472 0.0018438 0.0006851 0.0001669 0.0035486 -0.0067243 0.0004660 0.0013626 -0.0026975 -0.0037266 -0.0390372 0.0070349 -0.0445833 0.0055700 -0.0369039 -0.0054312 -0.0037627 0.0029006 -0.0020026 0.0134246 0.0008714 0.0005914 -0.0004678 0.0006164 -0.0040347 -0.0353695 0.0045564 0.0032944 -0.0043897 0.0054058 -0.0368898 -0.0019115 0.0032252 -0.0045680 -0.0032983 0.0022383 -0.0024055 0.0078402 -0.0430091 -0.0007503 -0.0029845 0.0071023 0.0082748 0.0113184 -0.0353163 0.0008566 0.0048922 0.0030550 0.0025630 -0.0407878
-0.0099638 -0.0540485 -0.0064178 0.0037323 -0.0127256 -0.0346183 -0.0118265 -0.0028163 -0.0034362 -0.0092233 0.0078395 -0.0125387 -0.0045868 1.0184549 0.0018981 -0.0354692 0.0018235 -0.0539387 -0.0067499 -0.0113630 -0.0066886 -0.0038028 0.0005714 -0.0225596 -0.0425044 0.0077945 0.0023256 -0.0008718 -0.0090057 -0.0118772 -0.0270677 -0.0058182 0.0014845 0.0004697 0.0044152 -0.0082352 -0.0016553 -0.0045830 0.0006221 -0.0048196 -0.0079500 -0.0174415 -0.0085053 -0.0401734 -0.0075058 -0.0314261 -0.0027994 0.0008008 0.0003968 -0.0086763 0.0000100 0.0017158 0.0093473 0.0021021 0.0075990 -0.0103241 -0.0250449 0.0016832 0.0020241 0.0008293 -0.0020519 -0.0253865 -0.0064299 -0.0021178 -0.0002092 -0.0066547 -0.0035063 -0.0004658 -0.0014099 -0.0283880 -0.0083218 0.0057836 0.0012159 -0.0009848 -0.0025353 -0.0247339 -0.0005382 -0.0036424 -0.0022337 0.0010745 -0.0277675
-0.0181397 -0.0487050 -0.0221677 -0.0124823 -0.0114925 -0.0358837 -0.0116646 -0.0104557 -0.0051177 0.0023434 -0.0072349 -0.0099021 -0.0023362 0.0018981 1.0466597 -0.0259187 -0.0015340 -0.0525467 -0.0088875 -0.0134173 -0.0002446 0.0066990 -0.0088314 -0.0283976 -0.0293115 0.0092290 -0.0023859 0.0014192 -0.0013384 -0.0189008 -0.0341351 -0.0072182 -0.0024883 -0.0071824 0.0069501 0.0003524 0.0001993 -0.0092822 -0.0056852 -0.0095792 -0.0048786 -0.0217241 -0.0029752 -0.0304892 0.0014949 -0.0320947 -0.0029950 -0.0019174 -0.0012721 -0.0078523 0.0042277 -0.0032239 -0.0025317 -0.0000558 0.0011791 0.0076381 -0.0253377 -0.0005861 0.0062371 0.0030465 -0.0028556 -0.0330163 0.0008416 0.0013406 -0.0043036 -0.0005323 -0.0042493 -0.0079539 0.0009649 -0.0320724 -0.0068046 -0.0076575 -0.0094816 0.0025836 0.0026070 -0.0249151 -0.0055361 -0.0047650 -0.0013394 -0.0112478 -0.0339482
-0.0298315 0.1393432 -0.0301155 -0.0257620 -0.0186091 0.0593278 -0.0250553 -0.0242680 -0.0434817 -0.0206622 -0.0249566 -0.0255179 -0.0422523 -0.0354692 -0.0259187 1.0413234 -0.0418754 0.1603270 -0.0242181 -0.0415803 -0.0265564 -0.0388373 -0.0236655 0.0527272 0.0690834 -0.0376064 -0.0355082 -0.0285955 -0.0236058 -0.0247872 0.0456952 -0.0348007 -0.0200871 -0.0247645 -0.0395730 -0.0284908 -0.0285976 -0.0280466 -0.0232228 -0.0377344 -0.0036624 0.0667064 -0.0425438 0.0786285 -0.0355907 0.0661370 -0.0244403 -0.0306899 -0.0366041 -0.0240046 -0.0351024 -0.0302258 -0.0303660 -0.0304511 -0.0277081 -0.0210928 0.0580141 -0.0313201 -0.0482348 -0.0292169 -0.0249411 0.0625285 -0.0304132 -0.0287716 -0.0405787 -0.0224835 -0.0297673 -0.0168362 -0.0229653 0.0587901 -0.0208480 -0.0344315 -0.0269124 -0.0322377 -0.0229441 0.0766511 -0.0324371 -0.0220708 -0.0429858 -0.0339116 0.0727624
-0.0029522 -0.0792769 -0.0048279 0.0094355 -0.0047160 -0.0335663 0.0020704 0.0029084 -0.0016359 0.0022875 0.0013629 0.0026216 0.0067212 0.0018235 -0.0015340 -0.0418754 1.0209874 -0.0711625 -0.0031871 0.0048859 0.0068902 -0.0002593 0.0042568 -0.0376902 -0.0446230 0.0142411 0.0046081 0.0127598 0.0060164 0.0003455 -0.0385002 0.0060921 0.0018296 -0.0004569 0.0102070 0.0063330 0.0010569 0.0040129 0.0023041 0.0120147 0.0013733 -0.0368034 0.0082797 -0.0448299 0.0059686 -0.0355475 -0.0021214 0.0058692 0.0070915 -0.0029030 0.0047245 0.0070205 0.0115683 0.0076585 0.0082518 0.0026873 -0.0290857 0.0108464 0.0185307 0.0034814 0.0023997 -0.0340067 0.0077548 0.0060846 0.0087706 0.0024942 0.0061857 0.0035713 -0.0025474 -0.0359959 0.0026106 0.0099443 0.0067945 0.0039076 0.0085342 -0.0362870 0.0079601 0.0057253 0.0072903 0.0024715 -0.0417614
-0.0480964 0.3642583 -0.0435519 -0.0557811 -0.0413404 0.1768926 -0.0473742 -0.0362569 -0.0505794 -0.0449454 -0.0519748 -0.0437564 -0.0695472 -0.0539387 -0.0525467 0.1603270 -0.0711625 1.3016855 -0.0495086 -0.0688628 -0.0557157 -0.0644980 -0.0615256 0.1642005 0.1702772 -0.0834399 -0.0562545 -0.0691436 -0.0441807 -0.0272455 0.1465235 -0.0544835 -0.0408059 -0.0466985 -0.0772831 -0.0430668 -0.0476816 -0.0582792 -0.0502600 -0.0483324 -0.0193739 0.1573047 -0.0685297 0.2058390 -0.0618111 0.1612804 -0.0539224 -0.0541079 -0.0653821 -0.0103661 -0.0697602 -0.0600063 -0.0699053 -0.0509891 -0.0710081 -0.0460082 0.1543648 -0.0620619 -0.0777908 -0.0577228 -0.0488125 0.1611157 -0.0568348 -0.0508761 -0.0730211 -0.0383420 -0.0492779 -0.0422332 -0.0480375 0.1652832 -0.0329844 -0.0563263 -0.0612407 -0.0794951 -0.0538686 0.1812621 -0.0586250 -0.0437905 -0.0788465 -0.0479117 0.1945130
-0.0093520 -0.0332487 -0.0095467 -0.0099729 -0.0227373 -0.0301400 -0.0177317 0.0006827 -0.0043554 -0.0053297 -0.0001690 0.0002397 -0.0049862 -0.0067499 -0.0088875 -0.0242181 -0.0031871 -0.0495086 1.0358682 -0.0047762 -0.0081266 -0.0088802 -0.0133055 -0.0288881 -0.0220544 -0.0111517 -0.0140076 -0.0018202 -0.0026614 -0.0117542 -0.0173624 -0.0110467 0.0010014 0.0032529 -0.0088334 0.0006474 -0.0028821 -0.0015442 -0.0095777 -0.0058870 -0.0084019 -0.0273616 -0.0041517 -0.0201222 -0.0036629 -0.0275685 -0.0000425 -0.0067603 -0.0057805 -0.0084036 -0.0007763 -0.0083165 -0.0057342 -0.0012704 0.0039609 -0.0068735 -0.0214974 -0.0036605 -0.0004787 -0.0036080 -0.0014348 -0.0294632 -0.0022325 -0.0055093 -0.0073274 0.0028338 -0.0116895 -0.0112665 -0.0080337 -0.0221039 -0.0009814 -0.0100066 0.0035049 -0.0096368 0.0038890 -0.0277649 -0.0059350 0.0023369 0.0017523 0.0022728 -0.0354376
-0.0046530 -0.0614288 -0.0087072 0.0001760 -0.0085698 -0.0463284 0.0064801 -0.0101897 0.0048206 -0.0032594 -0.0017671 -0.0030145 0.0028586 -0.0113630 -0.0134173 -0.0415803 0.0048859 -0.0688628 -0.0047762 1.0438879 0.0032539 0.0042526 0.0003914 -0.0387666 -0.0326407 0.0116249 -0.0026342 0.0006142 0.0008906 -0.0088567 -0.0258776 -0.0013873 0.0046341 0.0066029 0.0044172 -0.0026517 -0.0050905 0.0051242 -0.0011915 0.0028097 -0.0044866 -0.0300542 -0.0017924 -0.0429737 0.0030060 -0.0313521 -0.0001001 0.0107749 0.0064211 -0.0018950 0.0110004 0.0038122 0.0046260 0.0022499 0.0026230 0.0025418 -0.0374603 -0.0015914 0.0079236 0.0049539 0.0012728 -0.0348763 0.0052739 0.0055401 0.0034975 -0.0015561 -0.0051689 -0.0005385 -0.0033479 -0.0320120 -0.0056776 -0.0015939 -0.0023049 0.0039521 0.0051452 -0.0415184 -0.0010657 0.0000131 0.0055662 0.0016674 -0.0389439
-0.0062662 -0.0518726 -0.0091938 -0.0076467 -0.0046301 -0.0307550 -0.0052886 -0.0072738 -0.0074212 -0.0045080 -0.0075386 -0.0010917 0.0004709 -0.0066886 -0.0002446 -0.0265564 0.0068902 -0.0557157 -0.0081266 0.0032539 1.0298865 -0.0001557 -0.0038051 -0.0292979 -0.0334267 0.0046425 -0.0095876 0.0065874 0.0032196 -0.0005254 -0.0246831 0.0029576 -0.0030788 0.0003274 0.0065484 -0.0036657 -0.0006179 -0.0019193 -0.0039270 -0.0017600 -0.0088133 -0.0262422 0.0065319 -0.0300086 0.0044452 -0.0242203 -0.0035715 0.0016249 0.0011576 0.0006518 0.0053734 -0.0028403 0.0047740 -0.0019937 0.0062099 -0.0015510 -0.0192157 0.0051792 0.0001633 -0.0034640 0.0005011 -0.0319535 -0.0044560 0.0026967 -0.0006414 -0.0032022 0.0005408 0.0017654 0.0041053 -0.0278288 -0.0036982 0.0029740 0.0011596 -0.0006559 0.0007032 -0.0243237 -0.0028295 0.0004525 0.0038559 0.0019548 -0.0329634
-0.0070196 -0.0629494 -0.0079094 -0.0020053 -0.0082172 -0.0266534 -0.0074504 -0.0071154 -0.0080929 -0.0078196 0.0029392 -0.0035904 0.0020663 -0.0038028 0.0066990 -0.0388373 -0.0002593 -0.0644980 -0.0088802 0.0042526 -0.0001557 1.0243177 -0.0096855 -0.0267172 -0.0292491 -0.0024941 -0.0068940 0.0044881 -0.0046290 -0.0102597 -0.0366429 -0.0074844 -0.0055504 0.0006665 0.0006730 0.0074175 -0.0052953 -0.0092790 0.0004454 -0.0037811 -0.0076152 -0.0297195 0.0103284 -0.0385774 0.0016606 -0.0356065 0.0061036 0.0047634 0.0051975 -0.0101528 0.0090075 -0.0002655 0.0008828 0.0046298 -0.0003876 -0.0013704 -0.0377346 0.0037956 0.0041048 0.0035134 -0.0057686 -0.0320404 0.0060764 0.0045986 -0.0050487 0.0046844 -0.0071296 0.0043538 0.0002161 -0.0337796 -0.0003897 0.0012917 0.0057685 0.0044516 0.0024221 -0.0298351 0.0013774 -0.0013853 0.0038905 0.0025274 -0.0433467
-0.0117012 -0.0677501 -0.0121554 0.0057280 -0.0166104 -0.0489096 0.0039209 -0.0180892 -0.0099877 -0.0141472 -0.0155996 -0.0064222 0.0025945 0.0005714 -0.0088314 -0.0236655 0.0042568 -0.0615256 -0.0133055 0.0003914 -0.0038051 -0.0096855 1.0314803 -0.0420685 -0.0346337 -0.0038427 -0.0026676 0.0016758 -0.0039099 -0.0182643 -0.0165206 -0.0100825 -0.0008794 -0.0047294 0.0002675 0.0007557 0.0078473 -0.0035838 0.0053246 -0.0059715 -0.0086551 -0.0305427 0.0036119 -0.0398034 -0.0083482 -0.0360084 -0.0015750 0.0049223 0.0023612 -0.0115424 0.0010530 0.0009208 0.0129371 0.0041150 0.0032975 -0.0004947 -0.0293405 -0.0047603 0.0037587 -0.0006215 0.0011727 -0.0338685 -0.0030685 0.0046495 0.0042160 -0.0030048 -0.0047968 -0.0019564 -0.0023361 -0.0333296 0.0026202 -0.0014433 0.0007914 0.0022914 0.0086915 -0.0369984 0.0004649 0.0004744 0.0021312 -0.0096830 -0.0403959
-0.0235522 0.1382267 -0.0298144 -0.0272338 -0.0337362 0.0536102 -0.0270679 -0.0332411 -0.0292070 -0.0299829 -0.0304763 -0.0294212 -0.0446399 -0.0225596 -0.0283976 0.0527272 -0.0376902 0.1642005 -0.0288881 -0.0387666 -0.0292979 -0.0267172 -0.0420685 1.0540982 0.0516284 -0.0444504 -0.0205407 -0.0298641 -0.0346613 -0.0322589 0.0386147 -0.0241541 -0.0266086 -0.0291693 -0.0453647 -0.0331984 -0.0303537 -0.0264318 -0.0291028 -0.0262622 -0.0161443 0.0605745 -0.0362147 0.0916454 -0.0362156 0.0678658 -0.0360931 -0.0350475 -0.0431529 -0.0049521 -0.0370022 -0.0344187 -0.0404287 -0.0323244 -0.0320884 -0.0283375 0.0598815 -0.0317928 -0.0435625 -0.0409403 -0.0324015 0.0586966 -0.0286657 -0.0342169 -0.0477958 -0.0277521 -0.0254385 -0.0195976 -0.0267530 0.0686296 -0.0152091 -0.0232101 -0.0238189 -0.0381278 -0.0356429 0.0841813 -0.0363855 -0.0230553 -0.0448885 -0.0245883 0.0705837
-0.0403703 0.1522423 -0.0358980 -0.0277373 -0.0258304 0.0578237 -0.0401002 -0.0186584 -0.0285282 -0.0307363 -0.0313099 -0.0234526 -0.0310086 -0.0425044 -0.0293115 0.0690834 -0.0446230 0.1702772 -0.0220544 -0.0326407 -0.0334267 -0.0292491 -0.0346337 0.0516284 1.0623951 -0.0464268 -0.0407334 -0.0404196 -0.0259008 -0.0259504 0.0592497 -0.0304691 -0.0221104 -0.0296763 -0.0462667 -0.0216641 -0.0291862 -0.0310081 -0.0243011 -0.0272487 -0.0152532 0.0705916 -0.0389777 0.0897741 -0.0407449 0.0724204 -0.0292280 -0.0383647 -0.0351833 -0.0090162 -0.0379306 -0.0397140 -0.0358994 -0.0363005 -0.0337627 -0.0216237 0.0632891 -0.0352434 -0.0452087 -0.0353833 -0.0214404 0.0649220 -0.0361670 -0.0247724 -0.0371895 -0.0287707 -0.0252649 -0.0296675 -0.0329793 0.0730983 -0.0228339 -0.0304220 -0.0355951 -0.0377768 -0.0305599 0.0782715 -0.0327698 -0.0264051 -0.0386372 -0.0240425 0.0813902
0.0014890 -0.0808392 -0.0034551 -0.0041849 -0.0113664 -0.0381994 -0.0044843 -0.0039238 -0.0025580 -0.0100835 -0.0058700 -0.0004599 0.0000150 0.0077945 0.0092290 -0.0376064 0.0142411 -0.0834399 -0.0111517 0.0116249 0.0046425 -0.0024941 -0.0038427 -0.0444504 -0.0464268 1.0363327 -0.0052423 0.0106598 -0.0007888 -0.0042842 -0.0415916 -0.0061106 -0.0022173 0.0013251 0.0093143 0.0094329 -0.0010611 0.0073803 0.0005720 -0.0033419 -0.0060406 -0.0316672 0.0082600 -0.0543766 -0.0051145 -0.0401278 -0.0038773 0.0025210 0.0063284 -0.0085177 0.0074077 0.0057741 0.0065144 -0.0013951 -0.0022464 0.0017846 -0.0361449 -0.0004538 0.0051791 -0.0053645 0.0012313 -0.0440472 0.0040457 0.0049898 0.0034823 -0.0044700 0.0060104 0.0045545 -0.0019685 -0.0323451 -0.0031224 0.0015529 0.0087711 0.0019448 0.0060524 -0.0480443 0.0087365 0.0002202 0.0092634 0.0094367 -0.0456327
-0.0118711 -0.0468891 -0.0100385 -0.0151880 -0.0058269 -0.0303139 -0.0090488 -0.0114253 -0.0029098 -0.0137387 -0.0101401 -0.0120751 -0.0063725 0.0023256 -0.0023859 -0.0355082 0.0046081 -0.0562545 -0.0140076 -0.0026342 -0.0095876 -0.0068940 -0.0026676 -0.0205407 -0.0407334 -0.0052423 1.0187849 0.0000870 -0.0117651 -0.0076663 -0.0423963 -0.0100530 0.0041976 -0.0117547 -0.0053344 -0.0024803 0.0034090 -0.0013264 0.0063971 -0.0104579 -0.0055561 -0.0333259 0.0013878 -0.0300264 0.0017723 -0.0277354 -0.0066682 -0.0003269 0.0032792 0.0043683 0.0043135 -0.0021152 0.0063822 -0.0011324 0.0067143 -0.0042056 -0.0272972 0.0002034 -0.0019043 -0.0037380 0.0038625 -0.0269160 -0.0043956 0.0046726 0.0065767 0.0025956 -0.0058378 -0.0094637 -0.0078144 -0.0310644 -0.0005450 0.0060658 -0.0034233 -0.0010475 0.0020841 -0.0284737 -0.0065204 0.0039407 0.0016184 0.0006732 -0.0372396
-0.0027352 -0.0637208 -0.0054028 0.0006933 -0.0017698 -0.0332921 0.0018177 0.0004731 0.0020137 0.0025940 0.0008854 -0.0038726 0.0089603 -0.0008718 0.0014192 -0.0285955 0.0127598 -0.0691436 -0.0018202 0.0006142 0.0065874 0.0044881 0.0016758 -0.0298641 -0.0404196 0.0106598 0.0000870 1.0284455 0.0022115 -0.0090335 -0.0384290 -0.0020113 0.0007910 0.0019106 0.0039972 0.0011328 0.0021723 0.0054090 -0.0023035 0.0008575 -0.0007339 -0.0342116 0.0094033 -0.0361543 0.0089564 -0.0405483 0.0064260 0.0039176 0.0025432 -0.0060619 0.0060926 0.0025611 0.0139516 0.0050786 0.0097842 0.0018457 -0.0275953 0.0064596 0.0106448 0.0019867 0.0052935 -0.0385243 0.0104881 0.0038885 0.0060089 -0.0004794 0.0045382 0.0027499 0.0095683 -0.0289672 -0.0025286 0.0080209 0.0086019 0.0048447 0.0019469 -0.0338833 0.0041361 0.0006468 0.0075665 0.0069235 -0.0410056
-0.0093625 -0.0499999 -0.0135200 -0.0135408 -0.0105100 -0.0333279 -0.0086328 -0.0031249 -0.0131884 -0.0066697 -0.0113459 -0.0032220 -0.0001068 -0.0090057 -0.0013384 -0.0236058 0.0060164 -0.0441807 -0.0026614 0.0008906 0.0032196 -0.0046290 -0.0039099 -0.0346613 -0.0259008 -0.0007888 -0.0117651 0.0022115 1.0237740 -0.0211489 -0.0336130 -0.0100879 -0.0055938 -0.0066349 -0.0049750 -0.0072691 -0.0106003 -0.0101080 -0.0092221 -0.0074231 -0.0095789 -0.0332573 -0.0116005 -0.0328040 -0.0006542 -0.0241494 -0.0066724 0.0017080 0.0037205 -0.0094662 0.0038255 -0.0081499 0.0048106 -0.0041591 0.0000062 0.0059196 -0.0161923 -0.0069767 -0.0025792 -0.0053053 -0.0046209 -0.0262524 0.0088369 -0.0004815 -0.0018846 -0.0034810 -0.0033811 -0.0090932 0.0014421 -0.0222255 0.0019438 -0.0029330 0.0028149 -0.0041508 -0.0004427 -0.0261783 0.0020874 0.0021130 0.0065648 -0.0073761 -0.0261418
-0.0006655 -0.0260460 -0.0054809 -0.0056679 -0.0053550 -0.0158534 -0.0087898 -0.0020958 -0.0067261 -0.0120538 -0.0175804 -0.0102540 -0.0063292 -0.0118772 -0.0189008 -0.0247872 0.0003455 -0.0272455 -0.0117542 -0.0088567 -0.0005254 -0.0102597 -0.0182643 -0.0322589 -0.0259504 -0.0042842 -0.0076663 -0.0090335 -0.0211489 1.0184802 -0.0256171 -0.0030667 -0.0098224 -0.0039493 -0.0110998 -0.0077547 -0.0090460 -0.0031694 -0.0039396 -0.0120646 -0.0114658 -0.0172000 -0.0100476 -0.0211601 -0.0099056 -0.0168144 -0.0056146 -0.0045636 -0.0036957 0.0015215 -0.0066417 -0.0062959 -0.0019552 -0.0065028 -0.0106479 -0.0155600 -0.0144554 -0.0096166 -0.0102712 -0.0013786 -0.0046012 -0.0175958 0.0012262 -0.0042846 -0.0042225 -0.0079675 -0.0067568 -0.0093324 -0.0052918 -0.0152910 -0.0060896 -0.0108156 -0.0012452 -0.0028679 -0.0050918 -0.0208005 -0.0094320 -0.0098134 0.0026706 -0.0052167 -0.0193302
-0.0280215 0.1171245 -0.0224490 -0.0234473 -0.0247587 0.0483553 -0.0260194 -0.0139645 -0.0302866 -0.0277925 -0.0230486 -0.0343712 -0.0361480 -0.0270677 -0.0341351 0.0456952 -0.0385002 0.1465235 -0.0173624 -0.0258776 -0.0246831 -0.0366429 -0.0165206 0.0386147 0.0592497 -0.0415916 -0.0423963 -0.0384290 -0.0336130 -0.0256171 1.0349308 -0.0388305 -0.0183321 -0.0270783 -0.0385110 -0.0257604 -0.0253920 -0.0277969 -0.0290893 -0.0342087 -0.0193665 0.0545088 -0.0347812 0.0684051 -0.0305177 0.0521653 -0.0283134 -0.0297831 -0.0341083 -0.0174906 -0.0352401 -0.0284753 -0.0331824 -0.0303671 -0.0351442 -0.0349955 0.0539463 -0.0305803 -0.0392841 -0.0259928 -0.0289082 0.0634996 -0.0265357 -0.0293072 -0.0432849 -0.0229990 -0.0231170 -0.0232659 -0.0249864 0.0562171 -0.0186450 -0.0251857 -0.0334002 -0.0414327 -0.0372834 0.0621871 -0.0290200 -0.0233995 -0.0426891 -0.0325762 0.0645504
0.0018813 -0.0477760 -0.0080556 -0.0118921 -0.0063656 -0.0419626 0.0001651 -0.0003663 0.0053987 -0.0083137 -0.0008338 -0.0023280 0.0063472 -0.0058182 -0.0072182 -0.0348007 0.0060921 -0.0544835 -0.0110467 -0.0013873 0.0029576 -0.0074844 -0.0100825 -0.0241541 -0.0304691 -0.0061106 -0.0100530 -0.0020113 -0.0100879 -0.0030667 -0.0388305 1.0312692 -0.0079624 -0.0049240 -0.0046167 -0.0003823 -0.0050730 0.0009450 -0.0029736 -0.0019433 -0.0077660 -0.0202743 -0.0040688 -0.0351439 0.0025638 -0.0283900 -0.0018568 -0.0082936 -0.0029207 -0.0057104 0.0060305 -0.0014683 -0.0007748 -0.0018898 0.0030348 -0.0049844 -0.0244632 -0.0040737 0.0004429 0.0036461 -0.0048553 -0.0253615 -0.0018321 0.0021414 0.0031530 -0.0027990 -0.0022103 -0.0026282 0.0018050 -0.0281525 0.0013662 -0.0079730 -0.0043446 0.0001136 0.0041314 -0.0277860 0.0030927 -0.0028899 0.0030489 -0.0032749 -0.0377093
0.0026382 -0.0411641 -0.0024092 0.0004701 -0.0055516 -0.0146895 -0.0054732 -0.0022578 -0.0100422 -0.0065400 -0.0069703 -0.0022306 0.0018438 0.0014845 -0.0024883 -0.0200871 0.0018296 -0.0408059 0.0010014 0.0046341 -0.0030788 -0.0055504 -0.0008794 -0.0266086 -0.0221104 -0.0022173 0.0041976 0.0007910 -0.0055938 -0.0098224 -0.0183321 -0.0079624 1.0037332 -0.0090492 -0.0013847 0.0034759 0.0053630 -0.0009672 0.0087019 0.0023852 -0.0048263 -0.0245725 0.0007311 -0.0303854 0.0029451 -0.0230694 0.0040082 0.0020236 0.0085064 -0.0012984 0.0046896 -0.0023284 0.0004602 0.0049087 0.0024323 0.0001029 -0.0194135 0.0023347 0.0016962 -0.0036922 0.0015714 -0.0233299 0.0025275 0.0055985 0.0042019 -0.0034737 0.0004785 0.0009657 -0.0015967 -0.0235571 -0.0019611 0.0027693 0.0020287 0.0080621 0.0008671 -0.0227229 0.0004215 0.0028267 0.0023286 -0.0042451 -0.0217183
-0.0027547 -0.0561382 -0.0053777 -0.0067320 -0.0046431 -0.0243586 -0.0005839 -0.0027502 -0.0031633 -0.0078708 0.0044380 -0.0034687 0.0006851 0.0004697 -0.0071824 -0.0247645 -0.0004569 -0.0466985 0.0032529 0.0066029 0.0003274 0.0006665 -0.0047294 -0.0291693 -0.0296763 0.0013251 -0.0117547 0.0019106 -0.0066349 -0.0039493 -0.0270783 -0.0049240 -0.0090492 1.0129124 0.0011167 -0.0098666 0.0033324 0.0022065 -0.0000313 -0.0026353 -0.0050533 -0.0189248 0.0054655 -0.0242301 0.0040111 -0.0265863 0.0018705 0.0012243 0.0007078 -0.0059365 0.0059873 0.0004635 0.0019984 0.0004449 0.0002134 0.0016749 -0.0275431 0.0059167 0.0026768 -0.0009149 -0.0019143 -0.0247534 0.0012492 -0.0015562 0.0079300 -0.0063122 0.0036729 -0.0010074 0.0027713 -0.0228693 0.0024640 -0.0025081 0.0001941 -0.0019816 0.0025293 -0.0285664 -0.0022270 0.0000097 -0.0031906 -0.0005420 -0.0219377
0.0030655 -0.0762298 0.0044580 -0.0072405 0.0001608 -0.0467774 -0.0059985 -0.0069314 0.0008429 0.0010686 0.0070053 -0.0018573 0.0001669 0.0044152 0.0069501 -0.0395730 0.0102070 -0.0772831 -0.0088334 0.0044172 0.0065484 0.0006730 0.0002675 -0.0453647 -0.0462667 0.0093143 -0.0053344 0.0039972 -0.0049750 -0.0110998 -0.0385110 -0.0046167 -0.0013847 0.0011167 1.0300956 0.0050018 0.0057843 0.0070943 -0.0020393 -0.0029219 -0.0014068 -0.0392074 0.0031763 -0.0419717 0.0106464 -0.0333985 -0.0025349 0.0087102 0.0096077 -0.0123833 0.0112493 0.0092132 0.0093488 0.0074122 0.0029279 0.0038533 -0.0372895 0.0029190 0.0149219 0.0031602 0.0081895 -0.0453456 0.0007772 0.0043871 0.0045974 0.0051399 0.0033757 0.0010314 -0.0005362 -0.0371301 0.0027454 0.0090397 0.0044197 0.0047003 0.0063993 -0.0430460 0.0046341 0.0037807 0.0085487 -0.0044715 -0.0438402
-0.0072533 -0.0482659 -0.0117006 -0.0102975 -0.0130478 -0.0242776 -0.0063342 -0.0075218 -0.0040195 -0.0030675 -0.0039921 -0.0075450 0.0035486 -0.0082352 0.0003524 -0.0284908 0.0063330 -0.0430668 0.0006474 -0.0026517 -0.0036657 0.0074175 0.0007557 -0.0331984 -0.0216641 0.0094329 -0.0024803 0.0011328 -0.0072691 -0.0077547 -0.0257604 -0.0003823 0.0034759 -0.0098666 0.0050018 1.0406606 -0.0024533 -0.0062744 -0.0029499 -0.0066392 -0.0023974 -0.0213543 -0.0001528 -0.0283693 -0.0030680 -0.0279120 -0.0031701 0.0019182 0.0008356 -0.0119830 0.0049563 -0.0003449 0.0009540 0.0018453 0.0017270 0.0035144 -0.0242802 -0.0035252 0.0060064 -0.0052506 0.0030407 -0.0150497 -0.0004513 0.0020095 0.0020310 -0.0042235 -0.0050775 -0.0045122 -0.0020294 -0.0265886 -0.0049139 0.0065978 0.0009335 0.0022289 0.0044107 -0.0267374 -0.0023279 -0.0024308 -0.0006760 -0.0036676 -0.0259185
0.0007130 -0.0502765 -0.0085435 -0.0091852 -0.0014716 -0.0259655 -0.0011942 -0.0001893 -0.0021509 -0.0060253 -0.0061305 -0.0034663 -0.0067243 -0.0016553 0.0001993 -0.0285976 0.0010569 -0.0476816 -0.0028821 -0.0050905 -0.0006179 -0.0052953 0.0078473 -0.0303537 -0.0291862 -0.0010611 0.0034090 0.0021723 -0.0106003 -0.0090460 -0.0253920 -0.0050730 0.0053630 0.0033324 0.0057843 -0.0024533 1.0102072 0.0015294 0.0022437 -0.0036179 -0.0090421 -0.0255121 0.0001531 -0.0310973 0.0038009 -0.0289955 0.0101359 0.0067609 0.0027897 -0.0006066 0.0077370 -0.0008391 0.0021126 0.0015524 0.0006706 -0.0054105 -0.0298815 0.0027897 -0.0026110 0.0079933 -0.0003905 -0.0255768 -0.0026051 0.0051205 0.0033258 -0.0003044 0.0021146 -0.0014666 0.0050156 -0.0229121 -0.0067743 -0.0033001 0.0014199 0.0035883 0.0023093 -0.0272369 -0.0040177 0.0044615 0.0057938 -0.0036459 -0.0285224
-0.0066222 -0.0598828 -0.0075112 0.0010341 0.0030074 -0.0267309 -0.0006068 -0.0040389 0.0004359 -0.0002041 0.0016096 -0.0011860 0.0004660 -0.0045830 -0.0092822 -0.0280466 0.0040129 -0.0582792 -0.0015442 0.0051242 -0.0019193 -0.0092790 -0.0035838 -0.0264318 -0.0310081 0.0073803 -0.0013264 0.0054090 -0.0101080 -0.0031694 -0.0277969 0.0009450 -0.0009672 0.0022065 0.0070943 -0.0062744 0.0015294 1.0228965 0.0014331 -0.0039230 -0.0036718 -0.0263747 -0.0008390 -0.0415952 0.0015809 -0.0272609 0.0036478 -0.0040927 0.0019986 -0.0017519 0.0022680 -0.0013775 0.0021347 0.0005649 0.0116246 -0.0010975 -0.0277863 0.0012028 0.0022929 0.0033039 0.0004432 -0.0340778 0.0041152 0.0043606 0.0032955 -0.0032717 0.0049499 -0.0009465 0.0003583 -0.0265279 -0.0030505 0.0008586 -0.0003691 -0.0000038 0.0062530 -0.0328253 0.0102950 0.0021761 0.0061424 0.0019298 -0.0292156
-0.0005359 -0.0508011 -0.0050514 -0.0087306 -0.0033004 -0.0296949 -0.0068157 -0.0045406 0.0019402 -0.0025198 -0.0050328 -0.0011670 0.0013626 0.0006221 -0.0056852 -0.0232228 0.0023041 -0.0502600 -0.0095777 -0.0011915 -0.0039270 0.0004454 0.0053246 -0.0291028 -0.0243011 0.0005720 0.0063971 -0.0023035 -0.0092221 -0.0039396 -0.0290893 -0.0029736 0.0087019 -0.0000313 -0.0020393 -0.0029499 0.0022437 0.0014331 1.0113178 -0.0077510 -0.0062108 -0.0275489 -0.0016455 -0.0281022 -0.0011849 -0.0279073 0.0046363 0.0045109 0.0002838 -0.0088895 0.0004825 -0.0030969 0.0009032 0.0032931 0.0035806 -0.0039695 -0.0268199 -0.0044004 0.0021167 0.0120248 -0.0033709 -0.0302209 -0.0021476 0.0035271 -0.0013398 -0.0045571 0.0026872 -0.0039002 -0.0043899 -0.0271122 -0.0037286 0.0034960 -0.0040816 0.0025796 0.0033417 -0.0302940 -0.0036164 0.0013169 -0.0010074 -0.0053720 -0.0295080
0.0048285 -0.0464951 -0.0005456 -0.0025881 -0.0044395 -0.0291430 0.0019482 -0.0069155 -0.0063152 -0.0081297 -0.0083658 0.0011752 -0.0026975 -0.0048196 -0.0095792 -0.0377344 0.0120147 -0.0483324 -0.0058870 0.0028097 -0.0017600 -0.0037811 -0.0059715 -0.0262622 -0.0272487 -0.0033419 -0.0104579 0.0008575 -0.0074231 -0.0120646 -0.0342087 -0.0019433 0.0023852 -0.0026353 -0.0029219 -0.0066392 -0.0036179 -0.0039230 -0.0077510 1.0031058 -0.0021062 -0.0245459 0.0036079 -0.0284659 0.0090653 -0.0241575 0.0009215 0.0035296 0.0098460 -0.0118364 0.0020711 -0.0015589 0.0068888 0.0088360 0.0061392 0.0013218 -0.0271448 -0.0037775 0.0081915 0.0036921 -0.0029184 -0.0324754 0.0075439 0.0046474 0.0013456 -0.0026201 -0.0021438 0.0011796 -0.0042315 -0.0292035 -0.0033540 0.0073721 0.0050305 0.0009364 0.0066079 -0.0314038 0.0000860 -0.0010676 0.0038916 -0.0028246 -0.0281153
-0.0060053 -0.0099755 -0.0062399 -0.0034544 -0.0150167 -0.0110042 -0.0062678 -0.0085301 0.0003614 -0.0097025 -0.0071412 -0.0081486 -0.0037266 -0.0079500 -0.0048786 -0.0036624 0.0013733 -0.0193739 -0.0084019 -0.0044866 -0.0088133 -0.0076152 -0.0086551 -0.0161443 -0.0152532 -0.0060406 -0.0055561 -0.0007339 -0.0095789 -0.0114658 -0.0193665 -0.0077660 -0.0048263 -0.0050533 -0.0014068 -0.0023974 -0.0090421 -0.0036718 -0.0062108 -0.0021062 1.0264473 -0.0116900 -0.0053459 -0.0030956 -0.0068433 -0.0035721 -0.0045699 0.0033290 -0.0013411 -0.0091271 -0.0046440 -0.0090831 0.0065210 -0.0049181 -0.0061878 -0.0109799 -0.0053032 0.0005496 -0.0006886 -0.0068000 0.0015254 -0.0065567 -0.0029098 -0.0046472 -0.0070927 -0.0064296 -0.0037295 -0.0093075 -0.0067072 -0.0108894 -0.0095199 -0.0047959 -0.0067666 -0.0021885 -0.0027980 -0.0062177 -0.0044582 0.0010230 -0.0044363 0.0077361 -0.0122560
-0.0222336 0.1514079 -0.0359054 -0.0347059 -0.0294219 0.0696279 -0.0321108 -0.0238785 -0.0264975 -0.0241826 -0.0252962 -0.0207827 -0.0390372 -0.0174415 -0.0217241 0.0667064 -0.0368034 0.1573047 -0.0273616 -0.0300542 -0.0262422 -0.0297195 -0.0305427 0.0605745 0.0705916 -0.0316672 -0.0333259 -0.0342116 -0.0332573 -0.0172000 0.0545088 -0.0202743 -0.0245725 -0.0189248 -0.0392074 -0.0213543 -0.0255121 -0.0263747 -0.0275489 -0.0245459 -0.0116900 1.0443149 -0.0329712 0.0819225 -0.0279192 0.0678326 -0.0295833 -0.0279840 -0.0306220 -0.0098318 -0.0340794 -0.0307755 -0.0275194 -0.0238803 -0.0304617 -0.0181764 0.0697701 -0.0314430 -0.0403129 -0.0274966 -0.0243742 0.0686417 -0.0318861 -0.0268225 -0.0325072 -0.0186097 -0.0157679 -0.0265769 -0.0241582 0.0689637 -0.0181003 -0.0269009 -0.0214906 -0.0373567 -0.0292602 0.0737499 -0.0335050 -0.0253369 -0.0440904 -0.0210130 0.0805531
-0.0054702 -0.0716775 -0.0015965 -0.0099997 -0.0068954 -0.0309699 0.0016691 -0.0030533 0.0017846 -0.0025627 -0.0075721 -0.0078961 0.0070349 -0.0085053 -0.0029752 -0.0425438 0.0082797 -0.0685297 -0.0041517 -0.0017924 0.0065319 0.0103284 0.0036119 -0.0362147 -0.0389777 0.0082600 0.0013878 0.0094033 -0.0116005 -0.0100476 -0.0347812 -0.0040688 0.0007311 0.0054655 0.0031763 -0.0001528 0.0001531 -0.0008390 -0.0016455 0.0036079 -0.0053459 -0.0329712 1.0122043 -0.0486104 0.0029870 -0.0385263 0.0025703 0.0042841 0.0015635 -0.0001083 0.0044174 0.0024742 0.0037447 0.0028546 0.0082635 -0.0005606 -0.0317000 0.0086395 0.0107919 0.0038952 0.0052969 -0.0409548 0.0022281 0.0052461 0.0033994 -0.0015603 -0.0005455 -0.0023810 0.0063433 -0.0368900 0.0014138 0.0011284 0.0021247 0.0062019 0.0103072 -0.0388002 0.0031165 -0.0015979 0.0086695 0.0015426 -0.0365585
-0.0295318 0.1869693 -0.0274551 -0.0396137 -0.0328952 0.0886759 -0.0321995 -0.0240658 -0.0350881 -0.0278508 -0.0249085 -0.0278038 -0.0445833 -0.0401734 -0.0304892 0.0786285 -0.0448299 0.2058390 -0.0201222 -0.0429737 -0.0300086 -0.0385774 -0.0398034 0.0916454 0.0897741 -0.0543766 -0.0300264 -0.0361543 -0.0328040 -0.0211601 0.0684051 -0.0351439 -0.0303854 -0.0242301 -0.0419717 -0.0283693 -0.0310973 -0.0415952 -0.0281022 -0.0284659 -0.0030956 0.0819225 -0.0486104 1.0670538 -0.0373790 0.0872580 -0.0263481 -0.0330484 -0.0362728 -0.0101477 -0.0436640 -0.0406699 -0.0411266 -0.0314543 -0.0375049 -0.0225662 0.0793818 -0.0416376 -0.0537222 -0.0343446 -0.0319440 0.0883284 -0.0338615 -0.0296665 -0.0400355 -0.0309424 -0.0223327 -0.0299699 -0.0304285 0.0840038 -0.0232644 -0.0295488 -0.0363962 -0.0458724 -0.0313669 0.1009865 -0.0319733 -0.0266932 -0.0463406 -0.0252406 0.1013786
0.0008612 -0.0693756 -0.0046900 -0.0050042 0.0022925 -0.0323141 0.0041258 -0.0003052 0.0062995 -0.0073833 -0.0045408 0.0017113 0.0055700 -0.0075058 0.0014949 -0.0355907 0.0059686 -0.0618111 -0.0036629 0.0030060 0.0044452 0.0016606 -0.0083482 -0.0362156 -0.0407449 -0.0051145 0.0017723 0.0089564 -0.0006542 -0.0099056 -0.0305177 0.0025638 0.0029451 0.0040111 0.0106464 -0.0030680 0.0038009 0.0015809 -0.0011849 0.0090653 -0.0068433 -0.0279192 0.0029870 -0.0373790 1.0165532 -0.0307865 0.0022621 0.0099256 0.0034356 -0.0004033 0.0118886 0.0091676 0.0037268 0.0035943 0.0108191 0.0017342 -0.0284644 0.0027131 0.0098379 0.0058451 0.0013339 -0.0318781 0.0035170 0.0027283 0.0058514 -0.0017299 -0.0020202 0.0009533 0.0005507 -0.0318808 -0.0011445 0.0018196 0.0073962 0.0124854 0.0041991 -0.0353769 0.0070173 0.0033629 0.0074561 -0.0053734 -0.0422846
-0.0305882 0.1540028 -0.0228324 -0.0313616 -0.0279721 0.0662445 -0.0232266 -0.0364989 -0.0301428 -0.0265175 -0.0324566 -0.0271785 -0.0369039 -0.0314261 -0.0320947 0.0661370 -0.0355475 0.1612804 -0.0275685 -0.0313521 -0.0242203 -0.0356065 -0.0360084 0.0678658 0.0724204 -0.0401278 -0.0277354 -0.0405483 -0.0241494 -0.0168144 0.0521653 -0.0283900 -0.0230694 -0.0265863 -0.0333985 -0.0279120 -0.0289955 -0.0272609 -0.0279073 -0.0241575 -0.0035721 0.0678326 -0.0385263 0.0872580 -0.0307865 1.0703455 -0.0279313 -0.0314295 -0.0338489 -0.0124127 -0.0331199 -0.0261959 -0.0348583 -0.0306999 -0.0294002 -0.0236267 0.0658845 -0.0339643 -0.0394013 -0.0333359 -0.0232207 0.0689672 -0.0242470 -0.0278649 -0.0374296 -0.0214584 -0.0255596 -0.0233615 -0.0306720 0.0627215 -0.0146129 -0.0266732 -0.0249650 -0.0312216 -0.0291963 0.0798671 -0.0301362 -0.0195334 -0.0417566 -0.0235155 0.0865135
