1.0319670 -0.0263553 -0.0133801 -0.0227234 -0.0087666 -0.0278531 -0.0253655 -0.0236294 0.0072151 -0.0183295 -0.0161218 0.0096162 -0.0111575 -0.0111637 -0.0183091 -0.0273046 0.0010824 -0.0203592 -0.0177206 -0.0162619 -0.0108209 -0.0014252 -0.0195054 -0.0120501 -0.0149240 -0.0126046 -0.0176721 -0.0120099 -0.0171944 -0.0186895 -0.0220372 -0.0060724 -0.0101520 -0.0191014 -0.0069260 -0.0191097 0.0048813 -0.0137295 -0.0190642 0.0042967 0.0062957 -0.0004221 -0.0142993 -0.0101625 -0.0015961 0.0017447 -0.0021539 -0.0003881 -0.0100198 -0.0115580 -0.0133735 -0.0100991 -0.0070865 -0.0291003 -0.0016550 -0.0054470 -0.0116724 -0.0079490 -0.0038380 0.0009293 0.0013993 -0.0053320 0.0046518 -0.0171746 -0.0049560 -0.0094100 -0.0149288 -0.0116970 -0.0060652 -0.0103186 -0.0101187 0.0030345 0.0085764 -0.0055723 0.0164312 0.0036010 -0.0103857 0.0042685 -0.0204280 0.0023947 -0.0069253
-0.0263553 1.1059710 0.0058171 0.0081804 -0.0347749 0.0195872 0.0121619 0.0455477 -0.0663233 0.0238014 -0.0402323 -0.0952536 0.0025661 -0.0443573 0.0036543 0.0691131 -0.1044778 0.0667966 -0.0297534 -0.0000118 0.0075069 -0.0815515 0.0102351 -0.0427819 0.0476477 -0.0306539 0.0428683 0.0118939 0.0546445 -0.0398724 0.0242954 -0.0040083 -0.0026254 -0.0026044 -0.0314080 0.0257870 -0.0740515 0.0027820 0.0145546 -0.0409928 -0.0570642 -0.0486729 -0.0053059 -0.0288638 -0.0204427 -0.0338450 -0.0501633 -0.0467664 -0.0400673 -0.0056921 0.0248425 0.0033709 -0.0246379 0.0954209 -0.0309629 -0.0468064 0.0517636 -0.0017055 -0.0063671 -0.0360824 -0.0554047 -0.0236190 -0.0768330 0.0472244 -0.0144645 -0.0154776 0.0450903 -0.0348228 -0.0292339 -0.0093255 -0.0040720 -0.0544785 -0.0520094 0.0004697 -0.0738788 -0.0418316 -0.0173956 -0.0144743 -0.0274947 -0.0427367 -0.0222236
-0.0133801 0.0058171 1.0286374 -0.0128800 -0.0187175 -0.0115894 -0.0029729 0.0040365 -0.0195969 -0.0112566 -0.0193684 -0.0214331 -0.0051786 -0.0219516 -0.0131442 0.0042162 -0.0192843 -0.0099496 -0.0068819 -0.0049507 -0.0023052 -0.0277939 -0.0147815 -0.0212739 -0.0150890 -0.0173333 -0.0168312 -0.0072367 -0.0102736 -0.0238203 -0.0033778 -0.0129539 -0.0044569 -0.0123227 -0.0060030 0.0000631 -0.0179972 -0.0056540 -0.0134243 -0.0115101 -0.0188430 -0.0154373 -0.0066787 -0.0195032 -0.0083601 -0.0131976 -0.0158483 -0.0099660 -0.0094694 -0.0062006 -0.0038137 -0.0101829 -0.0053607 0.0000509 -0.0108090 -0.0144745 0.0025530 -0.0077922 -0.0035755 -0.0056994 -0.0103032 -0.0110434 -0.0176953 0.0007860 -0.0071722 -0.0084001 0.0011469 -0.0125539 -0.0180696 -0.0140719 -0.0068505 -0.0234094 -0.0155142 -0.0074793 -0.0146752 -0.0143208 -0.0097420 -0.0059357 -0.0163679 -0.0111666 -0.0146581
-0.0227234 0.0081804 -0.0128800 1.0283643 -0.0161588 -0.0057138 -0.0087540 -0.0020904 -0.0287891 -0.0061848 -0.0141196 -0.0301004 -0.0038665 -0.0166530 -0.0077864 -0.0024107 -0.0286881 0.0072396 -0.0138605 -0.0077494 -0.0077263 -0.0312354 -0.0087426 -0.0131666 -0.0084641 -0.0257807 0.0020115 -0.0041321 0.0072412 -0.0279307 -0.0015889 -0.0119512 -0.0104569 0.0008509 -0.0098968 0.0005470 -0.0298915 -0.0176437 -0.0047419 -0.0056075 -0.0166554 -0.0171574 -0.0036271 -0.0095793 -0.0090868 -0.0166501 -0.0179566 -0.0184056 -0.0142795 -0.0056301 -0.0011876 -0.0079651 -0.0149844 0.0112491 -0.0177067 -0.0154744 0.0063029 -0.0089129 -0.0068570 -0.0180907 -0.0214154 -0.0122706 -0.0286994 0.0022333 -0.0163629 -0.0170476 0.0016317 -0.0106798 -0.0145794 -0.0030678 -0.0055667 -0.0186799 -0.0231886 -0.0096730 -0.0199225 -0.0115250 -0.0166561 -0.0065399 -0.0075504 -0.0178299 -0.0110222
-0.0087666 -0.0347749 -0.0187175 -0.0161588 1.0281711 -0.0317089 -0.0265250 -0.0295691 -0.0054348 -0.0168010 -0.0105935 0.0064241 -0.0118689 -0.0068307 -0.0205691 -0.0306893 0.0111135 -0.0130694 -0.0096377 -0.0085945 -0.0156234 0.0071716 -0.0156212 -0.0083628 -0.0201709 -0.0053613 -0.0258356 -0.0077307 -0.0309247 -0.0035434 -0.0246463 -0.0189871 -0.0112394 -0.0190380 -0.0064591 -0.0089589 0.0098123 -0.0181740 -0.0089354 -0.0080941 -0.0032040 -0.0004681 -0.0134151 0.0060820 -0.0065011 -0.0070495 -0.0064267 0.0015242 -0.0032296 -0.0107929 -0.0188900 -0.0103038 -0.0032718 -0.0204189 -0.0035972 -0.0105218 -0.0310441 -0.0107156 -0.0071998 0.0031457 0.0013555 -0.0095583 0.0037269 -0.0175735 -0.0054542 -0.0120598 -0.0219775 0.0009140 -0.0104756 -0.0156537 -0.0069639 0.0038004 0.0087047 -0.0111331 0.0095692 0.0031650 -0.0043324 -0.0005576 0.0008402 -0.0034995 -0.0063655
-0.0278531 0.0195872 -0.0115894 -0.0057138 -0.0317089 1.0269171 -0.0075829 0.0168842 -0.0290623 -0.0067409 -0.0223468 -0.0394701 -0.0035199 -0.0274681 0.0016510 0.0229216 -0.0421836 0.0224220 -0.0139357 0.0003763 0.0043214 -0.0407838 -0.0088961 -0.0222503 -0.0017178 -0.0112659 0.0025689 -0.0040760 0.0158658 -0.0264635 -0.0050077 -0.0062600 -0.0062530 -0.0073295 -0.0159253 0.0056502 -0.0365715 -0.0105451 0.0016273 -0.0224836 -0.0268431 -0.0265935 -0.0004944 -0.0044686 -0.0215679 -0.0201550 -0.0217037 -0.0182542 -0.0223599 -0.0082690 0.0053266 -0.0052526 -0.0066828 0.0330033 -0.0129908 -0.0234587 0.0190360 -0.0100812 -0.0061353 -0.0239688 -0.0203899 -0.0153898 -0.0356816 0.0076595 -0.0107473 -0.0045953 0.0140653 -0.0215896 -0.0105540 -0.0150453 -0.0019797 -0.0258992 -0.0263735 -0.0037449 -0.0312440 -0.0253809 -0.0046374 -0.0126068 -0.0198508 -0.0161810 -0.0102046
-0.0253655 0.0121619 -0.0029729 -0.0087540 -0.0265250 -0.0075829 1.0484416 0.0099335 -0.0405639 0.0033469 -0.0174981 -0.0363642 -0.0059989 -0.0188981 -0.0040410 0.0140659 -0.0370412 0.0138936 -0.0244854 -0.0057474 -0.0019330 -0.0341260 -0.0049604 -0.0242543 -0.0023102 -0.0155771 0.0184192 -0.0040709 -0.0049614 -0.0278662 -0.0025008 -0.0066511 0.0020786 0.0002404 -0.0111267 0.0026178 -0.0298576 -0.0110776 -0.0016902 -0.0259373 -0.0235007 -0.0169800 -0.0082438 -0.0114632 -0.0133106 -0.0104329 -0.0124622 -0.0203753 -0.0158710 -0.0085106 0.0026374 -0.0049671 -0.0109298 0.0255264 -0.0138089 -0.0222954 0.0117420 -0.0023366 0.0006772 -0.0201702 -0.0270295 -0.0115611 -0.0334738 0.0116274 -0.0051901 -0.0052148 0.0012872 -0.0134094 -0.0121226 -0.0079606 0.0003129 -0.0235168 -0.0259302 -0.0034235 -0.0307384 -0.0201255 -0.0127817 -0.0105873 -0.0025313 -0.0121193 -0.0159111
-0.0236294 0.0455477 0.0040365 -0.0020904 -0.0295691 0.0168842 0.0099335 1.0669421 -0.0487400 0.0047945 -0.0305835 -0.0712712 0.0055135 -0.0320839 0.0052899 0.0450363 -0.0632227 0.0428468 -0.0152206 0.0059239 0.0062068 -0.0618959 -0.0008776 -0.0268866 0.0180801 -0.0179220 0.0299886 0.0001157 0.0267390 -0.0219590 0.0133338 -0.0061661 -0.0012110 -0.0058779 -0.0151431 0.0213914 -0.0577439 0.0013517 -0.0044947 -0.0385462 -0.0394283 -0.0402021 0.0001349 -0.0236558 -0.0170283 -0.0261908 -0.0397253 -0.0349402 -0.0277398 -0.0089198 0.0052288 0.0029515 -0.0147313 0.0518862 -0.0136615 -0.0358456 0.0329098 -0.0091035 -0.0067654 -0.0227045 -0.0375038 -0.0246348 -0.0546012 0.0237333 -0.0215760 -0.0117079 0.0265352 -0.0208794 -0.0214936 -0.0072262 0.0036693 -0.0367504 -0.0320265 0.0009740 -0.0505521 -0.0282003 -0.0128968 -0.0141253 -0.0199874 -0.0196327 -0.0108050
0.0072151 -0.0663233 -0.0195969 -0.0287891 -0.0054348 -0.0290623 -0.0405639 -0.0487400 1.0421703 -0.0312500 0.0085387 0.0522321 -0.0252345 0.0134575 -0.0273234 -0.0651081 0.0578910 -0.0633600 -0.0020459 -0.0184123 -0.0222323 0.0413898 -0.0309851 0.0148050 -0.0485320 0.0118066 -0.0562949 -0.0176620 -0.0485437 0.0124485 -0.0356642 -0.0184207 -0.0098039 -0.0129468 0.0030267 -0.0412403 0.0387979 -0.0152646 -0.0129915 0.0175478 0.0203882 0.0236366 -0.0134593 0.0032581 -0.0024851 0.0040375 0.0239262 0.0277489 0.0143242 -0.0147011 -0.0214452 -0.0198595 0.0060877 -0.0710418 0.0106129 0.0246798 -0.0489523 -0.0131312 -0.0110268 0.0119966 0.0296627 0.0052303 0.0423482 -0.0389930 0.0028431 -0.0014864 -0.0374564 0.0148434 0.0038346 -0.0016740 -0.0072939 0.0244421 0.0254216 -0.0169411 0.0440945 0.0150438 0.0055158 0.0034483 0.0056712 0.0049350 0.0100736
-0.0183295 0.0238014 -0.0112566 -0.0061848 -0.0168010 -0.0067409 0.0033469 0.0047945 -0.0312500 1.0253099 -0.0255701 -0.0392646 -0.0027499 -0.0290210 -0.0080590 0.0208859 -0.0493603 0.0254010 -0.0154767 0.0015149 -0.0097546 -0.0326105 0.0014051 -0.0166886 0.0101072 -0.0148497 0.0069136 -0.0020959 0.0081613 -0.0203086 -0.0060775 0.0022909 -0.0092554 -0.0103377 -0.0176719 0.0029772 -0.0417377 -0.0075899 0.0005789 -0.0186665 -0.0367591 -0.0232557 -0.0076980 -0.0126330 -0.0132543 -0.0177688 -0.0352460 -0.0241288 -0.0204648 -0.0004953 -0.0013408 -0.0065046 -0.0145015 0.0272558 -0.0056774 -0.0305944 0.0141924 -0.0045784 -0.0029487 -0.0211774 -0.0273600 -0.0145019 -0.0389049 0.0129092 -0.0129565 -0.0127994 0.0152258 -0.0149941 -0.0194933 -0.0082577 -0.0085142 -0.0277957 -0.0282593 -0.0047342 -0.0316833 -0.0163258 -0.0145176 -0.0130643 -0.0159201 -0.0258402 -0.0242263
-0.0161218 -0.0402323 -0.0193684 -0.0141196 -0.0105935 -0.0223468 -0.0174981 -0.0305835 0.0085387 -0.0255701 1.0340426 0.0232781 -0.0177915 0.0010000 -0.0133238 -0.0405458 0.0342695 -0.0355031 -0.0063821 -0.0163039 -0.0172727 0.0202980 -0.0132405 -0.0087802 -0.0249224 -0.0043012 -0.0320917 -0.0138133 -0.0328141 0.0048900 -0.0235419 -0.0066712 -0.0029035 -0.0116028 -0.0053689 -0.0260908 0.0154248 -0.0174146 -0.0154334 -0.0027611 0.0100989 0.0034671 -0.0158811 0.0022764 -0.0073288 -0.0038510 0.0055523 0.0087586 0.0023022 -0.0116440 -0.0095700 -0.0069212 -0.0049650 -0.0436107 0.0010346 0.0060166 -0.0326666 -0.0168491 -0.0118094 -0.0015764 0.0127482 0.0016506 0.0149743 -0.0247233 -0.0168074 -0.0019180 -0.0221680 -0.0009429 0.0052308 -0.0141457 -0.0128010 0.0201311 0.0136222 -0.0225607 0.0166332 0.0036481 -0.0113575 -0.0054761 -0.0104531 0.0019071 -0.0068575
0.0096162 -0.0952536 -0.0214331 -0.0301004 0.0064241 -0.0394701 -0.0363642 -0.0712712 0.0522321 -0.0392646 0.0232781 1.1074120 -0.0383614 0.0234573 -0.0363872 -0.0867907 0.0928577 -0.0750861 0.0069069 -0.0273634 -0.0224870 0.0668701 -0.0350084 0.0088612 -0.0612751 0.0077395 -0.0707221 -0.0108610 -0.0649361 0.0095554 -0.0448851 -0.0260636 -0.0108321 -0.0134790 0.0104828 -0.0502504 0.0561492 -0.0091956 -0.0234585 0.0343388 0.0402895 0.0408565 -0.0073480 0.0087043 0.0036911 0.0152418 0.0353150 0.0311536 0.0169698 -0.0085023 -0.0313152 -0.0116317 0.0145203 -0.0972934 0.0143397 0.0313017 -0.0631654 -0.0068792 -0.0157485 0.0209650 0.0393181 0.0113034 0.0678021 -0.0488816 -0.0005070 -0.0032372 -0.0541592 0.0147283 0.0093875 -0.0060244 -0.0053491 0.0485955 0.0448603 -0.0118133 0.0667189 0.0325433 0.0025930 0.0090939 0.0155673 0.0102668 0.0125357
-0.0111575 0.0025661 -0.0051786 -0.0038665 -0.0118689 -0.0035199 -0.0059989 0.0055135 -0.0252345 -0.0027499 -0.0177915 -0.0383614 1.0300893 -0.0155331 -0.0122050 0.0168776 -0.0271658 0.0151476 -0.0142431 -0.0077556 -0.0039217 -0.0277862 -0.0005356 -0.0077762 0.0065852 -0.0175255 -0.0080449 -0.0022542 0.0060898 -0.0185915 0.0054419 -0.0031024 -0.0092825 -0.0096822 -0.0159253 0.0012730 -0.0283080 -0.0121318 -0.0011116 -0.0204706 -0.0112570 -0.0198053 -0.0010092 -0.0126247 -0.0094239 -0.0178125 -0.0286373 -0.0144748 -0.0161779 0.0008699 0.0008307 -0.0106574 -0.0073063 0.0147387 -0.0093492 -0.0163243 0.0032337 -0.0107083 -0.0130984 -0.0134917 -0.0170322 -0.0146687 -0.0178026 0.0056284 0.0035687 -0.0090060 -0.0044248 -0.0166507 -0.0090992 -0.0153033 -0.0118347 -0.0211942 -0.0149368 -0.0031154 -0.0150789 -0.0165957 -0.0057223 -0.0034149 -0.0131089 -0.0160712 -0.0122779
-0.0111637 -0.0443573 -0.0219516 -0.0166530 -0.0068307 -0.0274681 -0.0188981 -0.0320839 0.0134575 -0.0290210 0.0010000 0.0234573 -0.0155331 1.0528300 -0.0222075 -0.0493223 0.0359896 -0.0436630 -0.0059344 -0.0149994 -0.0091527 0.0272106 -0.0259794 -0.0106004 -0.0339930 0.0037040 -0.0368314 -0.0125234 -0.0366400 0.0058910 -0.0349113 -0.0216463 -0.0032479 -0.0075813 -0.0065401 -0.0243369 0.0176043 -0.0047744 -0.0184323 0.0088230 0.0125964 0.0145824 -0.0146181 0.0013772 -0.0075495 0.0011036 0.0174676 0.0150184 0.0115386 -0.0064223 -0.0162998 -0.0079574 -0.0019061 -0.0456592 0.0004550 0.0089825 -0.0399249 -0.0077006 -0.0083662 -0.0040757 0.0169088 0.0048149 0.0181873 -0.0212127 -0.0102336 -0.0058171 -0.0286261 0.0038769 0.0040850 -0.0131353 -0.0146150 0.0160589 0.0063723 -0.0189337 0.0282157 0.0029039 0.0007964 -0.0056996 -0.0011208 0.0034421 0.0006248
-0.0183091 0.0036543 -0.0131442 -0.0077864 -0.0205691 0.0016510 -0.0040410 0.0052899 -0.0273234 -0.0080590 -0.0133238 -0.0363872 -0.0122050 -0.0222075 1.0135498 0.0112279 -0.0312391 0.0105361 -0.0121132 -0.0121302 -0.0012048 -0.0251677 -0.0065840 -0.0308978 0.0016440 -0.0105373 -0.0061849 -0.0038014 -0.0027796 -0.0179895 -0.0070515 -0.0074871 -0.0032646 -0.0046964 -0.0132753 0.0041549 -0.0188799 -0.0022080 -0.0133047 -0.0150271 -0.0144516 -0.0231059 -0.0143953 -0.0072525 -0.0051227 -0.0209345 -0.0221687 -0.0235930 -0.0156827 -0.0047105 -0.0031668 -0.0117180 -0.0134812 0.0182961 -0.0056130 -0.0108581 0.0141185 -0.0035908 -0.0074022 -0.0154276 -0.0178042 -0.0112721 -0.0249590 0.0102340 -0.0147379 -0.0102198 0.0040156 -0.0203528 -0.0098253 -0.0080917 -0.0033052 -0.0122452 -0.0217402 -0.0077767 -0.0204952 -0.0205363 -0.0096299 -0.0103562 -0.0117358 -0.0138489 -0.0114054
-0.0273046 0.0691131 0.0042162 -0.0024107 -0.0306893 0.0229216 0.0140659 0.0450363 -0.0651081 0.0208859 -0.0405458 -0.0867907 0.0168776 -0.0493223 0.0112279 1.0940452 -0.0952339 0.0636338 -0.0213855 0.0092756 0.0048522 -0.0896936 0.0102508 -0.0386160 0.0537647 -0.0363147 0.0371182 0.0051349 0.0417258 -0.0374470 0.0184669 -0.0070542 -0.0031847 -0.0054475 -0.0233766 0.0322723 -0.0711069 -0.0065963 0.0124324 -0.0506128 -0.0556935 -0.0548108 -0.0036857 -0.0215900 -0.0054470 -0.0289672 -0.0502589 -0.0475866 -0.0281282 -0.0143693 0.0180649 0.0016453 -0.0263723 0.0883273 -0.0258730 -0.0458691 0.0398051 -0.0035861 -0.0049569 -0.0373177 -0.0454304 -0.0257863 -0.0760643 0.0421399 -0.0149827 -0.0099253 0.0464572 -0.0272026 -0.0316416 -0.0063131 -0.0045738 -0.0586307 -0.0598613 -0.0012020 -0.0768984 -0.0420570 -0.0178674 -0.0177411 -0.0208066 -0.0318855 -0.0244167
0.0010824 -0.1044778 -0.0192843 -0.0286881 0.0111135 -0.0421836 -0.0370412 -0.0632227 0.0578910 -0.0493603 0.0342695 0.0928577 -0.0271658 0.0359896 -0.0312391 -0.0952339 1.1122096 -0.0807028 -0.0010241 -0.0273682 -0.0164989 0.0816396 -0.0404817 0.0246136 -0.0687305 0.0160434 -0.0707982 -0.0112317 -0.0664711 0.0254986 -0.0645887 -0.0177725 -0.0082647 -0.0057417 0.0116382 -0.0466826 0.0667531 -0.0090829 -0.0296180 0.0424894 0.0482680 0.0361801 -0.0111250 0.0170656 0.0033826 0.0145003 0.0455856 0.0349928 0.0152448 -0.0111771 -0.0237583 -0.0080451 0.0133226 -0.0957764 0.0159369 0.0382150 -0.0597692 -0.0091741 -0.0138610 0.0201632 0.0453795 0.0092854 0.0729996 -0.0490024 -0.0009316 -0.0011678 -0.0510294 0.0234843 0.0199313 -0.0002742 -0.0144636 0.0414002 0.0503165 -0.0163150 0.0646838 0.0280114 0.0075378 0.0017742 0.0122819 0.0217239 0.0067482
-0.0203592 0.0667966 -0.0099496 0.0072396 -0.0130694 0.0224220 0.0138936 0.0428468 -0.0633600 0.0254010 -0.0355031 -0.0750861 0.0151476 -0.0436630 0.0105361 0.0636338 -0.0807028 1.0788896 -0.0155405 0.0133568 0.0123305 -0.0622028 0.0180067 -0.0339533 0.0431013 -0.0214523 0.0403803 0.0096721 0.0423086 -0.0307473 0.0272360 0.0054630 -0.0054498 0.0082072 -0.0262576 0.0274056 -0.0602448 -0.0027788 0.0108950 -0.0331658 -0.0408975 -0.0455138 -0.0052761 -0.0201760 -0.0122984 -0.0272359 -0.0366822 -0.0363407 -0.0292966 -0.0009910 0.0130646 -0.0046620 -0.0131522 0.0766522 -0.0198994 -0.0399051 0.0436292 -0.0018248 -0.0067430 -0.0243634 -0.0396348 -0.0165161 -0.0610703 0.0312143 -0.0050840 -0.0111624 0.0326224 -0.0277222 -0.0199262 -0.0046919 -0.0005321 -0.0441492 -0.0422100 0.0054085 -0.0556359 -0.0307872 -0.0137589 -0.0087178 -0.0156503 -0.0227780 -0.0227166
-0.0177206 -0.0297534 -0.0068819 -0.0138605 -0.0096377 -0.0139357 -0.0244854 -0.0152206 -0.0020459 -0.0154767 -0.0063821 0.0069069 -0.0142431 -0.0059344 -0.0121132 -0.0213855 -0.0010241 -0.0155405 1.0078771 -0.0096492 -0.0186387 0.0038490 -0.0127996 -0.0139224 -0.0241788 -0.0095244 -0.0176362 -0.0077578 -0.0178285 -0.0211106 -0.0221471 -0.0093817 -0.0078706 -0.0178996 0.0006675 -0.0076612 -0.0041168 -0.0154149 -0.0074125 -0.0079636 -0.0014677 -0.0020615 -0.0108191 -0.0034847 -0.0027363 -0.0022646 -0.0040673 -0.0005597 -0.0034585 -0.0058779 -0.0032244 -0.0112447 -0.0041270 -0.0210025 0.0004118 -0.0058975 -0.0072321 -0.0136962 -0.0080538 -0.0054304 -0.0006334 -0.0118380 0.0041155 -0.0151462 -0.0071744 -0.0085100 -0.0174589 -0.0025565 -0.0092968 -0.0118788 -0.0122055 0.0009075 0.0009963 -0.0124365 0.0067935 -0.0102188 -0.0125767 -0.0020200 0.0011286 -0.0069228 -0.0053199
-0.0162619 -0.0000118 -0.0049507 -0.0077494 -0.0085945 0.0003763 -0.0057474 0.0059239 -0.0184123 0.0015149 -0.0163039 -0.0273634 -0.0077556 -0.0149994 -0.0121302 0.0092756 -0.0273682 0.0133568 -0.0096492 1.0351769 -0.0064795 -0.0273995 -0.0116303 -0.0182820 -0.0064573 -0.0145006 -0.0003685 0.0015214 0.0085776 -0.0194258 -0.0077073 -0.0041559 -0.0035660 -0.0124089 -0.0103212 -0.0003880 -0.0184226 -0.0069820 -0.0055648 -0.0154955 -0.0220824 -0.0163614 -0.0071878 -0.0123328 -0.0131980 -0.0167006 -0.0208287 -0.0180844 -0.0120218 -0.0062693 0.0063537 -0.0036473 -0.0016827 0.0200565 -0.0100226 -0.0148460 0.0183581 -0.0072544 -0.0066091 -0.0041515 -0.0074160 -0.0151784 -0.0217722 0.0028564 -0.0141406 -0.0056529 0.0023435 -0.0108880 -0.0170126 -0.0052097 -0.0014214 -0.0184773 -0.0141239 -0.0050543 -0.0210322 -0.0146640 -0.0118846 -0.0075668 -0.0034900 -0.0124862 -0.0150250
-0.0108209 0.0075069 -0.0023052 -0.0077263 -0.0156234 0.0043214 -0.0019330 0.0062068 -0.0222323 -0.0097546 -0.0172727 -0.0224870 -0.0039217 -0.0091527 -0.0012048 0.0048522 -0.0164989 0.0123305 -0.0186387 -0.0064795 1.0191611 -0.0161718 -0.0031440 -0.0084579 -0.0052069 -0.0103528 -0.0046198 -0.0036901 0.0046020 -0.0129350 -0.0113439 -0.0107989 -0.0089227 -0.0067325 -0.0076802 -0.0035793 -0.0118584 -0.0066913 0.0038805 -0.0183493 -0.0124633 -0.0176562 -0.0056976 -0.0135152 -0.0047643 -0.0156261 -0.0145965 -0.0105971 -0.0125625 -0.0065494 -0.0017185 -0.0085298 -0.0068091 0.0083546 -0.0010750 -0.0152277 0.0063199 -0.0085027 -0.0048587 -0.0147496 -0.0140589 -0.0063527 -0.0183085 0.0041977 -0.0024861 -0.0006388 0.0064234 -0.0137831 -0.0082484 -0.0121058 -0.0084004 -0.0139389 -0.0150399 -0.0056535 -0.0162753 -0.0143243 -0.0046024 -0.0059777 -0.0070581 -0.0087414 -0.0117780
-0.0014252 -0.0815515 -0.0277939 -0.0312354 0.0071716 -0.0407838 -0.0341260 -0.0618959 0.0413898 -0.0326105 0.0202980 0.0668701 -0.0277862 0.0272106 -0.0251677 -0.0896936 0.0816396 -0.0622028 0.0038490 -0.0273995 -0.0161718 1.0770749 -0.0367916 0.0147838 -0.0558378 0.0102130 -0.0600298 -0.0244197 -0.0630010 0.0041638 -0.0426156 -0.0165096 -0.0067281 -0.0071869 0.0044954 -0.0355558 0.0442148 -0.0162213 -0.0263982 0.0308463 0.0300132 0.0303378 -0.0149747 0.0108939 0.0025440 0.0189198 0.0278986 0.0214396 0.0144900 -0.0145322 -0.0257352 -0.0143629 0.0055406 -0.0856270 0.0120197 0.0293389 -0.0563202 -0.0132631 -0.0164293 0.0157946 0.0270477 0.0021349 0.0588862 -0.0410363 -0.0063595 -0.0080909 -0.0444019 0.0139098 0.0192681 -0.0049402 -0.0197433 0.0381952 0.0352550 -0.0148641 0.0564107 0.0268291 0.0005857 0.0037661 0.0007645 0.0179654 0.0042169
-0.0195054 0.0102351 -0.0147815 -0.0087426 -0.0156212 -0.0088961 -0.0049604 -0.0008776 -0.0309851 0.0014051 -0.0132405 -0.0350084 -0.0005356 -0.0259794 -0.0065840 0.0102508 -0.0404817 0.0180067 -0.0127996 -0.0116303 -0.0031440 -0.0367916 1.0490900 -0.0255366 0.0085334 -0.0188452 0.0012551 -0.0057116 0.0152298 -0.0277330 -0.0023857 -0.0025912 0.0003895 -0.0136483 -0.0172886 0.0097083 -0.0314232 -0.0121752 -0.0023012 -0.0267810 -0.0271782 -0.0256775 -0.0189919 -0.0130092 -0.0161779 -0.0034320 -0.0279919 -0.0234430 -0.0231960 -0.0087391 0.0003432 -0.0104554 -0.0101730 0.0234416 -0.0087432 -0.0248236 0.0130628 -0.0062667 -0.0050199 -0.0220198 -0.0172937 -0.0154311 -0.0369852 0.0106952 -0.0124525 -0.0035804 0.0060708 -0.0180101 -0.0115572 -0.0098849 -0.0077305 -0.0193894 -0.0285764 -0.0053667 -0.0317598 -0.0184414 -0.0150162 -0.0033916 -0.0132205 -0.0217316 -0.0097902
-0.0120501 -0.0427819 -0.0212739 -0.0131666 -0.0083628 -0.0222503 -0.0242543 -0.0268866 0.0148050 -0.0166886 -0.0087802 0.0088612 -0.0077762 -0.0106004 -0.0308978 -0.0386160 0.0246136 -0.0339533 -0.0139224 -0.0182820 -0.0084579 0.0147838 -0.0255366 1.0259235 -0.0241068 -0.0081253 -0.0272372 -0.0161472 -0.0247324 -0.0062323 -0.0107212 -0.0056901 -0.0189848 -0.0101968 -0.0108119 -0.0215548 0.0055187 -0.0049489 -0.0092738 -0.0066140 0.0000885 0.0029087 -0.0085348 -0.0136981 -0.0110308 -0.0019750 -0.0015766 0.0140465 -0.0018186 -0.0072720 -0.0123856 -0.0134344 -0.0083495 -0.0261556 -0.0017719 0.0066737 -0.0222849 -0.0085301 -0.0042810 -0.0043956 0.0032970 -0.0003681 0.0096655 -0.0211767 0.0004207 -0.0138108 -0.0160784 -0.0155928 -0.0067096 -0.0110855 -0.0053097 -0.0006692 0.0039887 -0.0103690 0.0132996 -0.0003839 -0.0032268 -0.0056352 -0.0053410 0.0009798 -0.0019743
-0.0149240 0.0476477 -0.0150890 -0.0084641 -0.0201709 -0.0017178 -0.0023102 0.0180801 -0.0485320 0.0101072 -0.0249224 -0.0612751 0.0065852 -0.0339930 0.0016440 0.0537647 -0.0687305 0.0431013 -0.0241788 -0.0064573 -0.0052069 -0.0558378 0.0085334 -0.0241068 1.0494307 -0.0269088 0.0311356 0.0013945 0.0278657 -0.0226020 0.0139988 -0.0080325 -0.0097714 -0.0082520 -0.0225740 0.0199676 -0.0504385 -0.0130954 -0.0070972 -0.0274135 -0.0348110 -0.0412038 -0.0090082 -0.0185774 -0.0144401 -0.0226611 -0.0330981 -0.0331094 -0.0216246 -0.0063609 0.0137068 0.0054376 -0.0181926 0.0514273 -0.0214036 -0.0319342 0.0297410 -0.0071378 -0.0080031 -0.0318367 -0.0404007 -0.0237944 -0.0537870 0.0171000 -0.0082272 -0.0131732 0.0243222 -0.0254072 -0.0217375 -0.0043703 -0.0015873 -0.0452594 -0.0338685 0.0008308 -0.0419134 -0.0328663 -0.0163479 -0.0181601 -0.0170619 -0.0251242 -0.0194295
-0.0126046 -0.0306539 -0.0173333 -0.0257807 -0.0053613 -0.0112659 -0.0155771 -0.0179220 0.0118066 -0.0148497 -0.0043012 0.0077395 -0.0175255 0.0037040 -0.0105373 -0.0363147 0.0160434 -0.0214523 -0.0095244 -0.0145006 -0.0103528 0.0102130 -0.0188452 -0.0081253 -0.0269088 1.0301991 -0.0386870 -0.0079656 -0.0284774 -0.0138519 -0.0182374 -0.0134821 -0.0074150 -0.0111276 0.0013141 -0.0252621 0.0128571 -0.0127389 -0.0100787 0.0012653 0.0037922 0.0033255 -0.0110794 0.0000093 -0.0096603 -0.0049375 0.0030077 -0.0009119 0.0001986 -0.0110462 -0.0091232 -0.0065941 -0.0007654 -0.0346529 0.0025778 0.0092865 -0.0215971 -0.0087768 -0.0056445 0.0041215 0.0017351 -0.0021028 0.0171495 -0.0163503 -0.0121309 -0.0032267 -0.0183092 0.0036001 -0.0060626 -0.0116669 -0.0068664 0.0085241 0.0003970 -0.0053297 0.0142901 -0.0012276 -0.0064251 -0.0016420 -0.0060273 0.0001386 -0.0142099
-0.0176721 0.0428683 -0.0168312 0.0020115 -0.0258356 0.0025689 0.0184192 0.0299886 -0.0562949 0.0069136 -0.0320917 -0.0707221 -0.0080449 -0.0368314 -0.0061849 0.0371182 -0.0707982 0.0403803 -0.0176362 -0.0003685 -0.0046198 -0.0600298 0.0012551 -0.0272372 0.0311356 -0.0386870 1.0457311 0.0003889 0.0238635 -0.0177320 0.0121487 -0.0099794 -0.0068897 -0.0029797 -0.0225582 0.0160523 -0.0457044 -0.0055750 -0.0063863 -0.0493746 -0.0362011 -0.0395208 -0.0009159 -0.0227768 -0.0049134 -0.0220432 -0.0318200 -0.0397500 -0.0296746 -0.0028433 0.0162430 -0.0038843 -0.0178448 0.0608055 -0.0258228 -0.0351703 0.0338930 0.0067640 0.0002392 -0.0170493 -0.0390121 -0.0150379 -0.0584316 0.0287572 -0.0128365 -0.0070871 0.0243324 -0.0258511 -0.0272386 -0.0061136 0.0012656 -0.0407353 -0.0346916 0.0039462 -0.0534249 -0.0299298 -0.0150264 -0.0142641 -0.0257882 -0.0191629 -0.0244576
-0.0120099 0.0118939 -0.0072367 -0.0041321 -0.0077307 -0.0040760 -0.0040709 0.0001157 -0.0176620 -0.0020959 -0.0138133 -0.0108610 -0.0022542 -0.0125234 -0.0038014 0.0051349 -0.0112317 0.0096721 -0.0077578 0.0015214 -0.0036901 -0.0244197 -0.0057116 -0.0161472 0.0013945 -0.0079656 0.0003889 1.0283352 0.0060387 -0.0116040 -0.0057206 -0.0079316 -0.0048906 -0.0058112 -0.0106724 0.0062875 -0.0102147 -0.0005915 -0.0061315 -0.0130156 -0.0082325 -0.0090311 -0.0019460 -0.0121323 -0.0027795 -0.0108414 -0.0078186 -0.0085540 -0.0062416 -0.0034527 -0.0014555 -0.0041018 -0.0095057 0.0068440 -0.0054415 -0.0092015 0.0077055 -0.0045296 -0.0036743 -0.0066418 -0.0131622 -0.0093946 -0.0184564 0.0069812 -0.0053687 0.0000839 -0.0005364 -0.0085732 -0.0077688 -0.0023366 -0.0037051 -0.0145190 -0.0111508 -0.0041367 -0.0142133 -0.0068153 -0.0105937 -0.0059570 -0.0068664 -0.0087600 -0.0052457
-0.0171944 0.0546445 -0.0102736 0.0072412 -0.0309247 0.0158658 -0.0049614 0.0267390 -0.0485437 0.0081613 -0.0328141 -0.0649361 0.0060898 -0.0366400 -0.0027796 0.0417258 -0.0664711 0.0423086 -0.0178285 0.0085776 0.0046020 -0.0630010 0.0152298 -0.0247324 0.0278657 -0.0284774 0.0238635 0.0060387 1.0590581 -0.0276524 0.0093553 -0.0095071 -0.0042496 -0.0149144 -0.0254801 0.0102522 -0.0533073 -0.0065831 -0.0010299 -0.0370269 -0.0391259 -0.0430646 -0.0085383 -0.0232007 -0.0092160 -0.0261681 -0.0376203 -0.0364467 -0.0233572 -0.0135171 0.0039907 -0.0076090 -0.0142794 0.0610735 -0.0160521 -0.0352246 0.0285979 -0.0109069 -0.0022502 -0.0292928 -0.0385975 -0.0174046 -0.0598888 0.0300330 -0.0173610 -0.0131824 0.0250145 -0.0266493 -0.0201776 -0.0117352 0.0012214 -0.0422078 -0.0394212 0.0019107 -0.0539764 -0.0255271 -0.0239847 -0.0128449 -0.0203705 -0.0237688 -0.0262983
-0.0186895 -0.0398724 -0.0238203 -0.0279307 -0.0035434 -0.0264635 -0.0278662 -0.0219590 0.0124485 -0.0203086 0.0048900 0.0095554 -0.0185915 0.0058910 -0.0179895 -0.0374470 0.0254986 -0.0307473 -0.0211106 -0.0194258 -0.0129350 0.0041638 -0.0277330 -0.0062323 -0.0226020 -0.0138519 -0.0177320 -0.0116040 -0.0276524 1.0375464 -0.0281719 -0.0201240 -0.0020464 -0.0046481 -0.0141248 -0.0243114 0.0107962 -0.0069728 -0.0234834 -0.0028309 0.0031868 0.0106473 -0.0123170 0.0020917 -0.0005508 0.0020996 0.0089437 0.0032993 0.0010167 -0.0138699 -0.0120335 -0.0145009 -0.0042488 -0.0280591 0.0060122 0.0047926 -0.0255488 -0.0048469 -0.0110539 0.0031788 0.0002007 -0.0108680 0.0163927 -0.0193134 -0.0067674 -0.0087128 -0.0263420 -0.0133007 -0.0050651 -0.0088181 -0.0057194 0.0041286 0.0078315 -0.0144968 0.0178367 0.0013261 -0.0031463 -0.0039177 -0.0050101 -0.0074794 0.0005053
-0.0220372 0.0242954 -0.0033778 -0.0015889 -0.0246463 -0.0050077 -0.0025008 0.0133338 -0.0356642 -0.0060775 -0.0235419 -0.0448851 0.0054419 -0.0349113 -0.0070515 0.0184669 -0.0645887 0.0272360 -0.0221471 -0.0077073 -0.0113439 -0.0426156 -0.0023857 -0.0107212 0.0139988 -0.0182374 0.0121487 -0.0057206 0.0093553 -0.0281719 1.0245415 -0.0119581 -0.0126088 -0.0023218 -0.0161533 0.0051103 -0.0312836 -0.0042935 0.0036047 -0.0287627 -0.0282626 -0.0351304 -0.0053573 -0.0178785 -0.0211458 -0.0215811 -0.0319661 -0.0360063 -0.0258525 -0.0039669 0.0027390 -0.0052638 -0.0220937 0.0487300 -0.0177635 -0.0320765 0.0238656 -0.0013983 -0.0027920 -0.0175274 -0.0422520 -0.0188515 -0.0433968 0.0129911 -0.0191547 -0.0115132 0.0113789 -0.0174343 -0.0229024 -0.0219134 -0.0063025 -0.0351134 -0.0306809 0.0017601 -0.0432579 -0.0237206 -0.0164315 -0.0108847 -0.0155802 -0.0255692 -0.0194774
-0.0060724 -0.0040083 -0.0129539 -0.0119512 -0.0189871 -0.0062600 -0.0066511 -0.0061661 -0.0184207 0.0022909 -0.0066712 -0.0260636 -0.0031024 -0.0216463 -0.0074871 -0.0070542 -0.0177725 0.0054630 -0.0093817 -0.0041559 -0.0107989 -0.0165096 -0.0025912 -0.0056901 -0.0080325 -0.0134821 -0.0099794 -0.0079316 -0.0095071 -0.0201240 -0.0119581 1.0191809 -0.0025258 -0.0044937 -0.0111647 -0.0040656 -0.0140418 -0.0052001 -0.0112520 -0.0140181 -0.0162742 -0.0150618 -0.0045232 -0.0216867 -0.0028121 -0.0031229 -0.0077748 -0.0149254 -0.0103148 -0.0052748 -0.0067298 -0.0112195 -0.0092738 0.0065573 -0.0102781 -0.0126335 -0.0022163 -0.0030434 -0.0028907 -0.0113071 -0.0122171 -0.0135378 -0.0174309 0.0015393 -0.0102338 -0.0033449 0.0023303 -0.0143956 -0.0088926 -0.0119171 -0.0098578 -0.0122792 -0.0068335 -0.0079589 -0.0138901 -0.0105170 -0.0112306 -0.0040112 -0.0181025 -0.0091557 -0.0033114
-0.0101520 -0.0026254 -0.0044569 -0.0104569 -0.0112394 -0.0062530 0.0020786 -0.0012110 -0.0098039 -0.0092554 -0.0029035 -0.0108321 -0.0092825 -0.0032479 -0.0032646 -0.0031847 -0.0082647 -0.0054498 -0.0078706 -0.0035660 -0.0089227 -0.0067281 0.0003895 -0.0189848 -0.0097714 -0.0074150 -0.0068897 -0.0048906 -0.0042496 -0.0020464 -0.0126088 -0.0025258 1.0098338 0.0033185 -0.0016133 -0.0041416 -0.0003527 -0.0019649 -0.0013867 -0.0028170 -0.0029099 -0.0053292 -0.0055697 -0.0078671 -0.0046781 -0.0046329 -0.0108686 -0.0096464 -0.0056623 -0.0008205 -0.0029430 -0.0050641 -0.0038314 -0.0002173 0.0005899 -0.0036935 -0.0014593 -0.0056527 -0.0039617 -0.0024327 -0.0062583 -0.0094713 -0.0049891 -0.0013298 -0.0068377 -0.0052307 -0.0045747 -0.0066264 -0.0093282 -0.0037796 -0.0071996 0.0011968 -0.0039737 -0.0004754 -0.0054269 -0.0058570 -0.0072523 -0.0067057 -0.0112788 -0.0074343 -0.0065813
-0.0191014 -0.0026044 -0.0123227 0.0008509 -0.0190380 -0.0073295 0.0002404 -0.0058779 -0.0129468 -0.0103377 -0.0116028 -0.0134790 -0.0096822 -0.0075813 -0.0046964 -0.0054475 -0.0057417 0.0082072 -0.0178996 -0.0124089 -0.0067325 -0.0071869 -0.0136483 -0.0101968 -0.0082520 -0.0111276 -0.0029797 -0.0058112 -0.0149144 -0.0046481 -0.0023218 -0.0044937 0.0033185 1.0234865 -0.0117705 0.0003277 -0.0093502 -0.0012290 -0.0096840 -0.0122912 -0.0006588 -0.0137844 -0.0153476 -0.0015395 -0.0008503 -0.0161820 -0.0017539 -0.0088546 0.0014060 -0.0074051 -0.0065620 -0.0045864 -0.0074327 0.0000128 -0.0066381 -0.0082795 -0.0018394 -0.0079611 -0.0071245 0.0004484 -0.0106623 -0.0029132 -0.0075389 0.0009163 -0.0086383 -0.0112094 -0.0018657 -0.0079710 -0.0032206 -0.0035815 -0.0037216 -0.0007660 -0.0089517 -0.0058088 -0.0061980 0.0013463 -0.0107626 -0.0088158 -0.0013022 -0.0072862 -0.0060594
-0.0069260 -0.0314080 -0.0060030 -0.0098968 -0.0064591 -0.0159253 -0.0111267 -0.0151431 0.0030267 -0.0176719 -0.0053689 0.0104828 -0.0159253 -0.0065401 -0.0132753 -0.0233766 0.0116382 -0.0262576 0.0006675 -0.0103212 -0.0076802 0.0044954 -0.0172886 -0.0108119 -0.0225740 0.0013141 -0.0225582 -0.0106724 -0.0254801 -0.0141248 -0.0161533 -0.0111647 -0.0016133 -0.0117705 1.0123347 -0.0116623 0.0048403 -0.0086330 -0.0113852 -0.0004765 0.0026856 0.0092930 -0.0093671 -0.0014404 -0.0055494 -0.0076387 0.0069930 -0.0006130 -0.0033258 -0.0101199 -0.0074099 -0.0064081 0.0006471 -0.0225041 0.0017316 -0.0026191 -0.0175354 -0.0022034 -0.0046628 0.0017488 0.0111136 -0.0113687 0.0130536 -0.0147408 -0.0106392 -0.0094472 -0.0129539 0.0028000 -0.0087389 -0.0001299 -0.0089779 0.0033556 0.0047876 -0.0060296 0.0092130 0.0068052 -0.0064414 -0.0027985 -0.0001875 -0.0014215 0.0015072
-0.0191097 0.0257870 0.0000631 0.0005470 -0.0089589 0.0056502 0.0026178 0.0213914 -0.0412403 0.0029772 -0.0260908 -0.0502504 0.0012730 -0.0243369 0.0041549 0.0322723 -0.0466826 0.0274056 -0.0076612 -0.0003880 -0.0035793 -0.0355558 0.0097083 -0.0215548 0.0199676 -0.0252621 0.0160523 0.0062875 0.0102522 -0.0243114 0.0051103 -0.0040656 -0.0041416 0.0003277 -0.0116623 1.0074778 -0.0354815 -0.0032877 -0.0015641 -0.0272969 -0.0317689 -0.0294963 -0.0054822 -0.0118997 -0.0066298 -0.0226870 -0.0253074 -0.0185460 -0.0176620 -0.0031496 0.0103091 -0.0019371 -0.0123771 0.0332790 -0.0148901 -0.0256353 0.0177967 0.0103307 -0.0017252 -0.0179119 -0.0228097 -0.0109868 -0.0360561 0.0137432 -0.0052097 -0.0054923 0.0185067 -0.0212023 -0.0203864 -0.0020733 0.0002264 -0.0267975 -0.0325092 -0.0010807 -0.0305484 -0.0205276 -0.0052066 -0.0068032 -0.0114129 -0.0185905 -0.0160159
0.0048813 -0.0740515 -0.0179972 -0.0298915 0.0098123 -0.0365715 -0.0298576 -0.0577439 0.0387979 -0.0417377 0.0154248 0.0561492 -0.0283080 0.0176043 -0.0188799 -0.0711069 0.0667531 -0.0602448 -0.0041168 -0.0184226 -0.0118584 0.0442148 -0.0314232 0.0055187 -0.0504385 0.0128571 -0.0457044 -0.0102147 -0.0533073 0.0107962 -0.0312836 -0.0140418 -0.0003527 -0.0093502 0.0048403 -0.0354815 1.0425230 -0.0069442 -0.0222616 0.0234479 0.0334820 0.0231813 -0.0063209 0.0067051 -0.0004862 0.0102288 0.0318784 0.0224089 0.0130887 -0.0093188 -0.0141113 -0.0067593 0.0081739 -0.0705648 0.0122463 0.0187660 -0.0467206 -0.0028305 -0.0057512 0.0124003 0.0322496 -0.0042259 0.0469305 -0.0327667 0.0013164 -0.0060984 -0.0375687 0.0088806 0.0077618 -0.0086295 -0.0091197 0.0274433 0.0303602 -0.0170135 0.0405805 0.0188530 0.0032219 0.0030042 0.0017082 0.0109898 0.0143035
-0.0137295 0.0027820 -0.0056540 -0.0176437 -0.0181740 -0.0105451 -0.0110776 0.0013517 -0.0152646 -0.0075899 -0.0174146 -0.0091956 -0.0121318 -0.0047744 -0.0022080 -0.0065963 -0.0090829 -0.0027788 -0.0154149 -0.0069820 -0.0066913 -0.0162213 -0.0121752 -0.0049489 -0.0130954 -0.0127389 -0.0055750 -0.0005915 -0.0065831 -0.0069728 -0.0042935 -0.0052001 -0.0019649 -0.0012290 -0.0086330 -0.0032877 -0.0069442 1.0090364 -0.0029343 -0.0097718 -0.0034981 -0.0104016 -0.0056532 -0.0090538 -0.0043273 0.0013234 -0.0122237 -0.0082578 -0.0037464 -0.0030342 -0.0046928 -0.0059008 -0.0017320 -0.0031578 -0.0047612 -0.0032905 0.0019655 -0.0031534 -0.0018062 -0.0064054 -0.0103092 -0.0098439 -0.0122741 0.0026410 -0.0058128 -0.0034046 0.0056376 -0.0074166 -0.0086688 -0.0030069 0.0012379 -0.0102556 -0.0062207 -0.0015607 -0.0057784 -0.0044373 -0.0086044 -0.0045965 -0.0054988 -0.0099820 -0.0043141
-0.0190642 0.0145546 -0.0134243 -0.0047419 -0.0089354 0.0016273 -0.0016902 -0.0044947 -0.0129915 0.0005789 -0.0154334 -0.0234585 -0.0011116 -0.0184323 -0.0133047 0.0124324 -0.0296180 0.0108950 -0.0074125 -0.0055648 0.0038805 -0.0263982 -0.0023012 -0.0092738 -0.0070972 -0.0100787 -0.0063863 -0.0061315 -0.0010299 -0.0234834 0.0036047 -0.0112520 -0.0013867 -0.0096840 -0.0113852 -0.0015641 -0.0222616 -0.0029343 1.0093976 -0.0169781 -0.0175507 -0.0182659 -0.0055029 -0.0138219 -0.0106900 -0.0117392 -0.0187149 -0.0120020 -0.0110538 -0.0057972 0.0069930 -0.0075164 -0.0081017 0.0159042 -0.0085644 -0.0151995 0.0067853 -0.0010475 0.0009290 -0.0058280 -0.0119193 -0.0060362 -0.0205584 0.0114241 -0.0112266 -0.0068194 0.0069808 -0.0085265 -0.0057448 -0.0046096 -0.0112088 -0.0180074 -0.0175533 -0.0067261 -0.0228688 -0.0144189 -0.0158345 -0.0118472 -0.0109412 -0.0028201 -0.0096730
0.0042967 -0.0409928 -0.0115101 -0.0056075 -0.0080941 -0.0224836 -0.0259373 -0.0385462 0.0175478 -0.0186665 -0.0027611 0.0343388 -0.0204706 0.0088230 -0.0150271 -0.0506128 0.0424894 -0.0331658 -0.0079636 -0.0154955 -0.0183493 0.0308463 -0.0267810 -0.0066140 -0.0274135 0.0012653 -0.0493746 -0.0130156 -0.0370269 -0.0028309 -0.0287627 -0.0140181 -0.0028170 -0.0122912 -0.0004765 -0.0272969 0.0234479 -0.0097718 -0.0169781 1.0063897 0.0146110 0.0139191 -0.0081359 0.0103643 0.0072418 0.0073892 0.0150004 0.0113654 0.0044115 -0.0082458 -0.0151129 -0.0046462 0.0023308 -0.0436820 0.0011402 0.0080874 -0.0283778 0.0010644 -0.0057673 0.0106988 0.0121486 -0.0047530 0.0254347 -0.0216447 -0.0083374 -0.0076982 -0.0238657 0.0072983 0.0048343 -0.0074434 -0.0097829 0.0165558 0.0150398 -0.0118565 0.0266877 0.0094964 0.0016606 -0.0009048 -0.0030397 0.0030248 -0.0005370
0.0062957 -0.0570642 -0.0188430 -0.0166554 -0.0032040 -0.0268431 -0.0235007 -0.0394283 0.0203882 -0.0367591 0.0100989 0.0402895 -0.0112570 0.0125964 -0.0144516 -0.0556935 0.0482680 -0.0408975 -0.0014677 -0.0220824 -0.0124633 0.0300132 -0.0271782 0.0000885 -0.0348110 0.0037922 -0.0362011 -0.0082325 -0.0391259 0.0031868 -0.0282626 -0.0162742 -0.0029099 -0.0006588 0.0026856 -0.0317689 0.0334820 -0.0034981 -0.0175507 0.0146110 1.0214189 0.0212630 -0.0045953 0.0016315 0.0026717 0.0056118 0.0214119 0.0206678 0.0077017 -0.0080680 -0.0172651 -0.0117785 0.0038142 -0.0505614 0.0071617 0.0229136 -0.0285401 -0.0100742 -0.0077546 0.0094339 0.0186608 -0.0000842 0.0363835 -0.0217154 -0.0021003 -0.0018336 -0.0287514 0.0135639 0.0061685 -0.0051559 -0.0110577 0.0219284 0.0191090 -0.0108152 0.0261518 0.0155032 -0.0033320 -0.0007334 -0.0016806 0.0055471 0.0012373
-0.0004221 -0.0486729 -0.0154373 -0.0171574 -0.0004681 -0.0265935 -0.0169800 -0.0402021 0.0236366 -0.0232557 0.0034671 0.0408565 -0.0198053 0.0145824 -0.0231059 -0.0548108 0.0361801 -0.0455138 -0.0020615 -0.0163614 -0.0176562 0.0303378 -0.0256775 0.0029087 -0.0412038 0.0033255 -0.0395208 -0.0090311 -0.0430646 0.0106473 -0.0351304 -0.0150618 -0.0053292 -0.0137844 0.0092930 -0.0294963 0.0231813 -0.0104016 -0.0182659 0.0139191 0.0212630 1.0476429 -0.0060915 -0.0019725 -0.0036264 0.0052725 0.0135665 0.0114270 0.0087305 -0.0051080 -0.0063540 -0.0068067 0.0090346 -0.0546588 0.0064961 0.0190385 -0.0393044 -0.0157559 -0.0027695 0.0112047 0.0230722 0.0038458 0.0327762 -0.0241139 0.0026433 -0.0091536 -0.0350311 0.0038534 0.0123455 -0.0068319 -0.0055522 0.0160225 0.0233144 -0.0143321 0.0330630 0.0109438 0.0051641 -0.0016375 0.0026609 0.0149677 0.0059852
-0.0142993 -0.0053059 -0.0066787 -0.0036271 -0.0134151 -0.0004944 -0.0082438 0.0001349 -0.0134593 -0.0076980 -0.0158811 -0.0073480 -0.0010092 -0.0146181 -0.0143953 -0.0036857 -0.0111250 -0.0052761 -0.0108191 -0.0071878 -0.0056976 -0.0149747 -0.0189919 -0.0085348 -0.0090082 -0.0110794 -0.0009159 -0.0019460 -0.0085383 -0.0123170 -0.0053573 -0.0045232 -0.0055697 -0.0153476 -0.0093671 -0.0054822 -0.0063209 -0.0056532 -0.0055029 -0.0081359 -0.0045953 -0.0060915 0.9991406 -0.0025513 -0.0044201 -0.0063860 -0.0186684 -0.0070092 -0.0129164 -0.0093205 -0.0001298 -0.0060089 -0.0080574 -0.0077267 -0.0088837 -0.0070612 -0.0082903 -0.0084619 -0.0090631 -0.0039015 0.0000929 -0.0070646 -0.0048174 -0.0028988 0.0039694 -0.0134729 -0.0088806 -0.0055566 -0.0064405 -0.0043133 -0.0028283 -0.0091176 -0.0067485 -0.0047959 -0.0060995 -0.0090036 -0.0016288 -0.0054860 -0.0094354 -0.0070428 -0.0072020
-0.0101625 -0.0288638 -0.0195032 -0.0095793 0.0060820 -0.0044686 -0.0114632 -0.0236558 0.0032581 -0.0126330 0.0022764 0.0087043 -0.0126247 0.0013772 -0.0072525 -0.0215900 0.0170656 -0.0201760 -0.0034847 -0.0123328 -0.0135152 0.0108939 -0.0130092 -0.0136981 -0.0185774 0.0000093 -0.0227768 -0.0121323 -0.0232007 0.0020917 -0.0178785 -0.0216867 -0.0078671 -0.0015395 -0.0014404 -0.0118997 0.0067051 -0.0090538 -0.0138219 0.0103643 0.0016315 -0.0019725 -0.0025513 1.0242944 0.0001383 -0.0072140 0.0111188 0.0029395 -0.0001856 -0.0114314 -0.0070166 -0.0062651 -0.0046458 -0.0211243 -0.0015989 0.0032197 -0.0170503 -0.0051642 -0.0056364 -0.0063032 0.0065218 0.0003207 0.0057781 -0.0160678 -0.0036197 -0.0133264 -0.0149915 0.0000148 -0.0030810 -0.0060456 -0.0042721 0.0024903 0.0022496 -0.0049820 0.0123139 0.0006879 -0.0074964 -0.0001440 -0.0005944 -0.0009122 -0.0014482
-0.0015961 -0.0204427 -0.0083601 -0.0090868 -0.0065011 -0.0215679 -0.0133106 -0.0170283 -0.0024851 -0.0132543 -0.0073288 0.0036911 -0.0094239 -0.0075495 -0.0051227 -0.0054470 0.0033826 -0.0122984 -0.0027363 -0.0131980 -0.0047643 0.0025440 -0.0161779 -0.0110308 -0.0144401 -0.0096603 -0.0049134 -0.0027795 -0.0092160 -0.0005508 -0.0211458 -0.0028121 -0.0046781 -0.0008503 -0.0055494 -0.0066298 -0.0004862 -0.0043273 -0.0106900 0.0072418 0.0026717 -0.0036264 -0.0044201 0.0001383 1.0128371 -0.0103197 -0.0033564 0.0003956 0.0005402 -0.0084010 -0.0075515 -0.0107593 -0.0019214 -0.0133027 -0.0010666 0.0027180 -0.0111905 -0.0109343 -0.0036977 -0.0057852 -0.0033166 -0.0070366 0.0053819 -0.0097974 -0.0143626 -0.0078167 -0.0087613 -0.0063076 -0.0007947 -0.0077414 -0.0056713 0.0040668 0.0022653 0.0001208 0.0028233 -0.0021068 -0.0061007 -0.0039435 -0.0019929 -0.0007058 -0.0008769
