1.5503328 -0.0520886 -0.0501641 -0.0304273 -0.0334849 -0.0262224 -0.0295738 -0.0253558 -0.0283005 -0.0303114 -0.0497703 -0.0225152 -0.0408384 -0.0310858 -0.0316437 -0.0459417 -0.0103105 -0.0113217 -0.0283154 -0.0202070 -0.0204695 -0.0315999 -0.0521703 -0.0309535 -0.0311759 -0.0279856 -0.0251154 -0.0115882 -0.0277012 -0.0533464 -0.0512244 -0.0231879 -0.0069073 -0.0068809 -0.0081530 -0.0078249 -0.0072649 -0.0071363 -0.0083367 -0.0078776 -0.0065125 -0.0068032 -0.0097226 -0.0073985 -0.0063640 -0.0081093 -0.0074234 -0.0072045 -0.0069762 -0.0076774 -0.0041324 -0.0064972 -0.0048677 -0.0042949 -0.0040245 -0.0080557 -0.0061232 -0.0074898 -0.0064581 -0.0071673 -0.0053396 -0.0103668 -0.0067338 -0.0036710 -0.0079942 -0.0080149 -0.0058137 -0.0086306 -0.0077039 -0.0078675 -0.0062313 -0.0068490 -0.0075129 -0.0071838 -0.0034844 -0.0067024 -0.0068732 -0.0039157 -0.0072373 -0.0077482 -0.0078857
-0.0520886 2.4063518 -0.0642433 -0.0560282 -0.0631290 -0.0492295 -0.0539687 -0.0508789 -0.0545572 -0.0558153 -0.0624582 -0.0499256 -0.0580034 -0.0567086 -0.0576655 0.3401523 -0.0326269 -0.0329761 -0.0526517 -0.0459635 -0.0461242 -0.0585177 -0.0663261 -0.0553662 -0.0562702 -0.0533378 -0.0482139 -0.0353200 -0.0510512 -0.0654968 -0.0649431 -0.0478764 -0.0224330 -0.0221797 -0.0227162 -0.0232443 -0.0233548 -0.0241150 -0.0240125 -0.0224802 -0.0242084 -0.0224116 -0.0238860 -0.0238287 -0.0233082 -0.0244909 -0.0237139 -0.0234753 -0.0240862 -0.0240582 -0.0222504 -0.0235246 -0.0242054 -0.0214147 -0.0222043 -0.0241728 -0.0212548 -0.0231419 -0.0220353 -0.0246521 -0.0221998 -0.0262452 -0.0232970 -0.0232102 -0.0241751 -0.0226391 -0.0224249 -0.0250014 -0.0248370 -0.0239915 -0.0203052 -0.0218100 -0.0231985 -0.0232037 -0.0207495 -0.0247217 -0.0229466 -0.0196619 -0.0240452 -0.0238987 -0.0232115
-0.0501641 -0.0642433 2.1913257 -0.0533902 -0.0613520 -0.0472118 -0.0525453 -0.0492230 -0.0525067 -0.0539942 0.1468443 -0.0469597 -0.0565421 -0.0549505 -0.0558381 -0.0585848 -0.0300862 -0.0330587 -0.0500859 -0.0438896 -0.0432962 -0.0567453 0.2085097 -0.0536602 -0.0544890 -0.0510582 -0.0456750 -0.0318671 -0.0491938 -0.0632842 -0.0626435 -0.0453280 -0.0211414 -0.0218037 -0.0210586 -0.0214177 -0.0215168 -0.0217532 -0.0228387 -0.0220373 -0.0212004 -0.0215845 -0.0223242 -0.0220571 -0.0204084 -0.0220697 -0.0206792 -0.0214377 -0.0207641 -0.0219533 -0.0189436 -0.0210491 -0.0191375 -0.0196936 -0.0185296 -0.0224410 -0.0212568 -0.0212804 -0.0199309 -0.0217773 -0.0199537 -0.0240735 -0.0211063 -0.0192768 -0.0218004 -0.0229897 -0.0208628 -0.0225185 -0.0219956 -0.0220083 -0.0204359 -0.0212800 -0.0216301 -0.0215326 -0.0203422 -0.0217933 -0.0206705 -0.0190969 -0.0205236 -0.0212239 -0.0218083
-0.0304273 -0.0560282 -0.0533902 1.7264856 -0.0316058 -0.0275230 -0.0299880 -0.0263841 -0.0291129 -0.0301907 -0.0532922 -0.0231258 -0.0458018 -0.0308272 -0.0313502 -0.0496617 -0.0115937 -0.0121711 -0.0297555 -0.0212495 -0.0212546 -0.0305942 -0.0556835 -0.0331312 -0.0316738 -0.0282639 -0.0266369 -0.0125021 -0.0291033 -0.0570245 -0.0537619 -0.0244583 -0.0079474 -0.0088801 -0.0095989 -0.0096286 -0.0087367 -0.0089110 -0.0101460 -0.0095699 -0.0077482 -0.0082465 -0.0118387 -0.0088310 -0.0079310 -0.0096006 -0.0086758 -0.0078611 -0.0081216 -0.0093345 -0.0049941 -0.0080799 -0.0061587 -0.0053205 -0.0051618 -0.0097197 -0.0076918 -0.0090148 -0.0077653 -0.0085455 -0.0061821 -0.0126127 -0.0082664 -0.0048787 -0.0095071 -0.0093089 -0.0071558 -0.0105065 -0.0095262 -0.0097588 -0.0076346 -0.0083032 -0.0085079 -0.0081487 -0.0040301 -0.0079754 -0.0084065 -0.0049149 -0.0088055 -0.0093915 -0.0093033
-0.0334849 -0.0631290 -0.0613520 -0.0316058 2.1151755 -0.0309208 -0.0314758 -0.0279742 -0.0316006 -0.0303007 -0.0604562 -0.0245585 -0.0555221 -0.0322541 -0.0341205 -0.0573587 -0.0115465 -0.0125807 -0.0317186 -0.0209348 -0.0224633 -0.0319246 -0.0631178 -0.0354999 -0.0334430 -0.0301488 -0.0299061 -0.0125436 -0.0324158 -0.0637723 -0.0619673 -0.0254546 -0.0101348 -0.0106676 -0.0127624 -0.0125175 -0.0104540 -0.0112244 -0.0132686 -0.0123774 -0.0088079 -0.0100617 -0.0155059 -0.0106207 -0.0099477 -0.0129790 -0.0108277 -0.0101506 -0.0098689 -0.0120481 -0.0056472 -0.0103432 -0.0069021 -0.0046174 -0.0047446 -0.0112644 -0.0089958 -0.0106069 -0.0090798 -0.0103172 -0.0065913 -0.0159475 -0.0093980 -0.0041878 -0.0119712 -0.0126231 -0.0077833 -0.0128386 -0.0112004 -0.0123500 -0.0088082 -0.0103999 -0.0113672 -0.0104021 -0.0036289 -0.0095769 -0.0103522 -0.0049965 -0.0113408 -0.0114879 -0.0124171
-0.0262224 -0.0492295 -0.0472118 -0.0275230 -0.0309208 1.3903304 -0.0271767 -0.0231582 -0.0263408 -0.0273240 -0.0464861 -0.0208586 -0.0372580 -0.0282467 -0.0289859 -0.0419582 -0.0095917 -0.0101577 -0.0259127 -0.0182851 -0.0182533 -0.0291987 -0.0494961 -0.0279084 -0.0284978 -0.0263462 -0.0225554 -0.0102920 -0.0248084 -0.0496680 -0.0477687 -0.0204561 -0.0051146 -0.0053632 -0.0061311 -0.0057601 -0.0052250 -0.0054058 -0.0064703 -0.0061802 -0.0047176 -0.0050242 -0.0076387 -0.0055348 -0.0049832 -0.0061714 -0.0055831 -0.0049204 -0.0052833 -0.0058310 -0.0029122 -0.0052041 -0.0036067 -0.0031318 -0.0029470 -0.0060808 -0.0046392 -0.0057679 -0.0044115 -0.0058335 -0.0037480 -0.0077882 -0.0053689 -0.0026676 -0.0060307 -0.0060560 -0.0045186 -0.0065148 -0.0062173 -0.0061330 -0.0048120 -0.0052563 -0.0054683 -0.0054114 -0.0025168 -0.0051644 -0.0054283 -0.0032459 -0.0057471 -0.0059569 -0.0060720
-0.0295738 -0.0539687 -0.0525453 -0.0299880 -0.0314758 -0.0271767 1.6686008 -0.0262393 -0.0305062 -0.0291996 -0.0519556 -0.0245767 -0.0442119 -0.0315700 -0.0320155 -0.0482796 -0.0113901 -0.0119141 -0.0286493 -0.0207757 -0.0212337 -0.0328501 -0.0546799 -0.0319917 -0.0315156 -0.0291321 -0.0257851 -0.0123987 -0.0278903 -0.0558033 -0.0530160 -0.0231367 -0.0079190 -0.0081534 -0.0088638 -0.0089773 -0.0078999 -0.0081971 -0.0096567 -0.0090951 -0.0068370 -0.0076474 -0.0107806 -0.0083351 -0.0077673 -0.0089933 -0.0082293 -0.0078792 -0.0077417 -0.0092242 -0.0049184 -0.0075590 -0.0058806 -0.0047672 -0.0050242 -0.0088522 -0.0072091 -0.0082603 -0.0076458 -0.0079433 -0.0056845 -0.0113722 -0.0079320 -0.0041772 -0.0090111 -0.0086564 -0.0063523 -0.0098593 -0.0089856 -0.0091006 -0.0072467 -0.0077947 -0.0084496 -0.0077327 -0.0042194 -0.0079394 -0.0077472 -0.0046447 -0.0084150 -0.0087198 -0.0088995
-0.0253558 -0.0508789 -0.0492230 -0.0263841 -0.0279742 -0.0231582 -0.0262393 1.4836061 -0.0272685 -0.0253819 -0.0483420 -0.0217256 -0.0386021 -0.0269445 -0.0274583 -0.0433768 -0.0102620 -0.0098452 -0.0246745 -0.0189739 -0.0189060 -0.0287945 -0.0508664 -0.0283286 -0.0275197 -0.0264056 -0.0219534 -0.0104802 -0.0247428 -0.0516172 -0.0495765 -0.0193454 -0.0058472 -0.0063041 -0.0065626 -0.0067470 -0.0062282 -0.0064462 -0.0077745 -0.0066196 -0.0053216 -0.0056435 -0.0081631 -0.0063390 -0.0057585 -0.0070912 -0.0062054 -0.0060915 -0.0060521 -0.0071690 -0.0037339 -0.0054929 -0.0044724 -0.0033498 -0.0037093 -0.0067082 -0.0055497 -0.0062915 -0.0055196 -0.0058506 -0.0040129 -0.0089713 -0.0056068 -0.0033241 -0.0071485 -0.0068510 -0.0049316 -0.0075525 -0.0068918 -0.0069926 -0.0054079 -0.0060662 -0.0065595 -0.0061754 -0.0028988 -0.0056422 -0.0058890 -0.0033945 -0.0063005 -0.0068398 -0.0067045
-0.0283005 -0.0545572 -0.0525067 -0.0291129 -0.0316006 -0.0263408 -0.0305062 -0.0272685 1.6888555 -0.0280769 -0.0521631 -0.0256755 -0.0437568 -0.0313025 -0.0312207 -0.0487443 -0.0126271 -0.0114542 -0.0282691 -0.0213012 -0.0224428 -0.0331543 -0.0545157 -0.0317839 -0.0312832 -0.0303199 -0.0242658 -0.0124133 -0.0282067 -0.0553432 -0.0535958 -0.0220231 -0.0078577 -0.0081467 -0.0089530 -0.0087323 -0.0081513 -0.0086135 -0.0094974 -0.0089163 -0.0072932 -0.0080370 -0.0112185 -0.0079968 -0.0077826 -0.0090981 -0.0078459 -0.0083837 -0.0083281 -0.0096270 -0.0051812 -0.0075480 -0.0058526 -0.0047934 -0.0051876 -0.0090303 -0.0074702 -0.0081917 -0.0074326 -0.0078759 -0.0054358 -0.0116322 -0.0079266 -0.0045125 -0.0094868 -0.0095622 -0.0064826 -0.0104794 -0.0091705 -0.0098269 -0.0074217 -0.0081524 -0.0090210 -0.0082915 -0.0040053 -0.0080177 -0.0080269 -0.0049075 -0.0086727 -0.0090397 -0.0093301
-0.0303114 -0.0558153 -0.0539942 -0.0301907 -0.0303007 -0.0273240 -0.0291996 -0.0253819 -0.0280769 1.7361060 -0.0537645 -0.0225343 -0.0457037 -0.0301151 -0.0309278 -0.0502362 -0.0109951 -0.0124862 -0.0293521 -0.0207178 -0.0207961 -0.0301851 -0.0560171 -0.0318664 -0.0305332 -0.0273622 -0.0269660 -0.0124646 -0.0286367 -0.0570012 -0.0538262 -0.0243857 -0.0080247 -0.0082761 -0.0099518 -0.0094705 -0.0086486 -0.0086249 -0.0101474 -0.0098244 -0.0077454 -0.0082046 -0.0115589 -0.0085901 -0.0078854 -0.0096248 -0.0085567 -0.0083284 -0.0080781 -0.0092795 -0.0049438 -0.0082336 -0.0056420 -0.0050554 -0.0050963 -0.0096931 -0.0076110 -0.0088536 -0.0074884 -0.0087390 -0.0062127 -0.0118836 -0.0081365 -0.0046588 -0.0094933 -0.0096092 -0.0067504 -0.0098914 -0.0087224 -0.0092017 -0.0074294 -0.0080316 -0.0087776 -0.0082351 -0.0041570 -0.0078346 -0.0085554 -0.0048523 -0.0092158 -0.0092588 -0.0091085
-0.0497703 -0.0624582 0.1468443 -0.0532922 -0.0604562 -0.0464861 -0.0519556 -0.0483420 -0.0521631 -0.0537645 2.1550262 -0.0466125 -0.0554914 -0.0539939 -0.0548340 -0.0574191 -0.0293210 -0.0324415 -0.0502203 -0.0427042 -0.0422754 -0.0558348 0.1948793 -0.0529313 -0.0535422 -0.0505187 -0.0450938 -0.0309794 -0.0486707 -0.0636764 -0.0614461 -0.0446227 -0.0205064 -0.0209618 -0.0204034 -0.0210691 -0.0211266 -0.0214564 -0.0221935 -0.0214565 -0.0204605 -0.0211851 -0.0219938 -0.0214134 -0.0200533 -0.0213414 -0.0203752 -0.0208783 -0.0202124 -0.0217243 -0.0182636 -0.0204403 -0.0184572 -0.0189429 -0.0181034 -0.0219228 -0.0205059 -0.0213756 -0.0193132 -0.0207799 -0.0195329 -0.0239049 -0.0209080 -0.0185891 -0.0214740 -0.0220303 -0.0203650 -0.0216271 -0.0217973 -0.0214077 -0.0198709 -0.0206204 -0.0210070 -0.0208483 -0.0197925 -0.0211720 -0.0201898 -0.0183158 -0.0200278 -0.0204810 -0.0214673
-0.0225152 -0.0499256 -0.0469597 -0.0231258 -0.0245585 -0.0208586 -0.0245767 -0.0217256 -0.0256755 -0.0225343 -0.0466125 1.4132667 -0.0368445 -0.0250974 -0.0255472 -0.0409841 -0.0090894 -0.0090548 -0.0223501 -0.0168558 -0.0177258 -0.0266296 -0.0496423 -0.0248721 -0.0250155 -0.0242246 -0.0197701 -0.0098025 -0.0225247 -0.0499769 -0.0477707 -0.0174965 -0.0055787 -0.0050996 -0.0057761 -0.0058470 -0.0052150 -0.0054395 -0.0065642 -0.0056221 -0.0047230 -0.0050236 -0.0071919 -0.0051702 -0.0051152 -0.0062957 -0.0054462 -0.0055148 -0.0050102 -0.0062317 -0.0031099 -0.0053804 -0.0038045 -0.0027621 -0.0034301 -0.0060151 -0.0049559 -0.0056291 -0.0047047 -0.0050253 -0.0036914 -0.0076889 -0.0049709 -0.0028419 -0.0061661 -0.0063748 -0.0046516 -0.0068725 -0.0060728 -0.0062188 -0.0047502 -0.0054288 -0.0057498 -0.0050632 -0.0025735 -0.0052972 -0.0053560 -0.0028437 -0.0055666 -0.0056451 -0.0057898
-0.0408384 -0.0580034 -0.0565421 -0.0458018 -0.0555221 -0.0372580 -0.0442119 -0.0386021 -0.0437568 -0.0457037 -0.0554914 -0.0368445 1.9032167 -0.0464695 -0.0472011 -0.0525375 -0.0208635 -0.0233706 -0.0411016 -0.0330459 -0.0329407 -0.0496962 -0.0582804 -0.0460364 -0.0461214 -0.0419786 -0.0363640 -0.0224334 -0.0404535 0.3531857 -0.0566786 -0.0345837 -0.0147683 -0.0143330 -0.0146299 -0.0153751 -0.0149209 -0.0151520 -0.0156328 -0.0153236 -0.0142334 -0.0140225 -0.0172968 -0.0143915 -0.0139878 -0.0155052 -0.0143935 -0.0145647 -0.0149629 -0.0152760 -0.0123682 -0.0139170 -0.0134838 -0.0126040 -0.0119611 -0.0147985 -0.0136217 -0.0153352 -0.0140654 -0.0146947 -0.0130213 -0.0177854 -0.0142268 -0.0130649 -0.0148183 -0.0154624 -0.0131097 -0.0161674 -0.0159412 -0.0155568 -0.0142093 -0.0140771 -0.0143197 -0.0155082 -0.0113390 -0.0143726 -0.0140637 -0.0121178 -0.0146341 -0.0150933 -0.0156016
-0.0310858 -0.0567086 -0.0549505 -0.0308272 -0.0322541 -0.0282467 -0.0315700 -0.0269445 -0.0313025 -0.0301151 -0.0539939 -0.0250974 -0.0464695 1.7915660 -0.0333267 -0.0512570 -0.0118071 -0.0117454 -0.0297977 -0.0213831 -0.0218307 -0.0338807 -0.0564587 -0.0328563 -0.0330118 -0.0298103 -0.0274395 -0.0131830 -0.0298292 -0.0578669 -0.0550864 -0.0240115 -0.0088964 -0.0089949 -0.0101018 -0.0104210 -0.0089977 -0.0094859 -0.0109745 -0.0104403 -0.0078371 -0.0085431 -0.0125411 -0.0094634 -0.0082933 -0.0102863 -0.0093291 -0.0090290 -0.0084508 -0.0104200 -0.0059979 -0.0089706 -0.0066532 -0.0055654 -0.0059270 -0.0103651 -0.0081493 -0.0098385 -0.0080667 -0.0090857 -0.0065148 -0.0127631 -0.0086461 -0.0053909 -0.0100977 -0.0106111 -0.0073572 -0.0112071 -0.0101408 -0.0103464 -0.0080926 -0.0085612 -0.0099635 -0.0092497 -0.0050261 -0.0086521 -0.0089855 -0.0054226 -0.0094802 -0.0099398 -0.0101694
-0.0316437 -0.0576655 -0.0558381 -0.0313502 -0.0341205 -0.0289859 -0.0320155 -0.0274583 -0.0312207 -0.0309278 -0.0548340 -0.0255472 -0.0472011 -0.0333267 1.8181329 -0.0519696 -0.0117301 -0.0123809 -0.0309417 -0.0225611 -0.0228649 -0.0339043 -0.0578891 -0.0342917 -0.0333557 -0.0305940 -0.0281745 -0.0134448 -0.0307117 -0.0574374 -0.0554962 -0.0250354 -0.0091126 -0.0091732 -0.0103902 -0.0103803 -0.0090483 -0.0094504 -0.0111705 -0.0103290 -0.0082678 -0.0091754 -0.0128561 -0.0097637 -0.0085219 -0.0115190 -0.0097506 -0.0093443 -0.0089448 -0.0108831 -0.0051183 -0.0090855 -0.0066438 -0.0050036 -0.0054491 -0.0104799 -0.0081061 -0.0093205 -0.0085274 -0.0093457 -0.0065583 -0.0132432 -0.0088702 -0.0049547 -0.0105507 -0.0106901 -0.0075622 -0.0111156 -0.0103509 -0.0107451 -0.0084578 -0.0089400 -0.0099064 -0.0095372 -0.0049582 -0.0091266 -0.0092455 -0.0052452 -0.0098379 -0.0104918 -0.0106917
-0.0459417 0.3401523 -0.0585848 -0.0496617 -0.0573587 -0.0419582 -0.0482796 -0.0433768 -0.0487443 -0.0502362 -0.0574191 -0.0409841 -0.0525375 -0.0512570 -0.0519696 1.9941521 -0.0236848 -0.0245752 -0.0463633 -0.0361330 -0.0363037 -0.0528983 -0.0605470 -0.0500287 -0.0503369 -0.0468203 -0.0401355 -0.0261898 -0.0442064 -0.0612666 -0.0582717 -0.0381117 -0.0161612 -0.0157862 -0.0165263 -0.0166565 -0.0164013 -0.0171727 -0.0178486 -0.0161960 -0.0168426 -0.0159625 -0.0178952 -0.0169042 -0.0164024 -0.0177201 -0.0169770 -0.0165767 -0.0166323 -0.0173866 -0.0149373 -0.0167987 -0.0163472 -0.0139748 -0.0148805 -0.0171860 -0.0152758 -0.0167264 -0.0155714 -0.0172236 -0.0150698 -0.0199169 -0.0165408 -0.0153427 -0.0176071 -0.0168368 -0.0155726 -0.0182785 -0.0177744 -0.0174167 -0.0146989 -0.0153718 -0.0167292 -0.0164158 -0.0132074 -0.0172155 -0.0163216 -0.0130426 -0.0172192 -0.0169785 -0.0170089
-0.0103105 -0.0326269 -0.0300862 -0.0115937 -0.0115465 -0.0095917 -0.0113901 -0.0102620 -0.0126271 -0.0109951 -0.0293210 -0.0090894 -0.0208635 -0.0118071 -0.0117301 -0.0236848 0.9231490 -0.0032457 -0.0099996 -0.0083074 -0.0076036 -0.0124212 -0.0339991 -0.0117007 -0.0117867 -0.0115284 -0.0084698 -0.0033835 -0.0099836 -0.0334468 -0.0155114 -0.0077969 0.0002682 0.0004099 0.0001010 0.0002249 0.0000299 -0.0000375 -0.0004132 0.0001342 0.0003372 0.0003037 -0.0005270 0.0000826 0.0001180 0.0000184 0.0000206 -0.0000429 0.0001130 0.0000103 0.0006693 0.0002761 0.0005481 0.0006557 0.0005270 0.0002974 0.0002320 0.0000253 0.0004045 -0.0001489 0.0004971 -0.0009843 0.0002668 0.0006381 -0.0002791 0.0001088 0.0001526 -0.0004200 -0.0003682 -0.0001225 0.0003005 0.0001745 0.0000016 0.0000995 0.0005484 0.0000747 0.0002128 0.0003013 0.0001439 0.0000131 0.0000875
-0.0113217 -0.0329761 -0.0330587 -0.0121711 -0.0125807 -0.0101577 -0.0119141 -0.0098452 -0.0114542 -0.0124862 -0.0324415 -0.0090548 -0.0233706 -0.0117454 -0.0123809 -0.0245752 -0.0032457 1.0035830 -0.0114240 -0.0076642 -0.0075530 -0.0130850 -0.0377187 -0.0120657 -0.0122697 -0.0113906 -0.0096929 -0.0041280 -0.0112093 -0.0388235 -0.0185811 -0.0092929 -0.0005431 -0.0005142 -0.0008701 -0.0006751 -0.0004958 -0.0008915 -0.0011851 -0.0008549 -0.0005932 -0.0006670 -0.0015439 -0.0008063 -0.0004001 -0.0009687 -0.0007845 -0.0006154 -0.0004525 -0.0008049 0.0001858 -0.0007483 -0.0000589 -0.0000305 -0.0000334 -0.0007800 -0.0008023 -0.0009647 -0.0005415 -0.0010192 -0.0002067 -0.0018073 -0.0007243 0.0001765 -0.0009820 -0.0009579 -0.0003806 -0.0012346 -0.0009952 -0.0009693 -0.0006467 -0.0004412 -0.0006989 -0.0007918 0.0000951 -0.0007238 -0.0007148 -0.0000327 -0.0006885 -0.0008823 -0.0006637
-0.0283154 -0.0526517 -0.0500859 -0.0297555 -0.0317186 -0.0259127 -0.0286493 -0.0246745 -0.0282691 -0.0293521 -0.0502203 -0.0223501 -0.0411016 -0.0297977 -0.0309417 -0.0463633 -0.0099996 -0.0114240 1.5782644 -0.0200951 -0.0199963 -0.0302952 -0.0527022 -0.0304913 -0.0306087 -0.0273108 -0.0249175 -0.0113654 -0.0271678 -0.0524570 -0.0503901 -0.0221075 -0.0068505 -0.0070551 -0.0081520 -0.0079289 -0.0069153 -0.0072133 -0.0088164 -0.0078376 -0.0064517 -0.0072775 -0.0096194 -0.0072190 -0.0067539 -0.0083868 -0.0072308 -0.0067099 -0.0067637 -0.0075643 -0.0041106 -0.0072588 -0.0049644 -0.0041211 -0.0042401 -0.0080169 -0.0065628 -0.0070390 -0.0064941 -0.0070234 -0.0053554 -0.0105807 -0.0067395 -0.0040580 -0.0079666 -0.0084115 -0.0061133 -0.0087160 -0.0076970 -0.0080688 -0.0065379 -0.0067039 -0.0073594 -0.0071704 -0.0037331 -0.0064424 -0.0071193 -0.0041248 -0.0074832 -0.0078152 -0.0076835
-0.0202070 -0.0459635 -0.0438896 -0.0212495 -0.0209348 -0.0182851 -0.0207757 -0.0189739 -0.0213012 -0.0207178 -0.0427042 -0.0168558 -0.0330459 -0.0213831 -0.0225611 -0.0361330 -0.0083074 -0.0076642 -0.0200951 1.2732224 -0.0148645 -0.0225536 -0.0470688 -0.0216631 -0.0211296 -0.0205861 -0.0172333 -0.0080429 -0.0194859 -0.0477664 -0.0446953 -0.0154691 -0.0036716 -0.0038279 -0.0039172 -0.0044173 -0.0036004 -0.0041297 -0.0048397 -0.0043345 -0.0034650 -0.0034123 -0.0054815 -0.0040014 -0.0033084 -0.0044167 -0.0039075 -0.0040099 -0.0036642 -0.0046192 -0.0019557 -0.0034604 -0.0028177 -0.0019645 -0.0021933 -0.0043908 -0.0034517 -0.0038776 -0.0032446 -0.0041055 -0.0024272 -0.0056521 -0.0036758 -0.0017185 -0.0044732 -0.0042354 -0.0028296 -0.0048367 -0.0045509 -0.0042697 -0.0034882 -0.0036824 -0.0040406 -0.0039779 -0.0016127 -0.0040308 -0.0036020 -0.0018791 -0.0039174 -0.0041500 -0.0037894
-0.0204695 -0.0461242 -0.0432962 -0.0212546 -0.0224633 -0.0182533 -0.0212337 -0.0189060 -0.0224428 -0.0207961 -0.0422754 -0.0177258 -0.0329407 -0.0218307 -0.0228649 -0.0363037 -0.0076036 -0.0075530 -0.0199963 -0.0148645 1.2612077 -0.0241389 -0.0466708 -0.0219651 -0.0217543 -0.0210258 -0.0169460 -0.0080057 -0.0198469 -0.0477295 -0.0318150 -0.0151368 -0.0036730 -0.0031283 -0.0039976 -0.0038589 -0.0036410 -0.0038229 -0.0045975 -0.0040232 -0.0034439 -0.0034263 -0.0054982 -0.0035248 -0.0034653 -0.0045219 -0.0038543 -0.0040532 -0.0037078 -0.0043046 -0.0019937 -0.0033532 -0.0022737 -0.0019876 -0.0021084 -0.0040602 -0.0031518 -0.0039003 -0.0031818 -0.0040488 -0.0024067 -0.0057803 -0.0033494 -0.0017993 -0.0046803 -0.0042762 -0.0028506 -0.0053436 -0.0042958 -0.0043525 -0.0030873 -0.0036420 -0.0039222 -0.0038358 -0.0017605 -0.0037927 -0.0037891 -0.0020370 -0.0038504 -0.0042140 -0.0040369
-0.0315999 -0.0585177 -0.0567453 -0.0305942 -0.0319246 -0.0291987 -0.0328501 -0.0287945 -0.0331543 -0.0301851 -0.0558348 -0.0266296 -0.0496962 -0.0338807 -0.0339043 -0.0528983 -0.0124212 -0.0130850 -0.0302952 -0.0225536 -0.0241389 1.8823898 -0.0587925 -0.0340099 -0.0334153 -0.0317105 -0.0280028 -0.0139773 -0.0312695 -0.0596355 -0.0571666 -0.0242226 -0.0094181 -0.0094402 -0.0106551 -0.0109057 -0.0094651 -0.0099806 -0.0116128 -0.0108484 -0.0085370 -0.0092548 -0.0133265 -0.0100741 -0.0090158 -0.0113064 -0.0096954 -0.0096036 -0.0092354 -0.0113123 -0.0059369 -0.0093417 -0.0066571 -0.0054829 -0.0055604 -0.0101722 -0.0085112 -0.0096205 -0.0088580 -0.0094473 -0.0068658 -0.0139355 -0.0089531 -0.0052291 -0.0114013 -0.0109566 -0.0077759 -0.0123775 -0.0105689 -0.0113740 -0.0087890 -0.0097724 -0.0108254 -0.0095364 -0.0050686 -0.0091537 -0.0098847 -0.0050332 -0.0103211 -0.0107648 -0.0111466
-0.0521703 -0.0663261 0.2085097 -0.0556835 -0.0631178 -0.0494961 -0.0546799 -0.0508664 -0.0545157 -0.0560171 0.1948793 -0.0496423 -0.0582804 -0.0564587 -0.0578891 -0.0605470 -0.0339991 -0.0377187 -0.0527022 -0.0470688 -0.0466708 -0.0587925 2.3269970 -0.0558139 -0.0557034 -0.0530127 -0.0485127 -0.0359897 -0.0509051 -0.0663706 -0.0640524 -0.0479006 -0.0242573 -0.0245215 -0.0235351 -0.0241682 -0.0244085 -0.0248831 -0.0257669 -0.0247504 -0.0242186 -0.0246643 -0.0248510 -0.0248421 -0.0236050 -0.0247837 -0.0235707 -0.0242673 -0.0234113 -0.0248239 -0.0221211 -0.0240327 -0.0218047 -0.0230223 -0.0217176 -0.0250291 -0.0243096 -0.0249013 -0.0225859 -0.0248112 -0.0234076 -0.0268362 -0.0244402 -0.0226401 -0.0246301 -0.0255944 -0.0240025 -0.0249453 -0.0251107 -0.0247948 -0.0230305 -0.0244066 -0.0243911 -0.0242903 -0.0239821 -0.0248472 -0.0237258 -0.0217353 -0.0229364 -0.0234096 -0.0248660
-0.0309535 -0.0553662 -0.0536602 -0.0331312 -0.0354999 -0.0279084 -0.0319917 -0.0283286 -0.0317839 -0.0318664 -0.0529313 -0.0248721 -0.0460364 -0.0328563 -0.0342917 -0.0500287 -0.0117007 -0.0120657 -0.0304913 -0.0216631 -0.0219651 -0.0340099 -0.0558139 1.7191042 -0.0329858 -0.0303724 -0.0275808 -0.0126037 -0.0304754 -0.0561654 -0.0530888 -0.0245759 -0.0079562 -0.0085653 -0.0095037 -0.0095840 -0.0084104 -0.0087470 -0.0101369 -0.0093971 -0.0073106 -0.0085388 -0.0115847 -0.0086120 -0.0081168 -0.0097830 -0.0088491 -0.0081604 -0.0082182 -0.0096692 -0.0050440 -0.0082135 -0.0056741 -0.0049476 -0.0049646 -0.0093752 -0.0075471 -0.0086087 -0.0076561 -0.0083899 -0.0060766 -0.0121757 -0.0079707 -0.0046545 -0.0097175 -0.0093039 -0.0065449 -0.0104475 -0.0092924 -0.0096732 -0.0074440 -0.0080658 -0.0090481 -0.0084722 -0.0044688 -0.0079684 -0.0085768 -0.0048858 -0.0092521 -0.0089811 -0.0092971
-0.0311759 -0.0562702 -0.0544890 -0.0316738 -0.0334430 -0.0284978 -0.0315156 -0.0275197 -0.0312832 -0.0305332 -0.0535422 -0.0250155 -0.0461214 -0.0330118 -0.0333557 -0.0503369 -0.0117867 -0.0122697 -0.0306087 -0.0211296 -0.0217543 -0.0334153 -0.0557034 -0.0329858 1.7550840 -0.0299068 -0.0266592 -0.0128997 -0.0294724 -0.0571916 -0.0547058 -0.0240636 -0.0085408 -0.0089744 -0.0099367 -0.0102012 -0.0087112 -0.0093342 -0.0106969 -0.0101024 -0.0078459 -0.0085900 -0.0123258 -0.0090657 -0.0079788 -0.0102969 -0.0088311 -0.0087766 -0.0083747 -0.0099635 -0.0053383 -0.0084120 -0.0060314 -0.0052536 -0.0051203 -0.0095443 -0.0077873 -0.0093009 -0.0078469 -0.0086977 -0.0062747 -0.0127153 -0.0082838 -0.0044410 -0.0100386 -0.0098743 -0.0070030 -0.0104868 -0.0095587 -0.0102373 -0.0076547 -0.0088380 -0.0094596 -0.0086578 -0.0045584 -0.0086262 -0.0089297 -0.0052087 -0.0090735 -0.0101092 -0.0095225
-0.0279856 -0.0533378 -0.0510582 -0.0282639 -0.0301488 -0.0263462 -0.0291321 -0.0264056 -0.0303199 -0.0273622 -0.0505187 -0.0242246 -0.0419786 -0.0298103 -0.0305940 -0.0468203 -0.0115284 -0.0113906 -0.0273108 -0.0205861 -0.0210258 -0.0317105 -0.0530127 -0.0303724 -0.0299068 1.6130136 -0.0238070 -0.0120405 -0.0272415 -0.0539729 -0.0519515 -0.0214146 -0.0074240 -0.0070536 -0.0082819 -0.0082949 -0.0073500 -0.0078745 -0.0091665 -0.0085183 -0.0065140 -0.0070903 -0.0104416 -0.0075869 -0.0072303 -0.0084423 -0.0075936 -0.0071743 -0.0073542 -0.0083853 -0.0044252 -0.0067768 -0.0050498 -0.0039698 -0.0047725 -0.0080722 -0.0067835 -0.0075397 -0.0068260 -0.0076317 -0.0051769 -0.0106499 -0.0068760 -0.0040995 -0.0088988 -0.0081055 -0.0062436 -0.0093895 -0.0085122 -0.0087113 -0.0064727 -0.0073941 -0.0081079 -0.0074747 -0.0036506 -0.0072691 -0.0071625 -0.0040727 -0.0080926 -0.0085289 -0.0085253
-0.0251154 -0.0482139 -0.0456750 -0.0266369 -0.0299061 -0.0225554 -0.0257851 -0.0219534 -0.0242658 -0.0269660 -0.0450938 -0.0197701 -0.0363640 -0.0274395 -0.0281745 -0.0401355 -0.0084698 -0.0096929 -0.0249175 -0.0172333 -0.0169460 -0.0280028 -0.0485127 -0.0275808 -0.0266592 -0.0238070 1.3336232 -0.0100732 -0.0240518 -0.0494368 -0.0466041 -0.0198430 -0.0043831 -0.0049891 -0.0054550 -0.0053668 -0.0048830 -0.0053558 -0.0057187 -0.0054393 -0.0042593 -0.0046844 -0.0066111 -0.0049583 -0.0044533 -0.0053699 -0.0046500 -0.0045635 -0.0043864 -0.0054059 -0.0026953 -0.0049777 -0.0032496 -0.0030399 -0.0024356 -0.0054323 -0.0042733 -0.0051449 -0.0039982 -0.0051519 -0.0032664 -0.0075077 -0.0045293 -0.0024175 -0.0055827 -0.0055636 -0.0040226 -0.0062490 -0.0055076 -0.0053225 -0.0042159 -0.0047401 -0.0049153 -0.0048490 -0.0026442 -0.0048478 -0.0047015 -0.0027748 -0.0050178 -0.0052293 -0.0051196
-0.0115882 -0.0353200 -0.0318671 -0.0125021 -0.0125436 -0.0102920 -0.0123987 -0.0104802 -0.0124133 -0.0124646 -0.0309794 -0.0098025 -0.0224334 -0.0131830 -0.0134448 -0.0261898 -0.0033835 -0.0041280 -0.0113654 -0.0080429 -0.0080057 -0.0139773 -0.0359897 -0.0126037 -0.0128997 -0.0120405 -0.0100732 0.9615525 -0.0110342 -0.0346067 -0.0276703 -0.0088148 -0.0003117 -0.0002619 -0.0004551 -0.0003384 -0.0002312 -0.0004991 -0.0007093 -0.0003539 -0.0000643 -0.0001097 -0.0009435 -0.0002508 -0.0000251 -0.0004893 -0.0004005 -0.0002975 -0.0001248 -0.0004784 0.0004603 -0.0000322 0.0000435 0.0001010 0.0003449 -0.0005504 -0.0000785 -0.0005379 -0.0002125 -0.0005465 0.0002847 -0.0016319 -0.0002884 0.0003311 -0.0005952 -0.0005858 -0.0000920 -0.0009013 -0.0006603 -0.0006079 -0.0003570 -0.0002407 -0.0002452 -0.0004031 0.0004765 -0.0004452 -0.0002736 0.0003027 -0.0003124 -0.0004318 -0.0003757
-0.0277012 -0.0510512 -0.0491938 -0.0291033 -0.0324158 -0.0248084 -0.0278903 -0.0247428 -0.0282067 -0.0286367 -0.0486707 -0.0225247 -0.0404535 -0.0298292 -0.0307117 -0.0442064 -0.0099836 -0.0112093 -0.0271678 -0.0194859 -0.0198469 -0.0312695 -0.0509051 -0.0304754 -0.0294724 -0.0272415 -0.0240518 -0.0110342 1.4804312 -0.0522168 -0.0496322 -0.0214001 -0.0061074 -0.0063185 -0.0069780 -0.0072415 -0.0065021 -0.0062411 -0.0077962 -0.0071669 -0.0055638 -0.0062647 -0.0087089 -0.0063640 -0.0057910 -0.0074512 -0.0063490 -0.0060421 -0.0058862 -0.0068185 -0.0034904 -0.0059650 -0.0043109 -0.0037567 -0.0038737 -0.0068846 -0.0056934 -0.0064596 -0.0055319 -0.0064457 -0.0041108 -0.0092349 -0.0063249 -0.0034131 -0.0069507 -0.0070289 -0.0049577 -0.0078635 -0.0071396 -0.0068607 -0.0056545 -0.0059501 -0.0068204 -0.0061199 -0.0032451 -0.0060947 -0.0061263 -0.0035790 -0.0062839 -0.0070292 -0.0069948
-0.0533464 -0.0654968 -0.0632842 -0.0570245 -0.0637723 -0.0496680 -0.0558033 -0.0516172 -0.0553432 -0.0570012 -0.0636764 -0.0499769 0.3531857 -0.0578669 -0.0574374 -0.0612666 -0.0334468 -0.0388235 -0.0524570 -0.0477664 -0.0477295 -0.0596355 -0.0663706 -0.0561654 -0.0571916 -0.0539729 -0.0494368 -0.0346067 -0.0522168 2.5242522 -0.0648355 -0.0488396 -0.0249407 -0.0240338 -0.0245238 -0.0251302 -0.0249837 -0.0258574 -0.0250246 -0.0256983 -0.0245603 -0.0228491 -0.0271140 -0.0243887 -0.0238797 -0.0257966 -0.0243604 -0.0244380 -0.0254027 -0.0245658 -0.0230028 -0.0231262 -0.0245557 -0.0233565 -0.0218292 -0.0238246 -0.0230812 -0.0260666 -0.0237237 -0.0253500 -0.0232700 -0.0282208 -0.0240491 -0.0249781 -0.0237620 -0.0256796 -0.0230051 -0.0254645 -0.0259721 -0.0252889 -0.0246677 -0.0231492 -0.0238901 -0.0263046 -0.0207848 -0.0243930 -0.0235292 -0.0222844 -0.0244411 -0.0249960 -0.0253644
-0.0512244 -0.0649431 -0.0626435 -0.0537619 -0.0619673 -0.0477687 -0.0530160 -0.0495765 -0.0535958 -0.0538262 -0.0614461 -0.0477707 -0.0566786 -0.0550864 -0.0554962 -0.0582717 -0.0155114 -0.0185811 -0.0503901 -0.0446953 -0.0318150 -0.0571666 -0.0640524 -0.0530888 -0.0547058 -0.0519515 -0.0466041 -0.0276703 -0.0496322 -0.0648355 2.2297506 -0.0457035 -0.0165269 -0.0190576 -0.0187694 -0.0197894 -0.0188802 -0.0165857 -0.0198638 -0.0175036 -0.0182963 -0.0166444 -0.0193625 -0.0183145 -0.0183948 -0.0180484 -0.0180712 -0.0178966 -0.0166654 -0.0194143 -0.0153911 -0.0179326 -0.0140677 -0.0176070 -0.0163539 -0.0185478 -0.0177412 -0.0188003 -0.0187387 -0.0191388 -0.0157084 -0.0200743 -0.0167435 -0.0156692 -0.0185947 -0.0181454 -0.0150300 -0.0180759 -0.0193912 -0.0170172 -0.0195080 -0.0173238 -0.0178721 -0.0182443 -0.0157415 -0.0187683 -0.0176094 -0.0149055 -0.0188837 -0.0192326 -0.0196266
-0.0231879 -0.0478764 -0.0453280 -0.0244583 -0.0254546 -0.0204561 -0.0231367 -0.0193454 -0.0220231 -0.0243857 -0.0446227 -0.0174965 -0.0345837 -0.0240115 -0.0250354 -0.0381117 -0.0077969 -0.0092929 -0.0221075 -0.0154691 -0.0151368 -0.0242226 -0.0479006 -0.0245759 -0.0240636 -0.0214146 -0.0198430 -0.0088148 -0.0214001 -0.0488396 -0.0457035 1.3122393 -0.0037321 -0.0045242 -0.0051098 -0.0046473 -0.0046994 -0.0047169 -0.0055006 -0.0048353 -0.0040584 -0.0040068 -0.0059878 -0.0045043 -0.0040638 -0.0049217 -0.0046283 -0.0042140 -0.0040261 -0.0048115 -0.0024939 -0.0040303 -0.0028930 -0.0024722 -0.0020563 -0.0049833 -0.0038705 -0.0049425 -0.0038857 -0.0047688 -0.0029901 -0.0063833 -0.0041754 -0.0017059 -0.0046852 -0.0051862 -0.0035040 -0.0054556 -0.0052254 -0.0048832 -0.0038029 -0.0039479 -0.0044543 -0.0045933 -0.0023705 -0.0042353 -0.0042009 -0.0023945 -0.0046780 -0.0045661 -0.0047164
-0.0069073 -0.0224330 -0.0211414 -0.0079474 -0.0101348 -0.0051146 -0.0079190 -0.0058472 -0.0078577 -0.0080247 -0.0205064 -0.0055787 -0.0147683 -0.0088964 -0.0091126 -0.0161612 0.0002682 -0.0005431 -0.0068505 -0.0036716 -0.0036730 -0.0094181 -0.0242573 -0.0079562 -0.0085408 -0.0074240 -0.0043831 -0.0003117 -0.0061074 -0.0249407 -0.0165269 -0.0037321 0.5724370 0.0037499 0.0039866 0.0042489 0.0040009 0.0036984 0.0037526 0.0040743 0.0036618 0.0039668 0.0038739 0.0038024 0.0037669 0.0042008 0.0037899 0.0035342 0.0038393 0.0039808 0.0033092 0.0037948 0.0036201 0.0031506 0.0030617 0.0039736 0.0035830 0.0035459 0.0038668 0.0031078 0.0033152 0.0033869 0.0035398 0.0033240 0.0036555 0.0038974 0.0032593 0.0036003 0.0032383 0.0039651 0.0036140 0.0038790 0.0039646 0.0034980 0.0031047 0.0033294 0.0036492 0.0032064 0.0040475 0.0041740 0.0040232
-0.0068809 -0.0221797 -0.0218037 -0.0088801 -0.0106676 -0.0053632 -0.0081534 -0.0063041 -0.0081467 -0.0082761 -0.0209618 -0.0050996 -0.0143330 -0.0089949 -0.0091732 -0.0157862 0.0004099 -0.0005142 -0.0070551 -0.0038279 -0.0031283 -0.0094402 -0.0245215 -0.0085653 -0.0089744 -0.0070536 -0.0049891 -0.0002619 -0.0063185 -0.0240338 -0.0190576 -0.0045242 0.0037499 0.5352486 0.0044319 0.0044701 0.0040614 0.0039954 0.0038735 0.0043104 0.0038682 0.0042673 0.0041142 0.0039863 0.0041024 0.0043734 0.0040221 0.0039041 0.0040591 0.0044680 0.0035141 0.0040190 0.0036803 0.0033204 0.0034419 0.0042194 0.0038501 0.0038101 0.0042794 0.0034560 0.0036180 0.0035957 0.0037552 0.0035758 0.0039387 0.0042580 0.0035241 0.0039361 0.0034699 0.0043022 0.0039524 0.0040880 0.0042476 0.0038630 0.0032678 0.0037149 0.0039271 0.0033239 0.0043063 0.0043064 0.0043808
-0.0081530 -0.0227162 -0.0210586 -0.0095989 -0.0127624 -0.0061311 -0.0088638 -0.0065626 -0.0089530 -0.0099518 -0.0204034 -0.0057761 -0.0146299 -0.0101018 -0.0103902 -0.0165263 0.0001010 -0.0008701 -0.0081520 -0.0039172 -0.0039976 -0.0106551 -0.0235351 -0.0095037 -0.0099367 -0.0082819 -0.0054550 -0.0004551 -0.0069780 -0.0245238 -0.0187694 -0.0051098 0.0039866 0.0044319 0.4960459 0.0049084 0.0043547 0.0042732 0.0042678 0.0046938 0.0040716 0.0046529 0.0045017 0.0041771 0.0045861 0.0048239 0.0044623 0.0039931 0.0044010 0.0046793 0.0036554 0.0043850 0.0040093 0.0034818 0.0036558 0.0044572 0.0040517 0.0039787 0.0043955 0.0035173 0.0040518 0.0039167 0.0041801 0.0037936 0.0042995 0.0045586 0.0039129 0.0042137 0.0039893 0.0046718 0.0043985 0.0043986 0.0046802 0.0041308 0.0035004 0.0039042 0.0042138 0.0036465 0.0048531 0.0047794 0.0048291
-0.0078249 -0.0232443 -0.0214177 -0.0096286 -0.0125175 -0.0057601 -0.0089773 -0.0067470 -0.0087323 -0.0094705 -0.0210691 -0.0058470 -0.0153751 -0.0104210 -0.0103803 -0.0166565 0.0002249 -0.0006751 -0.0079289 -0.0044173 -0.0038589 -0.0109057 -0.0241682 -0.0095840 -0.0102012 -0.0082949 -0.0053668 -0.0003384 -0.0072415 -0.0251302 -0.0197894 -0.0046473 0.0042489 0.0044701 0.0049084 0.4884656 0.0045435 0.0043672 0.0042871 0.0047703 0.0043620 0.0045961 0.0045510 0.0044544 0.0045339 0.0049211 0.0045204 0.0040794 0.0045183 0.0048012 0.0039172 0.0044703 0.0040060 0.0036557 0.0037389 0.0045671 0.0042658 0.0042937 0.0044108 0.0036467 0.0040638 0.0041760 0.0040727 0.0039432 0.0045367 0.0045879 0.0039119 0.0042861 0.0039965 0.0047109 0.0043743 0.0046242 0.0046334 0.0041993 0.0035981 0.0040192 0.0044153 0.0036667 0.0048841 0.0046821 0.0048446
-0.0072649 -0.0233548 -0.0215168 -0.0087367 -0.0104540 -0.0052250 -0.0078999 -0.0062282 -0.0081513 -0.0086486 -0.0211266 -0.0052150 -0.0149209 -0.0089977 -0.0090483 -0.0164013 0.0000299 -0.0004958 -0.0069153 -0.0036004 -0.0036410 -0.0094651 -0.0244085 -0.0084104 -0.0087112 -0.0073500 -0.0048830 -0.0002312 -0.0065021 -0.0249837 -0.0188802 -0.0046994 0.0040009 0.0040614 0.0043547 0.0045435 0.5299514 0.0040315 0.0040603 0.0043259 0.0038344 0.0042658 0.0043767 0.0041235 0.0043368 0.0045512 0.0041882 0.0036936 0.0040923 0.0043210 0.0035225 0.0041833 0.0037586 0.0034379 0.0034637 0.0044264 0.0039025 0.0037909 0.0040787 0.0034976 0.0038421 0.0037594 0.0038792 0.0035256 0.0040626 0.0042413 0.0037311 0.0039016 0.0036418 0.0044606 0.0040792 0.0041595 0.0045197 0.0039430 0.0032578 0.0037469 0.0039591 0.0033745 0.0045223 0.0042850 0.0045021
-0.0071363 -0.0241150 -0.0217532 -0.0089110 -0.0112244 -0.0054058 -0.0081971 -0.0064462 -0.0086135 -0.0086249 -0.0214564 -0.0054395 -0.0151520 -0.0094859 -0.0094504 -0.0171727 -0.0000375 -0.0008915 -0.0072133 -0.0041297 -0.0038229 -0.0099806 -0.0248831 -0.0087470 -0.0093342 -0.0078745 -0.0053558 -0.0004991 -0.0062411 -0.0258574 -0.0165857 -0.0047169 0.0036984 0.0039954 0.0042732 0.0043672 0.0040315 0.5425180 0.0038483 0.0044418 0.0037520 0.0042292 0.0041245 0.0037851 0.0041271 0.0043458 0.0039187 0.0036854 0.0040379 0.0043114 0.0035384 0.0040074 0.0036805 0.0032619 0.0033820 0.0040037 0.0037175 0.0037467 0.0041112 0.0034176 0.0036490 0.0036433 0.0037311 0.0036610 0.0039370 0.0040148 0.0035061 0.0036517 0.0034275 0.0042296 0.0039542 0.0039867 0.0040955 0.0036840 0.0031144 0.0034978 0.0038754 0.0034004 0.0042964 0.0042995 0.0044310
-0.0083367 -0.0240125 -0.0228387 -0.0101460 -0.0132686 -0.0064703 -0.0096567 -0.0077745 -0.0094974 -0.0101474 -0.0221935 -0.0065642 -0.0156328 -0.0109745 -0.0111705 -0.0178486 -0.0004132 -0.0011851 -0.0088164 -0.0048397 -0.0045975 -0.0116128 -0.0257669 -0.0101369 -0.0106969 -0.0091665 -0.0057187 -0.0007093 -0.0077962 -0.0250246 -0.0198638 -0.0055006 0.0037526 0.0038735 0.0042678 0.0042871 0.0040603 0.0038483 0.5295865 0.0040360 0.0036754 0.0041221 0.0039980 0.0040990 0.0040842 0.0042801 0.0037222 0.0035456 0.0040280 0.0043487 0.0033665 0.0040440 0.0037677 0.0031944 0.0032524 0.0041797 0.0037093 0.0037139 0.0042515 0.0034540 0.0037063 0.0035553 0.0038280 0.0035362 0.0038392 0.0040204 0.0035898 0.0038769 0.0034275 0.0042578 0.0039593 0.0042231 0.0042298 0.0038471 0.0034717 0.0035562 0.0039209 0.0034232 0.0043320 0.0042005 0.0043700
-0.0078776 -0.0224802 -0.0220373 -0.0095699 -0.0123774 -0.0061802 -0.0090951 -0.0066196 -0.0089163 -0.0098244 -0.0214565 -0.0056221 -0.0153236 -0.0104403 -0.0103290 -0.0161960 0.0001342 -0.0008549 -0.0078376 -0.0043345 -0.0040232 -0.0108484 -0.0247504 -0.0093971 -0.0101024 -0.0085183 -0.0054393 -0.0003539 -0.0071669 -0.0256983 -0.0175036 -0.0048353 0.0040743 0.0043104 0.0046938 0.0047703 0.0043259 0.0044418 0.0040360 0.5009936 0.0040955 0.0045470 0.0046378 0.0042062 0.0045420 0.0050438 0.0042518 0.0041055 0.0042568 0.0044811 0.0036575 0.0043387 0.0039514 0.0035313 0.0035641 0.0044119 0.0042120 0.0040601 0.0044484 0.0036368 0.0039865 0.0040081 0.0040264 0.0037122 0.0042252 0.0045086 0.0038281 0.0040960 0.0038037 0.0045671 0.0042405 0.0046347 0.0045262 0.0040556 0.0033499 0.0039551 0.0042317 0.0035360 0.0046354 0.0046955 0.0048584
-0.0065125 -0.0242084 -0.0212004 -0.0077482 -0.0088079 -0.0047176 -0.0068370 -0.0053216 -0.0072932 -0.0077454 -0.0204605 -0.0047230 -0.0142334 -0.0078371 -0.0082678 -0.0168426 0.0003372 -0.0005932 -0.0064517 -0.0034650 -0.0034439 -0.0085370 -0.0242186 -0.0073106 -0.0078459 -0.0065140 -0.0042593 -0.0000643 -0.0055638 -0.0245603 -0.0182963 -0.0040584 0.0036618 0.0038682 0.0040716 0.0043620 0.0038344 0.0037520 0.0036754 0.0040955 0.5672230 0.0041219 0.0041752 0.0038056 0.0039399 0.0042056 0.0038777 0.0035796 0.0038364 0.0040132 0.0033224 0.0037466 0.0034760 0.0032438 0.0032493 0.0039954 0.0036922 0.0037060 0.0037548 0.0031404 0.0035151 0.0035163 0.0037031 0.0033896 0.0037322 0.0040260 0.0033855 0.0036495 0.0034034 0.0040887 0.0037991 0.0038981 0.0040068 0.0036958 0.0030037 0.0035699 0.0037570 0.0033403 0.0040944 0.0040449 0.0043197
-0.0068032 -0.0224116 -0.0215845 -0.0082465 -0.0100617 -0.0050242 -0.0076474 -0.0056435 -0.0080370 -0.0082046 -0.0211851 -0.0050236 -0.0140225 -0.0085431 -0.0091754 -0.0159625 0.0003037 -0.0006670 -0.0072775 -0.0034123 -0.0034263 -0.0092548 -0.0246643 -0.0085388 -0.0085900 -0.0070903 -0.0046844 -0.0001097 -0.0062647 -0.0228491 -0.0166444 -0.0040068 0.0039668 0.0042673 0.0046529 0.0045961 0.0042658 0.0042292 0.0041221 0.0045470 0.0041219 0.5216733 0.0043301 0.0041887 0.0042064 0.0047228 0.0043193 0.0038548 0.0042396 0.0046523 0.0035865 0.0042456 0.0038555 0.0033682 0.0034900 0.0044591 0.0039909 0.0038141 0.0041383 0.0037229 0.0038847 0.0039085 0.0039854 0.0036615 0.0039957 0.0042615 0.0037561 0.0040897 0.0038074 0.0043961 0.0040914 0.0043038 0.0043509 0.0039312 0.0033197 0.0039042 0.0040766 0.0034650 0.0045993 0.0044916 0.0046095
-0.0097226 -0.0238860 -0.0223242 -0.0118387 -0.0155059 -0.0076387 -0.0107806 -0.0081631 -0.0112185 -0.0115589 -0.0219938 -0.0071919 -0.0172968 -0.0125411 -0.0128561 -0.0178952 -0.0005270 -0.0015439 -0.0096194 -0.0054815 -0.0054982 -0.0133265 -0.0248510 -0.0115847 -0.0123258 -0.0104416 -0.0066111 -0.0009435 -0.0087089 -0.0271140 -0.0193625 -0.0059878 0.0038739 0.0041142 0.0045017 0.0045510 0.0043767 0.0041245 0.0039980 0.0046378 0.0041752 0.0043301 0.5029385 0.0042223 0.0043379 0.0045208 0.0041272 0.0037660 0.0042824 0.0043955 0.0037392 0.0042246 0.0037192 0.0035757 0.0037378 0.0043047 0.0038733 0.0038244 0.0043984 0.0035294 0.0038260 0.0036531 0.0039280 0.0036726 0.0042667 0.0042664 0.0037214 0.0040405 0.0034960 0.0045577 0.0042745 0.0043655 0.0045833 0.0040069 0.0032814 0.0036254 0.0039963 0.0037769 0.0045075 0.0044574 0.0045880
-0.0073985 -0.0238287 -0.0220571 -0.0088310 -0.0106207 -0.0055348 -0.0083351 -0.0063390 -0.0079968 -0.0085901 -0.0214134 -0.0051702 -0.0143915 -0.0094634 -0.0097637 -0.0169042 0.0000826 -0.0008063 -0.0072190 -0.0040014 -0.0035248 -0.0100741 -0.0248421 -0.0086120 -0.0090657 -0.0075869 -0.0049583 -0.0002508 -0.0063640 -0.0243887 -0.0183145 -0.0045043 0.0038024 0.0039863 0.0041771 0.0044544 0.0041235 0.0037851 0.0040990 0.0042062 0.0038056 0.0041887 0.0042223 0.5456659 0.0042546 0.0043607 0.0038961 0.0036209 0.0039774 0.0043718 0.0035247 0.0038786 0.0037381 0.0035223 0.0033194 0.0041338 0.0038586 0.0037421 0.0039279 0.0032558 0.0036024 0.0036839 0.0037660 0.0034439 0.0039195 0.0041973 0.0035317 0.0037732 0.0034203 0.0042178 0.0039699 0.0041275 0.0042457 0.0038985 0.0031261 0.0036256 0.0040121 0.0033158 0.0042592 0.0042702 0.0043875
-0.0063640 -0.0233082 -0.0204084 -0.0079310 -0.0099477 -0.0049832 -0.0077673 -0.0057585 -0.0077826 -0.0078854 -0.0200533 -0.0051152 -0.0139878 -0.0082933 -0.0085219 -0.0164024 0.0001180 -0.0004001 -0.0067539 -0.0033084 -0.0034653 -0.0090158 -0.0236050 -0.0081168 -0.0079788 -0.0072303 -0.0044533 -0.0000251 -0.0057910 -0.0238797 -0.0183948 -0.0040638 0.0037669 0.0041024 0.0045861 0.0045339 0.0043368 0.0041271 0.0040842 0.0045420 0.0039399 0.0042064 0.0043379 0.0042546 0.5336729 0.0043769 0.0042296 0.0037640 0.0041676 0.0043540 0.0035823 0.0042355 0.0037875 0.0034147 0.0033805 0.0041901 0.0039521 0.0038248 0.0042749 0.0035033 0.0038082 0.0038504 0.0039377 0.0036262 0.0040291 0.0041674 0.0036961 0.0039545 0.0036487 0.0043358 0.0040951 0.0041348 0.0042841 0.0040056 0.0032893 0.0038045 0.0039552 0.0034167 0.0045368 0.0044274 0.0044946
