1.0506846 -0.0986267 0.0704364 -0.0812099 -0.0620093 -0.0283056 -0.0161104 0.0316807 0.0107251 -0.0846256 0.1394877 0.1260979 0.1748318 0.0526851 -0.0330273 -0.0080587 0.0920602 0.1314304 -0.1707295 -0.1598217 -0.1329849 -0.0760330 0.1073963 0.0085635 0.0471694 -0.1795542 0.0201552 0.1269372 0.0534501 0.0237501 -0.0268089 0.0357875 0.2413102 0.0600052 -0.0455458 -0.0415914 0.0319216 -0.0383332 -0.0875700 -0.0489635 -0.1476033 -0.0610685 0.0742709 0.0566848 -0.1577272 -0.0539219 -0.1723684 -0.0673873 0.1280202 0.0560829 0.1320744 0.1618660 0.1444214 0.1616634 0.0310015 0.0881513 -0.2793593 -0.0220540 0.2113345 0.1874277 -0.0483292 -0.0166126 -0.1742606 -0.0522849 -0.1164183 -0.1982722 -0.2695034 -0.0205859 -0.0055338 -0.0010454 -0.0342491 -0.0399872 -0.2366248 -0.1432699 -0.1736391 -0.0249470 -0.0096383 -0.2682264 0.0815200 0.0906118 -0.1300566
-0.0986267 1.0391967 -0.0216753 0.0708816 0.0552700 0.0112178 0.0682559 -0.0234566 0.0465220 0.0057710 -0.0707051 -0.0324137 -0.0307372 0.0058024 -0.0928991 -0.0211659 -0.0149728 0.0370982 -0.0231954 0.0963694 -0.0418472 0.0667442 0.0362205 -0.0179966 -0.0235889 0.0950619 -0.0309490 -0.0178922 0.0390402 0.0732359 -0.0282243 0.1354058 0.0363127 -0.0174023 0.1048414 -0.0237821 -0.1195386 -0.0526410 -0.1618924 0.0066490 -0.0876439 0.0823673 0.0294989 -0.0892266 -0.0810193 0.1195723 -0.0349143 -0.0695725 -0.0931629 -0.0653051 -0.0297569 -0.1217282 -0.1221624 -0.0346256 -0.0395652 -0.0110239 0.0406335 -0.0505000 0.0460617 -0.0605311 -0.0366382 -0.0119025 -0.0444951 0.0096954 0.1588105 0.0045500 -0.0004789 0.0487308 -0.0667790 0.1074157 0.0890793 0.0568945 -0.0548415 -0.0226682 -0.0538294 -0.1186560 -0.0486553 0.0092927 -0.0600404 -0.0346927 -0.0740380
0.0704364 -0.0216753 0.7978213 0.0061160 0.0598740 0.1007762 0.0590891 -0.0004499 0.0466328 -0.0179861 0.1037720 0.0540964 -0.0091294 0.0200207 0.0426883 -0.0280443 -0.0176249 0.0277107 0.0295819 -0.0988595 -0.0709269 -0.0457971 -0.0941697 -0.0814436 -0.0683363 -0.1329369 0.0607768 0.0687777 -0.0176496 -0.0980387 0.0397610 0.0145810 -0.0426775 -0.0397602 -0.0452419 0.0683339 -0.0223175 -0.0388316 -0.0564885 -0.0282813 -0.0020698 -0.0803582 0.0293110 -0.1203610 -0.0490358 -0.0694260 -0.0109130 0.0462096 -0.1173069 -0.0457269 0.1044972 -0.0467397 -0.0182135 0.0233950 0.1115514 -0.0315839 -0.0029626 0.0520819 0.0383373 0.0891997 0.0979120 -0.0178734 -0.0232443 -0.0500413 -0.1045597 -0.0879890 -0.0699701 -0.0542523 0.1549680 0.0232769 -0.0162332 -0.0502967 0.0991323 0.0302804 -0.0264931 -0.0956861 -0.0612203 -0.0585802 0.0349573 -0.0940188 0.0240052
-0.0812099 0.0708816 0.0061160 1.1122751 -0.0741867 0.0267029 -0.0031225 -0.0588599 0.0888112 0.0473295 0.0877008 -0.0734880 0.0461850 -0.0776309 -0.1112821 0.1368299 -0.1554886 -0.0198562 0.0201146 0.0182575 0.0055171 0.1063602 -0.0674019 -0.1765650 -0.0904214 0.0950037 -0.0513040 -0.0649351 -0.0591575 -0.0120182 -0.0004009 0.0304223 -0.1334101 -0.2608494 0.1060036 -0.0792133 -0.1159591 0.0169709 0.0195411 0.0724456 -0.0424405 0.2052218 -0.1547014 -0.1385379 0.0488009 0.0799439 0.1578493 -0.0373802 -0.0985314 0.1258581 -0.2040748 -0.0366117 -0.2108115 -0.1485706 -0.0842397 -0.0611502 0.2433630 0.0496114 -0.1456776 -0.1852729 0.0064164 0.0281009 0.1277798 0.0143694 0.0194917 0.0920814 0.1718362 -0.0696701 0.0539142 -0.0774033 -0.0286686 -0.0665162 0.2588612 0.1911763 0.0620181 -0.1494576 -0.0775834 0.2266918 -0.0661016 -0.0120039 0.0445223
-0.0620093 0.0552700 0.0598740 -0.0741867 0.7960395 0.0305414 -0.0059747 -0.0025361 -0.0393486 0.0234119 -0.0347068 -0.0195194 -0.0117811 -0.0699907 -0.1158010 0.0377636 0.0681230 -0.1053658 0.0066816 0.0322049 -0.0790080 -0.0081432 -0.0072806 0.0355303 -0.0194468 -0.0695681 -0.0771787 0.0868139 -0.1069823 0.1499178 0.0034439 -0.1000024 -0.0845334 -0.0397826 -0.0521221 -0.0212044 0.1135220 -0.0556304 -0.0336602 -0.0466981 0.0759896 0.0029985 -0.0840517 0.0029656 0.0477837 -0.1178447 0.0415351 0.1249026 -0.0797291 -0.0125706 0.0058440 -0.0834806 -0.0629734 -0.0137965 0.0250186 -0.0152724 0.0077814 0.0081844 -0.0479202 0.0298630 0.0463376 -0.1072329 0.0326700 0.0802123 -0.0453230 0.0661939 0.0038789 -0.0037524 0.0545065 -0.0403880 0.0633568 -0.0079235 0.0585718 0.0646847 0.0635249 0.0483379 0.0385909 0.0381044 -0.0312581 -0.1059635 -0.0006844
-0.0283056 0.0112178 0.1007762 0.0267029 0.0305414 0.8798426 -0.0316613 0.0895208 -0.0617823 -0.0461733 -0.0780032 -0.0448601 0.0353456 -0.0160812 0.0242828 -0.1447170 0.0545435 -0.1011452 -0.0474208 0.0259509 -0.0698297 0.0225758 -0.1198397 0.0168444 0.0247827 -0.0801210 -0.0179805 0.0583019 0.0392098 0.1986531 -0.0143106 -0.0176104 -0.0610408 0.0058984 -0.0950172 0.0808943 0.1259676 -0.0277145 0.0107410 -0.0317968 0.0173814 -0.0758803 -0.0290051 0.0327119 0.0183835 -0.0835556 -0.0366926 0.1689588 -0.0656494 -0.0151758 0.1134071 -0.0343181 0.0444170 0.0160905 0.0710017 -0.0791382 0.0038802 0.0207985 -0.0333970 -0.0519544 -0.0549847 0.0276509 -0.0248991 -0.0824998 -0.0106395 -0.0712031 -0.0568919 0.0601956 -0.0208668 -0.0333284 -0.0223535 -0.0614555 -0.0504438 -0.0333533 0.1165509 -0.0026189 -0.0184755 -0.0486992 -0.0264371 -0.1117825 0.0610481
-0.0161104 0.0682559 0.0590891 -0.0031225 -0.0059747 -0.0316613 0.7321945 -0.0257848 -0.0454518 -0.0725715 -0.0441481 0.0461705 0.0481854 0.1283428 -0.0711761 -0.0389422 0.0284991 0.0152568 0.0117948 -0.0667113 -0.0147871 -0.0565247 0.0701180 0.0660178 0.0138568 -0.1120307 -0.0241380 0.0486939 -0.0395620 -0.0426581 0.0387399 -0.0021303 0.0197447 -0.0333911 -0.0156777 0.0333034 0.0055444 0.0250079 -0.0120078 -0.0989574 -0.0374957 -0.0299559 0.0366716 -0.0179081 -0.0430585 0.0007984 -0.0248112 -0.0807224 0.0880956 -0.0734993 0.0303507 -0.0362303 0.0388378 0.0706851 0.0121027 0.0137070 -0.1243910 -0.0007436 0.0405070 0.0242599 0.0700262 0.0257713 -0.0601842 -0.0378500 -0.0642218 -0.0168503 0.0026406 0.0032338 -0.0678831 0.0796924 0.0486070 0.0428783 -0.0662084 -0.0676211 -0.0588117 -0.0375642 -0.0446998 -0.1032874 0.0789038 -0.0339146 0.0040485
0.0316807 -0.0234566 -0.0004499 -0.0588599 -0.0025361 0.0895208 -0.0257848 0.6533079 0.0330103 -0.0394927 -0.0148557 0.0258725 -0.0118483 0.0435852 0.0002839 0.0342886 -0.0062317 0.0776094 -0.0832881 0.0112915 -0.0483134 -0.0404802 0.0841992 -0.1638471 0.0282778 -0.0531983 -0.0079794 -0.0370813 -0.0216541 0.0211018 0.0268509 0.0942988 0.0584210 -0.1231027 0.0747157 -0.0684076 0.0275422 0.0016755 -0.1375404 0.0154903 -0.0804669 -0.0306799 0.0165897 -0.0723983 -0.0512187 0.0420403 -0.0354513 -0.0863381 -0.0398112 -0.0245049 -0.0048169 -0.0365615 -0.0131541 0.0057380 -0.0021669 -0.0309737 -0.0760651 0.0078037 0.0463042 0.0528243 -0.0094249 0.0175114 -0.0068735 0.0426852 -0.0327865 -0.0160953 -0.0723453 0.1497693 0.0310646 0.0384674 0.0657110 0.0147796 -0.0902826 -0.0479727 -0.0804262 -0.0743870 0.0137591 -0.0563827 -0.0395766 0.1059873 -0.0629272
0.0107251 0.0465220 0.0466328 0.0888112 -0.0393486 -0.0617823 -0.0454518 0.0330103 0.9659219 -0.1185013 0.1900311 0.0046889 -0.0947230 0.0847838 0.1660029 0.2305886 -0.2733449 0.3444760 -0.2449808 0.0280289 -0.0261932 -0.0271381 0.0955033 -0.2817196 -0.0700062 -0.0249743 0.0403843 -0.1332733 0.0645376 -0.0436080 0.1450252 0.1861786 0.2136752 -0.2330960 0.1882688 -0.1603889 -0.1131887 0.0013445 -0.2807325 0.1055108 -0.0875493 -0.0448978 0.0859539 -0.1552044 -0.1061115 0.1576644 0.0415235 -0.2232752 -0.1166137 -0.0650537 0.0199953 0.0221352 -0.0628017 -0.1214206 -0.0594862 -0.0577989 -0.0494673 -0.0081515 0.1399022 0.0682693 -0.0189684 0.0933735 -0.0436463 0.1420048 0.0055904 -0.0474740 0.0530262 0.0043829 0.0414446 -0.0088294 -0.0236907 0.0186132 -0.0677952 0.0208334 -0.2387777 -0.2955863 -0.0237993 0.0099340 -0.1115857 0.2169850 -0.1045111
-0.0846256 0.0057710 -0.0179861 0.0473295 0.0234119 -0.0461733 -0.0725715 -0.0394927 -0.1185013 0.9198505 -0.1231757 0.0148106 -0.0156533 -0.1197319 -0.1428633 -0.0410984 0.0836189 -0.1166370 0.1105610 0.0244734 -0.0551773 0.0836944 -0.0186552 -0.0244129 -0.0831473 0.1178728 -0.0084164 -0.0821922 -0.0851448 -0.0052089 -0.0099975 -0.1391160 -0.1131547 0.0395347 -0.1156714 0.0120974 0.0077425 0.0190081 0.1678967 -0.0241120 0.0128554 0.0436555 -0.0671568 0.0142423 0.0056998 0.0124467 0.1265958 0.1406424 -0.0149986 -0.0284027 -0.1292555 -0.0226458 -0.0321664 0.0060719 -0.0188194 -0.0158842 0.0803087 -0.0092718 -0.0748085 -0.0907098 0.0554061 0.0018699 0.0908880 -0.0056319 -0.0199074 0.1905431 0.0525381 -0.0317968 -0.0253798 -0.0487881 -0.0164732 -0.0271252 0.1234522 0.1323040 0.1163327 0.0919623 -0.0021630 0.1064378 -0.0137889 -0.1214884 0.0666762
0.1394877 -0.0707051 0.1037720 0.0877008 -0.0347068 -0.0780032 -0.0441481 -0.0148557 0.1900311 -0.1231757 0.9272078 -0.0059886 -0.0474064 0.0506937 0.0663452 0.0927365 -0.1261781 0.1839670 -0.1068144 0.0200006 0.1290649 -0.0536831 -0.0186240 -0.0169224 -0.1193808 -0.0287819 0.0604415 0.0396151 0.0183997 -0.1141290 -0.0012148 -0.0331840 0.0415384 -0.0593187 0.1401114 -0.0149030 -0.0485236 0.0154049 -0.1906030 0.0543278 -0.0900390 -0.0469221 -0.0657504 -0.1572510 -0.0592849 0.1289200 -0.0406248 -0.1195979 -0.0768189 0.0298270 -0.0414106 -0.0150134 0.0438366 -0.0253918 -0.0452583 -0.1111509 -0.0684218 0.0135709 0.0680752 0.1087273 -0.0209477 0.0598820 -0.0783391 0.0303579 -0.0095118 -0.0263827 0.0156923 0.0248027 0.0872939 -0.0421737 0.0057503 -0.0372844 -0.1181312 0.0449162 -0.1360411 -0.1576375 0.1059237 -0.0512147 -0.0288633 0.1418180 -0.1441579
0.1260979 -0.0324137 0.0540964 -0.0734880 -0.0195194 -0.0448601 0.0461705 0.0258725 0.0046889 0.0148106 -0.0059886 0.8409091 0.0285570 0.0023367 0.0480701 0.0563364 -0.0103713 0.0364349 -0.1053442 -0.0304228 -0.0333810 -0.0210890 0.1642711 0.0432093 0.0183612 -0.1156503 -0.0402362 0.0164532 0.0567423 -0.0884572 -0.0141967 -0.0493063 0.0371407 -0.0297337 0.0194928 -0.0399814 0.0218285 -0.0124205 -0.0670263 0.0284467 -0.0764962 -0.0598921 0.1324753 -0.0515918 -0.0557140 -0.0201602 -0.0789730 -0.0265276 -0.0434361 -0.0340145 0.0599588 0.0222816 0.0224909 0.0056017 0.0552216 0.0014950 -0.1404039 -0.0259818 0.0836478 0.0417756 0.0181225 -0.0044110 -0.0985354 0.0065615 0.0095882 -0.1002608 -0.0103975 0.0114323 0.0243493 0.0744677 -0.0074469 -0.0117868 -0.0940176 0.0057196 -0.0847815 -0.0339387 0.0010804 -0.0466590 -0.0185853 0.0436720 -0.0715293
0.1748318 -0.0307372 -0.0091294 0.0461850 -0.0117811 0.0353456 0.0481854 -0.0118483 -0.0947230 -0.0156533 -0.0474064 0.0285570 0.8584434 0.0009637 -0.0036034 0.0261646 0.0131050 -0.0492483 -0.0744267 -0.1297654 0.0376248 -0.0026397 -0.0247180 -0.0296307 0.0209751 -0.0789393 -0.0444990 0.0123498 -0.1371113 0.0391082 0.0216186 -0.0789128 -0.0333066 -0.0255267 -0.0223503 -0.0887971 -0.0219390 -0.0481451 0.0244021 0.0435690 0.0078858 -0.0468220 -0.0747616 -0.0038239 -0.0096072 -0.0299960 0.0704222 0.0431987 0.0089338 -0.0609146 -0.0295642 0.0856889 -0.0139467 0.0461859 -0.0408240 -0.0237433 0.0230002 -0.0517659 -0.0024766 -0.0024155 0.0310460 0.0524388 -0.0108077 -0.0866387 -0.0450641 0.0414488 0.0115537 0.0052083 -0.0346190 -0.0400990 -0.0620416 0.0343163 0.1261999 -0.0509155 0.0209434 0.0504320 -0.0043564 -0.0039959 0.0268324 0.0432049 -0.0186171
0.0526851 0.0058024 0.0200207 -0.0776309 -0.0699907 -0.0160812 0.1283428 0.0435852 0.0847838 -0.1197319 0.0506937 0.0023367 0.0009637 1.0293570 0.0495920 0.0424693 -0.0610549 0.1923645 -0.1980219 -0.0248128 -0.0747483 -0.2280481 0.1158350 -0.0259848 -0.0313841 -0.1407238 0.0788705 -0.0123612 -0.1040656 0.0516696 0.0868717 -0.0019304 0.1589871 0.0744395 0.1058870 -0.0544434 0.0854603 -0.0216358 -0.2241259 -0.0822902 -0.0343945 0.0470390 0.1162058 -0.1006663 -0.1077580 -0.0074239 -0.1119167 -0.1463481 0.1195077 -0.0915735 0.0953578 -0.0165414 0.0870379 0.0210654 -0.0030351 0.0489006 -0.2151489 -0.0567703 0.1129281 0.1755947 0.0153301 0.0944420 -0.1023442 -0.0331922 -0.0156498 -0.2553632 -0.1500421 0.1028470 0.0092192 0.0487838 -0.0161647 0.0785568 -0.2283473 -0.1670937 -0.1999378 -0.0936214 -0.0735314 -0.1489490 0.2025933 0.0868055 -0.1582161
-0.0330273 -0.0928991 0.0426883 -0.1112821 -0.1158010 0.0242828 -0.0711761 0.0002839 0.1660029 -0.1428633 0.0663452 0.0480701 -0.0036034 0.0495920 1.2498875 -0.0457193 -0.1610437 0.0889650 -0.1201197 -0.0865961 0.1222301 -0.2224413 -0.1030387 -0.0208040 -0.1098684 -0.0296669 -0.0058470 0.0095729 -0.0668679 0.0512250 0.1735593 0.0714874 0.0699957 -0.0836317 0.0001969 -0.0032428 -0.0418797 -0.0222590 0.0123650 0.0365801 -0.0289858 -0.0149984 0.1129554 -0.0716620 -0.0921627 0.0239928 -0.0975632 -0.0489816 -0.0835853 -0.0180978 0.0678753 0.0258388 0.0447453 0.0425467 0.0390223 -0.0392535 -0.0411074 -0.0095865 0.0083496 -0.0572862 0.0873637 0.0240074 0.0919276 0.0204579 -0.0162428 -0.1222687 -0.0255093 -0.0393322 0.0981969 0.0565045 -0.0283537 0.0010820 -0.0943900 -0.0596305 -0.1675963 -0.0939818 0.0204787 0.0010970 -0.0886965 0.1279736 0.0044928
-0.0080587 -0.0211659 -0.0280443 0.1368299 0.0377636 -0.1447170 -0.0389422 0.0342886 0.2305886 -0.0410984 0.0927365 0.0563364 0.0261646 0.0424693 -0.0457193 1.0962907 -0.2015070 0.1611557 -0.1523234 0.0578393 -0.0577715 -0.0328914 0.1198717 -0.2962290 -0.0534995 0.1235808 -0.0746622 -0.2319941 0.0372097 -0.0007926 0.0933777 0.0179161 0.0267496 -0.2124254 0.2150194 -0.1776393 -0.1627875 -0.0379046 -0.1871541 0.1284657 -0.0914019 0.0518584 0.0289987 -0.2057853 0.0149178 0.0180962 0.0924312 -0.1122321 -0.0798875 -0.0351744 -0.1060300 0.0398187 -0.1475791 -0.1220326 -0.1055163 -0.0303007 0.1605817 -0.0243014 0.1162249 -0.0715651 0.0224487 0.0040949 -0.0300670 0.0750179 -0.0053617 0.0091744 0.1709681 0.0733858 0.0407885 -0.0408396 0.0094802 -0.0226382 0.1584079 0.0969399 -0.1717341 -0.3023488 -0.0210866 0.1765108 -0.1462773 0.1642036 -0.1150173
0.0920602 -0.0149728 -0.0176249 -0.1554886 0.0681230 0.0545435 0.0284991 -0.0062317 -0.2733449 0.0836189 -0.1261781 -0.0103713 0.0131050 -0.0610549 -0.1610437 -0.2015070 1.3476703 -0.1630835 0.1729755 -0.1509382 0.0050474 -0.0141953 -0.0251347 0.2062827 0.0485467 -0.1560003 -0.1114186 0.0986873 0.0249507 -0.0287533 -0.1179921 -0.1491634 -0.0300443 0.3127380 -0.2346319 0.3355293 0.1363504 0.0373040 0.0984902 -0.1944465 0.0673064 -0.0969674 0.0634707 0.1464946 -0.0064495 -0.1691598 -0.0953702 0.1172689 0.1680618 0.1329506 0.0793863 0.0206248 0.0294709 0.1699619 0.0754099 -0.0067145 -0.0488493 -0.0316098 -0.0261260 0.0762485 0.0745673 -0.0626878 -0.0595228 -0.1932499 -0.0913341 -0.1116817 -0.2268721 -0.0185472 -0.0493851 0.0182886 -0.0353581 -0.0118487 -0.1066688 -0.0498861 0.1508104 0.2605994 0.0700325 -0.1446822 0.0723091 -0.1936654 0.1071457
0.1314304 0.0370982 0.0277107 -0.0198562 -0.1053658 -0.1011452 0.0152568 0.0776094 0.3444760 -0.1166370 0.1839670 0.0364349 -0.0492483 0.1923645 0.0889650 0.1611557 -0.1630835 1.0175698 -0.1699871 -0.0033441 -0.0670435 -0.0804237 0.1596781 -0.1581579 -0.0674056 -0.0635644 0.0316046 -0.1644207 0.0176904 -0.0752092 0.1608655 0.0999903 0.2064057 -0.1482277 0.1362818 -0.1801938 -0.1157242 0.0684035 -0.2857540 0.0321705 -0.1333881 -0.0443277 0.0934970 -0.1513772 -0.1351591 0.1937276 -0.0903723 -0.1774775 0.0273196 -0.0915088 0.0167251 0.0045111 0.0397606 -0.0313544 -0.0337984 -0.0121458 -0.1457248 -0.0469249 0.1423320 0.1516557 -0.0050695 0.1205451 -0.0798540 0.0754115 -0.0010060 -0.0991669 0.0163747 0.0366553 0.0494204 0.0593470 0.0077515 0.0184937 -0.1798069 -0.1003949 -0.2477711 -0.2149763 -0.0494438 -0.0835539 -0.0546646 0.2475110 -0.1697241
-0.1707295 -0.0231954 0.0295819 0.0201146 0.0066816 -0.0474208 0.0117948 -0.0832881 -0.2449808 0.1105610 -0.1068144 -0.1053442 -0.0744267 -0.1980219 -0.1201197 -0.1523234 0.1729755 -0.1699871 0.9797518 0.0383102 0.0987509 0.0812891 -0.2198071 0.1981321 -0.0003883 -0.0027848 -0.0756856 0.0511065 0.0269056 -0.0615596 -0.1484389 -0.2224627 -0.1750069 0.1450921 -0.1148785 0.1951134 0.0776391 0.1292227 0.1314379 -0.0710806 0.1717888 0.0064510 0.0074094 0.1553593 0.1085676 -0.1093164 0.0692470 0.1616860 0.0260178 0.0282492 -0.0276049 -0.0281649 -0.0191680 0.0398864 -0.0013265 0.0537464 0.0313964 0.0245500 -0.1628649 -0.1258181 -0.0159815 -0.0792976 0.0875046 -0.0892755 -0.0327475 0.0760489 -0.0581335 -0.0805440 -0.0611299 -0.0470451 0.0007093 -0.1048416 0.1579607 0.0558879 0.2179726 0.2156174 -0.0289850 0.0271994 0.0676034 -0.2055105 0.1576656
-0.1598217 0.0963694 -0.0988595 0.0182575 0.0322049 0.0259509 -0.0667113 0.0112915 0.0280289 0.0244734 0.0200006 -0.0304228 -0.1297654 -0.0248128 -0.0865961 0.0578393 -0.1509382 -0.0033441 0.0383102 0.9940414 0.0435071 0.0152161 0.0222803 -0.0529490 -0.1177688 0.0458346 0.0751022 -0.1246141 0.0954236 -0.1073913 -0.0450651 -0.0130542 -0.0770007 -0.1816000 0.2811699 -0.1332521 -0.0874887 -0.0010225 -0.1257490 0.0758578 0.0694515 0.1017557 -0.1247025 -0.0684217 0.0439463 0.0731384 0.0828978 -0.0339614 -0.1097092 -0.0616965 -0.0700963 -0.1242213 -0.1159106 -0.1023369 -0.0124861 -0.0630288 0.0776764 -0.0002653 0.0078451 -0.1301746 -0.0724163 0.1119865 0.0629679 0.1741777 0.1013307 0.1092104 0.1162218 0.1318369 0.0156210 -0.0343715 0.1022735 -0.0035128 0.0120456 0.0563789 -0.0381590 -0.0818401 -0.0243808 0.0932826 -0.0143079 0.0030789 0.0883131
-0.1329849 -0.0418472 -0.0709269 0.0055171 -0.0790080 -0.0698297 -0.0147871 -0.0483134 -0.0261932 -0.0551773 0.1290649 -0.0333810 0.0376248 -0.0747483 0.1222301 -0.0577715 0.0050474 -0.0670435 0.0987509 0.0435071 1.1728991 -0.0131254 -0.0633643 0.1040478 -0.0656631 -0.0504056 -0.0721810 0.0184229 -0.0288300 -0.0314730 -0.0592046 -0.0398453 -0.0354458 0.1728028 0.0091766 0.1033310 -0.0078532 0.0742797 -0.0619787 -0.0475808 0.0162395 -0.0752944 -0.1109822 0.0758732 0.0111395 -0.0156758 0.0156755 0.0000132 -0.0022532 -0.0279819 -0.0146809 0.0751505 -0.0307990 -0.0699747 0.0610373 -0.0993024 -0.0027495 -0.0393331 0.0087205 -0.1183541 -0.0068211 -0.0158976 0.0621781 -0.0551158 -0.0331557 0.0448925 0.0224420 0.0024856 -0.0295262 -0.0258943 0.0708051 0.0191390 0.0140950 0.0083317 0.0928996 0.0624340 0.0968362 0.0145147 -0.0530446 -0.0326107 0.0263255
-0.0760330 0.0667442 -0.0457971 0.1063602 -0.0081432 0.0225758 -0.0565247 -0.0404802 -0.0271381 0.0836944 -0.0536831 -0.0210890 -0.0026397 -0.2280481 -0.2224413 -0.0328914 -0.0141953 -0.0804237 0.0812891 0.0152161 -0.0131254 1.2964920 -0.0526670 -0.1513971 -0.0792210 0.1443502 -0.0654549 -0.0481639 0.1568257 0.0610468 -0.0514797 -0.0687443 -0.1477608 0.0075906 -0.0826245 -0.0227632 -0.0760082 -0.0071372 -0.0466007 0.1448340 0.0002298 0.0331646 -0.0142539 -0.0847229 0.0921136 0.0208139 0.0966982 -0.0343927 0.0075266 0.0749810 -0.1162430 -0.1121553 -0.0833241 -0.1337293 -0.0476183 0.0569671 0.1658640 -0.0494957 -0.0464401 -0.1026416 -0.0344364 -0.0432544 -0.0244546 0.0480245 0.1351551 0.1560700 0.1507144 0.0204665 -0.0004127 -0.0558798 -0.0209876 -0.0318916 0.1577423 0.0809609 0.0516032 0.0569085 -0.0635427 0.1661372 -0.1522154 -0.0695610 0.0312397
0.1073963 0.0362205 -0.0941697 -0.0674019 -0.0072806 -0.1198397 0.0701180 0.0841992 0.0955033 -0.0186552 -0.0186240 0.1642711 -0.0247180 0.1158350 -0.1030387 0.1198717 -0.0251347 0.1596781 -0.2198071 0.0222803 -0.0633643 -0.0526670 0.9030661 -0.0863547 0.1073324 -0.1090304 0.0671112 0.0353945 0.0940364 -0.1766837 -0.0035178 0.0607518 0.1322164 -0.0519623 0.0776113 -0.0682684 -0.0408961 -0.0479044 -0.2210669 0.0180148 -0.1318823 -0.1026991 0.1300995 -0.0092060 -0.0378482 0.0108706 -0.0960025 -0.0622426 0.0331015 -0.0634070 0.0409704 0.0362695 0.0871978 -0.0069928 -0.0058070 0.0348459 -0.1564266 -0.0723844 0.1393032 0.1339091 -0.0433611 0.0076381 -0.1037042 0.0192772 -0.0392866 -0.2546039 -0.1235528 0.1290176 -0.0275691 0.0621212 0.0066089 0.0187677 -0.2403041 -0.0203979 -0.1998363 -0.0098192 -0.0279447 -0.1852332 0.0650154 0.1112599 -0.1180570
0.0085635 -0.0179966 -0.0814436 -0.1765650 0.0355303 0.0168444 0.0660178 -0.1638471 -0.2817196 -0.0244129 -0.0169224 0.0432093 -0.0296307 -0.0259848 -0.0208040 -0.2962290 0.2062827 -0.1581579 0.1981321 -0.0529490 0.1040478 -0.1513971 -0.0863547 1.3320706 0.0847491 -0.1083372 -0.0765503 0.2951145 -0.0712389 -0.1431557 -0.1629518 -0.0781481 -0.0646307 0.3536097 -0.2281655 0.2200354 0.2552869 0.0881904 0.1898322 -0.1461954 0.1459094 -0.1716824 0.0220156 0.3889873 -0.0224762 -0.1489184 -0.1621774 0.1743841 0.1091879 -0.0002748 -0.0197890 0.0069155 0.2074827 0.1091404 0.0747152 -0.0094111 -0.1856539 -0.0269311 -0.0177676 -0.0047589 -0.0080072 -0.0927153 -0.0850601 -0.1507935 -0.1341363 -0.0606260 -0.1133006 -0.0545537 -0.1560443 0.0874929 0.0210808 -0.0702561 -0.1217824 -0.0780783 0.1559859 0.3874254 0.0580467 -0.1646597 0.0866360 -0.1614254 0.1141081
0.0471694 -0.0235889 -0.0683363 -0.0904214 -0.0194468 0.0247827 0.0138568 0.0282778 -0.0700062 -0.0831473 -0.1193808 0.0183612 0.0209751 -0.0313841 -0.1098684 -0.0534995 0.0485467 -0.0674056 -0.0003883 -0.1177688 -0.0656631 -0.0792210 0.1073324 0.0847491 0.8092818 0.0056319 0.0408695 0.1093331 0.1821353 0.0004628 -0.0522510 -0.0167722 0.0157563 0.0934693 -0.0572564 0.0416141 0.0710545 0.0158642 0.0230495 -0.0348327 -0.0932280 -0.0385955 0.0011604 0.0677699 0.0520751 -0.0700210 -0.0946909 0.0161813 0.0076631 0.0485320 0.0282831 0.1164800 0.0524446 0.0594471 0.0459993 0.0948025 -0.0682869 -0.0049196 -0.0047844 0.1276871 -0.0160912 -0.0569554 -0.1036782 -0.0978040 -0.1288951 -0.1550214 -0.0726784 0.0344760 -0.1260470 0.0285927 -0.0556468 -0.0103573 -0.0928913 -0.0989403 0.0686780 0.1897315 0.0371535 -0.1623459 0.1606232 -0.1221538 -0.0464889
-0.1795542 0.0950619 -0.1329369 0.0950037 -0.0695681 -0.0801210 -0.1120307 -0.0531983 -0.0249743 0.1178728 -0.0287819 -0.1156503 -0.0789393 -0.1407238 -0.0296669 0.1235808 -0.1560003 -0.0635644 -0.0027848 0.0458346 -0.0504056 0.1443502 -0.1090304 -0.1083372 0.0056319 1.2669404 -0.0760019 -0.1417364 -0.0412956 0.0667030 -0.1321897 0.0621735 -0.1907101 -0.0401259 -0.0140131 -0.1121607 -0.0878118 -0.0258996 0.0841167 0.1993228 -0.0965284 0.1701758 -0.1424197 -0.1918564 0.0899603 0.0242720 0.1628418 0.0041282 -0.0286923 0.0431617 -0.0822886 -0.0129798 -0.1683179 -0.0461308 -0.1271676 -0.0628807 0.2740084 0.0247341 -0.1260076 -0.0735462 -0.0512410 -0.0329770 0.0329203 0.1260020 0.0604891 0.2035539 0.2648191 -0.0107923 0.0679013 -0.0269314 0.0452709 -0.0565825 0.2963024 0.0954673 0.0609496 -0.0336123 0.0981089 0.2075702 -0.1739625 -0.0337799 0.0021416
0.0201552 -0.0309490 0.0607768 -0.0513040 -0.0771787 -0.0179805 -0.0241380 -0.0079794 0.0403843 -0.0084164 0.0604415 -0.0402362 -0.0444990 0.0788705 -0.0058470 -0.0746622 -0.1114186 0.0316046 -0.0756856 0.0751022 -0.0721810 -0.0654549 0.0671112 -0.0765503 0.0408695 -0.0760019 0.8180389 0.0964435 -0.0177520 -0.0772847 -0.0697567 0.0917095 0.0574027 -0.0519925 0.1059788 -0.0093692 -0.0620478 -0.0237870 -0.0512822 -0.0046423 0.0314524 0.0570366 0.0429851 0.0173560 0.0166536 0.0564967 0.0101930 0.0104814 -0.0249865 -0.0497241 -0.0319865 -0.0122219 0.0113283 -0.0283492 -0.0617067 0.0787155 -0.0475145 0.0174460 0.0785298 0.0700824 -0.0559669 0.0605240 0.0579745 -0.0373672 -0.0790005 -0.1021154 -0.0181364 -0.0155149 -0.0145766 -0.0122014 -0.0632664 -0.0272394 -0.1238444 -0.0281688 -0.0380361 -0.0518741 0.0517927 -0.0607935 0.1522306 0.0627360 -0.0293206
0.1269372 -0.0178922 0.0687777 -0.0649351 0.0868139 0.0583019 0.0486939 -0.0370813 -0.1332733 -0.0821922 0.0396151 0.0164532 0.0123498 -0.0123612 0.0095729 -0.2319941 0.0986873 -0.1644207 0.0511065 -0.1246141 0.0184229 -0.0481639 0.0353945 0.2951145 0.1093331 -0.1417364 0.0964435 1.0494481 0.0116480 -0.0171649 -0.1871629 -0.0221336 0.0160985 0.1289328 -0.1250288 0.1904305 0.2186802 -0.0576522 0.0118436 -0.1335139 0.0517531 -0.0964389 -0.0664109 0.0959856 -0.0108315 -0.1423512 -0.1159266 0.0904773 0.0675107 0.0455452 0.1202053 0.1178956 0.1320365 0.0811857 0.0672435 0.0436883 -0.0941633 -0.0095889 0.0342069 0.1069606 -0.0039532 -0.0960966 -0.0940820 -0.0906290 -0.0992644 -0.1646147 -0.2302011 -0.0296909 -0.0179639 0.0149773 -0.0351558 -0.0573305 -0.0747052 -0.0713280 0.0298942 0.1635695 0.0095040 -0.1712857 0.1344790 -0.1669343 0.0228531
0.0534501 0.0390402 -0.0176496 -0.0591575 -0.1069823 0.0392098 -0.0395620 -0.0216541 0.0645376 -0.0851448 0.0183997 0.0567423 -0.1371113 -0.1040656 -0.0668679 0.0372097 0.0249507 0.0176904 0.0269056 0.0954236 -0.0288300 0.1568257 0.0940364 -0.0712389 0.1821353 -0.0412956 -0.0177520 0.0116480 1.0188783 -0.2036054 -0.0498551 0.0032221 0.0621704 -0.0060782 0.0297272 -0.0711642 -0.0203008 0.0887471 -0.1198003 -0.0709227 -0.0495271 -0.0780586 0.0281787 0.0152351 -0.0299361 0.0695069 -0.1302262 -0.1064767 -0.0441223 0.1380523 0.0789711 0.0511815 0.0322936 -0.0408095 0.0054931 0.0694359 -0.1495019 0.0135610 0.0584033 0.0596189 -0.0126572 -0.0212692 -0.1077992 0.0151591 0.0185735 -0.1030864 -0.0522603 0.0574640 -0.0376837 0.0398643 -0.0418637 -0.0335552 -0.1642498 -0.0731913 -0.1099196 0.0968763 0.0197834 -0.1131435 -0.0389773 -0.0449776 0.0841106
0.0237501 0.0732359 -0.0980387 -0.0120182 0.1499178 0.1986531 -0.0426581 0.0211018 -0.0436080 -0.0052089 -0.1141290 -0.0884572 0.0391082 0.0516696 0.0512250 -0.0007926 -0.0287533 -0.0752092 -0.0615596 -0.1073913 -0.0314730 0.0610468 -0.1766837 -0.1431557 0.0004628 0.0667030 -0.0772847 -0.0171649 -0.2036054 1.2377852 0.0103477 -0.0223798 -0.0316501 0.0517673 -0.0189134 -0.0701271 0.0565979 -0.1333364 -0.0473551 -0.0470707 0.0340184 0.1580613 -0.0950873 -0.0605702 0.0696699 -0.0445279 -0.0309899 0.0878654 -0.1296632 -0.0477249 -0.0231441 0.0181318 -0.0752790 -0.0469026 -0.0524837 0.0647412 0.0414992 -0.1193604 -0.0038253 -0.0073742 -0.0263870 -0.0711707 0.1390430 -0.0442090 0.1250866 -0.0232094 -0.0187538 0.0373180 -0.0432041 -0.0660025 0.0353273 0.0103173 -0.0010119 -0.0866048 0.1230732 -0.0205492 -0.0029045 0.1145131 0.0036889 -0.0799010 -0.0685489
-0.0268089 -0.0282243 0.0397610 -0.0004009 0.0034439 -0.0143106 0.0387399 0.0268509 0.1450252 -0.0099975 -0.0012148 -0.0141967 0.0216186 0.0868717 0.1735593 0.0933777 -0.1179921 0.1608655 -0.1484389 -0.0450651 -0.0592046 -0.0514797 -0.0035178 -0.1629518 -0.0522510 -0.1321897 -0.0697567 -0.1871629 -0.0498551 0.0103477 0.9607350 -0.0888528 0.1127331 -0.2302435 0.0294409 -0.1255156 -0.0899008 0.0628670 0.0194468 0.0135497 -0.0311842 -0.0088165 0.1164989 -0.0844140 -0.0761845 0.1036138 0.0128154 -0.0792688 -0.0203343 -0.0734323 0.0198812 -0.0690524 -0.0626265 -0.1024641 -0.0334007 -0.0460053 0.0031200 -0.0657053 0.0002111 -0.0440108 0.0329407 0.0509265 0.0450665 0.0958668 0.0758373 0.1305644 0.1485587 0.0069890 -0.0264744 -0.0199804 -0.0016670 0.0339367 0.0247830 0.0716049 -0.0560004 -0.2196024 -0.0037738 0.0682342 -0.1097772 0.1011915 -0.1301615
0.0357875 0.1354058 0.0145810 0.0304223 -0.1000024 -0.0176104 -0.0021303 0.0942988 0.1861786 -0.1391160 -0.0331840 -0.0493063 -0.0789128 -0.0019304 0.0714874 0.0179161 -0.1491634 0.0999903 -0.2224627 -0.0130542 -0.0398453 -0.0687443 0.0607518 -0.0781481 -0.0167722 0.0621735 0.0917095 -0.0221336 0.0032221 -0.0223798 -0.0888528 0.9934604 0.1227458 -0.1408796 0.0992946 -0.1173384 -0.1636096 -0.0153254 0.0095035 0.0155208 -0.1825597 -0.0630170 0.0424206 -0.1078437 -0.0646475 0.1417207 -0.1094807 -0.0926697 -0.0031589 -0.0340265 0.0775339 0.0410286 -0.0120651 -0.0582977 -0.0391525 0.0707039 -0.1089182 -0.0393875 0.1336126 0.1164632 0.0045459 0.1275799 -0.0756334 0.0838436 -0.0254013 -0.0813498 -0.0760678 0.0472236 -0.0550677 0.1000307 0.0563355 0.0529758 -0.1346467 0.0122305 -0.1637796 -0.1541002 -0.0669544 -0.0077925 -0.0928835 0.2313502 -0.0561737
0.2413102 0.0363127 -0.0426775 -0.1334101 -0.0845334 -0.0610408 0.0197447 0.0584210 0.2136752 -0.1131547 0.0415384 0.0371407 -0.0333066 0.1589871 0.0699957 0.0267496 -0.0300443 0.2064057 -0.1750069 -0.0770007 -0.0354458 -0.1477608 0.1322164 -0.0646307 0.0157563 -0.1907101 0.0574027 0.0160985 0.0621704 -0.0316501 0.1127331 0.1227458 1.0698481 0.0322369 0.0420701 -0.0555117 -0.0372178 0.0280141 -0.1932837 -0.0511537 -0.0725842 -0.0681407 0.1451550 -0.0049432 -0.1819498 0.0531654 -0.1588498 -0.1053656 0.1723730 0.0173924 0.1437852 0.0769247 0.1002979 -0.0130430 -0.0121490 0.0336549 -0.2384717 -0.0478244 0.1046130 0.0885216 -0.0358833 0.0369593 -0.0532931 -0.0118562 -0.0328986 -0.1451454 -0.1563440 -0.0192063 -0.0836292 0.0738908 0.0050501 0.0576246 -0.2940475 -0.1577214 -0.2236794 -0.1418602 -0.0797488 -0.1847563 0.0527919 0.2046940 -0.1052032
0.0600052 -0.0174023 -0.0397602 -0.2608494 -0.0397826 0.0058984 -0.0333911 -0.1231027 -0.2330960 0.0395347 -0.0593187 -0.0297337 -0.0255267 0.0744395 -0.0836317 -0.2124254 0.3127380 -0.1482277 0.1450921 -0.1816000 0.1728028 0.0075906 -0.0519623 0.3536097 0.0934693 -0.0401259 -0.0519925 0.1289328 -0.0060782 0.0517673 -0.2302435 -0.1408796 0.0322369 1.5636011 -0.2435476 0.3879037 0.2014056 -0.0244895 0.1149628 -0.2480719 0.1440029 0.0187717 0.0077211 0.2469720 -0.1035685 -0.2302541 -0.1484278 0.1712257 0.2084083 0.0914879 0.0983699 0.0962936 0.1977073 0.0779637 0.1221526 0.0922461 -0.2176185 0.0499867 -0.0077747 0.1266630 -0.1044604 -0.1885143 -0.1066044 -0.2282855 -0.0583309 -0.1453165 -0.2938662 -0.0913743 -0.1636962 0.0148964 -0.0135076 -0.0538567 -0.1493065 -0.1549641 0.1674387 0.3356285 0.0596846 -0.2454892 0.1710399 -0.2498946 -0.0593253
-0.0455458 0.1048414 -0.0452419 0.1060036 -0.0521221 -0.0950172 -0.0156777 0.0747157 0.1882688 -0.1156714 0.1401114 0.0194928 -0.0223503 0.1058870 0.0001969 0.2150194 -0.2346319 0.1362818 -0.1148785 0.2811699 0.0091766 -0.0826245 0.0776113 -0.2281655 -0.0572564 -0.0140131 0.1059788 -0.1250288 0.0297272 -0.0189134 0.0294409 0.0992946 0.0420701 -0.2435476 0.9458621 -0.1390865 -0.1628664 -0.0732184 -0.2082625 0.0869966 -0.1307925 0.1231375 -0.0701920 -0.1959459 0.0142047 0.1527709 0.0427511 -0.1990115 -0.0653033 -0.0505808 -0.0732083 -0.0400138 -0.1047580 -0.1112904 -0.0362899 -0.0019240 -0.0059710 -0.0493020 0.0606207 -0.0832128 -0.0429425 0.0339828 -0.0223924 0.1383142 0.0975824 0.0050173 0.0592192 0.1191004 0.0088227 -0.0135526 0.0427485 0.0369237 -0.0355141 -0.0417328 -0.1455553 -0.1829348 0.0063780 0.0455123 0.0388185 0.1948533 -0.1185689
-0.0415914 -0.0237821 0.0683339 -0.0792133 -0.0212044 0.0808943 0.0333034 -0.0684076 -0.1603889 0.0120974 -0.0149030 -0.0399814 -0.0887971 -0.0544434 -0.0032428 -0.1776393 0.3355293 -0.1801938 0.1951134 -0.1332521 0.1033310 -0.0227632 -0.0682684 0.2200354 0.0416141 -0.1121607 -0.0093692 0.1904305 -0.0711642 -0.0701271 -0.1255156 -0.1173384 -0.0555117 0.3879037 -0.1390865 1.2458243 0.1316838 -0.0388679 0.1235996 -0.2003224 0.1901373 -0.1257327 -0.0041102 0.1752180 -0.0231833 -0.1902304 -0.0587405 0.1836774 0.0617806 0.0495829 0.0690045 0.0487305 0.1050606 0.1322528 0.1001455 0.0262430 0.1117389 0.0155541 -0.0349004 0.0177632 -0.0637221 -0.1356291 -0.0550732 -0.1804064 -0.0616495 -0.1762380 -0.2461168 -0.0706916 -0.1211881 0.0098622 -0.0136065 -0.0696743 -0.0846623 -0.0622837 0.1769184 0.1825875 0.0508914 -0.1785171 0.0942070 -0.2250294 -0.0081782
0.0319216 -0.1195386 -0.0223175 -0.1159591 0.1135220 0.1259676 0.0055444 0.0275422 -0.1131887 0.0077425 -0.0485236 0.0218285 -0.0219390 0.0854603 -0.0418797 -0.1627875 0.1363504 -0.1157242 0.0776391 -0.0874887 -0.0078532 -0.0760082 -0.0408961 0.2552869 0.0710545 -0.0878118 -0.0620478 0.2186802 -0.0203008 0.0565979 -0.0899008 -0.1636096 -0.0372178 0.2014056 -0.1628664 0.1316838 1.1052458 -0.0073054 0.1302131 -0.0794039 -0.0143081 -0.0543741 -0.0677464 0.1866701 -0.0058099 -0.1030922 -0.0502156 0.0748863 0.0614607 -0.0707495 0.0716252 0.1419122 0.1113251 0.0598645 0.0347061 0.0619316 -0.0592448 0.0565207 -0.0307921 0.1016511 -0.0185282 -0.0920776 -0.0675468 -0.1005727 -0.1182132 -0.0618547 -0.2010351 0.0151937 -0.0713639 0.0092155 -0.0142612 -0.0277579 0.0004778 -0.0894194 0.0348725 0.1457716 -0.0323586 -0.1466035 0.0436026 -0.1777655 0.0442859
-0.0383332 -0.0526410 -0.0388316 0.0169709 -0.0556304 -0.0277145 0.0250079 0.0016755 0.0013445 0.0190081 0.0154049 -0.0124205 -0.0481451 -0.0216358 -0.0222590 -0.0379046 0.0373040 0.0684035 0.1292227 -0.0010225 0.0742797 -0.0071372 -0.0479044 0.0881904 0.0158642 -0.0258996 -0.0237870 -0.0576522 0.0887471 -0.1333364 0.0628670 -0.0153254 0.0280141 -0.0244895 -0.0732184 -0.0388679 -0.0073054 0.9767700 0.0008864 -0.0276727 -0.0372558 0.0204777 0.0736826 0.0604652 -0.0282679 -0.0217036 0.0092773 0.0165468 0.0361310 -0.0469160 -0.0614194 -0.0520006 0.0042282 -0.0066180 -0.0157950 -0.0053019 -0.0872409 0.0313665 -0.0271349 -0.1023509 -0.0122548 0.0476120 -0.0125302 0.0231534 -0.0724319 0.0645010 0.0722139 -0.0125118 -0.0672788 0.0300446 -0.0132608 -0.0112093 -0.0530161 -0.0361604 -0.0000004 -0.0517489 0.0505029 0.0212041 -0.0436650 0.0783077 0.0011270
-0.0875700 -0.1618924 -0.0564885 0.0195411 -0.0336602 0.0107410 -0.0120078 -0.1375404 -0.2807325 0.1678967 -0.1906030 -0.0670263 0.0244021 -0.2241259 0.0123650 -0.1871541 0.0984902 -0.2857540 0.1314379 -0.1257490 -0.0619787 -0.0466007 -0.2210669 0.1898322 0.0230495 0.0841167 -0.0512822 0.0118436 -0.1198003 -0.0473551 0.0194468 0.0095035 -0.1932837 0.1149628 -0.2082625 0.1235996 0.1302131 0.0008864 1.5558708 -0.1541943 0.0351296 0.0299715 0.0477915 0.2457768 0.0091970 -0.1101736 0.0694333 0.2199582 0.0562502 0.0411029 -0.0860283 0.0021318 0.0212094 0.0623646 -0.0434788 -0.0123953 0.0113942 0.0630235 -0.1218347 -0.0956046 0.0427923 -0.0981815 0.0545455 -0.1603291 0.0014689 0.1668831 0.1567754 -0.1116436 -0.0204797 -0.0451983 -0.0469176 -0.0751474 0.1803917 0.0961668 0.2848176 0.2372110 -0.0029973 0.1248993 -0.0333022 -0.1487877 0.1331905
-0.0489635 0.0066490 -0.0282813 0.0724456 -0.0466981 -0.0317968 -0.0989574 0.0154903 0.1055108 -0.0241120 0.0543278 0.0284467 0.0435690 -0.0822902 0.0365801 0.1284657 -0.1944465 0.0321705 -0.0710806 0.0758578 -0.0475808 0.1448340 0.0180148 -0.1461954 -0.0348327 0.1993228 -0.0046423 -0.1335139 -0.0709227 -0.0470707 0.0135497 0.0155208 -0.0511537 -0.2480719 0.0869966 -0.2003224 -0.0794039 -0.0276727 -0.1541943 1.0579598 -0.0305508 0.0503122 -0.0472482 -0.1602378 0.1666744 0.1046113 0.0877240 -0.1210424 -0.1697175 -0.0747984 -0.1276928 -0.1344285 -0.1498262 -0.1276243 -0.1095279 -0.1386908 0.3079525 0.0304769 -0.0325055 -0.1174024 -0.0097067 0.1739386 0.0319877 0.0856668 0.0156101 0.1344910 0.2510618 0.0376154 0.1039318 -0.0983229 0.0159350 0.0365954 0.1347366 0.0061625 -0.0819721 -0.1774505 -0.0501248 0.2313089 -0.0765970 0.1674705 -0.0342010
-0.1476033 -0.0876439 -0.0020698 -0.0424405 0.0759896 0.0173814 -0.0374957 -0.0804669 -0.0875493 0.0128554 -0.0900390 -0.0764962 0.0078858 -0.0343945 -0.0289858 -0.0914019 0.0673064 -0.1333881 0.1717888 0.0694515 0.0162395 0.0002298 -0.1318823 0.1459094 -0.0932280 -0.0965284 0.0314524 0.0517531 -0.0495271 0.0340184 -0.0311842 -0.1825597 -0.0725842 0.1440029 -0.1307925 0.1901373 -0.0143081 -0.0372558 0.0351296 -0.0305508 1.2774739 0.0005181 -0.0459149 0.0959316 0.1103543 -0.0492577 0.0563255 0.0979083 -0.0151751 -0.0383226 -0.0155978 -0.0851784 -0.0213483 0.0184859 -0.0317669 -0.0355874 0.1096034 -0.0028837 -0.1278277 -0.0867791 0.0048377 -0.0199871 0.1205622 -0.0175652 -0.0767156 0.0451052 0.0464578 -0.0645001 -0.0118656 -0.1213256 0.0144727 -0.0041003 0.0605337 -0.0109125 0.1196044 0.1875922 0.0072302 0.0680552 0.0197309 -0.0895180 0.2058115
-0.0610685 0.0823673 -0.0803582 0.2052218 0.0029985 -0.0758803 -0.0299559 -0.0306799 -0.0448978 0.0436555 -0.0469221 -0.0598921 -0.0468220 0.0470390 -0.0149984 0.0518584 -0.0969674 -0.0443277 0.0064510 0.1017557 -0.0752944 0.0331646 -0.1026991 -0.1716824 -0.0385955 0.1701758 0.0570366 -0.0964389 -0.0780586 0.1580613 -0.0088165 -0.0630170 -0.0681407 0.0187717 0.1231375 -0.1257327 -0.0543741 0.0204777 0.0299715 0.0503122 0.0005181 1.1019702 -0.0808695 -0.1226613 0.0348117 0.1242884 0.0755699 0.0266571 -0.0378910 0.0472088 -0.1619138 -0.1143269 -0.1609896 -0.1113115 -0.1044814 0.0503863 0.1360774 -0.0077125 -0.0882511 -0.1137686 0.0095487 0.0005354 0.1274637 0.0214989 -0.0667253 0.1148914 0.1314269 -0.0280182 0.0606245 -0.0637052 0.0136214 -0.0310535 0.0743329 0.0352849 0.0692575 -0.0951616 -0.0192784 0.1359521 0.0106457 -0.0488714 0.0144884
0.0742709 0.0294989 0.0293110 -0.1547014 -0.0840517 -0.0290051 0.0366716 0.0165897 0.0859539 -0.0671568 -0.0657504 0.1324753 -0.0747616 0.1162058 0.1129554 0.0289987 0.0634707 0.0934970 0.0074094 -0.1247025 -0.1109822 -0.0142539 0.1300995 0.0220156 0.0011604 -0.1424197 0.0429851 -0.0664109 0.0281787 -0.0950873 0.1164989 0.0424206 0.1451550 0.0077211 -0.0701920 -0.0041102 -0.0677464 0.0736826 0.0477915 -0.0472482 -0.0459149 -0.0808695 1.0740337 0.1551857 -0.1240864 -0.0471181 -0.0926293 -0.1369666 0.0064792 -0.0403561 0.0384403 0.0042963 0.0556665 0.0293177 0.0713594 -0.0153670 -0.1930070 -0.0129004 0.1520275 0.0665912 -0.0474367 0.0500325 -0.1203978 -0.0559179 0.0154815 -0.2096373 -0.0373024 -0.0167368 -0.0355953 0.1015804 -0.0464137 -0.0072963 -0.1668892 -0.0690379 -0.1526933 -0.0390732 -0.0776572 -0.0425298 -0.0385179 0.0129640 -0.0310269
0.0566848 -0.0892266 -0.1203610 -0.1385379 0.0029656 0.0327119 -0.0179081 -0.0723983 -0.1552044 0.0142423 -0.1572510 -0.0515918 -0.0038239 -0.1006663 -0.0716620 -0.2057853 0.1464946 -0.1513772 0.1553593 -0.0684217 0.0758732 -0.0847229 -0.0092060 0.3889873 0.0677699 -0.1918564 0.0173560 0.0959856 0.0152351 -0.0605702 -0.0844140 -0.1078437 -0.0049432 0.2469720 -0.1959459 0.1752180 0.1866701 0.0604652 0.2457768 -0.1602378 0.0959316 -0.1226613 0.1551857 1.3249735 -0.0833839 -0.1425490 -0.0883275 0.0520339 0.0950500 -0.0402021 0.0143688 0.1096733 0.1762817 0.1383513 0.0874137 0.0948184 -0.1020063 0.0715969 0.0011426 0.0191072 -0.0575590 -0.1076004 -0.0098639 -0.1366768 -0.0190067 -0.0689814 -0.2313684 -0.0761096 -0.1516105 0.0252470 -0.0711170 -0.0129468 -0.0965964 0.0500204 0.1098806 0.1645541 0.0773442 -0.1852998 0.0561243 -0.2144189 0.0479411
-0.1577272 -0.0810193 -0.0490358 0.0488009 0.0477837 0.0183835 -0.0430585 -0.0512187 -0.1061115 0.0056998 -0.0592849 -0.0557140 -0.0096072 -0.1077580 -0.0921627 0.0149178 -0.0064495 -0.1351591 0.1085676 0.0439463 0.0111395 0.0921136 -0.0378482 -0.0224762 0.0520751 0.0899603 0.0166536 -0.0108315 -0.0299361 0.0696699 -0.0761845 -0.0646475 -0.1819498 -0.1035685 0.0142047 -0.0231833 -0.0058099 -0.0282679 0.0091970 0.1666744 0.1103543 0.0348117 -0.1240864 -0.0833839 1.0070860 -0.0411938 0.1270217 0.0437765 -0.0367644 0.0149973 -0.0759913 -0.0418651 -0.1089290 -0.0424413 -0.0267621 0.0125432 0.2004501 -0.0195724 -0.0956597 -0.1060753 -0.0146007 -0.0597528 0.0913207 0.0880655 -0.0142988 0.1418239 0.1301790 -0.0163538 0.0632679 -0.1016921 -0.0004565 -0.0160154 0.1595694 0.0686787 0.1405702 0.0698668 0.0031325 0.1418526 0.0354384 -0.0969156 0.0159813
-0.0539219 0.1195723 -0.0694260 0.0799439 -0.1178447 -0.0835556 0.0007984 0.0420403 0.1576644 0.0124467 0.1289200 -0.0201602 -0.0299960 -0.0074239 0.0239928 0.0180962 -0.1691598 0.1937276 -0.1093164 0.0731384 -0.0156758 0.0208139 0.0108706 -0.1489184 -0.0700210 0.0242720 0.0564967 -0.1423512 0.0695069 -0.0445279 0.1036138 0.1417207 0.0531654 -0.2302541 0.1527709 -0.1902304 -0.1030922 -0.0217036 -0.1101736 0.1046113 -0.0492577 0.1242884 -0.0471181 -0.1425490 -0.0411938 0.8910291 0.0021722 -0.1563341 -0.0362675 -0.0357938 -0.0618864 -0.0226628 -0.0976930 -0.1197613 -0.0714082 -0.0690574 0.0704276 -0.0332671 0.0137171 -0.0280561 0.0289521 0.1121469 0.0329563 0.1046548 -0.0133743 0.0766899 0.0384488 0.0471290 0.0123729 0.0668005 0.0020302 -0.0096292 -0.0434784 0.0028008 -0.1013033 -0.1404439 0.0154790 0.0753877 -0.0493850 0.1697842 -0.0493103
