1.5571083 -0.0521986 -0.0368844 -0.0326860 -0.0509859 -0.0276786 -0.0316181 -0.0271569 -0.0303417 -0.0326841 -0.0373658 -0.0244372 -0.0330411 -0.0333238 -0.0340410 -0.0352914 -0.0117621 -0.0129123 -0.0300596 -0.0220654 -0.0222073 -0.0344292 -0.0520044 -0.0329319 -0.0334210 -0.0299253 -0.0265975 -0.0129775 -0.0293347 -0.0380658 -0.0518441 -0.0248014 -0.0077178 -0.0075706 -0.0086968 -0.0084419 -0.0080504 -0.0079332 -0.0089594 -0.0084913 -0.0073643 -0.0075176 -0.0102077 -0.0081638 -0.0071720 -0.0087612 -0.0081443 -0.0079866 -0.0077417 -0.0083136 -0.0050887 -0.0071751 -0.0057225 -0.0052443 -0.0049304 -0.0088165 -0.0068463 -0.0082787 -0.0070956 -0.0079635 -0.0062625 -0.0109516 -0.0075124 -0.0048549 -0.0086603 -0.0087567 -0.0065853 -0.0093025 -0.0084527 -0.0085559 -0.0070685 -0.0075375 -0.0081772 -0.0079481 -0.0044735 -0.0076293 -0.0075328 -0.0047957 -0.0078790 -0.0083684 -0.0085505
-0.0521986 2.2944632 -0.0618434 -0.0559468 0.1757023 -0.0496538 -0.0540756 -0.0510062 -0.0549922 -0.0556909 -0.0612502 -0.0502224 -0.0571670 -0.0566190 -0.0575194 -0.0585628 -0.0330208 -0.0359671 -0.0530347 -0.0460533 -0.0467151 -0.0584878 0.2230017 -0.0553921 -0.0562893 -0.0534822 -0.0490954 -0.0356339 -0.0510676 -0.0634601 -0.0653065 -0.0479967 -0.0234782 -0.0237828 -0.0237608 -0.0242017 -0.0232604 -0.0247839 -0.0251584 -0.0238168 -0.0234773 -0.0221044 -0.0252273 -0.0243910 -0.0232528 -0.0248542 -0.0243360 -0.0236410 -0.0243044 -0.0244480 -0.0218564 -0.0238902 -0.0230277 -0.0225880 -0.0219152 -0.0232155 -0.0233614 -0.0242626 -0.0230598 -0.0244307 -0.0215573 -0.0266317 -0.0232475 -0.0206289 -0.0235183 -0.0238189 -0.0235160 -0.0243678 -0.0252406 -0.0238744 -0.0210290 -0.0225732 -0.0242588 -0.0238672 -0.0227058 -0.0233449 -0.0237976 -0.0214459 -0.0234621 -0.0241135 -0.0241339
-0.0368844 -0.0618434 2.0375924 -0.0386578 -0.0608671 -0.0342215 -0.0371447 -0.0330523 -0.0367007 -0.0374651 -0.0418183 -0.0295404 -0.0392381 -0.0389267 -0.0399828 -0.0412440 -0.0156303 -0.0165242 -0.0361184 -0.0272289 -0.0275619 -0.0395673 -0.0614954 -0.0402425 -0.0394022 -0.0357438 -0.0327482 -0.0169111 -0.0365572 -0.0409998 -0.0610505 -0.0300552 -0.0117936 -0.0126869 -0.0135930 -0.0135233 -0.0126215 -0.0125255 -0.0145148 -0.0137495 -0.0115674 -0.0120970 -0.0157159 -0.0126619 -0.0113615 -0.0142579 -0.0122935 -0.0121179 -0.0120846 -0.0134651 -0.0083558 -0.0120415 -0.0095009 -0.0080645 -0.0077636 -0.0140031 -0.0111155 -0.0120026 -0.0112003 -0.0123405 -0.0094650 -0.0167185 -0.0114005 -0.0081265 -0.0132875 -0.0141695 -0.0101587 -0.0147599 -0.0132493 -0.0139970 -0.0115283 -0.0122935 -0.0130293 -0.0124732 -0.0072794 -0.0119467 -0.0119240 -0.0081465 -0.0128049 -0.0135202 -0.0136265
-0.0326860 -0.0559468 -0.0386578 1.7313836 -0.0548221 -0.0295066 -0.0329061 -0.0288762 -0.0320467 -0.0335886 -0.0382112 -0.0258303 -0.0346996 -0.0342957 -0.0350048 -0.0361747 -0.0134921 -0.0142466 -0.0321589 -0.0237092 -0.0236281 -0.0349690 -0.0557157 -0.0358298 -0.0348803 -0.0310800 -0.0285648 -0.0143756 -0.0314048 -0.0389661 -0.0543505 -0.0266410 -0.0090153 -0.0097786 -0.0102962 -0.0104151 -0.0097806 -0.0099047 -0.0110162 -0.0104397 -0.0089270 -0.0092278 -0.0124969 -0.0098538 -0.0089348 -0.0104012 -0.0095604 -0.0089371 -0.0091191 -0.0102019 -0.0062635 -0.0089680 -0.0073204 -0.0065855 -0.0063607 -0.0106951 -0.0086269 -0.0100274 -0.0086438 -0.0095995 -0.0073913 -0.0133863 -0.0093165 -0.0064679 -0.0104034 -0.0103202 -0.0082067 -0.0113936 -0.0105240 -0.0106617 -0.0087312 -0.0092428 -0.0093901 -0.0091823 -0.0053684 -0.0091624 -0.0093041 -0.0061007 -0.0096675 -0.0102078 -0.0102185
-0.0509859 0.1757023 -0.0608671 -0.0548221 2.2144055 -0.0483656 -0.0532272 -0.0498721 -0.0540171 -0.0544610 -0.0600619 -0.0488233 -0.0562978 -0.0552932 -0.0566932 -0.0575195 -0.0306935 -0.0338354 -0.0520853 -0.0441200 -0.0445226 -0.0575570 0.1554400 -0.0544719 -0.0550661 -0.0521498 -0.0475983 -0.0333954 -0.0498539 -0.0620582 -0.0632859 -0.0463778 -0.0219595 -0.0223047 -0.0226380 -0.0226892 -0.0216380 -0.0233034 -0.0238696 -0.0224483 -0.0218572 -0.0208489 -0.0240663 -0.0225865 -0.0217855 -0.0231049 -0.0226035 -0.0219839 -0.0222648 -0.0226629 -0.0204806 -0.0223666 -0.0211202 -0.0204696 -0.0198954 -0.0215328 -0.0219387 -0.0225606 -0.0214114 -0.0228467 -0.0197880 -0.0254333 -0.0214146 -0.0186739 -0.0220265 -0.0228075 -0.0215708 -0.0226946 -0.0234056 -0.0222269 -0.0197155 -0.0211796 -0.0224719 -0.0221871 -0.0205870 -0.0217783 -0.0221482 -0.0196550 -0.0218385 -0.0223558 -0.0226947
-0.0276786 -0.0496538 -0.0342215 -0.0295066 -0.0483656 1.4007891 -0.0289425 -0.0246447 -0.0280462 -0.0293267 -0.0342336 -0.0224654 -0.0307457 -0.0302405 -0.0310751 -0.0321980 -0.0107943 -0.0114695 -0.0274702 -0.0198649 -0.0197446 -0.0316104 -0.0493959 -0.0296517 -0.0304734 -0.0279588 -0.0238939 -0.0114593 -0.0263097 -0.0346265 -0.0481470 -0.0218920 -0.0058176 -0.0059589 -0.0066001 -0.0062878 -0.0059182 -0.0060739 -0.0070406 -0.0067125 -0.0054764 -0.0056784 -0.0081087 -0.0062482 -0.0056463 -0.0067006 -0.0061696 -0.0056165 -0.0059397 -0.0063897 -0.0037530 -0.0057863 -0.0043321 -0.0039740 -0.0037134 -0.0067581 -0.0052513 -0.0064579 -0.0049865 -0.0065206 -0.0045098 -0.0083134 -0.0060574 -0.0036848 -0.0066186 -0.0066933 -0.0052003 -0.0070986 -0.0068879 -0.0067611 -0.0055491 -0.0059068 -0.0060653 -0.0061062 -0.0033727 -0.0059768 -0.0060199 -0.0039998 -0.0063542 -0.0065030 -0.0066692
-0.0316181 -0.0540756 -0.0371447 -0.0329061 -0.0532272 -0.0289425 1.6730201 -0.0283907 -0.0328490 -0.0323809 -0.0378126 -0.0267302 -0.0350779 -0.0344076 -0.0350749 -0.0358235 -0.0130672 -0.0138118 -0.0309340 -0.0230034 -0.0232837 -0.0362636 -0.0544715 -0.0344817 -0.0343441 -0.0313174 -0.0275407 -0.0140300 -0.0299920 -0.0381654 -0.0536516 -0.0252023 -0.0088681 -0.0089809 -0.0094965 -0.0097060 -0.0088535 -0.0090766 -0.0103803 -0.0098310 -0.0078898 -0.0085158 -0.0113928 -0.0092374 -0.0086561 -0.0097205 -0.0089923 -0.0087742 -0.0086436 -0.0099569 -0.0060562 -0.0083742 -0.0069108 -0.0058967 -0.0061062 -0.0097721 -0.0080628 -0.0091907 -0.0084129 -0.0089039 -0.0067660 -0.0120602 -0.0088789 -0.0056207 -0.0097442 -0.0095436 -0.0072705 -0.0106327 -0.0098954 -0.0098909 -0.0082343 -0.0086176 -0.0092417 -0.0086652 -0.0054188 -0.0090365 -0.0085375 -0.0057285 -0.0091575 -0.0094633 -0.0096665
-0.0271569 -0.0510062 -0.0330523 -0.0288762 -0.0498721 -0.0246447 -0.0283907 1.4874259 -0.0291250 -0.0280624 -0.0333945 -0.0234621 -0.0304719 -0.0294298 -0.0301593 -0.0315460 -0.0115142 -0.0113148 -0.0266008 -0.0207163 -0.0205077 -0.0317000 -0.0507683 -0.0304051 -0.0299532 -0.0281773 -0.0235095 -0.0117953 -0.0265009 -0.0334114 -0.0500182 -0.0210705 -0.0065713 -0.0069398 -0.0070734 -0.0072608 -0.0069580 -0.0071290 -0.0083319 -0.0071789 -0.0060962 -0.0063355 -0.0085919 -0.0070289 -0.0064336 -0.0076633 -0.0068357 -0.0067858 -0.0067288 -0.0077113 -0.0045931 -0.0061173 -0.0052605 -0.0042575 -0.0045200 -0.0073879 -0.0061829 -0.0070156 -0.0060894 -0.0065904 -0.0048557 -0.0094933 -0.0063090 -0.0043952 -0.0077644 -0.0074932 -0.0056263 -0.0081458 -0.0075648 -0.0076021 -0.0061620 -0.0067375 -0.0071457 -0.0068912 -0.0037927 -0.0064786 -0.0064818 -0.0042049 -0.0069099 -0.0073599 -0.0073064
-0.0303417 -0.0549922 -0.0367007 -0.0320467 -0.0540171 -0.0280462 -0.0328490 -0.0291250 1.6834489 -0.0312899 -0.0376029 -0.0275391 -0.0353549 -0.0340908 -0.0341569 -0.0354837 -0.0141023 -0.0132737 -0.0304123 -0.0233076 -0.0242993 -0.0362780 -0.0545335 -0.0341310 -0.0340201 -0.0322793 -0.0260509 -0.0139218 -0.0300965 -0.0363107 -0.0540868 -0.0239925 -0.0086962 -0.0089207 -0.0094491 -0.0093545 -0.0090256 -0.0094182 -0.0101337 -0.0095684 -0.0082288 -0.0088158 -0.0116892 -0.0088333 -0.0085672 -0.0097614 -0.0085952 -0.0092166 -0.0091001 -0.0102253 -0.0062391 -0.0082741 -0.0067978 -0.0058774 -0.0062129 -0.0098290 -0.0082125 -0.0090317 -0.0081385 -0.0087256 -0.0064275 -0.0122019 -0.0087503 -0.0058766 -0.0101450 -0.0103552 -0.0073250 -0.0111302 -0.0099183 -0.0104753 -0.0083133 -0.0089042 -0.0096738 -0.0091363 -0.0050878 -0.0089912 -0.0087236 -0.0058841 -0.0092916 -0.0096664 -0.0100160
-0.0326841 -0.0556909 -0.0374651 -0.0335886 -0.0544610 -0.0293267 -0.0323809 -0.0280624 -0.0312899 1.7339895 -0.0381020 -0.0253432 -0.0336777 -0.0338657 -0.0347755 -0.0358674 -0.0129613 -0.0145744 -0.0319052 -0.0234025 -0.0232658 -0.0348588 -0.0557003 -0.0348122 -0.0341645 -0.0303531 -0.0288903 -0.0144430 -0.0310095 -0.0387986 -0.0543097 -0.0265756 -0.0090667 -0.0091687 -0.0106401 -0.0102410 -0.0097056 -0.0096149 -0.0109537 -0.0105986 -0.0088998 -0.0091521 -0.0121810 -0.0095879 -0.0088757 -0.0104346 -0.0093982 -0.0093502 -0.0090567 -0.0101196 -0.0062421 -0.0091321 -0.0068493 -0.0063604 -0.0063386 -0.0106694 -0.0085481 -0.0098842 -0.0083651 -0.0097604 -0.0074335 -0.0126370 -0.0091741 -0.0063058 -0.0103173 -0.0105441 -0.0078259 -0.0107805 -0.0096958 -0.0101190 -0.0085222 -0.0089420 -0.0096174 -0.0092525 -0.0054779 -0.0090514 -0.0094160 -0.0060206 -0.0100488 -0.0100541 -0.0099515
-0.0373658 -0.0612502 -0.0418183 -0.0382112 -0.0600619 -0.0342336 -0.0378126 -0.0333945 -0.0376029 -0.0381020 2.0143812 -0.0303884 -0.0394988 -0.0398344 -0.0409108 -0.0417590 -0.0153901 -0.0167584 -0.0364928 -0.0268248 -0.0270837 -0.0404451 -0.0612152 -0.0401282 -0.0395050 -0.0357729 -0.0328418 -0.0170056 -0.0361327 -0.0419310 -0.0604386 -0.0296220 -0.0115829 -0.0122509 -0.0133962 -0.0137086 -0.0126731 -0.0128298 -0.0143877 -0.0137956 -0.0110067 -0.0122785 -0.0159122 -0.0125036 -0.0115098 -0.0137750 -0.0122712 -0.0118981 -0.0118165 -0.0138586 -0.0079570 -0.0118456 -0.0091207 -0.0076903 -0.0077541 -0.0138297 -0.0106786 -0.0127560 -0.0109728 -0.0116963 -0.0095088 -0.0166733 -0.0118646 -0.0078982 -0.0136075 -0.0134889 -0.0102294 -0.0142528 -0.0133629 -0.0137259 -0.0113139 -0.0117123 -0.0126869 -0.0121533 -0.0072931 -0.0118415 -0.0117668 -0.0079147 -0.0127110 -0.0130086 -0.0135814
-0.0244372 -0.0502224 -0.0295404 -0.0258303 -0.0488233 -0.0224654 -0.0267302 -0.0234621 -0.0275391 -0.0253432 -0.0303884 1.4271401 -0.0289317 -0.0276230 -0.0282235 -0.0287737 -0.0103348 -0.0104699 -0.0243455 -0.0186215 -0.0193548 -0.0295847 -0.0496615 -0.0271605 -0.0275385 -0.0260780 -0.0213823 -0.0110685 -0.0243838 -0.0296551 -0.0484573 -0.0192357 -0.0063153 -0.0057626 -0.0063046 -0.0064097 -0.0059547 -0.0061725 -0.0071775 -0.0062704 -0.0055240 -0.0057434 -0.0076995 -0.0059046 -0.0058104 -0.0068815 -0.0060986 -0.0062173 -0.0057281 -0.0068262 -0.0039430 -0.0060107 -0.0045716 -0.0036013 -0.0042319 -0.0067371 -0.0055955 -0.0063883 -0.0053197 -0.0057987 -0.0045203 -0.0083320 -0.0057015 -0.0039051 -0.0067744 -0.0070793 -0.0053464 -0.0074954 -0.0067852 -0.0068482 -0.0055520 -0.0060736 -0.0063612 -0.0057792 -0.0034370 -0.0061403 -0.0059713 -0.0036613 -0.0061831 -0.0062361 -0.0064290
-0.0330411 -0.0571670 -0.0392381 -0.0346996 -0.0562978 -0.0307457 -0.0350779 -0.0304719 -0.0353549 -0.0336777 -0.0394988 -0.0289317 1.8188137 -0.0357421 -0.0367617 -0.0381689 -0.0146845 -0.0148044 -0.0324690 -0.0244618 -0.0255295 -0.0382020 -0.0568654 -0.0360586 -0.0360133 -0.0335088 -0.0292534 -0.0158857 -0.0328930 -0.0386332 -0.0560809 -0.0261154 -0.0103035 -0.0102056 -0.0106703 -0.0112144 -0.0105283 -0.0105473 -0.0118487 -0.0111914 -0.0095094 -0.0103461 -0.0135785 -0.0102608 -0.0097358 -0.0114440 -0.0102262 -0.0103578 -0.0101800 -0.0116357 -0.0070137 -0.0099408 -0.0079518 -0.0068134 -0.0067979 -0.0110697 -0.0092907 -0.0105319 -0.0096165 -0.0100254 -0.0080605 -0.0139106 -0.0099012 -0.0070262 -0.0114154 -0.0112940 -0.0086064 -0.0124801 -0.0114291 -0.0117613 -0.0095581 -0.0102574 -0.0107106 -0.0106515 -0.0063711 -0.0099806 -0.0098998 -0.0068704 -0.0106982 -0.0111734 -0.0115997
-0.0333238 -0.0566190 -0.0389267 -0.0342957 -0.0552932 -0.0302405 -0.0344076 -0.0294298 -0.0340908 -0.0338657 -0.0398344 -0.0276230 -0.0357421 1.7836616 -0.0367184 -0.0371432 -0.0137092 -0.0138904 -0.0324052 -0.0240095 -0.0242712 -0.0378475 -0.0564285 -0.0357233 -0.0361681 -0.0324961 -0.0294271 -0.0150987 -0.0321128 -0.0398146 -0.0554934 -0.0263091 -0.0098653 -0.0098501 -0.0107469 -0.0111169 -0.0100045 -0.0104364 -0.0117198 -0.0111717 -0.0089457 -0.0094846 -0.0131049 -0.0103899 -0.0092427 -0.0110311 -0.0101434 -0.0100037 -0.0094336 -0.0111437 -0.0072274 -0.0097972 -0.0077824 -0.0068328 -0.0071337 -0.0112616 -0.0090495 -0.0107873 -0.0089180 -0.0100939 -0.0076985 -0.0134770 -0.0096349 -0.0070178 -0.0108510 -0.0114803 -0.0083749 -0.0120149 -0.0110596 -0.0111542 -0.0091663 -0.0094594 -0.0107476 -0.0102201 -0.0063342 -0.0098528 -0.0098409 -0.0066002 -0.0102864 -0.0106905 -0.0109600
-0.0340410 -0.0575194 -0.0399828 -0.0350048 -0.0566932 -0.0310751 -0.0350749 -0.0301593 -0.0341569 -0.0347755 -0.0409108 -0.0282235 -0.0367617 -0.0367184 1.8137424 -0.0386239 -0.0137860 -0.0146902 -0.0335541 -0.0252066 -0.0253183 -0.0381997 -0.0576280 -0.0372275 -0.0367498 -0.0333872 -0.0301967 -0.0154866 -0.0330367 -0.0407610 -0.0559708 -0.0273658 -0.0101936 -0.0101353 -0.0111200 -0.0111713 -0.0101682 -0.0105256 -0.0120109 -0.0111684 -0.0094842 -0.0102001 -0.0135239 -0.0108162 -0.0095977 -0.0123038 -0.0106858 -0.0104259 -0.0100279 -0.0117194 -0.0065299 -0.0100244 -0.0079050 -0.0064503 -0.0067591 -0.0115211 -0.0091159 -0.0104159 -0.0094362 -0.0104766 -0.0078387 -0.0140650 -0.0099981 -0.0067042 -0.0114544 -0.0116820 -0.0086919 -0.0120183 -0.0113998 -0.0116614 -0.0096244 -0.0099505 -0.0108005 -0.0106246 -0.0063999 -0.0103889 -0.0101387 -0.0065316 -0.0107192 -0.0113189 -0.0115655
-0.0352914 -0.0585628 -0.0412440 -0.0361747 -0.0575195 -0.0321980 -0.0358235 -0.0315460 -0.0354837 -0.0358674 -0.0417590 -0.0287737 -0.0381689 -0.0371432 -0.0386239 1.8815017 -0.0146323 -0.0155953 -0.0345136 -0.0255055 -0.0259312 -0.0393268 -0.0585528 -0.0381058 -0.0376966 -0.0346079 -0.0308886 -0.0162800 -0.0343632 -0.0414866 -0.0573143 -0.0278735 -0.0107337 -0.0107579 -0.0118479 -0.0119005 -0.0110494 -0.0115739 -0.0130386 -0.0116600 -0.0103224 -0.0105913 -0.0140371 -0.0112296 -0.0104548 -0.0125544 -0.0114928 -0.0109340 -0.0105920 -0.0123665 -0.0074639 -0.0109565 -0.0086527 -0.0069513 -0.0074900 -0.0118440 -0.0101112 -0.0115171 -0.0100244 -0.0107437 -0.0084293 -0.0151588 -0.0105954 -0.0075739 -0.0121469 -0.0122897 -0.0092435 -0.0132002 -0.0119171 -0.0124273 -0.0101425 -0.0105159 -0.0117412 -0.0109417 -0.0061802 -0.0108976 -0.0107156 -0.0069787 -0.0116108 -0.0117961 -0.0124786
-0.0117621 -0.0330208 -0.0156303 -0.0134921 -0.0306935 -0.0107943 -0.0130672 -0.0115142 -0.0141023 -0.0129613 -0.0153901 -0.0103348 -0.0146845 -0.0137092 -0.0137860 -0.0146323 0.9400597 -0.0040639 -0.0114855 -0.0094593 -0.0086452 -0.0148275 -0.0317911 -0.0134525 -0.0137483 -0.0129612 -0.0096652 -0.0041484 -0.0113942 -0.0156651 -0.0134584 -0.0089884 -0.0002375 -0.0000539 -0.0003000 -0.0001709 -0.0004710 -0.0005091 -0.0008313 -0.0003114 -0.0001689 -0.0001420 -0.0009067 -0.0003782 -0.0003218 -0.0003830 -0.0004140 -0.0004849 -0.0003560 -0.0004181 0.0001673 -0.0001697 0.0000544 0.0001343 0.0000330 -0.0001822 -0.0001950 -0.0004633 0.0000161 -0.0006249 -0.0000037 -0.0014103 -0.0002231 0.0000055 -0.0007066 -0.0003607 -0.0002833 -0.0008293 -0.0008311 -0.0005486 -0.0001881 -0.0002560 -0.0004233 -0.0003859 0.0000296 -0.0004698 -0.0002196 -0.0001675 -0.0002796 -0.0003722 -0.0003565
-0.0129123 -0.0359671 -0.0165242 -0.0142466 -0.0338354 -0.0114695 -0.0138118 -0.0113148 -0.0132737 -0.0145744 -0.0167584 -0.0104699 -0.0148044 -0.0138904 -0.0146902 -0.0155953 -0.0040639 1.0181526 -0.0129642 -0.0089693 -0.0087740 -0.0156987 -0.0356662 -0.0140568 -0.0144053 -0.0130390 -0.0109420 -0.0049377 -0.0127486 -0.0175205 -0.0168930 -0.0105584 -0.0010481 -0.0009743 -0.0012546 -0.0010769 -0.0009986 -0.0013724 -0.0016012 -0.0012852 -0.0011243 -0.0011444 -0.0019387 -0.0012733 -0.0008843 -0.0013821 -0.0012023 -0.0011076 -0.0009596 -0.0012338 -0.0003470 -0.0011934 -0.0005749 -0.0005919 -0.0005468 -0.0012595 -0.0012534 -0.0015020 -0.0009638 -0.0014897 -0.0007342 -0.0022502 -0.0012230 -0.0004870 -0.0014450 -0.0014684 -0.0008477 -0.0016916 -0.0014920 -0.0014571 -0.0011886 -0.0009210 -0.0011407 -0.0012955 -0.0004581 -0.0013114 -0.0011334 -0.0005456 -0.0011382 -0.0013313 -0.0011196
-0.0300596 -0.0530347 -0.0361184 -0.0321589 -0.0520853 -0.0274702 -0.0309340 -0.0266008 -0.0304123 -0.0319052 -0.0364928 -0.0243455 -0.0324690 -0.0324052 -0.0335541 -0.0345136 -0.0114855 -0.0129642 1.5818262 -0.0220071 -0.0217728 -0.0335298 -0.0529703 -0.0326443 -0.0330335 -0.0293726 -0.0264912 -0.0128533 -0.0289361 -0.0367658 -0.0509431 -0.0238121 -0.0076263 -0.0077526 -0.0086737 -0.0085071 -0.0077058 -0.0079501 -0.0094336 -0.0085002 -0.0073213 -0.0080192 -0.0101208 -0.0080077 -0.0075051 -0.0090015 -0.0079160 -0.0074924 -0.0075200 -0.0081821 -0.0050752 -0.0079198 -0.0058388 -0.0050903 -0.0051494 -0.0087693 -0.0072792 -0.0078145 -0.0071344 -0.0078308 -0.0062554 -0.0111762 -0.0075200 -0.0052703 -0.0086260 -0.0091290 -0.0068938 -0.0094002 -0.0084592 -0.0087536 -0.0074075 -0.0074405 -0.0080110 -0.0079368 -0.0047533 -0.0073615 -0.0078023 -0.0050355 -0.0081282 -0.0083948 -0.0083287
-0.0220654 -0.0460533 -0.0272289 -0.0237092 -0.0441200 -0.0198649 -0.0230034 -0.0207163 -0.0233076 -0.0234025 -0.0268248 -0.0186215 -0.0244618 -0.0240095 -0.0252066 -0.0255055 -0.0094593 -0.0089693 -0.0220071 1.2889215 -0.0164482 -0.0256618 -0.0459146 -0.0239917 -0.0237669 -0.0225299 -0.0188131 -0.0092589 -0.0212791 -0.0269492 -0.0429408 -0.0171527 -0.0043998 -0.0044566 -0.0044738 -0.0049721 -0.0043220 -0.0048014 -0.0054459 -0.0049411 -0.0042264 -0.0040638 -0.0059889 -0.0046706 -0.0039750 -0.0050195 -0.0045197 -0.0047033 -0.0043286 -0.0051848 -0.0027427 -0.0041078 -0.0035251 -0.0027868 -0.0029440 -0.0050752 -0.0040784 -0.0046173 -0.0038718 -0.0048111 -0.0032041 -0.0062513 -0.0043845 -0.0026944 -0.0050615 -0.0048948 -0.0034816 -0.0054358 -0.0052208 -0.0048888 -0.0042271 -0.0043501 -0.0046290 -0.0046804 -0.0024072 -0.0048032 -0.0042087 -0.0026257 -0.0045245 -0.0047119 -0.0044484
-0.0222073 -0.0467151 -0.0275619 -0.0236281 -0.0445226 -0.0197446 -0.0232837 -0.0205077 -0.0242993 -0.0232658 -0.0270837 -0.0193548 -0.0255295 -0.0242712 -0.0253183 -0.0259312 -0.0086452 -0.0087740 -0.0217728 -0.0164482 1.2754451 -0.0268510 -0.0462766 -0.0240928 -0.0241757 -0.0228325 -0.0184791 -0.0091459 -0.0215396 -0.0280745 -0.0268105 -0.0167493 -0.0043247 -0.0037545 -0.0044623 -0.0044146 -0.0043347 -0.0044539 -0.0051564 -0.0045764 -0.0041507 -0.0040566 -0.0059832 -0.0041873 -0.0041038 -0.0050694 -0.0044365 -0.0046950 -0.0043213 -0.0048571 -0.0027121 -0.0039509 -0.0029544 -0.0027714 -0.0027933 -0.0046845 -0.0037434 -0.0045517 -0.0037436 -0.0047122 -0.0031117 -0.0063216 -0.0040451 -0.0027344 -0.0052089 -0.0048983 -0.0034944 -0.0059027 -0.0049502 -0.0049077 -0.0038055 -0.0042233 -0.0044662 -0.0044883 -0.0025424 -0.0045375 -0.0043350 -0.0027251 -0.0043993 -0.0047160 -0.0046146
-0.0344292 -0.0584878 -0.0395673 -0.0349690 -0.0575570 -0.0316104 -0.0362636 -0.0317000 -0.0362780 -0.0348588 -0.0404451 -0.0295847 -0.0382020 -0.0378475 -0.0381997 -0.0393268 -0.0148275 -0.0156987 -0.0335298 -0.0256618 -0.0268510 1.8812786 -0.0585822 -0.0375132 -0.0373710 -0.0347141 -0.0303941 -0.0163036 -0.0339747 -0.0393561 -0.0577173 -0.0271599 -0.0107128 -0.0105869 -0.0115468 -0.0118654 -0.0107544 -0.0112276 -0.0126103 -0.0118566 -0.0099916 -0.0104817 -0.0140765 -0.0112980 -0.0102691 -0.0123391 -0.0107932 -0.0108775 -0.0104857 -0.0123369 -0.0075420 -0.0104915 -0.0081518 -0.0071255 -0.0071360 -0.0114243 -0.0097042 -0.0109576 -0.0099499 -0.0107752 -0.0084191 -0.0148958 -0.0102330 -0.0072704 -0.0123954 -0.0121703 -0.0091026 -0.0134725 -0.0117906 -0.0124699 -0.0101805 -0.0109429 -0.0118616 -0.0108565 -0.0067526 -0.0106533 -0.0109654 -0.0065888 -0.0113825 -0.0117953 -0.0122424
-0.0520044 0.2230017 -0.0614954 -0.0557157 0.1554400 -0.0493959 -0.0544715 -0.0507683 -0.0545335 -0.0557003 -0.0612152 -0.0496615 -0.0568654 -0.0564285 -0.0576280 -0.0585528 -0.0317911 -0.0356662 -0.0529703 -0.0459146 -0.0462766 -0.0585822 2.2844515 -0.0555923 -0.0556747 -0.0527605 -0.0486399 -0.0350096 -0.0505915 -0.0631899 -0.0647021 -0.0477199 -0.0232015 -0.0235389 -0.0234626 -0.0236927 -0.0227844 -0.0243982 -0.0250571 -0.0234105 -0.0230558 -0.0220289 -0.0247845 -0.0237769 -0.0227719 -0.0244026 -0.0236817 -0.0227702 -0.0233727 -0.0238226 -0.0215246 -0.0235628 -0.0221689 -0.0219767 -0.0212157 -0.0228714 -0.0232345 -0.0239809 -0.0225714 -0.0239905 -0.0214282 -0.0259846 -0.0229214 -0.0200504 -0.0230592 -0.0235782 -0.0229292 -0.0237658 -0.0247234 -0.0234644 -0.0207592 -0.0224559 -0.0235840 -0.0234071 -0.0221642 -0.0228373 -0.0233514 -0.0206466 -0.0228085 -0.0234034 -0.0237031
-0.0329319 -0.0553921 -0.0402425 -0.0358298 -0.0544719 -0.0296517 -0.0344817 -0.0304051 -0.0341310 -0.0348122 -0.0401282 -0.0271605 -0.0360586 -0.0357233 -0.0372275 -0.0381058 -0.0134525 -0.0140568 -0.0326443 -0.0239917 -0.0240928 -0.0375132 -0.0555923 1.7132411 -0.0358263 -0.0326885 -0.0293125 -0.0143475 -0.0323957 -0.0410827 -0.0534148 -0.0265340 -0.0089432 -0.0093544 -0.0100871 -0.0102637 -0.0094038 -0.0096792 -0.0108257 -0.0100979 -0.0083541 -0.0093989 -0.0121304 -0.0095144 -0.0089990 -0.0105041 -0.0096329 -0.0091015 -0.0091647 -0.0103885 -0.0062683 -0.0090201 -0.0067448 -0.0061849 -0.0061616 -0.0102609 -0.0084320 -0.0095578 -0.0084478 -0.0093731 -0.0072309 -0.0128605 -0.0089217 -0.0061617 -0.0105257 -0.0101867 -0.0075289 -0.0112345 -0.0101942 -0.0104460 -0.0084525 -0.0089485 -0.0097959 -0.0094420 -0.0057659 -0.0090685 -0.0093914 -0.0060228 -0.0099558 -0.0096898 -0.0100636
-0.0334210 -0.0562893 -0.0394022 -0.0348803 -0.0550661 -0.0304734 -0.0343441 -0.0299532 -0.0340201 -0.0341645 -0.0395050 -0.0275385 -0.0360133 -0.0361681 -0.0367498 -0.0376966 -0.0137483 -0.0144053 -0.0330335 -0.0237669 -0.0241757 -0.0373710 -0.0556747 -0.0358263 1.7548485 -0.0324870 -0.0286418 -0.0147749 -0.0318460 -0.0402991 -0.0551833 -0.0263467 -0.0095530 -0.0099314 -0.0106201 -0.0110035 -0.0097884 -0.0103419 -0.0114851 -0.0108827 -0.0090263 -0.0095678 -0.0129539 -0.0100373 -0.0090464 -0.0110865 -0.0097311 -0.0097940 -0.0094128 -0.0107684 -0.0066392 -0.0093206 -0.0072639 -0.0065761 -0.0063912 -0.0105368 -0.0087425 -0.0103393 -0.0087302 -0.0097861 -0.0075163 -0.0134492 -0.0093372 -0.0061157 -0.0108989 -0.0108372 -0.0080670 -0.0113897 -0.0105487 -0.0110932 -0.0087999 -0.0097529 -0.0102832 -0.0097031 -0.0059172 -0.0098483 -0.0098259 -0.0064333 -0.0099458 -0.0108972 -0.0104061
-0.0299253 -0.0534822 -0.0357438 -0.0310800 -0.0521498 -0.0279588 -0.0313174 -0.0281773 -0.0322793 -0.0303531 -0.0357729 -0.0260780 -0.0335088 -0.0324961 -0.0333872 -0.0346079 -0.0129612 -0.0130390 -0.0293726 -0.0225299 -0.0228325 -0.0347141 -0.0527605 -0.0326885 -0.0324870 1.6147320 -0.0255110 -0.0134804 -0.0291169 -0.0355949 -0.0525339 -0.0232742 -0.0082056 -0.0077722 -0.0088322 -0.0089040 -0.0081846 -0.0086289 -0.0097659 -0.0091426 -0.0073884 -0.0078278 -0.0109104 -0.0084064 -0.0079947 -0.0090820 -0.0082486 -0.0079789 -0.0081300 -0.0089840 -0.0053988 -0.0074739 -0.0059503 -0.0049851 -0.0056998 -0.0088495 -0.0075021 -0.0083431 -0.0074487 -0.0084431 -0.0061243 -0.0112518 -0.0076798 -0.0053693 -0.0095164 -0.0088659 -0.0070057 -0.0100109 -0.0092537 -0.0093973 -0.0072984 -0.0081028 -0.0087148 -0.0082784 -0.0046579 -0.0081790 -0.0078417 -0.0050017 -0.0086731 -0.0091463 -0.0091775
-0.0265975 -0.0490954 -0.0327482 -0.0285648 -0.0475983 -0.0238939 -0.0275407 -0.0235095 -0.0260509 -0.0288903 -0.0328418 -0.0213823 -0.0292534 -0.0294271 -0.0301967 -0.0308886 -0.0096652 -0.0109420 -0.0264912 -0.0188131 -0.0184791 -0.0303941 -0.0486399 -0.0293125 -0.0286418 -0.0255110 1.3520613 -0.0112261 -0.0255399 -0.0341078 -0.0467461 -0.0212451 -0.0051110 -0.0055945 -0.0059586 -0.0059105 -0.0056009 -0.0060440 -0.0063363 -0.0060324 -0.0050146 -0.0053478 -0.0071117 -0.0056549 -0.0051258 -0.0059796 -0.0052674 -0.0052598 -0.0050541 -0.0059677 -0.0034971 -0.0055720 -0.0039721 -0.0038330 -0.0032000 -0.0061047 -0.0048918 -0.0058516 -0.0045891 -0.0058262 -0.0040435 -0.0080661 -0.0052117 -0.0034235 -0.0061765 -0.0062330 -0.0046958 -0.0068787 -0.0061564 -0.0059643 -0.0049756 -0.0053930 -0.0055425 -0.0055477 -0.0034516 -0.0056503 -0.0052926 -0.0035273 -0.0056115 -0.0057824 -0.0057311
-0.0129775 -0.0356339 -0.0169111 -0.0143756 -0.0333954 -0.0114593 -0.0140300 -0.0117953 -0.0139218 -0.0144430 -0.0170056 -0.0110685 -0.0158857 -0.0150987 -0.0154866 -0.0162800 -0.0041484 -0.0049377 -0.0128533 -0.0092589 -0.0091459 -0.0163036 -0.0350096 -0.0143475 -0.0147749 -0.0134804 -0.0112261 0.9774224 -0.0124143 -0.0170596 -0.0268038 -0.0099997 -0.0007854 -0.0006957 -0.0008042 -0.0006842 -0.0007461 -0.0009577 -0.0011198 -0.0007632 -0.0005732 -0.0005484 -0.0013026 -0.0007024 -0.0004875 -0.0008830 -0.0008133 -0.0007513 -0.0005923 -0.0008848 -0.0000395 -0.0004320 -0.0004340 -0.0003978 -0.0001275 -0.0010369 -0.0004964 -0.0010275 -0.0006264 -0.0010090 -0.0002064 -0.0020589 -0.0007386 -0.0003001 -0.0009874 -0.0010399 -0.0005376 -0.0013293 -0.0011041 -0.0010208 -0.0008531 -0.0006684 -0.0006489 -0.0008534 -0.0000321 -0.0009653 -0.0006596 -0.0001538 -0.0007308 -0.0008161 -0.0007922
-0.0293347 -0.0510676 -0.0365572 -0.0314048 -0.0498539 -0.0263097 -0.0299920 -0.0265009 -0.0300965 -0.0310095 -0.0361327 -0.0243838 -0.0328930 -0.0321128 -0.0330367 -0.0343632 -0.0113942 -0.0127486 -0.0289361 -0.0212791 -0.0215396 -0.0339747 -0.0505915 -0.0323957 -0.0318460 -0.0291169 -0.0255399 -0.0124143 1.4864268 -0.0368544 -0.0492260 -0.0230310 -0.0068881 -0.0070249 -0.0075038 -0.0078118 -0.0073052 -0.0069903 -0.0084021 -0.0077717 -0.0064033 -0.0069693 -0.0092132 -0.0071079 -0.0065493 -0.0080380 -0.0070080 -0.0068083 -0.0066167 -0.0074276 -0.0044336 -0.0066240 -0.0051917 -0.0047004 -0.0047566 -0.0076168 -0.0064217 -0.0072934 -0.0061873 -0.0071862 -0.0050073 -0.0097882 -0.0071210 -0.0045764 -0.0075793 -0.0077440 -0.0057186 -0.0084663 -0.0078822 -0.0075320 -0.0064772 -0.0066517 -0.0074610 -0.0069059 -0.0042057 -0.0069664 -0.0067738 -0.0044756 -0.0069060 -0.0076014 -0.0076514
-0.0380658 -0.0634601 -0.0409998 -0.0389661 -0.0620582 -0.0346265 -0.0381654 -0.0334114 -0.0363107 -0.0387986 -0.0419310 -0.0296551 -0.0386332 -0.0398146 -0.0407610 -0.0414866 -0.0156651 -0.0175205 -0.0367658 -0.0269492 -0.0280745 -0.0393561 -0.0631899 -0.0410827 -0.0402991 -0.0355949 -0.0341078 -0.0170596 -0.0368544 2.1181331 -0.0630181 -0.0310259 -0.0129543 -0.0131292 -0.0143434 -0.0143413 -0.0131829 -0.0132813 -0.0146213 -0.0146876 -0.0118956 -0.0125164 -0.0168491 -0.0129780 -0.0123724 -0.0149590 -0.0133274 -0.0125812 -0.0124863 -0.0139832 -0.0087123 -0.0124075 -0.0095400 -0.0082965 -0.0077402 -0.0139087 -0.0115777 -0.0131182 -0.0114055 -0.0133091 -0.0100630 -0.0179789 -0.0122110 -0.0089074 -0.0139649 -0.0144344 -0.0107146 -0.0152452 -0.0136587 -0.0144565 -0.0116803 -0.0124753 -0.0135539 -0.0129235 -0.0072142 -0.0120564 -0.0127689 -0.0079983 -0.0138210 -0.0141883 -0.0139467
-0.0518441 -0.0653065 -0.0610505 -0.0543505 -0.0632859 -0.0481470 -0.0536516 -0.0500182 -0.0540868 -0.0543097 -0.0604386 -0.0484573 -0.0560809 -0.0554934 -0.0559708 -0.0573143 -0.0134584 -0.0168930 -0.0509431 -0.0429408 -0.0268105 -0.0577173 -0.0647021 -0.0534148 -0.0551833 -0.0525339 -0.0467461 -0.0268038 -0.0492260 -0.0630181 2.2475550 -0.0458647 -0.0165020 -0.0192275 -0.0189914 -0.0196107 -0.0189547 -0.0164585 -0.0198655 -0.0176478 -0.0184666 -0.0171643 -0.0192945 -0.0183175 -0.0188932 -0.0181194 -0.0180017 -0.0177782 -0.0167233 -0.0195526 -0.0154343 -0.0180809 -0.0141363 -0.0177057 -0.0162428 -0.0185978 -0.0175537 -0.0187792 -0.0190270 -0.0190486 -0.0156318 -0.0199901 -0.0171705 -0.0153740 -0.0189530 -0.0179880 -0.0157774 -0.0179130 -0.0194692 -0.0168105 -0.0197971 -0.0174685 -0.0182168 -0.0185401 -0.0160209 -0.0188309 -0.0178227 -0.0147242 -0.0191666 -0.0193036 -0.0199977
-0.0248014 -0.0479967 -0.0300552 -0.0266410 -0.0463778 -0.0218920 -0.0252023 -0.0210705 -0.0239925 -0.0265756 -0.0296220 -0.0192357 -0.0261154 -0.0263091 -0.0273658 -0.0278735 -0.0089884 -0.0105584 -0.0238121 -0.0171527 -0.0167493 -0.0271599 -0.0477199 -0.0265340 -0.0263467 -0.0232742 -0.0212451 -0.0099997 -0.0230310 -0.0310259 -0.0458647 1.3264337 -0.0044025 -0.0051455 -0.0056015 -0.0051899 -0.0054178 -0.0053845 -0.0060504 -0.0054011 -0.0047603 -0.0046567 -0.0064670 -0.0051829 -0.0047190 -0.0054911 -0.0052278 -0.0049082 -0.0046862 -0.0053858 -0.0032588 -0.0046118 -0.0036100 -0.0032355 -0.0028018 -0.0056765 -0.0044648 -0.0056264 -0.0044665 -0.0054339 -0.0037498 -0.0069479 -0.0048621 -0.0027057 -0.0052521 -0.0058351 -0.0041620 -0.0060515 -0.0058739 -0.0054862 -0.0045275 -0.0045661 -0.0050324 -0.0052615 -0.0031467 -0.0050510 -0.0047799 -0.0031240 -0.0052608 -0.0051308 -0.0053481
-0.0077178 -0.0234782 -0.0117936 -0.0090153 -0.0219595 -0.0058176 -0.0088681 -0.0065713 -0.0086962 -0.0090667 -0.0115829 -0.0063153 -0.0103035 -0.0098653 -0.0101936 -0.0107337 -0.0002375 -0.0010481 -0.0076263 -0.0043998 -0.0043247 -0.0107128 -0.0232015 -0.0089432 -0.0095530 -0.0082056 -0.0051110 -0.0007854 -0.0068881 -0.0129543 -0.0165020 -0.0044025 0.5799810 0.0035323 0.0038418 0.0040877 0.0037360 0.0034701 0.0035552 0.0038827 0.0033920 0.0037584 0.0037136 0.0035505 0.0035282 0.0039984 0.0035513 0.0032923 0.0035910 0.0038024 0.0030301 0.0035987 0.0033906 0.0028519 0.0028171 0.0037224 0.0033715 0.0032913 0.0036887 0.0028837 0.0030605 0.0032159 0.0033054 0.0029659 0.0034873 0.0036788 0.0030271 0.0033998 0.0030123 0.0037591 0.0033562 0.0036588 0.0037603 0.0032529 0.0028101 0.0030498 0.0034363 0.0029552 0.0038513 0.0039780 0.0038055
-0.0075706 -0.0237828 -0.0126869 -0.0097786 -0.0223047 -0.0059589 -0.0089809 -0.0069398 -0.0089207 -0.0091687 -0.0122509 -0.0057626 -0.0102056 -0.0098501 -0.0101353 -0.0107579 -0.0000539 -0.0009743 -0.0077526 -0.0044566 -0.0037545 -0.0105869 -0.0235389 -0.0093544 -0.0099314 -0.0077722 -0.0055945 -0.0006957 -0.0070249 -0.0131292 -0.0192275 -0.0051455 0.0035323 0.5413092 0.0042756 0.0043266 0.0038370 0.0037781 0.0036908 0.0041521 0.0036248 0.0040761 0.0040057 0.0037805 0.0038907 0.0041898 0.0038504 0.0036881 0.0038494 0.0043174 0.0032649 0.0038329 0.0034834 0.0030523 0.0032068 0.0040059 0.0036649 0.0035970 0.0041227 0.0032453 0.0033714 0.0034602 0.0035358 0.0032501 0.0037579 0.0040378 0.0033453 0.0037652 0.0032557 0.0041410 0.0037009 0.0039061 0.0040546 0.0036441 0.0029883 0.0034621 0.0037349 0.0030742 0.0041326 0.0041481 0.0041762
-0.0086968 -0.0237608 -0.0135930 -0.0102962 -0.0226380 -0.0066001 -0.0094965 -0.0070734 -0.0094491 -0.0106401 -0.0133962 -0.0063046 -0.0106703 -0.0107469 -0.0111200 -0.0118479 -0.0003000 -0.0012546 -0.0086737 -0.0044738 -0.0044623 -0.0115468 -0.0234626 -0.0100871 -0.0106201 -0.0088322 -0.0059586 -0.0008042 -0.0075038 -0.0143434 -0.0189914 -0.0056015 0.0038418 0.0042756 0.4968065 0.0048313 0.0041926 0.0041005 0.0041685 0.0046012 0.0038769 0.0045229 0.0044333 0.0040246 0.0044515 0.0047417 0.0043245 0.0038440 0.0042619 0.0045766 0.0034614 0.0042593 0.0038567 0.0032677 0.0034726 0.0043354 0.0039265 0.0038045 0.0042996 0.0033617 0.0038703 0.0038450 0.0040251 0.0034924 0.0042138 0.0044248 0.0037613 0.0041092 0.0038386 0.0045530 0.0042272 0.0042706 0.0045721 0.0039579 0.0032708 0.0037132 0.0040926 0.0034507 0.0047581 0.0046917 0.0047294
-0.0084419 -0.0242017 -0.0135233 -0.0104151 -0.0226892 -0.0062878 -0.0097060 -0.0072608 -0.0093545 -0.0102410 -0.0137086 -0.0064097 -0.0112144 -0.0111169 -0.0111713 -0.0119005 -0.0001709 -0.0010769 -0.0085071 -0.0049721 -0.0044146 -0.0118654 -0.0236927 -0.0102637 -0.0110035 -0.0089040 -0.0059105 -0.0006842 -0.0078118 -0.0143413 -0.0196107 -0.0051899 0.0040877 0.0043266 0.0048313 0.4888117 0.0043623 0.0041966 0.0041827 0.0046723 0.0041745 0.0044549 0.0044767 0.0043034 0.0043726 0.0048107 0.0043741 0.0039227 0.0043214 0.0046929 0.0037052 0.0043487 0.0038322 0.0034329 0.0035478 0.0044150 0.0041253 0.0041350 0.0042958 0.0034788 0.0038637 0.0041196 0.0038983 0.0036707 0.0044672 0.0044305 0.0037387 0.0041928 0.0038319 0.0045722 0.0041945 0.0044791 0.0045228 0.0040343 0.0033667 0.0038290 0.0042944 0.0034729 0.0047757 0.0045875 0.0047356
-0.0080504 -0.0232604 -0.0126215 -0.0097806 -0.0216380 -0.0059182 -0.0088535 -0.0069580 -0.0090256 -0.0097056 -0.0126731 -0.0059547 -0.0105283 -0.0100045 -0.0101682 -0.0110494 -0.0004710 -0.0009986 -0.0077058 -0.0043220 -0.0043347 -0.0107544 -0.0227844 -0.0094038 -0.0097884 -0.0081846 -0.0056009 -0.0007461 -0.0073052 -0.0131829 -0.0189547 -0.0054178 0.0037360 0.0038370 0.0041926 0.0043623 0.5371581 0.0037779 0.0038750 0.0041447 0.0035584 0.0040374 0.0042198 0.0038797 0.0040892 0.0043635 0.0039675 0.0034521 0.0038517 0.0041497 0.0032293 0.0039647 0.0035078 0.0031257 0.0032031 0.0042084 0.0037057 0.0035394 0.0038915 0.0032594 0.0035570 0.0035762 0.0036223 0.0031686 0.0038701 0.0040038 0.0034977 0.0037378 0.0034099 0.0042549 0.0037919 0.0039593 0.0043029 0.0036961 0.0029659 0.0034742 0.0037591 0.0031005 0.0043094 0.0040839 0.0043078
-0.0079332 -0.0247839 -0.0125255 -0.0099047 -0.0233034 -0.0060739 -0.0090766 -0.0071290 -0.0094182 -0.0096149 -0.0128298 -0.0061725 -0.0105473 -0.0104364 -0.0105256 -0.0115739 -0.0005091 -0.0013724 -0.0079501 -0.0048014 -0.0044539 -0.0112276 -0.0243982 -0.0096792 -0.0103419 -0.0086289 -0.0060440 -0.0009577 -0.0069903 -0.0132813 -0.0164585 -0.0053845 0.0034701 0.0037781 0.0041005 0.0041966 0.0037779 0.5492340 0.0036410 0.0042664 0.0034883 0.0040076 0.0040001 0.0035536 0.0038863 0.0041643 0.0037107 0.0034555 0.0037993 0.0041259 0.0032530 0.0037988 0.0034354 0.0029711 0.0031463 0.0037673 0.0035230 0.0035018 0.0039207 0.0031896 0.0034071 0.0034574 0.0034934 0.0033280 0.0037824 0.0037771 0.0032725 0.0034811 0.0031918 0.0040274 0.0036814 0.0037858 0.0039100 0.0034633 0.0028156 0.0032426 0.0036687 0.0031335 0.0041182 0.0041154 0.0042422
-0.0089594 -0.0251584 -0.0145148 -0.0110162 -0.0238696 -0.0070406 -0.0103803 -0.0083319 -0.0101337 -0.0109537 -0.0143877 -0.0071775 -0.0118487 -0.0117198 -0.0120109 -0.0130386 -0.0008313 -0.0016012 -0.0094336 -0.0054459 -0.0051564 -0.0126103 -0.0250571 -0.0108257 -0.0114851 -0.0097659 -0.0063363 -0.0011198 -0.0084021 -0.0146213 -0.0198655 -0.0060504 0.0035552 0.0036908 0.0041685 0.0041827 0.0038750 0.0036410 0.5329215 0.0039104 0.0034502 0.0039556 0.0038912 0.0039238 0.0038783 0.0041504 0.0035471 0.0033454 0.0038439 0.0042092 0.0031018 0.0038869 0.0035630 0.0029561 0.0030458 0.0039951 0.0035653 0.0035131 0.0040987 0.0032756 0.0034955 0.0034545 0.0036379 0.0032215 0.0037191 0.0038618 0.0033932 0.0037333 0.0032548 0.0041184 0.0037318 0.0040465 0.0040811 0.0036675 0.0032095 0.0033351 0.0037788 0.0031995 0.0041881 0.0040738 0.0042338
-0.0084913 -0.0238168 -0.0137495 -0.0104397 -0.0224483 -0.0067125 -0.0098310 -0.0071789 -0.0095684 -0.0105986 -0.0137956 -0.0062704 -0.0111914 -0.0111717 -0.0111684 -0.0116600 -0.0003114 -0.0012852 -0.0085002 -0.0049411 -0.0045764 -0.0118566 -0.0234105 -0.0100979 -0.0108827 -0.0091426 -0.0060324 -0.0007632 -0.0077717 -0.0146876 -0.0176478 -0.0054011 0.0038827 0.0041521 0.0046012 0.0046723 0.0041447 0.0042664 0.0039104 0.5027192 0.0038824 0.0043675 0.0045635 0.0040451 0.0043723 0.0049434 0.0041002 0.0039316 0.0040709 0.0043739 0.0034033 0.0041915 0.0037679 0.0033058 0.0033590 0.0042400 0.0040534 0.0038834 0.0043154 0.0034729 0.0037606 0.0039229 0.0038580 0.0034036 0.0040953 0.0043516 0.0036385 0.0039838 0.0036279 0.0044154 0.0040287 0.0044846 0.0043855 0.0038764 0.0031080 0.0037603 0.0040876 0.0033055 0.0045062 0.0046025 0.0047213
-0.0073643 -0.0234773 -0.0115674 -0.0089270 -0.0218572 -0.0054764 -0.0078898 -0.0060962 -0.0082288 -0.0088998 -0.0110067 -0.0055240 -0.0095094 -0.0089457 -0.0094842 -0.0103224 -0.0001689 -0.0011243 -0.0073213 -0.0042264 -0.0041507 -0.0099916 -0.0230558 -0.0083541 -0.0090263 -0.0073884 -0.0050146 -0.0005732 -0.0064033 -0.0118956 -0.0184666 -0.0047603 0.0033920 0.0036248 0.0038769 0.0041745 0.0035584 0.0034883 0.0034502 0.0038824 0.5756077 0.0038792 0.0039849 0.0035485 0.0036849 0.0039931 0.0036456 0.0033248 0.0035661 0.0038070 0.0030237 0.0035108 0.0032069 0.0029167 0.0029746 0.0037372 0.0034569 0.0034315 0.0035416 0.0028826 0.0032376 0.0033147 0.0034271 0.0030206 0.0035256 0.0037749 0.0031491 0.0034376 0.0031484 0.0038617 0.0035177 0.0036636 0.0037917 0.0034366 0.0026881 0.0032585 0.0035433 0.0030764 0.0038789 0.0038480 0.0041042
-0.0075176 -0.0221044 -0.0120970 -0.0092278 -0.0208489 -0.0056784 -0.0085158 -0.0063355 -0.0088158 -0.0091521 -0.0122785 -0.0057434 -0.0103461 -0.0094846 -0.0102001 -0.0105913 -0.0001420 -0.0011444 -0.0080192 -0.0040638 -0.0040566 -0.0104817 -0.0220289 -0.0093989 -0.0095678 -0.0078278 -0.0053478 -0.0005484 -0.0069693 -0.0125164 -0.0171643 -0.0046567 0.0037584 0.0040761 0.0045229 0.0044549 0.0040374 0.0040076 0.0039556 0.0043675 0.0038792 0.5259440 0.0041992 0.0039816 0.0039879 0.0045621 0.0041303 0.0036354 0.0040225 0.0044782 0.0033307 0.0040654 0.0036215 0.0030857 0.0032580 0.0042583 0.0038121 0.0035850 0.0039934 0.0035077 0.0036326 0.0037628 0.0037548 0.0033414 0.0038393 0.0040667 0.0035253 0.0039178 0.0036013 0.0042360 0.0038632 0.0041304 0.0041784 0.0037207 0.0030524 0.0036566 0.0038874 0.0031995 0.0044125 0.0043574 0.0044405
-0.0102077 -0.0252273 -0.0157159 -0.0124969 -0.0240663 -0.0081087 -0.0113928 -0.0085919 -0.0116892 -0.0121810 -0.0159122 -0.0076995 -0.0135785 -0.0131049 -0.0135239 -0.0140371 -0.0009067 -0.0019387 -0.0101208 -0.0059889 -0.0059832 -0.0140765 -0.0247845 -0.0121304 -0.0129539 -0.0109104 -0.0071117 -0.0013026 -0.0092132 -0.0168491 -0.0192945 -0.0064670 0.0037136 0.0040057 0.0044333 0.0044767 0.0042198 0.0040001 0.0038912 0.0045635 0.0039849 0.0041992 0.5013663 0.0040818 0.0042089 0.0044755 0.0040119 0.0036395 0.0041442 0.0043313 0.0035339 0.0040955 0.0035512 0.0033725 0.0035690 0.0041620 0.0037728 0.0036585 0.0043130 0.0033962 0.0036501 0.0035944 0.0037846 0.0034010 0.0042299 0.0041467 0.0035906 0.0039749 0.0033780 0.0044569 0.0041177 0.0042400 0.0044987 0.0038631 0.0030356 0.0034485 0.0038963 0.0035959 0.0044212 0.0043993 0.0044831
-0.0081638 -0.0243910 -0.0126619 -0.0098538 -0.0225865 -0.0062482 -0.0092374 -0.0070289 -0.0088333 -0.0095879 -0.0125036 -0.0059046 -0.0102608 -0.0103899 -0.0108162 -0.0112296 -0.0003782 -0.0012733 -0.0080077 -0.0046706 -0.0041873 -0.0112980 -0.0237769 -0.0095144 -0.0100373 -0.0084064 -0.0056549 -0.0007024 -0.0071079 -0.0129780 -0.0183175 -0.0051829 0.0035505 0.0037805 0.0040246 0.0043034 0.0038797 0.0035536 0.0039238 0.0040451 0.0035485 0.0039816 0.0040818 0.5519354 0.0040243 0.0041689 0.0036792 0.0033810 0.0037375 0.0041881 0.0032544 0.0036702 0.0034979 0.0032388 0.0030692 0.0039067 0.0036458 0.0035060 0.0037569 0.0030317 0.0033489 0.0035042 0.0035413 0.0030885 0.0037613 0.0039617 0.0033067 0.0035966 0.0031665 0.0040253 0.0037106 0.0039139 0.0040562 0.0036651 0.0028349 0.0033442 0.0038015 0.0030414 0.0040794 0.0040963 0.0041906
-0.0071720 -0.0232528 -0.0113615 -0.0089348 -0.0217855 -0.0056463 -0.0086561 -0.0064336 -0.0085672 -0.0088757 -0.0115098 -0.0058104 -0.0097358 -0.0092427 -0.0095977 -0.0104548 -0.0003218 -0.0008843 -0.0075051 -0.0039750 -0.0041038 -0.0102691 -0.0227719 -0.0089990 -0.0090464 -0.0079947 -0.0051258 -0.0004875 -0.0065493 -0.0123724 -0.0188932 -0.0047190 0.0035282 0.0038907 0.0044515 0.0043726 0.0040892 0.0038863 0.0038783 0.0043723 0.0036849 0.0039879 0.0042089 0.0040243 0.5409021 0.0042011 0.0040176 0.0035364 0.0039286 0.0041938 0.0033147 0.0040177 0.0035528 0.0031252 0.0031266 0.0039741 0.0037340 0.0035949 0.0040877 0.0032684 0.0035537 0.0036844 0.0036957 0.0032961 0.0038575 0.0039529 0.0034894 0.0037875 0.0034317 0.0041590 0.0038375 0.0039489 0.0040833 0.0037645 0.0029990 0.0035457 0.0037629 0.0031756 0.0043502 0.0042689 0.0043079
