1.5529958 -0.0522073 -0.0504752 -0.0277052 -0.0224961 -0.0252401 -0.0272994 -0.0237154 -0.0332547 -0.0417029 -0.0498365 -0.0208655 -0.0270155 -0.0411863 -0.0408122 -0.0463098 -0.0093269 -0.0102377 -0.0264330 -0.0189126 -0.0192646 -0.0465441 -0.0536548 -0.0286732 -0.0362363 -0.0258767 -0.0242463 -0.0106240 -0.0266212 -0.0544969 -0.0510061 -0.0220944 -0.0065161 -0.0065477 -0.0078103 -0.0075419 -0.0068309 -0.0067323 -0.0080020 -0.0075217 -0.0060842 -0.0064484 -0.0094652 -0.0069706 -0.0059739 -0.0077839 -0.0070008 -0.0067201 -0.0066277 -0.0073555 -0.0036943 -0.0061042 -0.0044765 -0.0037487 -0.0034729 -0.0076976 -0.0056635 -0.0070335 -0.0061202 -0.0067072 -0.0048494 -0.0100887 -0.0062783 -0.0031230 -0.0076755 -0.0076049 -0.0053782 -0.0082428 -0.0073028 -0.0075161 -0.0057519 -0.0064583 -0.0070910 -0.0068278 -0.0028119 -0.0062475 -0.0063789 -0.0034242 -0.0068850 -0.0073925 -0.0075345
-0.0522073 2.4535615 -0.0645367 -0.0564089 -0.0642628 -0.0491410 -0.0540655 -0.0509927 -0.0554895 0.3841654 -0.0636647 -0.0500233 -0.0574492 -0.0578106 -0.0586574 -0.0602154 -0.0322765 -0.0336643 -0.0526928 -0.0458467 -0.0462175 -0.0605365 -0.0663448 -0.0556907 -0.0571640 -0.0535334 -0.0483866 -0.0330368 -0.0511598 -0.0665310 -0.0647850 -0.0477261 -0.0211027 -0.0228258 -0.0231208 -0.0228604 -0.0237327 -0.0230344 -0.0226386 -0.0236999 -0.0232762 -0.0205490 -0.0238276 -0.0234817 -0.0230167 -0.0237714 -0.0232022 -0.0231853 -0.0233166 -0.0234487 -0.0206522 -0.0229971 -0.0227593 -0.0219951 -0.0219541 -0.0234852 -0.0214429 -0.0242445 -0.0218973 -0.0246865 -0.0215769 -0.0249214 -0.0228329 -0.0221115 -0.0224496 -0.0223731 -0.0213280 -0.0243732 -0.0250504 -0.0237274 -0.0199051 -0.0219628 -0.0232085 -0.0230096 -0.0201874 -0.0241132 -0.0231877 -0.0189405 -0.0233516 -0.0237802 -0.0226656
-0.0504752 -0.0645367 2.2501290 -0.0526211 -0.0625704 -0.0469890 -0.0524901 -0.0491756 -0.0533304 -0.0552636 -0.0613513 -0.0473651 -0.0557298 -0.0564954 -0.0557481 -0.0587824 -0.0259448 -0.0325389 -0.0495063 -0.0449530 -0.0440404 0.3386748 -0.0659010 -0.0534152 -0.0553006 -0.0515152 -0.0458946 -0.0310984 -0.0491127 -0.0645120 -0.0618104 -0.0456043 -0.0204603 -0.0195375 -0.0199129 -0.0191915 -0.0199994 -0.0200168 -0.0213738 -0.0201891 -0.0188497 -0.0205144 -0.0204138 -0.0208970 -0.0187393 -0.0214998 -0.0185096 -0.0197455 -0.0198151 -0.0193105 -0.0157775 -0.0198582 -0.0175681 -0.0179933 -0.0156769 -0.0210555 -0.0185729 -0.0183543 -0.0185710 -0.0203860 -0.0169151 -0.0228336 -0.0192767 -0.0176484 -0.0195419 -0.0211414 -0.0192837 -0.0220133 -0.0190307 -0.0210084 -0.0198365 -0.0203499 -0.0193598 -0.0184726 -0.0180479 -0.0196550 -0.0200686 -0.0167568 -0.0197648 -0.0212000 -0.0198407
-0.0277052 -0.0564089 -0.0526211 1.7350063 -0.0124314 -0.0258999 -0.0261275 -0.0237082 -0.0357548 -0.0460211 -0.0530369 -0.0203943 -0.0253059 -0.0463863 -0.0446959 -0.0499591 -0.0100922 -0.0105025 -0.0266707 -0.0191864 -0.0192663 -0.0501934 -0.0570450 -0.0295359 -0.0388309 -0.0246598 -0.0252414 -0.0109672 -0.0273425 -0.0582860 -0.0537845 -0.0226927 -0.0073055 -0.0083911 -0.0090804 -0.0091954 -0.0080782 -0.0082917 -0.0096278 -0.0090118 -0.0070562 -0.0076872 -0.0114512 -0.0081602 -0.0073273 -0.0090925 -0.0080272 -0.0070542 -0.0075589 -0.0088126 -0.0042687 -0.0074646 -0.0055265 -0.0044442 -0.0042620 -0.0091558 -0.0069879 -0.0083051 -0.0071973 -0.0078165 -0.0053873 -0.0121988 -0.0075680 -0.0039894 -0.0090405 -0.0086756 -0.0064604 -0.0099155 -0.0089036 -0.0092092 -0.0068910 -0.0076806 -0.0078496 -0.0075640 -0.0029513 -0.0072561 -0.0076179 -0.0041215 -0.0082637 -0.0088406 -0.0087424
-0.0224961 -0.0642628 -0.0625704 -0.0124314 2.1705768 -0.0237288 -0.0147060 -0.0159704 -0.0416490 -0.0554655 -0.0615781 -0.0126957 -0.0098966 -0.0561795 -0.0568613 -0.0583491 -0.0043723 -0.0048932 -0.0180543 -0.0106840 -0.0133225 -0.0586479 -0.0656789 -0.0206746 -0.0459363 -0.0151258 -0.0237498 -0.0050501 -0.0247185 -0.0659903 -0.0624317 -0.0168554 -0.0069257 -0.0077994 -0.0103300 -0.0101636 -0.0070746 -0.0081043 -0.0106974 -0.0097504 -0.0052083 -0.0070037 -0.0136641 -0.0071707 -0.0067914 -0.0104820 -0.0076770 -0.0063917 -0.0067963 -0.0093777 -0.0016468 -0.0071773 -0.0034638 0.0001737 -0.0001006 -0.0082569 -0.0054553 -0.0069751 -0.0060950 -0.0067092 -0.0024538 -0.0137873 -0.0057893 0.0006469 -0.0092533 -0.0097591 -0.0041655 -0.0099736 -0.0080083 -0.0095820 -0.0050678 -0.0073203 -0.0083135 -0.0073334 0.0017706 -0.0057634 -0.0068028 -0.0007645 -0.0085828 -0.0087616 -0.0097042
-0.0252401 -0.0491410 -0.0469890 -0.0258999 -0.0237288 1.3890975 -0.0258709 -0.0222533 -0.0305448 -0.0369737 -0.0466249 -0.0199391 -0.0266631 -0.0374234 -0.0363657 -0.0420681 -0.0090132 -0.0095274 -0.0247880 -0.0175647 -0.0175012 -0.0412107 -0.0504580 -0.0265186 -0.0334036 -0.0252086 -0.0220585 -0.0097545 -0.0241743 -0.0504566 -0.0410676 -0.0198063 -0.0048827 -0.0051955 -0.0059209 -0.0056071 -0.0049764 -0.0051840 -0.0062870 -0.0059582 -0.0045010 -0.0048297 -0.0074738 -0.0052889 -0.0047817 -0.0059797 -0.0053360 -0.0046238 -0.0051059 -0.0056418 -0.0026961 -0.0049853 -0.0034070 -0.0028572 -0.0026506 -0.0058650 -0.0043945 -0.0054970 -0.0042316 -0.0055920 -0.0034731 -0.0076156 -0.0051142 -0.0023893 -0.0058535 -0.0058148 -0.0042848 -0.0062743 -0.0060037 -0.0059183 -0.0045445 -0.0050376 -0.0052275 -0.0052081 -0.0021619 -0.0049398 -0.0051249 -0.0030022 -0.0055548 -0.0057503 -0.0058718
-0.0272994 -0.0540655 -0.0524901 -0.0261275 -0.0147060 -0.0258709 1.6753542 -0.0240748 -0.0358577 -0.0436333 -0.0522283 -0.0225824 -0.0276696 -0.0440491 -0.0432874 -0.0486767 -0.0101571 -0.0105221 -0.0259266 -0.0190379 -0.0196350 -0.0492009 -0.0561666 -0.0289089 -0.0377676 -0.0264761 -0.0246193 -0.0111521 -0.0264137 -0.0569631 -0.0530748 -0.0215907 -0.0074057 -0.0077459 -0.0084221 -0.0086290 -0.0073452 -0.0076812 -0.0092555 -0.0086513 -0.0062787 -0.0071756 -0.0104577 -0.0077954 -0.0072829 -0.0085927 -0.0077063 -0.0072343 -0.0072857 -0.0088253 -0.0043226 -0.0070515 -0.0053933 -0.0040402 -0.0043103 -0.0083808 -0.0066458 -0.0076698 -0.0072100 -0.0073373 -0.0050366 -0.0110141 -0.0073795 -0.0034352 -0.0086121 -0.0081450 -0.0057955 -0.0093887 -0.0084970 -0.0086358 -0.0066276 -0.0073028 -0.0079198 -0.0072613 -0.0033467 -0.0073617 -0.0070809 -0.0039958 -0.0079735 -0.0082634 -0.0084477
-0.0237154 -0.0509927 -0.0491756 -0.0237082 -0.0159704 -0.0222533 -0.0240748 1.4829276 -0.0318326 -0.0381201 -0.0480863 -0.0204465 -0.0248049 -0.0378481 -0.0375155 -0.0439757 -0.0095115 -0.0089712 -0.0227996 -0.0179135 -0.0178776 -0.0431771 -0.0514601 -0.0261865 -0.0328929 -0.0246941 -0.0211287 -0.0097090 -0.0237471 -0.0526511 -0.0472714 -0.0182939 -0.0055189 -0.0060542 -0.0062593 -0.0065267 -0.0058761 -0.0061136 -0.0074967 -0.0063053 -0.0049872 -0.0053444 -0.0079371 -0.0059955 -0.0054623 -0.0068267 -0.0058628 -0.0057004 -0.0057699 -0.0069265 -0.0034082 -0.0051691 -0.0041857 -0.0029227 -0.0032871 -0.0064145 -0.0052046 -0.0059147 -0.0052497 -0.0054687 -0.0036007 -0.0087449 -0.0052348 -0.0029152 -0.0068926 -0.0065326 -0.0045896 -0.0072234 -0.0065880 -0.0066950 -0.0050248 -0.0057466 -0.0062119 -0.0058912 -0.0023698 -0.0052881 -0.0054504 -0.0030106 -0.0060089 -0.0065514 -0.0064137
-0.0332547 -0.0554895 -0.0533304 -0.0357548 -0.0416490 -0.0305448 -0.0358577 -0.0318326 1.7464932 -0.0460274 -0.0527463 -0.0301835 -0.0383415 -0.0464052 0.0145657 -0.0494586 -0.0167079 -0.0165897 -0.0333830 -0.0262433 -0.0267442 -0.0492312 -0.0562595 -0.0373185 -0.0421147 -0.0348126 -0.0289423 -0.0165193 -0.0329399 0.1478937 -0.0545134 -0.0270854 -0.0106482 -0.0106169 -0.0114204 -0.0111129 -0.0107301 -0.0114513 -0.0118389 -0.0114496 -0.0102031 -0.0103894 -0.0134968 -0.0105258 -0.0104272 -0.0115632 -0.0106410 -0.0109987 -0.0111481 -0.0120640 -0.0080130 -0.0099136 -0.0090567 -0.0078372 -0.0081113 -0.0114733 -0.0101573 -0.0110557 -0.0100936 -0.0109941 -0.0084358 -0.0141337 -0.0106029 -0.0079739 -0.0118532 -0.0121340 -0.0095496 -0.0128824 -0.0118154 -0.0121834 -0.0103241 -0.0106115 -0.0113924 -0.0111731 -0.0072433 -0.0108604 -0.0105269 -0.0079818 -0.0110905 -0.0115327 -0.0117099
-0.0417029 0.3841654 -0.0552636 -0.0460211 -0.0554655 -0.0369737 -0.0436333 -0.0381201 -0.0460274 1.8652908 -0.0553263 -0.0358681 -0.0489184 -0.0496881 -0.0503032 -0.0523170 -0.0200183 -0.0217682 -0.0415281 -0.0318972 -0.0318159 -0.0522713 -0.0587210 -0.0462067 -0.0484971 -0.0416611 -0.0361463 -0.0211804 -0.0395341 -0.0598833 -0.0557323 -0.0342523 -0.0129337 -0.0137572 -0.0146721 -0.0140321 -0.0142557 -0.0139007 -0.0144668 -0.0148891 -0.0138661 -0.0126238 -0.0155249 -0.0140765 -0.0136415 -0.0144632 -0.0138146 -0.0138595 -0.0137615 -0.0141410 -0.0115791 -0.0138193 -0.0125262 -0.0121744 -0.0121307 -0.0147381 -0.0129689 -0.0146680 -0.0128763 -0.0149007 -0.0124484 -0.0161014 -0.0137744 -0.0119756 -0.0142033 -0.0141787 -0.0124068 -0.0149290 -0.0147815 -0.0142257 -0.0120352 -0.0131966 -0.0139476 -0.0137895 -0.0108804 -0.0140735 -0.0140136 -0.0106452 -0.0143767 -0.0144887 -0.0138258
-0.0498365 -0.0636647 -0.0613513 -0.0530369 -0.0615781 -0.0466249 -0.0522283 -0.0480863 -0.0527463 -0.0553263 2.2038929 -0.0470253 -0.0540043 -0.0554458 -0.0555310 0.2735216 -0.0273985 -0.0275444 -0.0500619 -0.0419430 -0.0412423 -0.0569058 -0.0644206 -0.0531678 -0.0540433 -0.0505494 -0.0449430 -0.0289430 -0.0487638 -0.0649958 -0.0615149 -0.0451955 -0.0180969 -0.0185310 -0.0175623 -0.0198209 -0.0198564 -0.0191808 -0.0195776 -0.0185904 -0.0183547 -0.0194926 -0.0211336 -0.0195584 -0.0183732 -0.0190281 -0.0188435 -0.0194864 -0.0186184 -0.0201398 -0.0166091 -0.0187918 -0.0161260 -0.0152169 -0.0170784 -0.0203546 -0.0176786 -0.0195599 -0.0165388 -0.0180379 -0.0180676 -0.0220943 -0.0191849 -0.0164911 -0.0194968 -0.0191644 -0.0177425 -0.0202853 -0.0194508 -0.0199604 -0.0181276 -0.0179290 -0.0186863 -0.0182991 -0.0158214 -0.0199715 -0.0176676 -0.0153888 -0.0182001 -0.0178496 -0.0206430
-0.0208655 -0.0500233 -0.0473651 -0.0203943 -0.0126957 -0.0199391 -0.0225824 -0.0204465 -0.0301835 -0.0358681 -0.0470253 1.4108022 -0.0235633 -0.0360070 -0.0353345 -0.0408040 -0.0083634 -0.0082431 -0.0205270 -0.0158616 -0.0167756 -0.0416451 -0.0507101 -0.0226235 -0.0308082 -0.0225744 -0.0189664 -0.0091162 -0.0215682 -0.0509942 -0.0430696 -0.0165054 -0.0053002 -0.0048509 -0.0055017 -0.0056280 -0.0048864 -0.0051344 -0.0063193 -0.0053257 -0.0044171 -0.0047468 -0.0069688 -0.0048449 -0.0048403 -0.0060482 -0.0051347 -0.0051456 -0.0047624 -0.0059961 -0.0028270 -0.0050911 -0.0035371 -0.0023863 -0.0030565 -0.0057264 -0.0046456 -0.0052887 -0.0044592 -0.0046839 -0.0033281 -0.0074493 -0.0046201 -0.0024749 -0.0059253 -0.0060773 -0.0043448 -0.0065698 -0.0057872 -0.0059404 -0.0043997 -0.0051391 -0.0054340 -0.0048007 -0.0021152 -0.0049716 -0.0049655 -0.0025001 -0.0052904 -0.0053693 -0.0055248
-0.0270155 -0.0574492 -0.0557298 -0.0253059 -0.0098966 -0.0266631 -0.0276696 -0.0248049 -0.0383415 -0.0489184 -0.0540043 -0.0235633 1.8304302 -0.0480629 -0.0462824 -0.0516305 -0.0109317 -0.0104138 -0.0257637 -0.0190465 -0.0208682 -0.0514630 -0.0585878 -0.0281700 -0.0401647 -0.0269711 -0.0253073 -0.0120773 -0.0284331 -0.0594157 -0.0556869 -0.0211233 -0.0084405 -0.0085378 -0.0092795 -0.0097939 -0.0085849 -0.0087078 -0.0103639 -0.0096480 -0.0073973 -0.0086008 -0.0124511 -0.0082954 -0.0078915 -0.0100368 -0.0084752 -0.0082741 -0.0084329 -0.0101258 -0.0046507 -0.0081802 -0.0058462 -0.0042675 -0.0043371 -0.0092880 -0.0073873 -0.0084941 -0.0080048 -0.0079511 -0.0057130 -0.0125724 -0.0078726 -0.0041924 -0.0098850 -0.0094982 -0.0066317 -0.0108902 -0.0096339 -0.0101662 -0.0074028 -0.0085317 -0.0090228 -0.0088410 -0.0036461 -0.0078103 -0.0080087 -0.0045322 -0.0091330 -0.0096536 -0.0100436
-0.0411863 -0.0578106 -0.0564954 -0.0463863 -0.0561795 -0.0374234 -0.0440491 -0.0378481 -0.0464052 -0.0496881 -0.0554458 -0.0360070 -0.0480629 1.8910019 -0.0503717 -0.0525067 -0.0204901 -0.0213291 -0.0421870 -0.0320794 -0.0319483 -0.0530612 0.3037115 -0.0459660 0.0270230 -0.0420254 -0.0357372 -0.0225009 -0.0390540 -0.0604809 -0.0565728 -0.0338592 -0.0142046 -0.0141912 -0.0149363 -0.0151986 -0.0143627 -0.0151238 -0.0164179 -0.0156446 -0.0140077 -0.0139258 -0.0165762 -0.0149257 -0.0135762 -0.0152299 -0.0146933 -0.0147301 -0.0130472 -0.0155005 -0.0128859 -0.0144203 -0.0126262 -0.0128149 -0.0125917 -0.0151738 -0.0143002 -0.0156692 -0.0133008 -0.0145473 -0.0130895 -0.0173145 -0.0145612 -0.0124511 -0.0152407 -0.0161744 -0.0128174 -0.0156310 -0.0158958 -0.0149608 -0.0135723 -0.0135149 -0.0153041 -0.0151535 -0.0129100 -0.0138942 -0.0147852 -0.0121143 -0.0142147 -0.0145582 -0.0151546
-0.0408122 -0.0586574 -0.0557481 -0.0446959 -0.0568613 -0.0363657 -0.0432874 -0.0375155 0.0145657 -0.0503032 -0.0555310 -0.0353345 -0.0462824 -0.0503717 1.8928881 -0.0530926 -0.0202179 -0.0220128 -0.0407526 -0.0322738 -0.0314916 -0.0529838 -0.0602866 -0.0453042 -0.0481331 -0.0407810 -0.0358758 -0.0214613 -0.0391244 0.2731825 -0.0562600 -0.0336787 -0.0144162 -0.0137474 -0.0149472 -0.0146091 -0.0139081 -0.0148811 -0.0154348 -0.0148874 -0.0139115 -0.0135879 -0.0170017 -0.0144224 -0.0136886 -0.0158148 -0.0148735 -0.0144083 -0.0143729 -0.0153904 -0.0108535 -0.0133968 -0.0127765 -0.0110199 -0.0113453 -0.0150174 -0.0132986 -0.0148088 -0.0135928 -0.0151811 -0.0123195 -0.0177079 -0.0139023 -0.0117500 -0.0149925 -0.0155361 -0.0134359 -0.0156539 -0.0153924 -0.0152134 -0.0140551 -0.0136744 -0.0145602 -0.0148310 -0.0113099 -0.0145533 -0.0139487 -0.0113323 -0.0145249 -0.0150623 -0.0151263
-0.0463098 -0.0602154 -0.0587824 -0.0499591 -0.0583491 -0.0420681 -0.0486767 -0.0439757 -0.0494586 -0.0523170 0.2735216 -0.0408040 -0.0516305 -0.0525067 -0.0530926 1.9966153 -0.0224590 -0.0226650 -0.0469947 -0.0356641 -0.0351752 -0.0548036 -0.0613926 -0.0503016 -0.0509342 -0.0473695 -0.0391786 -0.0240341 -0.0444451 -0.0626889 -0.0584268 -0.0382543 -0.0147490 -0.0148586 -0.0144446 -0.0159883 -0.0156195 -0.0154770 -0.0164567 -0.0149440 -0.0148324 -0.0152501 -0.0173881 -0.0157139 -0.0148017 -0.0158134 -0.0155284 -0.0157671 -0.0148908 -0.0164039 -0.0128773 -0.0153481 -0.0128681 -0.0116763 -0.0132492 -0.0160744 -0.0143605 -0.0157467 -0.0135916 -0.0147431 -0.0138421 -0.0186563 -0.0152447 -0.0128366 -0.0159963 -0.0158348 -0.0140478 -0.0169430 -0.0157255 -0.0163974 -0.0144184 -0.0144225 -0.0153996 -0.0148293 -0.0114232 -0.0158903 -0.0143870 -0.0115796 -0.0151076 -0.0145089 -0.0168019
-0.0093269 -0.0322765 -0.0259448 -0.0100922 -0.0043723 -0.0090132 -0.0101571 -0.0095115 -0.0167079 -0.0200183 -0.0273985 -0.0083634 -0.0109317 -0.0204901 -0.0202179 -0.0224590 0.9179959 -0.0028857 -0.0089449 -0.0077488 -0.0070750 -0.0213461 -0.0344201 -0.0103239 -0.0164370 -0.0104892 -0.0079246 -0.0030345 -0.0093132 -0.0372563 -0.0153596 -0.0072043 0.0004193 0.0005414 0.0002674 0.0003524 0.0002033 0.0001206 -0.0002665 0.0003029 0.0004999 0.0004328 -0.0003839 0.0002413 0.0002633 0.0001684 0.0002038 0.0001506 0.0002415 0.0001579 0.0008023 0.0004235 0.0006819 0.0008334 0.0007077 0.0004602 0.0004029 0.0002217 0.0005466 0.0000358 0.0006709 -0.0008407 0.0004461 0.0008084 -0.0001441 0.0002837 0.0003013 -0.0002438 -0.0002066 0.0000306 0.0004928 0.0003321 0.0001778 0.0002503 0.0007551 0.0002409 0.0004201 0.0004613 0.0003022 0.0001749 0.0002415
-0.0102377 -0.0336643 -0.0325389 -0.0105025 -0.0048932 -0.0095274 -0.0105221 -0.0089712 -0.0165897 -0.0217682 -0.0275444 -0.0082431 -0.0104138 -0.0213291 -0.0220128 -0.0226650 -0.0028857 0.9983435 -0.0102789 -0.0070058 -0.0069399 -0.0261051 -0.0376472 -0.0105219 -0.0174245 -0.0101961 -0.0091197 -0.0037566 -0.0105090 -0.0407438 -0.0171427 -0.0086848 -0.0003834 -0.0003782 -0.0006932 -0.0005513 -0.0003230 -0.0007235 -0.0010323 -0.0006887 -0.0004327 -0.0005239 -0.0013997 -0.0006253 -0.0002413 -0.0008052 -0.0005942 -0.0004150 -0.0003011 -0.0006586 0.0003248 -0.0005897 0.0000865 0.0001445 0.0001561 -0.0006100 -0.0006239 -0.0007667 -0.0003966 -0.0008218 -0.0000224 -0.0016667 -0.0005451 0.0003586 -0.0008372 -0.0007857 -0.0002267 -0.0010495 -0.0008239 -0.0007982 -0.0004478 -0.0002748 -0.0005132 -0.0006406 0.0003196 -0.0005564 -0.0004922 0.0001366 -0.0005203 -0.0007081 -0.0005048
-0.0264330 -0.0526928 -0.0495063 -0.0266707 -0.0180543 -0.0247880 -0.0259266 -0.0227996 -0.0333830 -0.0415281 -0.0500619 -0.0205270 -0.0257637 -0.0421870 -0.0407526 -0.0469947 -0.0089449 -0.0102789 1.5817156 -0.0186739 -0.0186633 -0.0468377 -0.0541228 -0.0278639 -0.0365976 -0.0249327 -0.0239249 -0.0102983 -0.0259642 -0.0537366 -0.0503995 -0.0208182 -0.0064146 -0.0067029 -0.0077754 -0.0076297 -0.0064611 -0.0067770 -0.0084740 -0.0074391 -0.0059810 -0.0069110 -0.0093404 -0.0067651 -0.0063455 -0.0080484 -0.0067904 -0.0061755 -0.0063913 -0.0072039 -0.0036281 -0.0068497 -0.0045661 -0.0035227 -0.0036532 -0.0076188 -0.0061016 -0.0065439 -0.0061186 -0.0065326 -0.0048388 -0.0103012 -0.0062522 -0.0034705 -0.0076313 -0.0079916 -0.0056713 -0.0083008 -0.0072803 -0.0076934 -0.0060259 -0.0062917 -0.0069136 -0.0067735 -0.0030424 -0.0059642 -0.0065820 -0.0035984 -0.0071157 -0.0074508 -0.0073004
-0.0189126 -0.0458467 -0.0449530 -0.0191864 -0.0106840 -0.0175647 -0.0190379 -0.0179135 -0.0262433 -0.0318972 -0.0419430 -0.0158616 -0.0190465 -0.0320794 -0.0322738 -0.0356641 -0.0077488 -0.0070058 -0.0186739 1.2704717 -0.0140710 -0.0381142 -0.0481276 -0.0197829 -0.0270056 -0.0191430 -0.0165853 -0.0074916 -0.0186969 -0.0487663 -0.0366214 -0.0146876 -0.0034385 -0.0036565 -0.0036934 -0.0042673 -0.0033518 -0.0038888 -0.0046214 -0.0041063 -0.0032444 -0.0031916 -0.0053039 -0.0037598 -0.0031015 -0.0042146 -0.0036617 -0.0037278 -0.0034737 -0.0044304 -0.0017480 -0.0032347 -0.0026115 -0.0016966 -0.0019115 -0.0041622 -0.0032016 -0.0036037 -0.0030525 -0.0038490 -0.0021597 -0.0054660 -0.0034118 -0.0014436 -0.0042854 -0.0039931 -0.0025870 -0.0045794 -0.0043371 -0.0040449 -0.0032264 -0.0034425 -0.0037782 -0.0037775 -0.0012598 -0.0037989 -0.0032905 -0.0016213 -0.0037013 -0.0039225 -0.0035731
-0.0192646 -0.0462175 -0.0440404 -0.0192663 -0.0133225 -0.0175012 -0.0196350 -0.0178776 -0.0267442 -0.0318159 -0.0412423 -0.0167756 -0.0208682 -0.0319483 -0.0314916 -0.0351752 -0.0070750 -0.0069399 -0.0186633 -0.0140710 1.2588806 -0.0377831 -0.0477023 -0.0202432 -0.0272873 -0.0197344 -0.0162525 -0.0074587 -0.0190252 -0.0486046 -0.0271214 -0.0143220 -0.0034393 -0.0029482 -0.0037752 -0.0036988 -0.0033982 -0.0035871 -0.0044053 -0.0037914 -0.0032122 -0.0032114 -0.0053303 -0.0032820 -0.0032399 -0.0043384 -0.0036116 -0.0037728 -0.0035136 -0.0041191 -0.0017858 -0.0031238 -0.0020659 -0.0017065 -0.0018260 -0.0038500 -0.0029133 -0.0036244 -0.0029903 -0.0037964 -0.0021418 -0.0055953 -0.0030875 -0.0015258 -0.0045038 -0.0040412 -0.0026178 -0.0051151 -0.0040818 -0.0041331 -0.0028098 -0.0034131 -0.0036699 -0.0036281 -0.0014182 -0.0035659 -0.0034838 -0.0017768 -0.0036339 -0.0040053 -0.0038231
-0.0465441 -0.0605365 0.3386748 -0.0501934 -0.0586479 -0.0412107 -0.0492009 -0.0431771 -0.0492312 -0.0522713 -0.0569058 -0.0416451 -0.0514630 -0.0530612 -0.0529838 -0.0548036 -0.0213461 -0.0261051 -0.0468377 -0.0381142 -0.0377831 2.0226626 -0.0621417 -0.0500619 -0.0518692 -0.0475314 -0.0399582 -0.0255479 -0.0441547 -0.0620961 -0.0588897 -0.0386532 -0.0162622 -0.0153146 -0.0157308 -0.0155414 -0.0158274 -0.0161051 -0.0175370 -0.0162122 -0.0147690 -0.0161417 -0.0171465 -0.0167470 -0.0150044 -0.0172127 -0.0150063 -0.0158455 -0.0157397 -0.0159058 -0.0124008 -0.0157830 -0.0135648 -0.0136871 -0.0121260 -0.0163314 -0.0146467 -0.0151225 -0.0147894 -0.0161258 -0.0132146 -0.0192761 -0.0153832 -0.0134139 -0.0164197 -0.0167737 -0.0151016 -0.0181592 -0.0155653 -0.0171316 -0.0156386 -0.0164267 -0.0159026 -0.0148237 -0.0136539 -0.0157214 -0.0163095 -0.0123484 -0.0159637 -0.0169190 -0.0161700
-0.0536548 -0.0663448 -0.0659010 -0.0570450 -0.0656789 -0.0504580 -0.0561666 -0.0514601 -0.0562595 -0.0587210 -0.0644206 -0.0507101 -0.0585878 0.3037115 -0.0602866 -0.0613926 -0.0344201 -0.0376472 -0.0541228 -0.0481276 -0.0477023 -0.0621417 2.5418160 -0.0571240 0.1542526 -0.0542317 -0.0490051 -0.0377568 -0.0520816 -0.0685697 -0.0651806 -0.0487490 -0.0248756 -0.0247845 -0.0255780 -0.0257023 -0.0252992 -0.0265662 -0.0278448 -0.0266140 -0.0256361 -0.0250062 -0.0266060 -0.0256946 -0.0244297 -0.0262992 -0.0255153 -0.0257221 -0.0226450 -0.0261612 -0.0246242 -0.0254935 -0.0229831 -0.0250355 -0.0237844 -0.0255244 -0.0259228 -0.0271490 -0.0238566 -0.0253773 -0.0248762 -0.0278119 -0.0259286 -0.0243039 -0.0259283 -0.0276826 -0.0232107 -0.0256966 -0.0274049 -0.0253888 -0.0243064 -0.0242517 -0.0264006 -0.0263187 -0.0258558 -0.0244846 -0.0263864 -0.0233244 -0.0244184 -0.0245310 -0.0262912
-0.0286732 -0.0556907 -0.0534152 -0.0295359 -0.0206746 -0.0265186 -0.0289089 -0.0261865 -0.0373185 -0.0462067 -0.0531678 -0.0226235 -0.0281700 -0.0459660 -0.0453042 -0.0503016 -0.0103239 -0.0105219 -0.0278639 -0.0197829 -0.0202432 -0.0500619 -0.0571240 1.7285820 -0.0393321 -0.0275635 -0.0263912 -0.0111962 -0.0290667 -0.0573558 -0.0529808 -0.0230035 -0.0073695 -0.0081078 -0.0090358 -0.0091948 -0.0078140 -0.0081981 -0.0097208 -0.0089105 -0.0066853 -0.0080446 -0.0112591 -0.0080155 -0.0075871 -0.0093543 -0.0082857 -0.0074702 -0.0077270 -0.0092346 -0.0043823 -0.0076680 -0.0051080 -0.0041389 -0.0041399 -0.0088517 -0.0069301 -0.0079559 -0.0071329 -0.0077561 -0.0053603 -0.0117978 -0.0073259 -0.0038330 -0.0092788 -0.0087511 -0.0059021 -0.0099213 -0.0087454 -0.0091934 -0.0067560 -0.0074995 -0.0084666 -0.0079727 -0.0035128 -0.0073230 -0.0078999 -0.0041487 -0.0087945 -0.0084944 -0.0088096
-0.0362363 -0.0571640 -0.0553006 -0.0388309 -0.0459363 -0.0334036 -0.0377676 -0.0328929 -0.0421147 -0.0484971 -0.0540433 -0.0308082 -0.0401647 0.0270230 -0.0481331 -0.0509342 -0.0164370 -0.0174245 -0.0365976 -0.0270056 -0.0272873 -0.0518692 0.1542526 -0.0393321 1.8060291 -0.0358639 -0.0315509 -0.0180975 -0.0344505 -0.0589173 -0.0554919 -0.0294813 -0.0114414 -0.0118329 -0.0125470 -0.0128379 -0.0116910 -0.0123681 -0.0136449 -0.0129755 -0.0111777 -0.0115262 -0.0145909 -0.0120382 -0.0109307 -0.0129798 -0.0117291 -0.0118594 -0.0108852 -0.0127481 -0.0092441 -0.0113692 -0.0093685 -0.0092259 -0.0088187 -0.0122612 -0.0111735 -0.0124952 -0.0107617 -0.0116793 -0.0098384 -0.0151924 -0.0114853 -0.0084055 -0.0128481 -0.0130523 -0.0100135 -0.0128761 -0.0127699 -0.0126560 -0.0106282 -0.0114612 -0.0123716 -0.0119699 -0.0089068 -0.0114599 -0.0119959 -0.0088428 -0.0116599 -0.0125926 -0.0123203
-0.0258767 -0.0535334 -0.0515152 -0.0246598 -0.0151258 -0.0252086 -0.0264761 -0.0246941 -0.0348126 -0.0416611 -0.0505494 -0.0225744 -0.0269711 -0.0420254 -0.0407810 -0.0473695 -0.0104892 -0.0101961 -0.0249327 -0.0191430 -0.0197344 -0.0475314 -0.0542317 -0.0275635 -0.0358639 1.6163222 -0.0226678 -0.0109767 -0.0260302 -0.0550104 -0.0519493 -0.0200191 -0.0069933 -0.0066806 -0.0078958 -0.0079709 -0.0068611 -0.0074321 -0.0088052 -0.0081288 -0.0060332 -0.0066932 -0.0101639 -0.0071070 -0.0068188 -0.0080895 -0.0071412 -0.0066239 -0.0069740 -0.0080315 -0.0039446 -0.0063359 -0.0046270 -0.0033337 -0.0041653 -0.0076378 -0.0063073 -0.0070339 -0.0064596 -0.0071352 -0.0046196 -0.0103328 -0.0063543 -0.0034985 -0.0085603 -0.0076579 -0.0057827 -0.0089799 -0.0080892 -0.0083211 -0.0059549 -0.0069743 -0.0076675 -0.0070748 -0.0029226 -0.0067811 -0.0065895 -0.0035271 -0.0076971 -0.0081477 -0.0081373
-0.0242463 -0.0483866 -0.0458946 -0.0252414 -0.0237498 -0.0220585 -0.0246193 -0.0211287 -0.0289423 -0.0361463 -0.0449430 -0.0189664 -0.0253073 -0.0357372 -0.0358758 -0.0391786 -0.0079246 -0.0091197 -0.0239249 -0.0165853 -0.0162525 -0.0399582 -0.0490051 -0.0263912 -0.0315509 -0.0226678 1.3322598 -0.0096257 -0.0234997 -0.0503295 -0.0375544 -0.0193033 -0.0041832 -0.0048578 -0.0052630 -0.0052498 -0.0046708 -0.0051556 -0.0055565 -0.0052426 -0.0040618 -0.0045112 -0.0064622 -0.0047524 -0.0042826 -0.0051997 -0.0044306 -0.0043071 -0.0042298 -0.0052558 -0.0025161 -0.0047887 -0.0030791 -0.0028041 -0.0021843 -0.0052453 -0.0040641 -0.0049159 -0.0038465 -0.0049351 -0.0030346 -0.0073623 -0.0042975 -0.0021812 -0.0054406 -0.0053593 -0.0038230 -0.0060330 -0.0053191 -0.0051255 -0.0039838 -0.0045385 -0.0046871 -0.0046924 -0.0023402 -0.0046550 -0.0044275 -0.0025699 -0.0048463 -0.0050433 -0.0049458
-0.0106240 -0.0330368 -0.0310984 -0.0109672 -0.0050501 -0.0097545 -0.0111521 -0.0097090 -0.0165193 -0.0211804 -0.0289430 -0.0091162 -0.0120773 -0.0225009 -0.0214613 -0.0240341 -0.0030345 -0.0037566 -0.0102983 -0.0074916 -0.0074587 -0.0255479 -0.0377568 -0.0111962 -0.0180975 -0.0109767 -0.0096257 0.9571805 -0.0104513 -0.0368152 -0.0240125 -0.0082863 -0.0001693 -0.0001462 -0.0003000 -0.0002226 -0.0000717 -0.0003475 -0.0005762 -0.0001899 0.0000797 0.0000238 -0.0008097 -0.0000927 0.0001026 -0.0003482 -0.0002320 -0.0001098 -0.0000092 -0.0003482 0.0005856 0.0001106 0.0001567 0.0002652 0.0005203 -0.0004001 0.0000892 -0.0003604 -0.0000883 -0.0003869 0.0004440 -0.0014966 -0.0001225 0.0004876 -0.0004743 -0.0004255 0.0000364 -0.0007413 -0.0005148 -0.0004568 -0.0001778 -0.0000931 -0.0000714 -0.0002672 0.0006742 -0.0002996 -0.0000645 0.0004491 -0.0001692 -0.0002792 -0.0002326
-0.0266212 -0.0511598 -0.0491127 -0.0273425 -0.0247185 -0.0241743 -0.0264137 -0.0237471 -0.0329399 -0.0395341 -0.0487638 -0.0215682 -0.0284331 -0.0390540 -0.0391244 -0.0444451 -0.0093132 -0.0105090 -0.0259642 -0.0186969 -0.0190252 -0.0441547 -0.0520816 -0.0290667 -0.0344505 -0.0260302 -0.0234997 -0.0104513 1.4810034 -0.0532901 -0.0409857 -0.0206931 -0.0058530 -0.0061451 -0.0067650 -0.0071007 -0.0062423 -0.0059864 -0.0075984 -0.0069312 -0.0053172 -0.0060535 -0.0085548 -0.0060976 -0.0055683 -0.0072545 -0.0060854 -0.0057266 -0.0056872 -0.0066253 -0.0032465 -0.0057240 -0.0040835 -0.0034595 -0.0035548 -0.0066509 -0.0054390 -0.0061767 -0.0053446 -0.0061694 -0.0038013 -0.0090543 -0.0060362 -0.0031016 -0.0067632 -0.0067630 -0.0046890 -0.0076082 -0.0069203 -0.0066197 -0.0053571 -0.0057012 -0.0065537 -0.0059198 -0.0028433 -0.0058423 -0.0057834 -0.0033035 -0.0060684 -0.0068115 -0.0067836
-0.0544969 -0.0665310 -0.0645120 -0.0582860 -0.0659903 -0.0504566 -0.0569631 -0.0526511 0.1478937 -0.0598833 -0.0649958 -0.0509942 -0.0594157 -0.0604809 0.2731825 -0.0626889 -0.0372563 -0.0407438 -0.0537366 -0.0487663 -0.0486046 -0.0620961 -0.0685697 -0.0573558 -0.0589173 -0.0550104 -0.0503295 -0.0368152 -0.0532901 2.5753453 -0.0664756 -0.0496979 -0.0266879 -0.0247597 -0.0267014 -0.0257205 -0.0261704 -0.0276782 -0.0262695 -0.0269754 -0.0263123 -0.0240593 -0.0283716 -0.0257587 -0.0258003 -0.0272119 -0.0269282 -0.0263119 -0.0269487 -0.0266570 -0.0229785 -0.0239382 -0.0254150 -0.0235619 -0.0231926 -0.0260848 -0.0251935 -0.0275895 -0.0251416 -0.0282152 -0.0249044 -0.0299299 -0.0257477 -0.0255263 -0.0258546 -0.0277027 -0.0260172 -0.0277909 -0.0273525 -0.0266876 -0.0264819 -0.0252618 -0.0264745 -0.0271927 -0.0236040 -0.0268065 -0.0255602 -0.0237451 -0.0262555 -0.0268355 -0.0265087
-0.0510061 -0.0647850 -0.0618104 -0.0537845 -0.0624317 -0.0410676 -0.0530748 -0.0472714 -0.0545134 -0.0557323 -0.0615149 -0.0430696 -0.0556869 -0.0565728 -0.0562600 -0.0584268 -0.0153596 -0.0171427 -0.0503995 -0.0366214 -0.0271214 -0.0588897 -0.0651806 -0.0529808 -0.0554919 -0.0519493 -0.0375544 -0.0240125 -0.0409857 -0.0664756 2.2270648 -0.0376727 -0.0150220 -0.0171716 -0.0175246 -0.0185913 -0.0168725 -0.0153080 -0.0184407 -0.0161390 -0.0161271 -0.0151874 -0.0185765 -0.0166398 -0.0162759 -0.0168952 -0.0166935 -0.0161899 -0.0149350 -0.0181376 -0.0130100 -0.0162805 -0.0115334 -0.0149790 -0.0136846 -0.0171978 -0.0158741 -0.0172884 -0.0166154 -0.0173684 -0.0135822 -0.0190329 -0.0149984 -0.0126907 -0.0172087 -0.0167845 -0.0131676 -0.0169170 -0.0178713 -0.0158646 -0.0173557 -0.0157872 -0.0165820 -0.0166462 -0.0129258 -0.0170745 -0.0161999 -0.0124894 -0.0174417 -0.0176172 -0.0182202
-0.0220944 -0.0477261 -0.0456043 -0.0226927 -0.0168554 -0.0198063 -0.0215907 -0.0182939 -0.0270854 -0.0342523 -0.0451955 -0.0165054 -0.0211233 -0.0338592 -0.0336787 -0.0382543 -0.0072043 -0.0086848 -0.0208182 -0.0146876 -0.0143220 -0.0386532 -0.0487490 -0.0230035 -0.0294813 -0.0200191 -0.0193033 -0.0082863 -0.0206931 -0.0496979 -0.0376727 1.3096031 -0.0035015 -0.0043599 -0.0049067 -0.0045013 -0.0044592 -0.0044907 -0.0053102 -0.0046071 -0.0038353 -0.0038033 -0.0058157 -0.0042650 -0.0038694 -0.0047170 -0.0043779 -0.0039250 -0.0038379 -0.0046215 -0.0022896 -0.0038129 -0.0026998 -0.0022137 -0.0017750 -0.0047571 -0.0036369 -0.0046828 -0.0037082 -0.0045278 -0.0027195 -0.0061923 -0.0039131 -0.0014292 -0.0045037 -0.0049419 -0.0032726 -0.0052105 -0.0050130 -0.0046653 -0.0035415 -0.0037176 -0.0042026 -0.0044196 -0.0020440 -0.0040028 -0.0038889 -0.0021557 -0.0044740 -0.0043511 -0.0045192
-0.0065161 -0.0211027 -0.0204603 -0.0073055 -0.0069257 -0.0048827 -0.0074057 -0.0055189 -0.0106482 -0.0129337 -0.0180969 -0.0053002 -0.0084405 -0.0142046 -0.0144162 -0.0147490 0.0004193 -0.0003834 -0.0064146 -0.0034385 -0.0034393 -0.0162622 -0.0248756 -0.0073695 -0.0114414 -0.0069933 -0.0041832 -0.0001693 -0.0058530 -0.0266879 -0.0150220 -0.0035015 0.5708106 0.0037912 0.0040586 0.0042922 0.0040631 0.0037640 0.0038094 0.0041439 0.0037174 0.0040129 0.0039206 0.0038618 0.0038142 0.0042603 0.0038605 0.0036144 0.0038834 0.0040296 0.0033469 0.0038495 0.0036695 0.0032137 0.0031305 0.0040274 0.0036473 0.0036201 0.0039180 0.0031789 0.0033761 0.0034360 0.0036128 0.0033876 0.0037037 0.0039677 0.0033162 0.0036697 0.0033002 0.0040248 0.0036959 0.0039357 0.0040377 0.0035476 0.0031984 0.0033818 0.0037419 0.0032640 0.0041084 0.0042371 0.0040768
-0.0065477 -0.0228258 -0.0195375 -0.0083911 -0.0077994 -0.0051955 -0.0077459 -0.0060542 -0.0106169 -0.0137572 -0.0185310 -0.0048509 -0.0085378 -0.0141912 -0.0137474 -0.0148586 0.0005414 -0.0003782 -0.0067029 -0.0036565 -0.0029482 -0.0153146 -0.0247845 -0.0081078 -0.0118329 -0.0066806 -0.0048578 -0.0001462 -0.0061451 -0.0247597 -0.0171716 -0.0043599 0.0037912 0.5341516 0.0044789 0.0044967 0.0041092 0.0040417 0.0039087 0.0043622 0.0039114 0.0042966 0.0041515 0.0040339 0.0041478 0.0044114 0.0040785 0.0039637 0.0040879 0.0045035 0.0035441 0.0040580 0.0037064 0.0033676 0.0034941 0.0042573 0.0038946 0.0038615 0.0043103 0.0035029 0.0036646 0.0036282 0.0038072 0.0036202 0.0039702 0.0042998 0.0035569 0.0039830 0.0035162 0.0043454 0.0040072 0.0041317 0.0043045 0.0039013 0.0033360 0.0037496 0.0040031 0.0033644 0.0043489 0.0043509 0.0044154
-0.0078103 -0.0231208 -0.0199129 -0.0090804 -0.0103300 -0.0059209 -0.0084221 -0.0062593 -0.0114204 -0.0146721 -0.0175623 -0.0055017 -0.0092795 -0.0149363 -0.0149472 -0.0144446 0.0002674 -0.0006932 -0.0077754 -0.0036934 -0.0037752 -0.0157308 -0.0255780 -0.0090358 -0.0125470 -0.0078958 -0.0052630 -0.0003000 -0.0067650 -0.0267014 -0.0175246 -0.0049067 0.0040586 0.0044789 0.4943160 0.0049533 0.0044283 0.0043434 0.0043236 0.0047734 0.0041376 0.0047060 0.0045581 0.0042463 0.0046499 0.0048863 0.0045415 0.0040741 0.0044551 0.0047358 0.0037073 0.0044469 0.0040649 0.0035518 0.0037310 0.0045186 0.0041231 0.0040620 0.0044498 0.0035950 0.0041210 0.0039793 0.0042537 0.0038662 0.0043543 0.0046305 0.0039759 0.0042867 0.0040563 0.0047373 0.0044809 0.0044623 0.0047617 0.0041908 0.0036000 0.0039677 0.0043085 0.0037129 0.0049236 0.0048461 0.0048924
-0.0075419 -0.0228604 -0.0191915 -0.0091954 -0.0101636 -0.0056071 -0.0086290 -0.0065267 -0.0111129 -0.0140321 -0.0198209 -0.0056280 -0.0097939 -0.0151986 -0.0146091 -0.0159883 0.0003524 -0.0005513 -0.0076297 -0.0042673 -0.0036988 -0.0155414 -0.0257023 -0.0091948 -0.0128379 -0.0079709 -0.0052498 -0.0002226 -0.0071007 -0.0257205 -0.0185913 -0.0045013 0.0042922 0.0044967 0.0049533 0.4877908 0.0045896 0.0044130 0.0043248 0.0048136 0.0044005 0.0046238 0.0045838 0.0044950 0.0045713 0.0049541 0.0045737 0.0041369 0.0045458 0.0048349 0.0039450 0.0045060 0.0040373 0.0036988 0.0037916 0.0046056 0.0043171 0.0043483 0.0044433 0.0036927 0.0041141 0.0042056 0.0041225 0.0039877 0.0045690 0.0046341 0.0039427 0.0043282 0.0040374 0.0047510 0.0044337 0.0046648 0.0046866 0.0042334 0.0036731 0.0040569 0.0044833 0.0037068 0.0049193 0.0047220 0.0048817
-0.0068309 -0.0237327 -0.0199994 -0.0080782 -0.0070746 -0.0049764 -0.0073452 -0.0058761 -0.0107301 -0.0142557 -0.0198564 -0.0048864 -0.0085849 -0.0143627 -0.0139081 -0.0156195 0.0002033 -0.0003230 -0.0064611 -0.0033518 -0.0033982 -0.0158274 -0.0252992 -0.0078140 -0.0116910 -0.0068611 -0.0046708 -0.0000717 -0.0062423 -0.0261704 -0.0168725 -0.0044592 0.0040631 0.0041092 0.0044283 0.0045896 0.5280585 0.0041014 0.0041157 0.0044014 0.0038995 0.0043186 0.0044363 0.0041929 0.0043973 0.0046176 0.0042669 0.0037775 0.0041436 0.0043700 0.0035795 0.0042474 0.0038132 0.0035105 0.0035453 0.0044874 0.0039781 0.0038731 0.0041316 0.0035676 0.0039135 0.0038112 0.0039592 0.0035955 0.0041118 0.0043138 0.0037901 0.0039766 0.0037101 0.0045303 0.0041646 0.0042233 0.0046024 0.0040045 0.0033524 0.0038094 0.0040544 0.0034354 0.0045869 0.0043504 0.0045627
-0.0067323 -0.0230344 -0.0200168 -0.0082917 -0.0081043 -0.0051840 -0.0076812 -0.0061136 -0.0114513 -0.0139007 -0.0191808 -0.0051344 -0.0087078 -0.0151238 -0.0148811 -0.0154770 0.0001206 -0.0007235 -0.0067770 -0.0038888 -0.0035871 -0.0161051 -0.0265662 -0.0081981 -0.0123681 -0.0074321 -0.0051556 -0.0003475 -0.0059864 -0.0276782 -0.0153080 -0.0044907 0.0037640 0.0040417 0.0043434 0.0044130 0.0041014 0.5408532 0.0039091 0.0045164 0.0038150 0.0042763 0.0041749 0.0038465 0.0041848 0.0044078 0.0039955 0.0037694 0.0040818 0.0043650 0.0035864 0.0040680 0.0037288 0.0033343 0.0034608 0.0040609 0.0037888 0.0038280 0.0041652 0.0034961 0.0037194 0.0036973 0.0038082 0.0037290 0.0039875 0.0040829 0.0035646 0.0037178 0.0034900 0.0042887 0.0040362 0.0040460 0.0041700 0.0037362 0.0032076 0.0035593 0.0039742 0.0034612 0.0043584 0.0043669 0.0044930
-0.0080020 -0.0226386 -0.0213738 -0.0096278 -0.0106974 -0.0062870 -0.0092555 -0.0074967 -0.0118389 -0.0144668 -0.0195776 -0.0063193 -0.0103639 -0.0164179 -0.0154348 -0.0164567 -0.0002665 -0.0010323 -0.0084740 -0.0046214 -0.0044053 -0.0175370 -0.0278448 -0.0097208 -0.0136449 -0.0088052 -0.0055565 -0.0005762 -0.0075984 -0.0262695 -0.0184407 -0.0053102 0.0038094 0.0039087 0.0043236 0.0043248 0.0041157 0.0039091 0.5283191 0.0040968 0.0037301 0.0041614 0.0040431 0.0041586 0.0041308 0.0043311 0.0037823 0.0036177 0.0040659 0.0043909 0.0034099 0.0040958 0.0038040 0.0032562 0.0033160 0.0042322 0.0037732 0.0037796 0.0042882 0.0035159 0.0037702 0.0035982 0.0038959 0.0035929 0.0038798 0.0040796 0.0036397 0.0039372 0.0034849 0.0043094 0.0040322 0.0042749 0.0042989 0.0038937 0.0035555 0.0036060 0.0040078 0.0034798 0.0043805 0.0042556 0.0044210
-0.0075217 -0.0236999 -0.0201891 -0.0090118 -0.0097504 -0.0059582 -0.0086513 -0.0063053 -0.0114496 -0.0148891 -0.0185904 -0.0053257 -0.0096480 -0.0156446 -0.0148874 -0.0149440 0.0003029 -0.0006887 -0.0074391 -0.0041063 -0.0037914 -0.0162122 -0.0266140 -0.0089105 -0.0129755 -0.0081288 -0.0052426 -0.0001899 -0.0069312 -0.0269754 -0.0161390 -0.0046071 0.0041439 0.0043622 0.0047734 0.0048136 0.0044014 0.0045164 0.0040968 0.4992508 0.0041651 0.0045986 0.0046995 0.0042790 0.0046094 0.0051089 0.0043372 0.0041942 0.0043082 0.0045390 0.0037152 0.0044045 0.0040094 0.0036082 0.0036448 0.0044720 0.0042862 0.0041425 0.0045108 0.0037165 0.0040588 0.0040672 0.0041041 0.0037901 0.0042795 0.0045834 0.0038922 0.0041687 0.0038744 0.0046329 0.0043188 0.0047017 0.0046111 0.0041168 0.0034496 0.0040159 0.0043312 0.0036093 0.0047049 0.0047691 0.0049219
-0.0060842 -0.0232762 -0.0188497 -0.0070562 -0.0052083 -0.0045010 -0.0062787 -0.0049872 -0.0102031 -0.0138661 -0.0183547 -0.0044171 -0.0073973 -0.0140077 -0.0139115 -0.0148324 0.0004999 -0.0004327 -0.0059810 -0.0032444 -0.0032122 -0.0147690 -0.0256361 -0.0066853 -0.0111777 -0.0060332 -0.0040618 0.0000797 -0.0053172 -0.0263123 -0.0161271 -0.0038353 0.0037174 0.0039114 0.0041376 0.0044005 0.0038995 0.0038150 0.0037301 0.0041651 0.5654852 0.0041659 0.0042318 0.0038684 0.0039947 0.0042614 0.0039509 0.0036547 0.0038742 0.0040644 0.0033681 0.0038006 0.0035165 0.0033117 0.0033237 0.0040531 0.0037562 0.0037875 0.0038026 0.0032053 0.0035784 0.0035646 0.0037730 0.0034508 0.0037803 0.0040932 0.0034361 0.0037149 0.0034687 0.0041476 0.0038732 0.0039544 0.0040797 0.0037472 0.0030949 0.0036225 0.0038422 0.0034037 0.0041520 0.0041075 0.0043762
-0.0064484 -0.0205490 -0.0205144 -0.0076872 -0.0070037 -0.0048297 -0.0071756 -0.0053444 -0.0103894 -0.0126238 -0.0194926 -0.0047468 -0.0086008 -0.0139258 -0.0135879 -0.0152501 0.0004328 -0.0005239 -0.0069110 -0.0031916 -0.0032114 -0.0161417 -0.0250062 -0.0080446 -0.0115262 -0.0066932 -0.0045112 0.0000238 -0.0060535 -0.0240593 -0.0151874 -0.0038033 0.0040129 0.0042966 0.0047060 0.0046238 0.0043186 0.0042763 0.0041614 0.0045986 0.0041659 0.5205602 0.0043719 0.0042371 0.0042464 0.0047670 0.0043755 0.0039168 0.0042638 0.0046861 0.0036205 0.0042909 0.0038863 0.0034243 0.0035476 0.0045037 0.0040449 0.0038725 0.0041726 0.0037719 0.0039382 0.0039414 0.0040405 0.0037145 0.0040307 0.0043138 0.0037923 0.0041411 0.0038511 0.0044406 0.0041512 0.0043503 0.0044068 0.0039713 0.0033919 0.0039434 0.0041489 0.0035106 0.0046446 0.0045430 0.0046539
-0.0094652 -0.0238276 -0.0204138 -0.0114512 -0.0136641 -0.0074738 -0.0104577 -0.0079371 -0.0134968 -0.0155249 -0.0211336 -0.0069688 -0.0124511 -0.0165762 -0.0170017 -0.0173881 -0.0003839 -0.0013997 -0.0093404 -0.0053039 -0.0053303 -0.0171465 -0.0266060 -0.0112591 -0.0145909 -0.0101639 -0.0064622 -0.0008097 -0.0085548 -0.0283716 -0.0185765 -0.0058157 0.0039206 0.0041515 0.0045581 0.0045838 0.0044363 0.0041749 0.0040431 0.0046995 0.0042318 0.0043719 0.5021072 0.0042707 0.0043849 0.0045703 0.0041918 0.0038359 0.0043225 0.0044377 0.0037869 0.0042711 0.0037577 0.0036408 0.0038073 0.0043561 0.0039298 0.0038919 0.0044423 0.0035854 0.0038920 0.0036886 0.0039880 0.0037341 0.0043108 0.0043186 0.0037730 0.0040925 0.0035486 0.0046079 0.0043404 0.0044140 0.0046493 0.0040539 0.0033673 0.0036783 0.0040794 0.0038355 0.0045581 0.0045067 0.0046359
-0.0069706 -0.0234817 -0.0208970 -0.0081602 -0.0071707 -0.0052889 -0.0077954 -0.0059955 -0.0105258 -0.0140765 -0.0195584 -0.0048449 -0.0082954 -0.0149257 -0.0144224 -0.0157139 0.0002413 -0.0006253 -0.0067651 -0.0037598 -0.0032820 -0.0167470 -0.0256946 -0.0080155 -0.0120382 -0.0071070 -0.0047524 -0.0000927 -0.0060976 -0.0257587 -0.0166398 -0.0042650 0.0038618 0.0040339 0.0042463 0.0044950 0.0041929 0.0038465 0.0041586 0.0042790 0.0038684 0.0042371 0.0042707 0.5442527 0.0043158 0.0044145 0.0039636 0.0037020 0.0040239 0.0044215 0.0035705 0.0039381 0.0037851 0.0035947 0.0033933 0.0041928 0.0039242 0.0038213 0.0039793 0.0033288 0.0036766 0.0037347 0.0038388 0.0035121 0.0039663 0.0042665 0.0035905 0.0038477 0.0034792 0.0042788 0.0040517 0.0041858 0.0043186 0.0039539 0.0032229 0.0036834 0.0041087 0.0033797 0.0043191 0.0043360 0.0044505
-0.0059739 -0.0230167 -0.0187393 -0.0073273 -0.0067914 -0.0047817 -0.0072829 -0.0054623 -0.0104272 -0.0136415 -0.0183732 -0.0048403 -0.0078915 -0.0135762 -0.0136886 -0.0148017 0.0002633 -0.0002413 -0.0063455 -0.0031015 -0.0032399 -0.0150044 -0.0244297 -0.0075871 -0.0109307 -0.0068188 -0.0042826 0.0001026 -0.0055683 -0.0258003 -0.0162759 -0.0038694 0.0038142 0.0041478 0.0046499 0.0045713 0.0043973 0.0041848 0.0041308 0.0046094 0.0039947 0.0042464 0.0043849 0.0043158 0.5323170 0.0044271 0.0042998 0.0038354 0.0042079 0.0043985 0.0036239 0.0042827 0.0038252 0.0034709 0.0034401 0.0042396 0.0040093 0.0039003 0.0043183 0.0035648 0.0038742 0.0038969 0.0039999 0.0036882 0.0040731 0.0042283 0.0037443 0.0040139 0.0036966 0.0043899 0.0041662 0.0041901 0.0043518 0.0040531 0.0033677 0.0038594 0.0040414 0.0034723 0.0045877 0.0044854 0.0045465
