1.2685710 -0.0059926 0.0190019 -0.0521937 0.0565777 -0.0378587 -0.0227161 -0.0485485 0.0184692 -0.0730496 0.0463966 0.0115518 0.0366523 0.0726810 -0.0399126 -0.0401885 0.0115466 0.0617091 0.0235863 -0.0287459 -0.0169925 -0.0008038 -0.0242534 0.0231235 -0.0112634 -0.0693229 -0.0202151 0.0278850 -0.0375882 0.0182181 -0.0170638 -0.0517563 0.0075369 -0.0037721 -0.0202638 -0.0371469 -0.0111391 -0.0320166 -0.0168274 0.0005932 -0.0322352 -0.0036568 -0.0266603 -0.0322504 -0.0337416 -0.0198110 -0.0373257 -0.0309167 -0.0039250 0.0433913 0.0088593 0.0063532 -0.0076015 -0.0018345 -0.0191577 -0.0235321 -0.0506117 -0.0288050 -0.0055252 -0.0138428 -0.0210034 -0.0357551 -0.0239213 0.0029200 -0.0355084 -0.0363113 -0.0258974 -0.0297110 -0.0027990 0.0083494 -0.0095169 -0.0227981 -0.0360082 -0.0423978 -0.0273273 -0.0270351 -0.0072374 -0.0088438 0.0043774 0.0090847 -0.0410875
-0.0059926 1.4723814 0.0166131 0.0517375 0.0595902 -0.0127940 0.0012562 -0.0008345 0.0122566 0.0372877 0.0347513 -0.0442715 -0.0375663 0.0733269 -0.0048979 0.0498272 -0.0388309 0.1652318 -0.0302053 -0.0319561 -0.0040131 0.0058402 -0.0211914 -0.0469536 -0.0174126 -0.0625613 -0.0635100 -0.0449247 -0.0518672 -0.0145748 -0.0534786 0.0009866 -0.0070637 -0.0124047 -0.0077939 -0.0366802 -0.0295750 -0.0420481 -0.0501291 -0.0032019 -0.0386420 -0.0028919 0.0000814 -0.0615435 -0.0248259 -0.0067891 -0.0251331 -0.0450829 -0.0367811 -0.0429164 -0.0387395 -0.0272031 -0.0392682 -0.0084478 -0.0421751 -0.0405525 -0.0252304 -0.0132315 0.0197419 -0.0524720 -0.0172676 -0.0023963 -0.0027998 -0.0453136 -0.0066062 0.0019041 0.0046300 -0.0268091 -0.0436671 -0.0208404 0.0284265 -0.0096813 -0.0357173 -0.0239278 -0.0506122 -0.0589952 -0.0296408 0.0194535 -0.0159835 0.0181561 -0.0513850
0.0190019 0.0166131 1.2372918 -0.0022422 -0.0302499 -0.0252744 -0.0098284 -0.0104257 0.0107474 0.0418829 -0.0059807 0.0370268 -0.0013517 0.0111293 -0.0520177 -0.0150427 -0.0051989 0.0263870 -0.0408573 0.0057187 -0.0310216 0.0022565 -0.0434774 -0.0520715 -0.0180751 -0.0268868 0.0017631 -0.0295029 -0.0531274 -0.0221266 0.0024655 -0.0257319 -0.0223904 -0.0397590 -0.0274194 -0.0173881 -0.0101228 -0.0214241 -0.0225728 -0.0258789 0.0028259 -0.0284340 0.0242061 -0.0287939 -0.0060970 -0.0277740 0.0492024 -0.0173175 -0.0119629 -0.0182385 0.0011247 -0.0257474 -0.0140252 -0.0175349 -0.0010857 -0.0379480 -0.0017242 0.0134621 -0.0080284 -0.0156352 0.0192950 -0.0338274 0.0018697 -0.0289478 -0.0181316 -0.0503207 -0.0265774 -0.0343073 0.0273664 -0.0138827 -0.0399110 -0.0400896 -0.0006864 -0.0213141 -0.0221747 -0.0417973 0.0132556 0.0168176 -0.0034970 -0.0285164 0.0014478
-0.0521937 0.0517375 -0.0022422 1.4207381 0.0357611 -0.0557922 0.0489310 -0.0318446 0.0803630 0.0003922 0.0353938 -0.0171818 0.0149116 0.0969427 0.0026530 0.1346143 -0.0711787 0.1797095 -0.0511046 0.0578228 -0.0295126 0.0133667 -0.0218836 -0.1071572 -0.0169059 -0.0602939 0.0202240 -0.0284837 -0.0634962 -0.0812060 -0.0203894 -0.0469678 -0.0138504 -0.0799853 0.0103828 -0.0365464 -0.0108912 -0.0142063 -0.0805743 -0.0267363 -0.0445249 0.0219591 -0.0520570 -0.0697069 -0.0422591 0.0154023 0.0303832 -0.0332482 -0.0354073 -0.0382616 -0.0560058 -0.0227713 -0.0176421 -0.0404868 -0.0495415 -0.0548459 0.0194172 -0.0065294 -0.0055059 -0.0236946 0.0046488 -0.0235089 -0.0245544 -0.0539654 -0.0422837 -0.0747284 0.0363923 -0.0474678 -0.0231053 -0.0453598 -0.0505119 -0.0221832 0.0152965 0.0046032 -0.0641981 -0.0730091 -0.0333399 0.0222519 0.0551385 0.0132873 -0.0491667
0.0565777 0.0595902 -0.0302499 0.0357611 1.7120893 -0.0131894 -0.0082605 -0.0417607 -0.0110923 0.0094954 0.0942394 -0.0455616 0.0071759 0.0643003 -0.0702808 0.0814123 -0.0231304 0.1457736 -0.1115803 -0.0305219 -0.0096887 -0.0163387 0.0337345 -0.0215292 -0.0121418 -0.0020478 -0.0237022 -0.0520042 -0.0350709 0.0404620 0.0103523 -0.0712857 0.0012871 -0.0560676 -0.0468344 -0.0546237 -0.0237719 -0.0648433 -0.0955612 -0.0456854 -0.0126200 -0.0316103 -0.0490521 -0.0679115 -0.0438316 -0.0171864 -0.0458440 -0.0221740 -0.0558403 -0.0657913 -0.0355278 -0.0753240 -0.0049868 -0.0166646 -0.0192402 0.0227405 -0.0605918 -0.0490119 -0.0392135 -0.0463770 0.0922415 -0.0567561 -0.0215888 -0.0064494 -0.0327793 -0.0519122 -0.0015981 0.0151081 -0.0290728 -0.0406024 0.0166523 0.0001537 -0.0405449 -0.0155004 -0.0503723 -0.0569332 -0.0431120 -0.0038048 -0.0050655 -0.0078371 -0.0564422
-0.0378587 -0.0127940 -0.0252744 -0.0557922 -0.0131894 1.1703570 -0.0547347 0.0352764 -0.0054563 -0.0013933 -0.0857410 0.0182746 -0.0196019 -0.0509418 -0.0126758 -0.0883303 0.0060885 -0.0709051 -0.0370887 0.0763009 -0.0022468 0.0140321 0.0258144 0.0634811 -0.0330162 -0.0578212 -0.0003884 -0.0163366 -0.0144957 0.0610826 -0.0029465 -0.0040033 -0.0261089 -0.0045748 -0.0101544 0.0318110 0.0062293 0.0150251 0.0223774 -0.0429666 -0.0156286 -0.0267106 -0.0336556 -0.0056403 0.0225144 -0.0346280 -0.0283653 0.0427244 0.0055510 -0.0137288 0.0243788 0.0105554 -0.0048581 -0.0144062 0.0136601 -0.0325067 0.0123353 -0.0074415 -0.0284431 -0.0393705 -0.0380427 -0.0161841 -0.0182833 0.0302567 -0.0124687 0.0212186 -0.0707404 -0.0002668 -0.0076233 -0.0152164 -0.0291177 -0.0351409 0.0036108 -0.0192309 0.0271655 0.0194953 -0.0172422 -0.0293721 -0.0335703 -0.0433064 0.0001026
-0.0227161 0.0012562 -0.0098284 0.0489310 -0.0082605 -0.0547347 1.0372280 -0.0142670 -0.0178481 -0.0200793 0.0188598 -0.0062338 -0.0329038 0.0151825 -0.0204709 0.0327997 -0.0350090 0.0115768 -0.0571956 -0.0045088 -0.0381354 -0.0392980 0.0124383 -0.0514956 -0.0411236 0.0317465 -0.0044790 0.0025392 0.0413226 -0.0342585 -0.0123622 -0.0459497 0.0003639 -0.0343259 0.0267886 -0.0179148 0.0015989 -0.0161974 -0.0345226 -0.0272483 -0.0134183 0.0007988 0.0113942 -0.0360417 -0.0205225 0.0304580 -0.0089567 -0.0086980 -0.0014797 -0.0377212 -0.0199091 -0.0427680 -0.0084442 0.0061410 -0.0162185 0.0067093 0.0032442 -0.0156053 -0.0092349 -0.0296532 0.0309987 -0.0074180 -0.0144384 -0.0044386 -0.0042027 0.0013942 0.0536074 0.0042340 -0.0130697 -0.0075211 -0.0174186 -0.0004088 -0.0082169 -0.0071711 -0.0279489 -0.0334858 -0.0071606 -0.0037287 0.0038946 -0.0035276 -0.0127448
-0.0485485 -0.0008345 -0.0104257 -0.0318446 -0.0417607 0.0352764 -0.0142670 1.0471454 -0.0542205 0.0166414 -0.0828341 -0.0247429 0.0065650 0.0010568 -0.0579804 -0.0133949 -0.0007540 -0.0379153 0.0258600 -0.0240472 -0.0031596 0.0547843 0.0231792 -0.0598344 -0.0155653 -0.0199333 -0.0265409 -0.0222479 -0.0207923 0.0016225 -0.0010690 0.0076293 -0.0121606 -0.0167234 -0.0126136 -0.0082274 -0.0076248 -0.0037174 -0.0274802 0.0131806 -0.0176418 -0.0198012 0.0410583 -0.0099097 -0.0118113 -0.0170838 -0.0088049 -0.0076324 -0.0137293 -0.0156258 -0.0076626 -0.0050654 -0.0186665 -0.0012514 -0.0013392 0.0340394 -0.0174761 -0.0066531 -0.0164698 -0.0011022 -0.0202862 -0.0040630 -0.0008710 0.0072584 -0.0173355 0.0183394 -0.0476602 0.0084530 0.0196302 0.0323011 0.0224023 -0.0129975 -0.0086160 -0.0090853 0.0027197 0.0147729 -0.0027639 -0.0256953 -0.0179941 0.0143870 -0.0143752
0.0184692 0.0122566 0.0107474 0.0803630 -0.0110923 -0.0054563 -0.0178481 -0.0542205 1.7534554 -0.0019561 0.1374865 -0.0044933 0.0014829 0.1150822 0.1475931 0.0936175 -0.1095879 0.2600618 -0.1236416 -0.0457154 -0.0504938 0.1105107 -0.0229691 -0.0686287 -0.0479606 -0.0703918 0.0352662 -0.0287091 -0.0557754 0.0561836 0.0646988 -0.0001245 0.0066942 -0.0988255 0.0684107 -0.0388113 -0.0656153 -0.0568987 -0.0732200 0.0047196 -0.0498354 -0.0232072 -0.0384849 -0.0972069 -0.0734897 0.0108268 -0.0269049 -0.0901672 -0.0597327 -0.0961729 -0.0641488 -0.0765366 0.0166255 -0.0575364 -0.0795120 -0.0831852 -0.0624258 -0.0463586 -0.0013188 -0.0433815 0.0507518 -0.0221838 -0.0437879 -0.0706516 -0.0689866 -0.0885433 0.1597733 -0.0583864 -0.0135707 -0.0569431 -0.0588929 -0.0098355 -0.0057418 -0.0156650 -0.1091015 -0.1215225 -0.0641773 0.0531909 0.0315375 0.0434005 -0.0535414
-0.0730496 0.0372877 0.0418829 0.0003922 0.0094954 -0.0013933 -0.0200793 0.0166414 -0.0019561 0.9864883 -0.0851634 0.0013183 -0.0472998 -0.0956101 -0.0366214 -0.0662654 0.0071322 -0.0193022 -0.0089883 -0.0350293 0.0179404 -0.0330542 -0.0080438 -0.0147167 -0.0377035 0.0076725 -0.0349097 -0.0055349 -0.0210879 -0.0462653 -0.0454266 0.0088819 -0.0211610 -0.0065187 -0.0360245 0.0234527 -0.0123068 -0.0037719 0.0563971 -0.0361742 -0.0173226 0.0048895 -0.0204349 0.0174429 -0.0018991 -0.0109027 0.0232705 0.0098546 -0.0043973 -0.0128482 -0.0135647 0.0267350 0.0167759 -0.0104417 0.0017402 -0.0108191 -0.0099479 -0.0200410 -0.0200640 -0.0243191 -0.0214852 0.0479634 -0.0084316 0.0114628 -0.0071630 0.0289816 -0.0375560 -0.0074926 -0.0093441 -0.0101576 0.0058913 -0.0228941 -0.0072151 0.0213347 0.0429398 0.0158000 -0.0018285 -0.0179987 -0.0134198 -0.0249996 0.0020536
0.0463966 0.0347513 -0.0059807 0.0353938 0.0942394 -0.0857410 0.0188598 -0.0828341 0.1374865 -0.0851634 1.6963636 0.0328610 0.0647812 0.1127633 0.0988529 0.0378959 -0.1009066 0.2452675 -0.0544139 -0.1046995 -0.0252496 -0.0195235 -0.0570745 0.0073989 -0.0451466 0.0242496 0.0050579 -0.0102400 -0.1230146 0.0971777 0.1058229 -0.0531182 -0.0021446 -0.0466842 0.0632883 -0.0537475 -0.0753696 -0.0462720 -0.1016703 0.0423352 -0.0489427 -0.0351453 -0.0085642 -0.0814220 -0.0659724 0.0015468 -0.0499713 -0.0669129 -0.0544333 -0.0801925 -0.0754494 -0.0886659 0.0132771 -0.0504311 -0.0722259 -0.0895077 -0.0621992 -0.0163632 0.0126046 -0.0123652 0.0161129 -0.0456213 -0.0362532 -0.0758775 -0.0646115 -0.0514583 0.0780365 -0.0475607 -0.0218838 -0.0642285 -0.0556191 0.0148965 -0.0346329 -0.0469427 -0.0977397 -0.1015599 -0.0471164 0.0335904 0.0651235 0.0426557 -0.0925788
0.0115518 -0.0442715 0.0370268 -0.0171818 -0.0455616 0.0182746 -0.0062338 -0.0247429 -0.0044933 0.0013183 0.0328610 1.0261822 -0.0145020 0.0161651 0.0388547 0.0373597 -0.0125537 -0.0148877 -0.0176938 -0.0323267 -0.0181508 -0.0022578 0.0271096 -0.0247728 -0.0002812 -0.0127784 -0.0296528 -0.0161880 -0.0043903 0.0004022 -0.0328066 -0.0330288 -0.0038019 -0.0259198 -0.0091794 -0.0134442 -0.0140964 -0.0098283 -0.0234993 0.0026542 -0.0141824 -0.0102493 0.0081644 -0.0229862 -0.0057966 -0.0092973 -0.0176846 0.0000781 -0.0149256 0.0012670 -0.0064093 -0.0142917 -0.0154396 -0.0071403 0.0024920 -0.0184723 -0.0251362 -0.0126470 0.0071092 -0.0094850 -0.0026296 -0.0132476 -0.0116054 -0.0087498 -0.0116579 -0.0181962 0.0047886 0.0194344 -0.0044238 -0.0055167 -0.0209021 -0.0134562 -0.0047437 0.0583417 -0.0107974 -0.0162897 -0.0097804 0.0384788 -0.0103809 -0.0050553 0.0200282
0.0366523 -0.0375663 -0.0013517 0.0149116 0.0071759 -0.0196019 -0.0329038 0.0065650 0.0014829 -0.0472998 0.0647812 -0.0145020 1.2129141 0.0655738 0.0029094 0.0812442 -0.0092181 0.0479146 0.0000609 -0.0746244 0.0021507 0.0376877 -0.0519994 -0.0434101 0.0082534 -0.0028081 -0.0144405 -0.0155208 -0.0604331 -0.0050982 -0.0466519 -0.0287611 -0.0079440 -0.0388272 -0.0083777 -0.0458648 -0.0376329 -0.0043563 -0.0428762 0.0044134 -0.0234173 -0.0168080 -0.0397278 -0.0385299 -0.0246253 0.0073326 -0.0152487 -0.0327621 -0.0142074 -0.0228378 -0.0278152 -0.0209780 -0.0182042 -0.0061052 -0.0313098 -0.0065954 -0.0192493 -0.0305316 -0.0097825 -0.0241346 0.0165577 -0.0139855 -0.0131603 -0.0390667 -0.0278053 0.0017766 0.0772769 -0.0251847 -0.0304113 -0.0175498 -0.0366557 -0.0065276 0.0074248 -0.0346809 -0.0303049 -0.0089959 0.0072753 -0.0079298 0.0030990 0.0083901 -0.0242462
0.0726810 0.0733269 0.0111293 0.0969427 0.0643003 -0.0509418 0.0151825 0.0010568 0.1150822 -0.0956101 0.1127633 0.0161651 0.0655738 1.9144255 0.1082185 0.0987942 -0.1181182 0.3825209 -0.1126435 -0.0791918 -0.0666447 -0.0575085 0.0593471 -0.0850129 -0.0450599 -0.0839753 -0.0275131 -0.0716390 -0.0919881 -0.0363667 0.0795196 -0.0278969 0.0135561 -0.0788220 0.0206342 -0.0802753 -0.0413979 -0.0719477 -0.1459228 0.0052354 -0.0347042 0.0366081 -0.0428713 -0.1219304 -0.0144955 0.0031927 -0.0520846 -0.1082436 -0.0431046 -0.0847438 -0.0886280 -0.0965302 -0.0060692 -0.0618591 -0.0914358 -0.0771247 -0.0687907 -0.0402263 0.0624634 -0.0217593 0.0358458 -0.0007013 -0.0205691 -0.0982954 -0.0729365 -0.1123380 0.1569005 -0.0433355 -0.0323698 -0.0218254 -0.0595452 0.0124370 -0.0528053 -0.0774645 -0.1244284 -0.0920472 -0.0884555 0.0548417 0.0401338 0.0933345 -0.0777701
-0.0399126 -0.0048979 -0.0520177 0.0026530 -0.0702808 -0.0126758 -0.0204709 -0.0579804 0.1475931 -0.0366214 0.0988529 0.0388547 0.0029094 0.1082185 1.3796875 -0.0370260 -0.0438534 0.0880538 -0.0726347 -0.0551952 -0.0204633 -0.0709341 -0.0720329 -0.0763671 -0.0113071 -0.0446177 -0.0319677 -0.0426679 -0.0035167 0.0430762 0.1275915 0.0001075 0.0024736 -0.0275609 -0.0197588 0.0157025 -0.0137011 -0.0102266 -0.0523843 0.0305588 -0.0334865 -0.0202081 -0.0170033 -0.0538293 -0.0478123 -0.0132935 -0.0553978 -0.0438712 -0.0163870 -0.0510652 -0.0017170 -0.0462877 -0.0068912 0.0179026 -0.0311210 -0.0211239 -0.0389223 0.0248977 -0.0133383 -0.0497518 0.0359165 -0.0026172 0.0000765 -0.0415513 -0.0371562 -0.0624752 0.0454169 -0.0205978 -0.0100976 -0.0197925 -0.0496785 -0.0081212 -0.0372332 -0.0426400 -0.0651583 -0.0335224 -0.0330069 0.0156176 -0.0186354 0.0269759 -0.0021659
-0.0401885 0.0498272 -0.0150427 0.1346143 0.0814123 -0.0883303 0.0327997 -0.0133949 0.0936175 -0.0662654 0.0378959 0.0373597 0.0812442 0.0987942 -0.0370260 1.3246627 -0.0702589 0.1971503 -0.0806934 -0.0139756 -0.0347764 -0.0064329 0.0025177 -0.1018907 0.0443974 -0.0211916 -0.0185215 -0.0776519 -0.0551106 -0.0346297 0.0363833 -0.0202521 0.0035013 -0.0601419 0.0265452 -0.0527742 -0.0305601 -0.0426588 -0.1023918 0.0011697 -0.0332403 -0.0107047 -0.0194342 -0.0747683 -0.0368613 -0.0103901 -0.0223158 -0.0536519 -0.0324363 -0.0654745 -0.0563979 -0.0464285 -0.0026470 -0.0354601 -0.0587888 -0.0455508 0.0098445 -0.0268869 0.0148301 -0.0206068 0.0247722 -0.0338280 -0.0275695 -0.0551271 -0.0492015 -0.0638708 0.0881031 -0.0243380 -0.0239726 -0.0382096 -0.0409428 0.0138803 -0.0044319 -0.0264696 -0.0483676 -0.0932672 -0.0462133 0.0462457 -0.0018882 0.0590634 -0.0614280
0.0115466 -0.0388309 -0.0051989 -0.0711787 -0.0231304 0.0060885 -0.0350090 -0.0007540 -0.1095879 0.0071322 -0.1009066 -0.0125537 -0.0092181 -0.1181182 -0.0438534 -0.0702589 0.9127975 -0.1164773 0.0627964 -0.0018410 0.0323484 -0.0158342 0.0048138 0.0297227 -0.0289336 -0.0214164 -0.0396829 0.0306126 0.0458418 -0.0475506 0.0003700 -0.0030136 -0.0048317 0.0596583 -0.0330509 0.0475174 0.0109695 0.0138342 0.0262634 -0.0353628 0.0084333 -0.0083571 0.0082942 0.0394088 0.0176400 -0.0272316 -0.0046126 0.0266920 0.0263841 0.0500333 0.0324245 0.0114070 -0.0166751 0.0235201 0.0197377 0.0584493 0.0205864 -0.0025185 -0.0116656 0.0043431 -0.0174006 0.0034445 0.0046071 0.0088009 0.0114552 0.0318645 -0.0821689 0.0065658 0.0020980 0.0126977 0.0002948 -0.0029170 -0.0036576 0.0073993 0.0405069 0.0464284 0.0235661 -0.0344333 -0.0234120 -0.0134488 0.0369013
0.0617091 0.1652318 0.0263870 0.1797095 0.1457736 -0.0709051 0.0115768 -0.0379153 0.2600618 -0.0193022 0.2452675 -0.0148877 0.0479146 0.3825209 0.0880538 0.1971503 -0.1164773 2.0780931 -0.1553975 -0.0190273 -0.0799740 -0.0536533 -0.0279433 -0.0201532 0.0248260 -0.0810107 0.0470084 -0.0924214 -0.1368316 -0.0125081 0.0795052 -0.0562475 0.0058215 -0.1046222 0.0277175 -0.0917988 -0.0781268 -0.0478854 -0.1482347 0.0350449 -0.0591977 -0.0141414 -0.0345476 -0.1201817 -0.0764296 0.0225414 -0.0524879 -0.0731226 -0.0512412 -0.1128997 -0.0876012 -0.1024892 0.0173520 -0.0596998 -0.0936981 -0.0912305 -0.0763550 -0.0551836 0.0092615 -0.0338070 0.0573640 -0.0227882 -0.0452972 -0.0925707 -0.0750665 -0.0939172 0.1648922 -0.0659507 -0.0352262 -0.0585127 -0.0579218 -0.0020901 -0.0156962 -0.0711303 -0.1229397 -0.1276031 -0.0803942 0.0698147 0.0230612 0.0652687 -0.0977154
0.0235863 -0.0302053 -0.0408573 -0.0511046 -0.1115803 -0.0370887 -0.0571956 0.0258600 -0.1236416 -0.0089883 -0.0544139 -0.0176938 0.0000609 -0.1126435 -0.0726347 -0.0806934 0.0627964 -0.1553975 1.2721119 0.0621898 0.0736234 -0.0129437 0.0154967 0.0315143 -0.0583402 0.0117394 -0.0580467 -0.0007947 0.0118738 0.0045739 -0.0904568 0.0330581 -0.0360856 0.0312298 -0.0504376 0.0185645 0.0220800 0.0075500 0.0519703 -0.0338431 0.0111224 -0.0105241 -0.0069671 0.0551872 0.0146796 -0.0229155 0.0283433 0.0291660 0.0087962 0.0854476 0.0378088 0.0136043 -0.0184952 0.0161175 0.0116113 0.0097630 -0.0042691 0.0497423 -0.0487947 -0.0061027 -0.0650461 -0.0259563 -0.0027692 0.0248002 -0.0036289 0.0109030 -0.1310545 0.0010732 -0.0185792 0.0117470 -0.0077870 -0.0451737 -0.0069971 -0.0047800 0.0749281 0.1365956 0.0175340 -0.0687022 -0.0390962 -0.0759840 0.0475067
-0.0287459 -0.0319561 0.0057187 0.0578228 -0.0305219 0.0763009 -0.0045088 -0.0240472 -0.0457154 -0.0350293 -0.1046995 -0.0323267 -0.0746244 -0.0791918 -0.0551952 -0.0139756 -0.0018410 -0.0190273 0.0621898 1.2259501 0.0282139 -0.0113651 0.0045953 0.0049401 0.0019384 -0.0168686 -0.0058375 -0.0077503 0.0245041 -0.0521997 -0.0887755 -0.0140859 -0.0041431 0.0091092 0.0067074 -0.0070249 0.0124731 -0.0053733 -0.0031058 -0.0255502 0.0025810 -0.0084522 -0.0349640 0.0268509 0.0028975 -0.0252861 -0.0192557 0.0095849 -0.0176079 -0.0149552 0.0074864 -0.0112011 -0.0239549 -0.0036571 0.0099803 -0.0126780 -0.0123448 -0.0108120 -0.0171438 -0.0220548 -0.0247932 -0.0017008 -0.0073906 0.0258367 -0.0022188 0.0242722 -0.0514845 0.0116198 -0.0099767 -0.0089899 0.0222088 -0.0248752 -0.0088318 -0.0210165 0.0119442 0.0110929 0.0313093 -0.0126753 -0.0222180 -0.0383571 0.0230082
-0.0169925 -0.0040131 -0.0310216 -0.0295126 -0.0096887 -0.0022468 -0.0381354 -0.0031596 -0.0504938 0.0179404 -0.0252496 -0.0181508 0.0021507 -0.0666447 -0.0204633 -0.0347764 0.0323484 -0.0799740 0.0736234 0.0282139 1.0816479 -0.0010292 -0.0347138 0.0468946 0.0066499 0.0334393 -0.0482972 -0.0043658 -0.0204691 -0.0634559 -0.0422622 -0.0221368 -0.0109800 0.0652722 -0.0176862 0.0114369 0.0181009 0.0013761 -0.0180074 -0.0269315 -0.0089734 -0.0227650 -0.0304144 0.0210352 0.0024975 -0.0243443 -0.0092178 -0.0043105 0.0251037 -0.0027862 0.0148021 0.0118696 -0.0164990 -0.0124106 0.0180479 -0.0272650 -0.0046432 -0.0159766 -0.0146444 0.0046183 -0.0275031 -0.0115220 0.0024887 0.0021388 -0.0095788 0.0132448 -0.0450667 -0.0022174 -0.0117394 -0.0025146 0.0457679 -0.0105075 -0.0118789 0.0094123 0.0518583 0.0212373 0.0178448 -0.0308723 -0.0347994 -0.0300574 0.0054941
-0.0008038 0.0058402 0.0022565 0.0133667 -0.0163387 0.0140321 -0.0392980 0.0547843 0.1105107 -0.0330542 -0.0195235 -0.0022578 0.0376877 -0.0575085 -0.0709341 -0.0064329 -0.0158342 -0.0536533 -0.0129437 -0.0113651 -0.0010292 1.3194774 -0.0444132 -0.0448800 -0.0247635 0.0315075 -0.0338910 -0.0231549 0.0162610 0.0120938 -0.0529887 -0.0242505 -0.0379154 0.0002275 -0.0028900 0.0141088 -0.0097316 0.0081245 -0.0379421 -0.0169127 -0.0183756 -0.0198458 0.0052937 -0.0245726 -0.0036078 -0.0188441 -0.0178208 -0.0287436 -0.0024648 -0.0112711 -0.0133022 -0.0285313 -0.0061054 -0.0364925 -0.0156855 0.0324732 -0.0059856 -0.0023419 0.0153087 0.0240219 -0.0270442 -0.0326004 -0.0224064 -0.0073525 0.0099526 -0.0058936 -0.0394691 -0.0072203 -0.0210473 -0.0214415 -0.0291215 -0.0297469 -0.0203083 -0.0017635 -0.0089027 0.0012617 -0.0332883 0.0123177 -0.0385013 -0.0249626 -0.0191864
-0.0242534 -0.0211914 -0.0434774 -0.0218836 0.0337345 0.0258144 0.0124383 0.0231792 -0.0229691 -0.0080438 -0.0570745 0.0271096 -0.0519994 0.0593471 -0.0720329 0.0025177 0.0048138 -0.0279433 0.0154967 0.0045953 -0.0347138 -0.0444132 1.1502973 -0.0370731 0.0254984 0.0304360 -0.0035591 0.0020325 0.0929441 -0.0280453 -0.0050605 0.0193386 -0.0088677 -0.0340375 -0.0068570 -0.0183208 -0.0316931 -0.0304754 -0.0560163 -0.0165137 -0.0294272 -0.0184422 0.0178377 -0.0135627 -0.0025734 -0.0280983 -0.0196187 -0.0099376 -0.0132377 0.0039620 -0.0269147 -0.0205902 -0.0118289 -0.0273376 -0.0152587 -0.0209785 -0.0162253 -0.0282777 -0.0173085 -0.0152154 -0.0232655 0.0076657 -0.0125903 -0.0104654 0.0004145 -0.0392974 -0.0211005 0.0219729 -0.0174985 -0.0121135 0.0320705 -0.0096953 -0.0281198 -0.0081980 -0.0249596 -0.0093799 -0.0261880 -0.0209824 -0.0104978 -0.0095983 -0.0056879
0.0231235 -0.0469536 -0.0520715 -0.1071572 -0.0215292 0.0634811 -0.0514956 -0.0598344 -0.0686287 -0.0147167 0.0073989 -0.0247728 -0.0434101 -0.0850129 -0.0763671 -0.1018907 0.0297227 -0.0201532 0.0315143 0.0049401 0.0468946 -0.0448800 -0.0370731 1.2936804 0.0204620 -0.0033926 -0.0682619 0.0325545 -0.0265380 -0.1028618 0.0001346 0.0340942 -0.0342042 0.0572673 -0.0001212 -0.0066359 0.0022169 0.0187647 0.0612183 -0.0260667 0.0488752 -0.0445261 -0.0077931 0.0441852 -0.0150647 -0.0215795 -0.0450626 0.0199616 -0.0096328 0.0274087 0.0204449 -0.0222756 0.0009496 -0.0084294 0.0083143 -0.0325122 -0.0011274 -0.0226742 -0.0336883 0.0005494 -0.0402735 -0.0333077 -0.0178585 0.0077989 -0.0275929 0.0280195 -0.0594048 -0.0177334 -0.0040652 0.0184484 -0.0192668 -0.0111298 -0.0137101 -0.0118175 0.0363846 0.0403729 -0.0029379 -0.0508472 -0.0366196 0.0086256 0.0377996
-0.0112634 -0.0174126 -0.0180751 -0.0169059 -0.0121418 -0.0330162 -0.0411236 -0.0155653 -0.0479606 -0.0377035 -0.0451466 -0.0002812 0.0082534 -0.0450599 -0.0113071 0.0443974 -0.0289336 0.0248260 -0.0583402 0.0019384 0.0066499 -0.0247635 0.0254984 0.0204620 1.2441622 0.0352187 0.0086003 0.0294578 0.0338106 -0.0679473 -0.0553229 -0.0222793 -0.0190938 -0.0262119 -0.0032537 -0.0242254 -0.0208098 -0.0107610 -0.0100166 -0.0341602 -0.0382071 -0.0106165 -0.0356932 -0.0107258 -0.0026134 -0.0337208 -0.0017349 -0.0019036 0.0057904 -0.0088336 -0.0158825 0.0055113 -0.0200892 -0.0092494 -0.0106611 0.0058557 -0.0071333 0.0103023 -0.0377602 0.0149871 0.0046889 -0.0011931 -0.0246713 -0.0187365 -0.0411946 -0.0328150 -0.0191773 0.0423043 -0.0304660 -0.0166226 -0.0157419 0.0255622 -0.0047913 -0.0363871 0.0075769 0.0166431 -0.0254397 -0.0088953 -0.0085807 -0.0401910 0.0120879
-0.0693229 -0.0625613 -0.0268868 -0.0602939 -0.0020478 -0.0578212 0.0317465 -0.0199333 -0.0703918 0.0076725 0.0242496 -0.0127784 -0.0028081 -0.0839753 -0.0446177 -0.0211916 -0.0214164 -0.0810107 0.0117394 -0.0168686 0.0334393 0.0315075 0.0304360 -0.0033926 0.0352187 1.2530882 -0.0535012 -0.0017441 -0.0002156 0.0132333 -0.0860282 0.0281876 -0.0371252 0.0078159 -0.0354812 -0.0208236 -0.0212677 -0.0167662 -0.0020855 -0.0204526 -0.0099889 -0.0096434 -0.0365127 -0.0332262 -0.0041258 0.0262380 -0.0106099 -0.0128885 -0.0135793 0.0250722 -0.0006630 0.0273574 0.0075973 0.0588741 -0.0162256 0.0130000 0.0055788 -0.0128119 -0.0250229 -0.0014161 -0.0469588 -0.0245195 -0.0278271 0.0065659 -0.0129512 0.0201671 -0.0210622 -0.0119949 -0.0132482 -0.0095897 0.0042855 -0.0017742 0.0051013 -0.0060925 0.0086021 0.0238853 0.0095716 0.0241385 -0.0428007 -0.0258515 -0.0222111
-0.0202151 -0.0635100 0.0017631 0.0202240 -0.0237022 -0.0003884 -0.0044790 -0.0265409 0.0352662 -0.0349097 0.0050579 -0.0296528 -0.0144405 -0.0275131 -0.0319677 -0.0185215 -0.0396829 0.0470084 -0.0580467 -0.0058375 -0.0482972 -0.0338910 -0.0035591 -0.0682619 0.0086003 -0.0535012 0.9968271 -0.0047409 -0.0203985 -0.0397718 -0.0016028 0.0015132 0.0284478 -0.0264011 0.0304438 -0.0118089 -0.0302402 -0.0177908 0.0067843 0.0009385 0.0244554 0.0315609 0.0403054 -0.0165328 -0.0045500 -0.0121898 0.0397815 -0.0118798 -0.0147067 -0.0328462 -0.0264437 -0.0087918 -0.0093076 -0.0196501 -0.0023541 0.0092184 0.0052594 0.0105073 0.0063645 0.0194518 -0.0155461 -0.0070996 0.0065098 -0.0194095 -0.0278881 -0.0309129 0.0076031 -0.0159592 -0.0146849 -0.0229165 -0.0043767 -0.0130909 -0.0304811 0.0008265 -0.0124346 -0.0247809 0.0210195 -0.0048306 0.0169837 0.0320996 0.0090184
0.0278850 -0.0449247 -0.0295029 -0.0284837 -0.0520042 -0.0163366 0.0025392 -0.0222479 -0.0287091 -0.0055349 -0.0102400 -0.0161880 -0.0155208 -0.0716390 -0.0426679 -0.0776519 0.0306126 -0.0924214 -0.0007947 -0.0077503 -0.0043658 -0.0231549 0.0020325 0.0325545 0.0294578 -0.0017441 -0.0047409 1.0453105 0.1014080 0.0548556 -0.0766076 -0.0187731 -0.0079115 -0.0038253 -0.0174153 0.0097022 0.0106021 -0.0117016 0.0304404 -0.0280252 0.0013803 -0.0120638 -0.0304303 0.0375053 0.0065709 -0.0299354 -0.0152294 0.0122936 -0.0045004 0.0153581 0.0130464 0.0137237 -0.0075321 0.0034170 0.0087690 -0.0009402 0.0298537 -0.0088642 -0.0126081 0.0025047 -0.0213294 -0.0234854 -0.0153906 0.0124990 0.0216637 -0.0038390 -0.0332311 -0.0081444 0.0254890 0.0100160 -0.0036662 -0.0210059 0.0008518 0.0096297 0.0197174 0.0272122 0.0065431 -0.0288034 0.0185389 -0.0428661 0.0091491
-0.0375882 -0.0518672 -0.0531274 -0.0634962 -0.0350709 -0.0144957 0.0413226 -0.0207923 -0.0557754 -0.0210879 -0.1230146 -0.0043903 -0.0604331 -0.0919881 -0.0035167 -0.0551106 0.0458418 -0.1368316 0.0118738 0.0245041 -0.0204691 0.0162610 0.0929441 -0.0265380 0.0338106 -0.0002156 -0.0203985 0.1014080 1.2605979 -0.0966286 0.0077485 0.0652214 -0.0242254 -0.0069433 -0.0436302 -0.0128535 -0.0137802 -0.0060500 0.0139988 -0.0566712 0.0020555 -0.0292615 -0.0259173 0.0571928 -0.0061613 -0.0254442 -0.0382181 -0.0002571 0.0161402 0.0524231 0.0070462 0.0239656 -0.0202265 0.0036405 0.0098125 0.0045486 0.0005882 -0.0076969 -0.0260460 0.0096908 -0.0161221 -0.0074061 -0.0243901 0.0143572 -0.0063012 0.0312446 -0.0295911 -0.0021964 0.0097637 -0.0097107 -0.0259655 -0.0348993 -0.0310150 -0.0163646 0.0250978 0.0429506 -0.0038541 -0.0489798 -0.0137291 -0.0591760 0.0163772
0.0182181 -0.0145748 -0.0221266 -0.0812060 0.0404620 0.0610826 -0.0342585 0.0016225 0.0561836 -0.0462653 0.0971777 0.0004022 -0.0050982 -0.0363667 0.0430762 -0.0346297 -0.0475506 -0.0125081 0.0045739 -0.0521997 -0.0634559 0.0120938 -0.0280453 -0.1028618 -0.0679473 0.0132333 -0.0397718 0.0548556 -0.0966286 1.7076887 0.0216172 -0.0644002 -0.0264557 -0.0170545 -0.0127274 -0.0264313 -0.0202002 -0.0341117 -0.0234242 -0.0259030 -0.0043881 0.0457178 -0.0299567 -0.0401651 -0.0238156 -0.0431312 -0.0250712 0.0103116 -0.0330450 -0.0174244 -0.0337000 -0.0102637 -0.0440578 -0.0101029 -0.0051978 -0.0040751 -0.0349786 -0.0692710 0.0036264 -0.0522962 -0.0278775 -0.0437461 -0.0122458 -0.0446244 0.0635040 -0.0542403 -0.0086956 -0.0341763 -0.0237918 -0.0205345 -0.0394763 -0.0032257 -0.0341704 -0.0368203 -0.0187956 -0.0152786 -0.0157110 -0.0052661 -0.0187301 -0.0359137 -0.0435106
-0.0170638 -0.0534786 0.0024655 -0.0203894 0.0103523 -0.0029465 -0.0123622 -0.0010690 0.0646988 -0.0454266 0.1058229 -0.0328066 -0.0466519 0.0795196 0.1275915 0.0363833 0.0003700 0.0795052 -0.0904568 -0.0887755 -0.0422622 -0.0529887 -0.0050605 0.0001346 -0.0553229 -0.0860282 -0.0016028 -0.0766076 0.0077485 0.0216172 1.3882084 -0.0138278 0.0036513 -0.0296965 -0.0304442 -0.0496029 -0.0522230 -0.0010059 -0.0311871 0.0300088 -0.0311178 -0.0060405 -0.0090524 -0.0325944 -0.0537330 -0.0156251 -0.0399585 -0.0542197 -0.0028669 -0.0447101 -0.0324272 -0.0166320 0.0116951 -0.0424825 -0.0389872 -0.0277695 -0.0489739 -0.0491644 0.0060860 -0.0605150 0.0550445 0.0041777 -0.0099728 -0.0357707 -0.0286095 -0.0342755 0.0644927 0.0103486 -0.0343957 0.0171623 -0.0448015 -0.0065350 -0.0005942 -0.0287978 -0.0514120 -0.0793497 -0.0382881 0.0138863 -0.0155197 0.0244092 -0.0672436
-0.0517563 0.0009866 -0.0257319 -0.0469678 -0.0712857 -0.0040033 -0.0459497 0.0076293 -0.0001245 0.0088819 -0.0531182 -0.0330288 -0.0287611 -0.0278969 0.0001075 -0.0202521 -0.0030136 -0.0562475 0.0330581 -0.0140859 -0.0221368 -0.0242505 0.0193386 0.0340942 -0.0222793 0.0281876 0.0015132 -0.0187731 0.0652214 -0.0644002 -0.0138278 1.1286157 0.0160015 -0.0179718 -0.0263173 -0.0127848 -0.0353859 -0.0210529 0.0233683 -0.0119612 -0.0309931 -0.0208934 0.0261408 -0.0174687 -0.0190909 0.0146705 -0.0371246 0.0169651 -0.0133250 0.0585723 0.0048824 0.0161285 -0.0131750 -0.0152505 -0.0075791 -0.0071385 0.0064420 -0.0182190 -0.0067058 0.0176897 -0.0271609 0.0476096 -0.0187554 0.0071456 0.0321111 -0.0270116 -0.0525153 -0.0139990 -0.0281838 -0.0032495 0.0147741 0.0145134 -0.0160035 -0.0060042 0.0017454 -0.0133420 -0.0012636 -0.0241525 -0.0316507 -0.0012396 -0.0158683
0.0075369 -0.0070637 -0.0223904 -0.0138504 0.0012871 -0.0261089 0.0003639 -0.0121606 0.0066942 -0.0211610 -0.0021446 -0.0038019 -0.0079440 0.0135561 0.0024736 0.0035013 -0.0048317 0.0058215 -0.0360856 -0.0041431 -0.0109800 -0.0379154 -0.0088677 -0.0342042 -0.0190938 -0.0371252 0.0284478 -0.0079115 -0.0242254 -0.0264557 0.0036513 0.0160015 0.8208864 0.0031067 0.0072533 -0.0053664 0.0198270 0.0078054 -0.0286629 0.0029677 0.0069076 0.0064955 0.0104900 -0.0010767 -0.0138718 0.0071267 -0.0081222 -0.0027307 0.0223747 -0.0028866 0.0014980 -0.0063569 0.0376349 -0.0129567 -0.0132207 0.0195983 -0.0107167 -0.0025576 0.0276671 -0.0116899 -0.0016399 -0.0017923 0.0194917 -0.0143292 -0.0039363 -0.0013883 0.0060183 -0.0059235 -0.0042331 0.0026436 -0.0048137 0.0124503 -0.0137452 -0.0094473 -0.0141038 -0.0172917 -0.0203729 0.0056790 0.0063892 0.0281010 -0.0087858
-0.0037721 -0.0124047 -0.0397590 -0.0799853 -0.0560676 -0.0045748 -0.0343259 -0.0167234 -0.0988255 -0.0065187 -0.0466842 -0.0259198 -0.0388272 -0.0788220 -0.0275609 -0.0601419 0.0596583 -0.1046222 0.0312298 0.0091092 0.0652722 0.0002275 -0.0340375 0.0572673 -0.0262119 0.0078159 -0.0264011 -0.0038253 -0.0069433 -0.0170545 -0.0296965 -0.0179718 0.0031067 0.8215132 -0.0255387 0.0452752 0.0070452 0.0072128 0.0179641 -0.0311283 0.0214085 0.0169280 -0.0029423 0.0596997 0.0047631 -0.0306411 -0.0033171 0.0742402 0.0354138 0.0255342 0.0179365 0.0095286 0.0078903 -0.0027404 0.0358843 0.0166639 -0.0009973 0.0175750 0.0158305 0.0268563 -0.0439066 -0.0194532 -0.0011302 0.0097043 0.0200201 0.0354131 -0.0511613 0.0073254 -0.0092922 0.0095906 0.0063525 -0.0123601 -0.0009307 0.0126081 0.0375476 0.0519256 0.0145639 -0.0374465 -0.0074093 -0.0348449 0.0038352
-0.0202638 -0.0077939 -0.0274194 0.0103828 -0.0468344 -0.0101544 0.0267886 -0.0126136 0.0684107 -0.0360245 0.0632883 -0.0091794 -0.0083777 0.0206342 -0.0197588 0.0265452 -0.0330509 0.0277175 -0.0504376 0.0067074 -0.0176862 -0.0028900 -0.0068570 -0.0001212 -0.0032537 -0.0354812 0.0304438 -0.0174153 -0.0436302 -0.0127274 -0.0304442 -0.0263173 0.0072533 -0.0255387 0.8174048 0.0134214 -0.0204660 -0.0144321 -0.0494903 0.0061596 -0.0174143 0.0217191 -0.0243081 -0.0366485 0.0237093 0.0238558 0.0267148 -0.0286160 -0.0078626 -0.0273735 -0.0247897 -0.0203867 0.0215536 -0.0118647 -0.0068574 -0.0077462 -0.0117258 -0.0101682 0.0103364 -0.0245949 0.0007348 -0.0084274 0.0011224 -0.0057654 0.0018175 -0.0143320 0.0440005 0.0084948 0.0182987 -0.0125598 0.0135847 0.0009310 -0.0090495 -0.0126649 -0.0257292 -0.0230660 -0.0075427 0.0113331 0.0313408 0.0193577 -0.0228304
-0.0371469 -0.0366802 -0.0173881 -0.0365464 -0.0546237 0.0318110 -0.0179148 -0.0082274 -0.0388113 0.0234527 -0.0537475 -0.0134442 -0.0458648 -0.0802753 0.0157025 -0.0527742 0.0475174 -0.0917988 0.0185645 -0.0070249 0.0114369 0.0141088 -0.0183208 -0.0066359 -0.0242254 -0.0208236 -0.0118089 0.0097022 -0.0128535 -0.0264313 -0.0496029 -0.0127848 -0.0053664 0.0452752 0.0134214 0.6967744 0.0130952 0.0065241 0.0273114 -0.0257156 0.0348804 -0.0121937 0.0036316 0.0369049 0.0093024 -0.0221193 0.0051183 0.0289265 0.0069389 0.0132493 0.0488567 0.0177465 0.0046205 0.0195641 0.0250154 0.0115612 0.0429162 0.0130177 -0.0044858 0.0009707 -0.0267933 0.0183089 0.0029433 0.0107519 0.0408061 0.0028565 -0.0611755 0.0062478 0.0225143 0.0087853 0.0075879 -0.0078973 -0.0042704 0.0007121 0.0346357 0.0263726 0.0197880 -0.0304930 -0.0077645 -0.0307351 0.0081026
-0.0111391 -0.0295750 -0.0101228 -0.0108912 -0.0237719 0.0062293 0.0015989 -0.0076248 -0.0656153 -0.0123068 -0.0753696 -0.0140964 -0.0376329 -0.0413979 -0.0137011 -0.0305601 0.0109695 -0.0781268 0.0220800 0.0124731 0.0181009 -0.0097316 -0.0316931 0.0022169 -0.0208098 -0.0212677 -0.0302402 0.0106021 -0.0137802 -0.0202002 -0.0522230 -0.0353859 0.0198270 0.0070452 -0.0204660 0.0130952 0.8311529 -0.0008878 0.0360208 -0.0126328 -0.0084523 -0.0033554 -0.0153162 0.0250657 0.0180598 0.0193609 0.0250251 0.0050188 0.0134016 -0.0078604 0.0211649 0.0282360 0.0023165 0.0059381 0.0103287 0.0619542 0.0062808 0.0115872 -0.0147881 0.0029647 -0.0203371 -0.0053030 -0.0023774 0.0066118 -0.0082933 0.0074438 -0.0256783 0.0132856 -0.0024396 0.0354045 -0.0007874 -0.0086160 0.0104869 -0.0103766 0.0115068 0.0156024 -0.0046285 -0.0190830 0.0049426 -0.0252470 0.0210829
-0.0320166 -0.0420481 -0.0214241 -0.0142063 -0.0648433 0.0150251 -0.0161974 -0.0037174 -0.0568987 -0.0037719 -0.0462720 -0.0098283 -0.0043563 -0.0719477 -0.0102266 -0.0426588 0.0138342 -0.0478854 0.0075500 -0.0053733 0.0013761 0.0081245 -0.0304754 0.0187647 -0.0107610 -0.0167662 -0.0177908 -0.0117016 -0.0060500 -0.0341117 -0.0010059 -0.0210529 0.0078054 0.0072128 -0.0144321 0.0065241 -0.0008878 0.7467296 0.0020968 0.0184166 -0.0035521 0.0286233 0.0117673 0.0208366 0.0091621 -0.0104848 0.0025946 0.0153700 0.0177646 0.0250074 0.0296850 0.0009829 0.0052486 0.0024582 0.0089216 0.0063863 -0.0085631 0.0419088 -0.0035076 0.0120741 -0.0096767 0.0071564 0.0016134 0.0412111 0.0229085 0.0150529 -0.0199366 -0.0010264 -0.0058199 0.0111415 -0.0019066 -0.0073195 -0.0047363 -0.0052672 0.0142307 0.0026537 0.0190817 -0.0033141 -0.0087956 0.0075101 0.0104750
-0.0168274 -0.0501291 -0.0225728 -0.0805743 -0.0955612 0.0223774 -0.0345226 -0.0274802 -0.0732200 0.0563971 -0.1016703 -0.0234993 -0.0428762 -0.1459228 -0.0523843 -0.1023918 0.0262634 -0.1482347 0.0519703 -0.0031058 -0.0180074 -0.0379421 -0.0560163 0.0612183 -0.0100166 -0.0020855 0.0067843 0.0304404 0.0139988 -0.0234242 -0.0311871 0.0233683 -0.0286629 0.0179641 -0.0494903 0.0273114 0.0360208 0.0020968 0.9831142 -0.0473230 -0.0115411 -0.0146413 0.0096617 0.0871163 0.0043328 -0.0272134 -0.0143525 0.0311504 0.0180028 0.0645576 0.0222566 0.0347934 -0.0022751 0.0144855 0.0252040 0.0344138 0.0026930 0.0090601 -0.0003617 0.0171606 -0.0371095 -0.0134353 -0.0020494 0.0184677 0.0108326 0.0396174 -0.0737193 0.0148685 0.0313143 0.0324252 -0.0102972 0.0177531 0.0159438 0.0223187 0.0952233 0.0560669 0.0514528 -0.0277044 -0.0364017 -0.0414105 0.0318839
0.0005932 -0.0032019 -0.0258789 -0.0267363 -0.0456854 -0.0429666 -0.0272483 0.0131806 0.0047196 -0.0361742 0.0423352 0.0026542 0.0044134 0.0052354 0.0305588 0.0011697 -0.0353628 0.0350449 -0.0338431 -0.0255502 -0.0269315 -0.0169127 -0.0165137 -0.0260667 -0.0341602 -0.0204526 0.0009385 -0.0280252 -0.0566712 -0.0259030 0.0300088 -0.0119612 0.0029677 -0.0311283 0.0061596 -0.0257156 -0.0126328 0.0184166 -0.0473230 0.9093981 -0.0101971 0.0179941 -0.0048059 -0.0229148 0.0105455 0.0561273 -0.0132731 0.0130505 -0.0195144 -0.0360442 -0.0187459 -0.0075846 -0.0007736 -0.0117612 -0.0197063 -0.0084972 0.0418814 -0.0089542 0.0053893 -0.0129876 0.0078212 0.0496560 -0.0034319 -0.0159645 -0.0198461 -0.0107602 0.0247288 -0.0058321 0.0064468 0.0018431 -0.0149317 0.0351436 -0.0063955 -0.0196062 -0.0268691 -0.0073536 -0.0168274 0.0055723 0.0111894 0.0301359 0.0027418
-0.0322352 -0.0386420 0.0028259 -0.0445249 -0.0126200 -0.0156286 -0.0134183 -0.0176418 -0.0498354 -0.0173226 -0.0489427 -0.0141824 -0.0234173 -0.0347042 -0.0334865 -0.0332403 0.0084333 -0.0591977 0.0111224 0.0025810 -0.0089734 -0.0183756 -0.0294272 0.0488752 -0.0382071 -0.0099889 0.0244554 0.0013803 0.0020555 -0.0043881 -0.0311178 -0.0309931 0.0069076 0.0214085 -0.0174143 0.0348804 -0.0084523 -0.0035521 -0.0115411 -0.0101971 0.7960746 0.0277911 0.0043785 0.0322928 0.0213594 0.0177605 0.0012481 0.0062008 0.0029362 -0.0062075 0.0158472 -0.0081634 -0.0021857 0.0260528 0.0042206 -0.0005681 0.0072736 0.0032301 -0.0122973 -0.0039702 -0.0121325 0.0086935 0.0367905 0.0088353 -0.0062348 0.0181453 0.0016147 -0.0005125 0.0008736 -0.0121808 0.0043865 -0.0024722 -0.0014182 -0.0113249 0.0071524 0.0290574 0.0067991 0.0229982 -0.0001841 -0.0049261 0.0323699
-0.0036568 -0.0028919 -0.0284340 0.0219591 -0.0316103 -0.0267106 0.0007988 -0.0198012 -0.0232072 0.0048895 -0.0351453 -0.0102493 -0.0168080 0.0366081 -0.0202081 -0.0107047 -0.0083571 -0.0141414 -0.0105241 -0.0084522 -0.0227650 -0.0198458 -0.0184422 -0.0445261 -0.0106165 -0.0096434 0.0315609 -0.0120638 -0.0292615 0.0457178 -0.0060405 -0.0208934 0.0064955 0.0169280 0.0217191 -0.0121937 -0.0033554 0.0286233 -0.0146413 0.0179941 0.0277911 0.7893741 -0.0049583 -0.0116114 -0.0030014 0.0196328 -0.0040511 -0.0024193 0.0095071 0.0284572 -0.0053590 -0.0090316 -0.0157501 -0.0148392 -0.0072817 0.0094714 -0.0001642 -0.0123892 -0.0101897 -0.0088387 0.0007307 0.0054711 0.0145012 -0.0047299 -0.0182603 -0.0025651 0.0073108 -0.0023298 0.0039934 -0.0040738 -0.0051622 -0.0087331 -0.0093973 -0.0138976 0.0013811 -0.0137578 -0.0075631 -0.0006566 0.0177423 -0.0013737 0.0157446
-0.0266603 0.0000814 0.0242061 -0.0520570 -0.0490521 -0.0336556 0.0113942 0.0410583 -0.0384849 -0.0204349 -0.0085642 0.0081644 -0.0397278 -0.0428713 -0.0170033 -0.0194342 0.0082942 -0.0345476 -0.0069671 -0.0349640 -0.0304144 0.0052937 0.0178377 -0.0077931 -0.0356932 -0.0365127 0.0403054 -0.0304303 -0.0259173 -0.0299567 -0.0090524 0.0261408 0.0104900 -0.0029423 -0.0243081 0.0036316 -0.0153162 0.0117673 0.0096617 -0.0048059 0.0043785 -0.0049583 0.8406516 0.0513398 -0.0090600 -0.0170268 -0.0044853 -0.0225319 -0.0014145 -0.0102027 -0.0019149 -0.0079161 -0.0080208 -0.0042126 0.0296580 -0.0064953 -0.0123842 -0.0049067 0.0114447 0.0263884 -0.0161247 0.0041295 -0.0075574 -0.0110710 0.0547609 0.0062634 -0.0011205 -0.0025234 -0.0098732 0.0115217 0.0131137 -0.0084514 0.0168311 -0.0015446 -0.0106865 -0.0039187 -0.0122157 0.0346502 -0.0211655 -0.0102353 0.0040072
-0.0322504 -0.0615435 -0.0287939 -0.0697069 -0.0679115 -0.0056403 -0.0360417 -0.0099097 -0.0972069 0.0174429 -0.0814220 -0.0229862 -0.0385299 -0.1219304 -0.0538293 -0.0747683 0.0394088 -0.1201817 0.0551872 0.0268509 0.0210352 -0.0245726 -0.0135627 0.0441852 -0.0107258 -0.0332262 -0.0165328 0.0375053 0.0571928 -0.0401651 -0.0325944 -0.0174687 -0.0010767 0.0596997 -0.0366485 0.0369049 0.0250657 0.0208366 0.0871163 -0.0229148 0.0322928 -0.0116114 0.0513398 0.7864956 0.0359003 -0.0259159 -0.0080547 0.0191392 0.0182988 0.0366990 0.0253305 0.0292971 0.0119847 0.0448203 0.0352133 0.0308845 0.0076586 0.0209660 -0.0102755 -0.0052158 -0.0375918 0.0171568 0.0138037 0.0229648 0.0138961 0.0507019 -0.0810462 0.0029489 -0.0167769 0.0183366 -0.0010705 -0.0060649 0.0194228 0.0245068 0.0479071 0.0429035 0.0514263 -0.0426081 -0.0217691 -0.0406902 0.0267753
-0.0337416 -0.0248259 -0.0060970 -0.0422591 -0.0438316 0.0225144 -0.0205225 -0.0118113 -0.0734897 -0.0018991 -0.0659724 -0.0057966 -0.0246253 -0.0144955 -0.0478123 -0.0368613 0.0176400 -0.0764296 0.0146796 0.0028975 0.0024975 -0.0036078 -0.0025734 -0.0150647 -0.0026134 -0.0041258 -0.0045500 0.0065709 -0.0061613 -0.0238156 -0.0537330 -0.0190909 -0.0138718 0.0047631 0.0237093 0.0093024 0.0180598 0.0091621 0.0043328 0.0105455 0.0213594 -0.0030014 -0.0090600 0.0359003 0.6772211 -0.0104549 0.0307849 0.0097030 0.0145827 0.0106659 0.0211548 0.0141975 -0.0018286 0.0051504 0.0151669 0.0193411 0.0212613 0.0026792 0.0280135 0.0007563 -0.0160680 0.0005943 0.0072539 0.0309294 0.0022657 0.0206498 -0.0337478 0.0065659 0.0152375 0.0029381 0.0019515 -0.0086055 0.0068564 0.0258165 0.0279674 0.0315218 0.0089429 -0.0126374 0.0091119 -0.0165237 0.0088247
-0.0198110 -0.0067891 -0.0277740 0.0154023 -0.0171864 -0.0346280 0.0304580 -0.0170838 0.0108268 -0.0109027 0.0015468 -0.0092973 0.0073326 0.0031927 -0.0132935 -0.0103901 -0.0272316 0.0225414 -0.0229155 -0.0252861 -0.0243443 -0.0188441 -0.0280983 -0.0215795 -0.0337208 0.0262380 -0.0121898 -0.0299354 -0.0254442 -0.0431312 -0.0156251 0.0146705 0.0071267 -0.0306411 0.0238558 -0.0221193 0.0193609 -0.0104848 -0.0272134 0.0561273 0.0177605 0.0196328 -0.0170268 -0.0259159 -0.0104549 0.8816358 -0.0157950 -0.0305916 -0.0035598 0.0086236 -0.0119922 -0.0105499 -0.0092867 0.0121550 -0.0122564 -0.0190942 0.0486441 -0.0087505 -0.0009175 -0.0090532 0.0121654 0.0050686 -0.0000498 -0.0059048 -0.0181606 -0.0074267 0.0295671 0.0289158 -0.0097570 0.0071841 -0.0135695 0.0241716 -0.0179228 -0.0148721 -0.0115223 -0.0165853 -0.0057778 0.0046210 0.0074959 0.0149384 -0.0141662
