1.0153799 -0.0865104 0.0592993 0.0115543 -0.0555105 -0.0057037 -0.0573210 0.0181882 -0.0205926 -0.0649330 0.1419171 0.0547871 0.1844711 -0.0255327 -0.0535802 -0.0183490 0.0688113 0.0527856 -0.0928264 -0.1040940 -0.1034326 -0.0116863 0.0293254 -0.0347761 0.0039335 -0.1024949 -0.0074047 0.0740208 0.0126575 0.0269771 -0.0466486 0.0101936 0.1236819 0.0057508 -0.0384924 -0.0517323 0.0075214 -0.0472557 -0.0253157 0.0284928 -0.0855855 0.0244335 -0.0002762 0.0140920 -0.0752263 -0.0353189 -0.0511413 -0.0244369 0.0839654 0.1032593 0.0045120 0.0610327 0.0242334 0.0870964 -0.0153514 0.0441666 -0.1258054 0.0113313 0.0972416 0.0742193 -0.0556046 -0.0243345 -0.0257412 -0.0355741 -0.0885980 -0.0182827 -0.1389789 -0.0494696 0.0498219 -0.0518749 -0.0053837 -0.0484725 -0.0625163 -0.0481941 -0.0288343 -0.0064523 -0.0339525 -0.0623684 -0.0017476 0.0561745 -0.0589469
-0.0865104 1.0370468 -0.0209535 0.0593602 0.0558573 0.0185796 0.0793897 -0.0406762 0.0207850 0.0167265 -0.0814259 -0.0293567 -0.0268140 0.0191631 -0.0987353 -0.0332509 0.0129234 0.0163870 -0.0162917 0.0769539 -0.0371659 0.0540459 0.0367677 0.0082738 -0.0179976 0.0782312 -0.0338272 0.0055763 0.0271404 0.0772721 -0.0376254 0.1260795 0.0294654 0.0154544 0.0756673 -0.0052324 -0.0971089 -0.0531378 -0.1524347 -0.0228895 -0.0682546 0.0738769 0.0356621 -0.0719939 -0.0886476 0.0999104 -0.0540979 -0.0444357 -0.0794957 -0.0691393 -0.0305629 -0.1223851 -0.1061060 -0.0063714 -0.0341217 -0.0120172 0.0324850 -0.0439704 0.0284333 -0.0501385 -0.0352403 -0.0182243 -0.0389921 -0.0207128 0.1392228 0.0072342 -0.0233855 0.0420857 -0.0758317 0.1160055 0.0861909 0.0538895 -0.0473343 -0.0255301 -0.0484339 -0.1034475 -0.0440121 -0.0190177 -0.0394179 -0.0533210 -0.0499097
0.0592993 -0.0209535 0.8007342 0.0273559 0.0568531 0.1012151 0.0514600 0.0038087 0.0551775 -0.0123638 0.1120072 0.0511465 -0.0082254 0.0240826 0.0441310 -0.0231712 -0.0369107 0.0344106 0.0255498 -0.1021637 -0.0750486 -0.0539154 -0.0958692 -0.0785856 -0.0778962 -0.1320175 0.0624006 0.0529932 -0.0298060 -0.0984640 0.0405884 0.0227405 -0.0494815 -0.0536693 -0.0306758 0.0451016 -0.0310843 -0.0376015 -0.0598150 -0.0135126 -0.0002143 -0.0727429 0.0300471 -0.1338613 -0.0457293 -0.0600418 0.0016453 0.0369568 -0.1215532 -0.0479431 0.0924375 -0.0728447 -0.0331121 0.0215280 0.0969990 -0.0374376 0.0214156 0.0488512 0.0345380 0.0675594 0.1013046 -0.0059099 -0.0106267 -0.0507630 -0.1053904 -0.0920371 -0.0563167 -0.0548078 0.1632053 0.0221458 -0.0180585 -0.0489507 0.0932907 0.0316392 -0.0270641 -0.1161342 -0.0610070 -0.0069799 0.0270242 -0.0840818 0.0284547
0.0115543 0.0593602 0.0273559 1.0299637 -0.0950274 0.0126773 0.0475776 -0.0414210 0.1334826 -0.0100986 0.1141387 -0.0281785 0.0595753 0.0251824 -0.0903460 0.1484554 -0.1428998 0.0732866 -0.0484816 -0.0460774 -0.0365098 0.0341219 -0.0066459 -0.1470475 -0.0573545 0.0119639 -0.0185098 -0.0282393 -0.0477866 -0.0232609 0.0115362 0.0683373 -0.0507282 -0.2208362 0.1386352 -0.0827806 -0.1325201 0.0160187 -0.0600872 0.0372863 -0.0714158 0.1435315 -0.0804912 -0.1353504 -0.0067340 0.0643406 0.0800766 -0.0995568 -0.0657378 0.0861706 -0.1372108 -0.0500537 -0.1190543 -0.0685418 -0.0759511 -0.0374321 0.0703890 0.0311746 -0.0483794 -0.0913986 0.0139830 0.0581945 0.0527351 -0.0206179 -0.0159449 -0.0457280 0.1069326 -0.0526192 0.0273376 -0.0445354 -0.0526000 -0.0445281 0.1155780 0.1109800 -0.0692486 -0.1778304 -0.0628723 0.0989201 0.0496115 0.0431127 -0.0119914
-0.0555105 0.0558573 0.0568531 -0.0950274 0.7844728 0.0262861 0.0077587 0.0095506 -0.0231163 0.0149654 -0.0200613 0.0027897 -0.0156343 -0.0566253 -0.1003676 0.0361013 0.0559282 -0.0639566 -0.0111230 0.0223369 -0.0636339 -0.0253990 0.0099421 0.0276685 -0.0148323 -0.1043400 -0.0757276 0.0938150 -0.0958586 0.1393182 0.0063195 -0.0795951 -0.0538398 -0.0411646 -0.0437254 -0.0247080 0.1138533 -0.0562744 -0.0412529 -0.0667997 0.0457369 -0.0095461 -0.0631936 0.0001284 0.0217835 -0.1175526 -0.0064484 0.0854007 -0.0690367 -0.0158367 0.0495680 -0.0240342 -0.0218838 -0.0145084 0.0304419 -0.0125312 -0.0474642 -0.0070147 -0.0370367 0.0530221 0.0423657 -0.0995739 -0.0132838 0.0845003 -0.0430448 0.0321446 -0.0665262 0.0088173 0.0375144 -0.0223004 0.0606923 -0.0050010 0.0433569 0.0538095 0.0273677 0.0405363 0.0364193 -0.0027742 -0.0209971 -0.0807987 -0.0251321
-0.0057037 0.0185796 0.1012151 0.0126773 0.0262861 0.8722067 -0.0322798 0.1054109 -0.0536872 -0.0525582 -0.0722965 -0.0421959 0.0248548 -0.0285309 0.0231842 -0.1423332 0.0459611 -0.0890070 -0.0379440 0.0512792 -0.0647754 0.0286626 -0.1102816 0.0029668 0.0252357 -0.0792327 -0.0193205 0.0575090 0.0614644 0.1814039 -0.0132877 0.0117506 -0.0424284 0.0112808 -0.0767530 0.0825616 0.1231003 -0.0244341 0.0053354 -0.0425593 0.0044081 -0.0836826 -0.0195611 0.0301788 0.0011353 -0.0834549 -0.0396416 0.1646722 -0.0697689 -0.0053403 0.1421786 0.0086394 0.0429045 -0.0007679 0.0811257 -0.0780876 0.0234186 0.0172003 -0.0141666 -0.0557514 -0.0706066 0.0250057 -0.0660808 -0.0655786 -0.0009242 -0.0783030 -0.0967315 0.0698120 -0.0274737 -0.0323280 -0.0115021 -0.0610002 -0.0609322 -0.0187663 0.1202183 0.0023956 -0.0188060 -0.0753487 -0.0511028 -0.1108200 0.0559278
-0.0573210 0.0793897 0.0514600 0.0475776 0.0077587 -0.0322798 0.7265406 -0.0261586 -0.0187485 -0.0310493 -0.0297028 0.0153815 0.0443198 0.1061599 -0.0703528 -0.0028134 -0.0294271 0.0356510 0.0143882 -0.0466352 -0.0260014 -0.0232739 0.0267405 0.0021268 -0.0230281 -0.0409783 -0.0266795 -0.0004882 -0.0669963 -0.0246515 0.0359453 -0.0059793 -0.0118375 -0.1065286 0.0172487 -0.0261587 -0.0484847 0.0261930 -0.0137171 -0.0376564 -0.0150965 0.0352121 0.0068982 -0.0878968 -0.0155699 0.0366841 0.0313757 -0.0963277 0.0609595 -0.0696707 -0.0450933 -0.1033787 -0.0320858 0.0525490 -0.0333042 -0.0164159 -0.0478595 0.0040586 0.0136972 -0.0277104 0.0763069 0.0496805 0.0003509 -0.0196014 -0.0586556 0.0320243 0.1280899 -0.0065892 -0.0277076 0.0532807 0.0546196 0.0393726 0.0375022 -0.0436353 -0.0591485 -0.0962499 -0.0499174 0.0124311 0.0522929 0.0025575 0.0300096
0.0181882 -0.0406762 0.0038087 -0.0414210 0.0095506 0.1054109 -0.0261586 0.6562703 -0.0067376 -0.0257963 -0.0426953 0.0029729 -0.0044090 0.0193881 -0.0175207 0.0080259 0.0170201 0.0231373 -0.0305955 0.0110304 -0.0574284 -0.0282577 0.0526336 -0.1413528 0.0321049 -0.0288639 -0.0091688 -0.0333539 -0.0399152 0.0338557 0.0169041 0.0633009 0.0292774 -0.0948310 0.0405012 -0.0533224 0.0436420 0.0055567 -0.0964708 0.0113236 -0.0405148 -0.0106590 -0.0029931 -0.0422754 -0.0099989 0.0213376 -0.0028352 -0.0392421 -0.0551619 -0.0066293 -0.0271786 -0.0649668 -0.0363184 0.0159598 -0.0043226 -0.0378020 -0.0335823 0.0243483 0.0075889 0.0321084 -0.0041964 0.0067924 0.0290009 0.0235113 -0.0477964 0.0222787 -0.0543464 0.1326295 0.0331153 0.0208438 0.0604338 0.0104403 -0.0253280 -0.0324950 -0.0088164 -0.0503847 0.0158233 -0.0155492 -0.0266683 0.0621360 -0.0310557
-0.0205926 0.0207850 0.0551775 0.1334826 -0.0231163 -0.0536872 -0.0187485 -0.0067376 0.9261671 -0.0949401 0.1381235 -0.0319249 -0.0407859 0.1119631 0.1545721 0.2037517 -0.2317389 0.2653215 -0.2215063 -0.0526188 -0.0418152 -0.0583431 0.0277269 -0.2176754 -0.0663285 -0.0402723 0.0343949 -0.1093970 -0.0209028 0.0078158 0.1314123 0.1266215 0.1120422 -0.2302385 0.1322352 -0.1536840 -0.0946191 0.0009723 -0.2375217 0.1193437 -0.0300731 0.0395714 0.0243421 -0.1349889 -0.0469803 0.1322757 0.1094004 -0.1644083 -0.1240431 -0.0790139 -0.0671866 -0.1140357 -0.0926998 -0.0455515 -0.1108854 -0.0758076 -0.0315990 0.0079721 0.0373800 0.0064824 0.0392922 0.1090005 0.0727835 0.0677920 -0.0564043 0.0060649 0.1494409 -0.0381193 0.0539636 -0.0283919 -0.0519271 0.0219980 0.0420433 -0.0066772 -0.1877606 -0.2691474 -0.0241102 0.1544898 -0.0089315 0.1453257 -0.0370326
-0.0649330 0.0167265 -0.0123638 -0.0100986 0.0149654 -0.0525582 -0.0310493 -0.0257963 -0.0949401 0.8955411 -0.1078849 0.0508269 -0.0167043 -0.0761395 -0.1508507 -0.0521997 0.1009374 -0.0633565 0.0761476 -0.0032121 -0.0550584 0.0475034 0.0340035 -0.0070249 -0.0616052 0.0398785 0.0074427 -0.0485184 -0.0556667 -0.0193394 0.0022101 -0.0980934 -0.0699730 0.0783975 -0.1148785 0.0401306 0.0163481 0.0211114 0.1094965 -0.0735836 -0.0121586 -0.0498410 -0.0150766 0.0338323 -0.0383477 0.0100326 0.0474520 0.0890855 0.0069115 -0.0351627 -0.0580489 0.0783307 0.0456510 0.0002920 0.0166424 0.0089745 -0.0155678 -0.0354847 -0.0133159 -0.0197296 0.0431183 0.0157559 -0.0277869 0.0034116 -0.0178220 0.1163225 -0.0712049 -0.0105970 -0.0608908 -0.0184514 -0.0190851 -0.0167324 -0.0166617 0.1056795 0.0402933 0.0974590 0.0041458 -0.0198711 0.0169540 -0.0950006 0.0107126
0.1419171 -0.0814259 0.1120072 0.1141387 -0.0200613 -0.0722965 -0.0297028 -0.0426953 0.1381235 -0.1078849 0.9231300 -0.0473764 -0.0218012 0.0621308 0.0407897 0.0963716 -0.1176828 0.1524530 -0.0965799 -0.0004733 0.1000656 -0.0488955 -0.0837365 0.0151716 -0.1141607 -0.0071684 0.0681773 0.0373308 -0.0415581 -0.0884479 -0.0177644 -0.0713943 -0.0181101 -0.0698132 0.1227314 -0.0252879 -0.0510047 0.0119201 -0.1685773 0.0778927 -0.0431712 0.0075705 -0.1085349 -0.1665377 -0.0042901 0.1108002 0.0140223 -0.0801387 -0.0714590 0.0172170 -0.1251669 -0.0877367 0.0183729 0.0043544 -0.0738590 -0.1190307 -0.0383436 0.0280429 0.0234789 0.0730894 0.0027626 0.0673400 0.0014852 -0.0004263 -0.0396208 0.0101605 0.1009993 0.0012584 0.1122726 -0.0603722 0.0075296 -0.0348435 -0.0528250 0.0465256 -0.1170623 -0.1459679 0.1026670 0.0557765 0.0097785 0.1135760 -0.1165787
0.0547871 -0.0293567 0.0511465 -0.0281785 0.0027897 -0.0421959 0.0153815 0.0029729 -0.0319249 0.0508269 -0.0473764 0.8528387 0.0229790 -0.0492631 0.0374863 0.0497784 -0.0034073 -0.0237410 -0.0546459 -0.0084613 -0.0254591 0.0125476 0.0996546 0.0472724 -0.0037567 -0.0686325 -0.0517321 -0.0002749 0.0409748 -0.0757020 -0.0268386 -0.0811336 -0.0252910 -0.0489409 -0.0123943 -0.0429761 0.0191452 -0.0066248 -0.0281050 0.0596524 -0.0454355 -0.0097242 0.1000465 -0.0594396 -0.0045769 -0.0286184 -0.0174591 0.0246193 -0.0639550 -0.0118396 0.0000563 -0.0079913 -0.0281295 -0.0228535 0.0361799 -0.0103887 -0.0698150 -0.0077221 0.0359978 -0.0106366 0.0308830 -0.0245168 -0.0417161 0.0104260 0.0134530 -0.0188169 0.0481304 -0.0071931 0.0455637 0.0539616 -0.0037721 -0.0163934 -0.0026361 0.0466552 -0.0129037 -0.0073373 0.0010398 0.0472849 -0.0449955 0.0003772 -0.0175627
0.1844711 -0.0268140 -0.0082254 0.0595753 -0.0156343 0.0248548 0.0443198 -0.0044090 -0.0407859 -0.0167043 -0.0218012 0.0229790 0.8571123 0.0113222 0.0156507 0.0584621 -0.0395223 0.0158025 -0.0961353 -0.1281503 0.0141493 0.0045728 -0.0112456 -0.0728181 0.0042778 -0.0586524 -0.0366435 -0.0192379 -0.1219544 0.0455566 0.0406032 -0.0554114 -0.0190713 -0.0869553 0.0246570 -0.1310995 -0.0542749 -0.0496908 -0.0128406 0.0629652 -0.0013718 -0.0187778 -0.0833740 -0.0442065 -0.0154846 -0.0009380 0.0837610 0.0006402 0.0042596 -0.0727465 -0.0539759 0.0078976 -0.0453627 0.0354047 -0.0632922 -0.0352428 0.0392713 -0.0547213 0.0235220 -0.0276742 0.0390607 0.0711890 0.0245146 -0.0669980 -0.0345208 0.0454830 0.0482021 0.0071852 -0.0299636 -0.0509973 -0.0558969 0.0410422 0.1545154 -0.0481158 -0.0041317 -0.0065854 -0.0045017 0.0193076 0.0272218 0.0912156 -0.0267652
-0.0255327 0.0191631 0.0240826 0.0251824 -0.0566253 -0.0285309 0.1061599 0.0193881 0.1119631 -0.0761395 0.0621308 -0.0492631 0.0113222 1.0368193 0.0248654 0.0909426 -0.1450957 0.1605569 -0.2010199 -0.0072131 -0.1043791 -0.1931526 0.0456765 -0.0758543 -0.0681889 -0.0447821 0.0751147 -0.0876300 -0.1626841 0.0954734 0.1070653 -0.0411957 0.0503106 -0.0386833 0.1502369 -0.1377921 0.0075468 -0.0337778 -0.2101673 0.0157947 0.0351006 0.1883853 0.0405926 -0.1863350 -0.0148058 0.0373191 0.0318893 -0.1444088 0.0444053 -0.0925266 -0.0954819 -0.1997879 -0.0628897 -0.0175747 -0.1120908 0.0013763 -0.0517848 -0.0380125 0.0207509 0.0554105 0.0405442 0.1052866 0.0699677 -0.0219830 0.0003583 -0.1119671 0.1381671 0.0754771 0.0691011 -0.0042995 0.0024803 0.0834388 -0.0396740 -0.1243151 -0.1670911 -0.1409198 -0.0794578 0.1274736 0.1997233 0.1037162 -0.1019880
-0.0535802 -0.0987353 0.0441310 -0.0903460 -0.1003676 0.0231842 -0.0703528 -0.0175207 0.1545721 -0.1508507 0.0407897 0.0374863 0.0156507 0.0248654 1.2407178 -0.0420203 -0.1521681 0.0443208 -0.1024039 -0.0686397 0.1202594 -0.2252932 -0.1197766 -0.0114643 -0.1146724 -0.0286427 -0.0119568 0.0117775 -0.0868642 0.0612605 0.1690630 0.0343118 0.0374124 -0.0963851 -0.0196882 -0.0150668 -0.0307556 -0.0221941 0.0224038 0.0643509 -0.0285280 0.0255481 0.0792827 -0.0723854 -0.0655739 0.0203798 -0.0730512 -0.0100885 -0.1051383 -0.0158121 0.0221566 -0.0295393 0.0048799 0.0601083 0.0124366 -0.0591577 0.0033373 0.0026074 -0.0426924 -0.0858023 0.1074517 0.0344770 0.1484988 0.0072621 -0.0344771 -0.0567002 0.0078143 -0.0582064 0.1131735 0.0487717 -0.0365097 0.0032088 -0.0462319 -0.0631947 -0.1288971 -0.0940908 0.0131619 0.0871997 -0.0880587 0.0860813 0.0342159
-0.0183490 -0.0332509 -0.0231712 0.1484554 0.0361013 -0.1423332 -0.0028134 0.0080259 0.2037517 -0.0521997 0.0963716 0.0497784 0.0584621 0.0909426 -0.0420203 1.1187410 -0.1814085 0.1591791 -0.1731789 -0.0109497 -0.0952023 -0.0797748 0.0918729 -0.2742903 -0.0370516 0.1092335 -0.0680729 -0.2109411 -0.0177485 0.0234438 0.0934283 -0.0184776 -0.0023566 -0.2108092 0.2004955 -0.1945129 -0.1675194 -0.0448206 -0.2015894 0.1252266 -0.0484423 0.1078683 0.0139486 -0.2127762 0.0369341 0.0233345 0.0903041 -0.1068164 -0.0585367 -0.0605997 -0.1610414 -0.0837727 -0.1295072 -0.0382957 -0.1394586 -0.0463745 0.1122712 -0.0094445 0.1039625 -0.0574339 0.0548570 0.0247268 0.0250635 0.0220907 -0.0549838 -0.0179304 0.2101571 0.0469148 0.0451813 -0.0387667 -0.0161726 -0.0153818 0.1675262 0.0224062 -0.1944959 -0.2987836 -0.0239536 0.2159130 -0.0410795 0.1721177 -0.1007903
0.0688113 0.0129234 -0.0369107 -0.1428998 0.0559282 0.0459611 -0.0294271 0.0170201 -0.2317389 0.1009374 -0.1176828 -0.0034073 -0.0395223 -0.1450957 -0.1521681 -0.1814085 1.3234035 -0.1724030 0.1812741 -0.0559635 0.0515639 0.0558578 0.0081484 0.1439164 0.0290414 -0.1023780 -0.1356116 0.0636495 0.0998337 -0.0671362 -0.1028926 -0.0984774 -0.0106164 0.2824509 -0.2062805 0.3393015 0.1205097 0.0409639 0.0888316 -0.2028815 0.0208549 -0.1366629 0.0795263 0.1320759 -0.0239812 -0.1515600 -0.0989149 0.0935302 0.1476903 0.1772768 0.1369942 0.1304090 0.0047887 0.0595707 0.1192122 -0.0102488 0.0105584 -0.0350226 -0.0041811 0.0457004 0.0219324 -0.0908816 -0.1292713 -0.1151290 -0.0179846 -0.0873633 -0.2731552 0.0105920 -0.0451981 0.0142672 0.0062166 -0.0189139 -0.1094739 0.0654245 0.1791503 0.2478757 0.0731097 -0.2142928 -0.0699752 -0.1953373 0.0954769
0.0527856 0.0163870 0.0344106 0.0732866 -0.0639566 -0.0890070 0.0356510 0.0231373 0.2653215 -0.0633565 0.1524530 -0.0237410 0.0158025 0.1605569 0.0443208 0.1591791 -0.1724030 1.0009608 -0.1340842 -0.0331717 -0.1013584 -0.0471411 0.0329468 -0.1622573 -0.0938922 -0.0108350 0.0140278 -0.1936426 -0.1138200 -0.0020021 0.1666913 0.0059886 0.0680681 -0.1987763 0.1193985 -0.2117590 -0.1466294 0.0586671 -0.2295323 0.1300544 -0.0336913 0.0804459 -0.0140446 -0.2008181 -0.0116735 0.1883269 0.0471252 -0.1283689 -0.0187311 -0.0914325 -0.1278249 -0.1847129 -0.0510772 0.0067113 -0.1134363 -0.0692955 -0.0130483 -0.0146175 0.0080224 0.0474761 0.0460405 0.1343926 0.0948165 0.0413030 -0.0336928 0.0749061 0.2228561 -0.0118377 0.1068655 0.0062159 -0.0106106 0.0237338 0.0397268 -0.1065651 -0.1627673 -0.2337528 -0.0644944 0.1894035 0.0073145 0.2012139 -0.1014095
-0.0928264 -0.0162917 0.0255498 -0.0484816 -0.0111230 -0.0379440 0.0143882 -0.0305955 -0.2215063 0.0761476 -0.0965799 -0.0546459 -0.0961353 -0.2010199 -0.1024039 -0.1731789 0.1812741 -0.1340842 0.9114638 0.0478639 0.1144436 0.0680024 -0.1327632 0.1869971 0.0177228 -0.0432695 -0.0873735 0.0772013 0.0968319 -0.1025135 -0.1331240 -0.1558473 -0.0420084 0.1977416 -0.1107606 0.2255203 0.1032260 0.1292420 0.0958355 -0.1365048 0.1120609 -0.0870056 0.0849251 0.1768989 0.0023679 -0.1074608 -0.0295318 0.1248640 0.0545148 0.0380498 0.1075111 0.1329949 0.0640969 0.0256088 0.0559651 0.0893603 -0.0383018 -0.0043201 -0.0772600 -0.0298211 -0.0631406 -0.0915592 -0.0400555 -0.0696273 0.0148757 -0.0176800 -0.2346926 -0.0391217 -0.1007767 -0.0072147 0.0234336 -0.1013651 0.0161813 0.0698556 0.1636648 0.2276971 -0.0168890 -0.1775514 -0.0159807 -0.1828230 0.0952988
-0.1040940 0.0769539 -0.1021637 -0.0460774 0.0223369 0.0512792 -0.0466352 0.0110304 -0.0526188 -0.0032121 -0.0004733 -0.0084613 -0.1281503 -0.0072131 -0.0686397 -0.0109497 -0.0559635 -0.0331717 0.0478639 0.9634442 0.0493782 -0.0102419 0.0228513 0.0264597 -0.0761290 -0.0351148 0.0769175 -0.0559769 0.1184455 -0.1218526 -0.0788791 -0.0216860 -0.0620044 -0.0730918 0.2133647 -0.0447164 -0.0134803 -0.0046159 -0.1046772 0.0092221 0.0699828 0.0326453 -0.0890705 0.0138607 0.0133365 0.0200997 -0.0118968 0.0116246 -0.0718700 -0.0659058 0.0051639 -0.0268294 -0.0337066 -0.0218080 0.0353818 -0.0299468 -0.0226812 0.0017482 0.0318342 -0.0457125 -0.0800667 0.0953442 0.0077895 0.1121248 0.0637565 0.0117957 -0.0404118 0.1237584 -0.0146271 0.0002780 0.0871059 -0.0070368 -0.0844781 -0.0069176 -0.0277609 -0.0024235 -0.0077218 -0.0419480 0.0201337 -0.0195422 0.0963199
-0.1034326 -0.0371659 -0.0750486 -0.0365098 -0.0636339 -0.0647754 -0.0260014 -0.0574284 -0.0418152 -0.0550584 0.1000656 -0.0254591 0.0141493 -0.1043791 0.1202594 -0.0952023 0.0515639 -0.1013584 0.1144436 0.0493782 1.1969644 0.0057463 -0.0439522 0.1495764 -0.0556130 -0.0836210 -0.0883969 0.0620841 0.0205515 -0.0487892 -0.0746796 -0.0350539 -0.0012632 0.2468380 -0.0275363 0.1623483 0.0553956 0.0687101 -0.0577578 -0.1115172 -0.0043034 -0.1381120 -0.0853956 0.1414985 -0.0271425 -0.0523037 -0.0294866 0.0333524 0.0290594 -0.0044084 0.0603502 0.1529731 0.0274395 -0.0584622 0.1081433 -0.0769955 -0.0382639 -0.0385341 0.0231829 -0.0908117 -0.0246128 -0.0489633 0.0050061 -0.0542360 -0.0249448 0.0140210 -0.0770105 0.0010278 -0.0652357 -0.0025944 0.0797458 0.0088980 -0.0317847 0.0264427 0.1182018 0.1113923 0.1055858 -0.1008905 -0.0876359 -0.0763143 0.0155081
-0.0116863 0.0540459 -0.0539154 0.0341219 -0.0253990 0.0286626 -0.0232739 -0.0282577 -0.0583431 0.0475034 -0.0488955 0.0125476 0.0045728 -0.1931526 -0.2252932 -0.0797748 0.0558578 -0.0471411 0.0680024 -0.0102419 0.0057463 1.2709180 -0.0086703 -0.0953916 -0.0263480 0.0760090 -0.0662164 0.0153004 0.1761473 0.0504194 -0.0624590 -0.0451453 -0.0883416 0.1153162 -0.0975262 0.0424296 -0.0203308 -0.0059539 -0.0564718 0.0707455 -0.0355391 -0.0513873 0.0294444 -0.0178006 0.0224298 -0.0060217 0.0026590 -0.0490792 0.0714906 0.0695197 -0.0230307 0.0123215 0.0504750 -0.1091634 0.0177977 0.1143076 0.0330842 -0.0684152 0.0256222 -0.0188636 -0.0548142 -0.0580096 -0.1128683 0.0036991 0.1187178 0.0518850 -0.0240090 0.0356932 -0.0402877 -0.0174477 -0.0351067 -0.0310908 0.0176665 0.0122082 0.0305877 0.1003512 -0.0591407 -0.0468195 -0.1047407 -0.0814914 -0.0238465
0.0293254 0.0367677 -0.0958692 -0.0066459 0.0099421 -0.1102816 0.0267405 0.0526336 0.0277269 0.0340035 -0.0837365 0.0996546 -0.0112456 0.0456765 -0.1197766 0.0918729 0.0081484 0.0329468 -0.1327632 0.0228513 -0.0439522 -0.0086703 0.8754432 -0.0582037 0.1123433 -0.0330787 0.0399833 0.0381400 0.0549905 -0.1496684 -0.0202234 0.0265967 0.0193850 -0.0627799 0.0178950 -0.0352474 -0.0389588 -0.0373541 -0.1356560 0.0394836 -0.0636249 -0.0296350 0.0614033 0.0030985 0.0323702 -0.0176544 -0.0164985 0.0398970 -0.0201601 -0.0180704 -0.0547477 -0.0428193 -0.0092159 -0.0264501 -0.0336496 0.0146177 -0.0257435 -0.0416267 0.0272870 0.0602601 -0.0296364 -0.0176981 -0.0049596 0.0077050 -0.0621731 -0.1361632 -0.0084465 0.1095863 -0.0065085 0.0466328 0.0140030 0.0130624 -0.0868004 0.0374326 -0.0616592 0.0390167 -0.0325761 -0.0382525 0.0417330 0.0306529 -0.0431569
-0.0347761 0.0082738 -0.0785856 -0.1470475 0.0276685 0.0029668 0.0021268 -0.1413528 -0.2176754 -0.0070249 0.0151716 0.0472724 -0.0728181 -0.0758543 -0.0114643 -0.2742903 0.1439164 -0.1622573 0.1869971 0.0264597 0.1495764 -0.0953916 -0.0582037 1.2917244 0.0326453 -0.0966786 -0.0921397 0.2337642 -0.0167415 -0.1681880 -0.1518614 -0.0435080 -0.0603914 0.3033358 -0.1859843 0.1998108 0.2228167 0.0915223 0.1760734 -0.1045411 0.1045655 -0.2018716 0.0157862 0.3513322 -0.0421574 -0.1130468 -0.1521681 0.1464422 0.0716316 0.0312735 0.0002887 0.0937249 0.1749522 0.0042688 0.1010469 -0.0181442 -0.1356672 -0.0239550 -0.0129008 -0.0370141 -0.0493652 -0.1139256 -0.1295111 -0.0727143 -0.0685156 -0.0190228 -0.0985253 -0.0207703 -0.1484795 0.0857967 0.0626502 -0.0737748 -0.1449279 0.0428268 0.1496859 0.3598676 0.0656581 -0.1779184 -0.0390429 -0.1422298 0.0957577
0.0039335 -0.0179976 -0.0778962 -0.0573545 -0.0148323 0.0252357 -0.0230281 0.0321049 -0.0663285 -0.0616052 -0.1141607 -0.0037567 0.0042778 -0.0681889 -0.1146724 -0.0370516 0.0290414 -0.0938922 0.0177228 -0.0761290 -0.0556130 -0.0263480 0.1123433 0.0326453 0.8169357 0.0594218 0.0346107 0.0827853 0.2063283 -0.0003031 -0.0509125 -0.0217124 -0.0114399 0.0590744 -0.0488971 0.0238764 0.0472859 0.0221114 0.0445696 -0.0104509 -0.0923127 -0.0220319 -0.0128198 0.0473209 0.0816022 -0.0535534 -0.0393523 0.0269582 -0.0224472 0.0669809 -0.0032869 0.1071936 -0.0006456 0.0035858 0.0451504 0.0827059 0.0042853 -0.0000112 -0.0158540 0.0773673 -0.0267774 -0.0576866 -0.0895659 -0.0680027 -0.0957694 -0.1104076 -0.0252638 0.0421053 -0.1102971 0.0131084 -0.0471817 -0.0173729 -0.0356410 -0.0504723 0.1183065 0.1896488 0.0415770 -0.1099948 0.1008193 -0.1231245 -0.0270538
-0.1024949 0.0782312 -0.1320175 0.0119639 -0.1043400 -0.0792327 -0.0409783 -0.0288639 -0.0402723 0.0398785 -0.0071684 -0.0686325 -0.0586524 -0.0447821 -0.0286427 0.1092335 -0.1023780 -0.0108350 -0.0432695 -0.0351148 -0.0836210 0.0760090 -0.0330787 -0.0966786 0.0594218 1.2147506 -0.0687124 -0.0820954 -0.0345253 0.0750284 -0.1593275 0.0874539 -0.1122424 0.0124221 -0.0205909 -0.0630285 -0.0720352 -0.0289419 0.0366210 0.1353622 -0.1337134 0.0705182 -0.0707651 -0.1594612 0.0162997 0.0066319 0.0485872 -0.0333550 0.0142599 0.0166733 0.0013846 0.0394959 -0.0472048 0.0453643 -0.0771715 -0.0203933 0.1311075 0.0121892 -0.0426775 0.0622534 -0.0650320 -0.0164020 -0.0860254 0.0658395 0.0352292 0.0539686 0.0936902 0.0108340 0.0212171 0.0346538 0.0117578 -0.0413908 0.1248813 -0.0435508 -0.0549643 -0.0233083 0.1035454 0.0287462 -0.0793926 0.0204387 -0.0714684
-0.0074047 -0.0338272 0.0624006 -0.0185098 -0.0757276 -0.0193205 -0.0266795 -0.0091688 0.0343949 0.0074427 0.0681773 -0.0517321 -0.0366435 0.0751147 -0.0119568 -0.0680729 -0.1356116 0.0140278 -0.0873735 0.0769175 -0.0883969 -0.0662164 0.0399833 -0.0921397 0.0346107 -0.0687124 0.8232079 0.0668236 -0.0449381 -0.0649570 -0.0632296 0.0866192 -0.0024406 -0.0787351 0.1121463 -0.0253136 -0.0836180 -0.0266555 -0.0550488 0.0389006 0.0626501 0.0799081 0.0211002 -0.0016068 0.0490608 0.0681615 0.0511324 0.0170492 -0.0432601 -0.0521676 -0.0912561 -0.0658751 -0.0316874 -0.0327311 -0.0881105 0.0615409 -0.0008963 0.0235290 0.0673254 0.0680092 -0.0419270 0.0672992 0.0984439 -0.0276547 -0.0783510 -0.0794287 0.0830418 -0.0171082 0.0048285 -0.0386981 -0.0671378 -0.0249736 -0.1059510 -0.0258276 -0.0380100 -0.0718520 0.0501008 0.0567851 0.1551372 0.0760699 -0.0198323
0.0740208 0.0055763 0.0529932 -0.0282393 0.0938150 0.0575090 -0.0004882 -0.0333539 -0.1093970 -0.0485184 0.0373308 -0.0002749 -0.0192379 -0.0876300 0.0117775 -0.2109411 0.0636495 -0.1936426 0.0772013 -0.0559769 0.0620841 0.0153004 0.0381400 0.2337642 0.0827853 -0.0820954 0.0668236 1.0515096 0.0499094 -0.0311401 -0.1741050 -0.0102062 -0.0081793 0.0870776 -0.1088799 0.1695557 0.2099315 -0.0491991 0.0505836 -0.1245879 0.0459311 -0.1160333 -0.0809149 0.0834524 -0.0054313 -0.1288304 -0.0731028 0.1024152 0.0341309 0.0767100 0.1221317 0.1798003 0.0752231 -0.0010455 0.0815962 0.0261408 0.0023530 -0.0069139 0.0193181 0.0649486 -0.0229940 -0.1138995 -0.1233739 -0.0291098 -0.0473521 -0.0981912 -0.2099617 -0.0115791 -0.0120488 0.0000732 -0.0098844 -0.0686627 -0.0305062 0.0190297 0.0786993 0.1557019 0.0161605 -0.1573114 0.0072374 -0.1893263 0.0273099
0.0126575 0.0271404 -0.0298060 -0.0477866 -0.0958586 0.0614644 -0.0669963 -0.0399152 -0.0209028 -0.0556667 -0.0415581 0.0409748 -0.1219544 -0.1626841 -0.0868642 -0.0177485 0.0998337 -0.1138200 0.0968319 0.1184455 0.0205515 0.1761473 0.0549905 -0.0167415 0.2063283 -0.0345253 -0.0449381 0.0499094 1.0268722 -0.1924270 -0.0748044 -0.0240412 -0.0120556 0.0466549 -0.0333829 -0.0077103 0.0258129 0.0856003 -0.0462445 -0.0924686 -0.0169534 -0.0846920 -0.0076738 0.0750926 0.0003202 0.0139511 -0.1026251 -0.0128177 -0.0450643 0.1722827 0.0646002 0.0894133 0.0163427 -0.0646844 0.0293435 0.0822091 -0.1036458 0.0243550 0.0195290 0.0296790 -0.0162402 -0.0616249 -0.0869816 -0.0163414 0.0313588 -0.0692828 -0.0784464 0.0436904 -0.0351658 0.0264189 -0.0285333 -0.0456352 -0.1289903 -0.0277817 0.0310435 0.1914394 0.0241006 -0.1149864 -0.0637351 -0.1403317 0.1364377
0.0269771 0.0772721 -0.0984640 -0.0232609 0.1393182 0.1814039 -0.0246515 0.0338557 0.0078158 -0.0193394 -0.0884479 -0.0757020 0.0455566 0.0954734 0.0612605 0.0234438 -0.0671362 -0.0020021 -0.1025135 -0.1218526 -0.0487892 0.0504194 -0.1496684 -0.1681880 -0.0003031 0.0750284 -0.0649570 -0.0311401 -0.1924270 1.2312045 0.0204676 0.0010829 0.0054189 0.0243668 0.0096100 -0.1005581 0.0312709 -0.1389213 -0.0820437 -0.0553136 0.0235152 0.1759149 -0.0680953 -0.0927761 0.0628387 -0.0201990 -0.0223444 0.0335319 -0.1295124 -0.0628848 -0.0276694 -0.0016593 -0.0784437 -0.0416590 -0.0721783 0.0617755 0.0138758 -0.1246003 0.0149758 -0.0476244 -0.0196321 -0.0503228 0.1147339 -0.0384009 0.1233767 -0.0407515 0.0158142 0.0479009 -0.0389659 -0.0633850 0.0245270 0.0186640 0.0108097 -0.1177251 0.0287773 -0.0586334 -0.0103983 0.1208394 0.0258936 -0.0394239 -0.0841106
-0.0466486 -0.0376254 0.0405884 0.0115362 0.0063195 -0.0132877 0.0359453 0.0169041 0.1314123 0.0022101 -0.0177644 -0.0268386 0.0406032 0.1070653 0.1690630 0.0934283 -0.1028926 0.1666913 -0.1331240 -0.0788791 -0.0746796 -0.0624590 -0.0202234 -0.1518614 -0.0509125 -0.1593275 -0.0632296 -0.1741050 -0.0748044 0.0204676 0.9626450 -0.1141358 0.0824379 -0.2254688 0.0150327 -0.1294151 -0.0890966 0.0567476 0.0180041 0.0307743 -0.0180396 0.0363795 0.1033207 -0.0804881 -0.0505692 0.1051001 0.0131870 -0.0729668 -0.0206324 -0.0824670 -0.0105272 -0.1094682 -0.0720429 -0.0669313 -0.0616900 -0.0479119 -0.0249241 -0.0591030 -0.0233310 -0.0586245 0.0546156 0.0525374 0.1155076 0.0574619 0.0435255 0.1160267 0.1867938 -0.0084182 -0.0166512 -0.0224888 -0.0182822 0.0374427 0.0649032 0.0310846 -0.0425164 -0.2164335 -0.0059877 0.1296955 -0.0370919 0.0914890 -0.1054304
0.0101936 0.1260795 0.0227405 0.0683373 -0.0795951 0.0117506 -0.0059793 0.0633009 0.1266215 -0.0980934 -0.0713943 -0.0811336 -0.0554114 -0.0411957 0.0343118 -0.0184776 -0.0984774 0.0059886 -0.1558473 -0.0216860 -0.0350539 -0.0451453 0.0265967 -0.0435080 -0.0217124 0.0874539 0.0866192 -0.0102062 -0.0240412 0.0010829 -0.1141358 0.9837043 0.0269502 -0.1027638 0.0423773 -0.0743214 -0.1383605 -0.0205152 0.0780082 0.0072803 -0.1240097 -0.0511522 0.0140344 -0.0794868 -0.0243604 0.1062842 -0.0614098 -0.0121384 -0.0192493 -0.0091761 0.0188063 -0.0283367 -0.0454738 -0.0379405 -0.0457458 0.0524316 -0.0566510 -0.0129144 0.0514003 0.0890761 0.0041386 0.1118728 -0.0252086 0.0422060 -0.0481130 -0.0413872 -0.0402185 0.0185187 -0.0525836 0.0821340 0.0402149 0.0388495 -0.0554204 0.0475999 -0.0635560 -0.1064492 -0.0649405 0.0513167 -0.0700058 0.1480630 0.0095700
0.1236819 0.0294654 -0.0494815 -0.0507282 -0.0538398 -0.0424284 -0.0118375 0.0292774 0.1120422 -0.0699730 -0.0181101 -0.0252910 -0.0190713 0.0503106 0.0374124 -0.0023566 -0.0106164 0.0680681 -0.0420084 -0.0620044 -0.0012632 -0.0883416 0.0193850 -0.0603914 -0.0114399 -0.1122424 -0.0024406 -0.0081793 -0.0120556 0.0054189 0.0824379 0.0269502 1.0064164 0.0055760 0.0014296 -0.0300889 -0.0327393 0.0298404 -0.0460456 0.0106170 0.0160382 0.0444825 0.0608061 0.0090266 -0.0838150 0.0353089 -0.0281340 -0.0116350 0.0980583 0.0541681 0.0098433 -0.0349574 -0.0106136 -0.0562964 -0.0620471 -0.0085875 -0.0454702 -0.0073756 -0.0245257 -0.0361035 -0.0162610 0.0037147 0.1078444 -0.0377885 -0.0179347 0.0242955 0.0191700 -0.0455153 -0.0261714 0.0115771 0.0140666 0.0623989 -0.0742700 -0.0598043 -0.0497559 -0.0860294 -0.1010393 0.0057918 0.0092458 0.1018466 -0.0095489
0.0057508 0.0154544 -0.0536693 -0.2208362 -0.0411646 0.0112808 -0.1065286 -0.0948310 -0.2302385 0.0783975 -0.0698132 -0.0489409 -0.0869553 -0.0386833 -0.0963851 -0.2108092 0.2824509 -0.1987763 0.1977416 -0.0730918 0.2468380 0.1153162 -0.0627799 0.3033358 0.0590744 0.0124221 -0.0787351 0.0870776 0.0466549 0.0243668 -0.2254688 -0.1027638 0.0055760 1.5452263 -0.2242522 0.3899313 0.1850445 -0.0058927 0.1411121 -0.2336992 0.1235146 -0.0146499 0.0097180 0.2373060 -0.0949639 -0.2311616 -0.1024040 0.1837110 0.1600097 0.1243770 0.1117271 0.1807823 0.1429767 -0.0614356 0.1681000 0.0869882 -0.0943978 0.0448837 -0.0126094 0.0485844 -0.1483639 -0.2141872 -0.1514920 -0.1375291 0.0300850 -0.0652552 -0.2928281 -0.0554402 -0.1507615 -0.0042215 0.0391449 -0.0612740 -0.1201973 -0.0332304 0.2205877 0.3536381 0.0589908 -0.2650910 -0.0105596 -0.2810604 -0.0501068
-0.0384924 0.0756673 -0.0306758 0.1386352 -0.0437254 -0.0767530 0.0172487 0.0405012 0.1322352 -0.1148785 0.1227314 -0.0123943 0.0246570 0.1502369 -0.0196882 0.2004955 -0.2062805 0.1193985 -0.1107606 0.2133647 -0.0275363 -0.0975262 0.0178950 -0.1859843 -0.0488971 -0.0205909 0.1121463 -0.1088799 -0.0333829 0.0096100 0.0150327 0.0423773 0.0014296 -0.2242522 0.9361100 -0.1335184 -0.1543716 -0.0760621 -0.1946587 0.0944139 -0.0814003 0.1829545 -0.1028877 -0.1950639 0.0553810 0.1375118 0.0902582 -0.1569774 -0.0603777 -0.0731538 -0.1523551 -0.1639470 -0.1195650 -0.0330834 -0.0615608 -0.0173851 0.0018153 -0.0310363 0.0217369 -0.0996301 -0.0086345 0.0514668 0.0537451 0.0774899 0.0434714 0.0361017 0.1280848 0.0895097 0.0235194 -0.0262171 0.0247485 0.0427320 0.0303334 -0.0809007 -0.1388413 -0.1650629 -0.0093578 0.1249709 0.1280945 0.1811616 -0.0913559
-0.0517323 -0.0052324 0.0451016 -0.0827806 -0.0247080 0.0825616 -0.0261587 -0.0533224 -0.1536840 0.0401306 -0.0252879 -0.0429761 -0.1310995 -0.1377921 -0.0150668 -0.1945129 0.3393015 -0.2117590 0.2255203 -0.0447164 0.1623483 0.0424296 -0.0352474 0.1998108 0.0238764 -0.0630285 -0.0253136 0.1695557 -0.0077103 -0.1005581 -0.1294151 -0.0743214 -0.0300889 0.3899313 -0.1335184 1.2729107 0.1416111 -0.0257606 0.1438936 -0.2089371 0.1587527 -0.1776666 0.0121857 0.1948811 -0.0366691 -0.1902497 -0.0591727 0.1893534 0.0399977 0.0801732 0.1258814 0.1758494 0.1036907 0.0398392 0.1478673 0.0354157 0.1641693 0.0068614 -0.0178721 -0.0066335 -0.1161575 -0.1644737 -0.1400309 -0.1187516 -0.0145349 -0.1497016 -0.2935233 -0.0365158 -0.1288410 0.0131815 0.0202242 -0.0719357 -0.1005156 0.0398817 0.2011278 0.2120425 0.0615863 -0.2629230 -0.0316523 -0.2512778 -0.0166681
0.0075214 -0.0971089 -0.0310843 -0.1325201 0.1138533 0.1231003 -0.0484847 0.0436420 -0.0946191 0.0163481 -0.0510047 0.0191452 -0.0542749 0.0075468 -0.0307556 -0.1675194 0.1205097 -0.1466294 0.1032260 -0.0134803 0.0553956 -0.0203308 -0.0389588 0.2228167 0.0472859 -0.0720352 -0.0836180 0.2099315 0.0258129 0.0312709 -0.0890966 -0.1383605 -0.0327393 0.1850445 -0.1543716 0.1416111 1.0945811 0.0004659 0.1624837 -0.0856125 -0.0471868 -0.0996451 -0.0563149 0.1891518 -0.0130720 -0.1044103 -0.0476562 0.0757027 0.0443188 -0.0374950 0.1253772 0.2399286 0.0977114 -0.0133996 0.0669552 0.0599452 -0.0305259 0.0495165 -0.0241800 0.0848884 -0.0452626 -0.1135561 -0.1081591 -0.0505607 -0.0659903 -0.0372351 -0.2476033 0.0330733 -0.0819240 0.0091688 0.0180720 -0.0362922 -0.0057147 -0.0107050 0.0879462 0.1707625 -0.0214900 -0.1769186 -0.0703069 -0.1949323 0.0443658
-0.0472557 -0.0531378 -0.0376015 0.0160187 -0.0562744 -0.0244341 0.0261930 0.0055567 0.0009723 0.0211114 0.0119201 -0.0066248 -0.0496908 -0.0337778 -0.0221941 -0.0448206 0.0409639 0.0586671 0.1292420 -0.0046159 0.0687101 -0.0059539 -0.0373541 0.0915223 0.0221114 -0.0289419 -0.0266555 -0.0491991 0.0856003 -0.1389213 0.0567476 -0.0205152 0.0298404 -0.0058927 -0.0760621 -0.0257606 0.0004659 0.9788638 -0.0039303 -0.0309832 -0.0330337 0.0057171 0.0779962 0.0744840 -0.0243973 -0.0277034 0.0007666 0.0200687 0.0377268 -0.0385623 -0.0541341 -0.0242772 0.0078489 -0.0098889 -0.0123697 -0.0039387 -0.0862571 0.0322520 -0.0091094 -0.0810984 -0.0158680 0.0377202 -0.0228221 0.0237122 -0.0705412 0.0420850 0.0531150 -0.0084551 -0.0680262 0.0357868 -0.0118861 -0.0127748 -0.0621072 -0.0304270 0.0061738 -0.0372976 0.0538932 0.0122601 -0.0439928 0.0823084 -0.0008114
-0.0253157 -0.1524347 -0.0598150 -0.0600872 -0.0412529 0.0053354 -0.0137171 -0.0964708 -0.2375217 0.1094965 -0.1685773 -0.0281050 -0.0128406 -0.2101673 0.0224038 -0.2015894 0.0888316 -0.2295323 0.0958355 -0.1046772 -0.0577578 -0.0564718 -0.1356560 0.1760734 0.0445696 0.0366210 -0.0550488 0.0505836 -0.0462445 -0.0820437 0.0180041 0.0780082 -0.0460456 0.1411121 -0.1946587 0.1438936 0.1624837 -0.0039303 1.4861637 -0.1955905 -0.0639748 -0.1016124 0.1012025 0.2647545 -0.0793543 -0.1144490 -0.0520330 0.1644044 0.0880729 0.0512977 0.0728648 0.1772801 0.1131532 0.0465611 0.0301793 0.0355472 -0.0763384 0.0377921 -0.0277005 0.0048139 -0.0000169 -0.1061996 -0.0906194 -0.1079057 0.0376284 0.0490874 -0.0490599 -0.0729869 -0.0498992 0.0010504 -0.0358617 -0.0707244 0.0198682 0.1001793 0.2008727 0.2468532 -0.0021510 -0.0801862 -0.0934991 -0.1243588 0.0536232
0.0284928 -0.0228895 -0.0135126 0.0372863 -0.0667997 -0.0425593 -0.0376564 0.0113236 0.1193437 -0.0735836 0.0778927 0.0596524 0.0629652 0.0157947 0.0643509 0.1252266 -0.2028815 0.1300544 -0.1365048 0.0092221 -0.1115172 0.0707455 0.0394836 -0.1045411 -0.0104509 0.1353622 0.0389006 -0.1245879 -0.0924686 -0.0553136 0.0307743 0.0072803 0.0106170 -0.2336992 0.0944139 -0.2089371 -0.0856125 -0.0309832 -0.1955905 1.0278345 -0.0381603 0.0589738 -0.0302848 -0.1537396 0.1347435 0.1111417 0.0336696 -0.1541956 -0.1177174 -0.1097824 -0.1204972 -0.1904005 -0.0736729 -0.0321219 -0.1281172 -0.1156247 0.1923532 0.0310046 0.0074387 -0.0470225 0.0186219 0.2070801 0.0510003 0.0339839 -0.0398079 0.0742175 0.2127861 0.0232865 0.0920692 -0.0746788 -0.0122037 0.0382634 0.0459113 -0.0868983 -0.1747586 -0.2106183 -0.0557555 0.1847572 0.0454164 0.2316831 -0.0562004
-0.0855855 -0.0682546 -0.0002143 -0.0714158 0.0457369 0.0044081 -0.0150965 -0.0405148 -0.0300731 -0.0121586 -0.0431712 -0.0454355 -0.0013718 0.0351006 -0.0285280 -0.0484423 0.0208549 -0.0336913 0.1120609 0.0699828 -0.0043034 -0.0355391 -0.0636249 0.1045655 -0.0923127 -0.1337134 0.0626501 0.0459311 -0.0169534 0.0235152 -0.0180396 -0.1240097 0.0160382 0.1235146 -0.0814003 0.1587527 -0.0471868 -0.0330337 -0.0639748 -0.0381603 1.2078453 -0.0190331 0.0091144 0.0525246 0.0729909 -0.0199775 0.0099258 0.0237590 -0.0037488 -0.0601381 0.0437077 -0.0517748 -0.0050709 0.0042362 -0.0237979 -0.0375121 0.0188214 -0.0275208 -0.0444475 -0.0389402 -0.0143427 0.0151546 0.0501914 0.0007731 -0.0731087 -0.0411561 0.0146415 -0.0321228 -0.0331229 -0.0933517 0.0065032 -0.0003812 -0.0220740 -0.0590995 0.0009653 0.1197028 0.0042391 -0.0183872 0.0254053 -0.0157117 0.1450156
0.0244335 0.0738769 -0.0727429 0.1435315 -0.0095461 -0.0836826 0.0352121 -0.0106590 0.0395714 -0.0498410 0.0075705 -0.0097242 -0.0187778 0.1883853 0.0255481 0.1078683 -0.1366629 0.0804459 -0.0870056 0.0326453 -0.1381120 -0.0513873 -0.0296350 -0.2018716 -0.0220319 0.0705182 0.0799081 -0.1160333 -0.0846920 0.1759149 0.0363795 -0.0511522 0.0444825 -0.0146499 0.1829545 -0.1776666 -0.0996451 0.0057171 -0.1016124 0.0589738 -0.0190331 1.0648072 -0.0128214 -0.1595621 -0.0140767 0.1741284 0.0092208 -0.0537104 0.0000666 -0.0011491 -0.1229677 -0.1560222 -0.1443954 -0.0529844 -0.1203679 0.0442916 0.0127711 -0.0152861 -0.0331636 -0.0382283 0.0245193 0.0572468 0.1183780 0.0166526 -0.1088045 0.0266561 0.1181129 -0.0134757 0.0631272 -0.0341827 -0.0105126 -0.0102304 -0.0311463 -0.0913800 -0.0677911 -0.1833005 -0.0409876 0.1215337 0.0996217 0.0721259 -0.0377966
-0.0002762 0.0356621 0.0300471 -0.0804912 -0.0631936 -0.0195611 0.0068982 -0.0029931 0.0243421 -0.0150766 -0.1085349 0.1000465 -0.0833740 0.0405926 0.0792827 0.0139486 0.0795263 -0.0140446 0.0849251 -0.0890705 -0.0853956 0.0294444 0.0614033 0.0157862 -0.0128198 -0.0707651 0.0211002 -0.0809149 -0.0076738 -0.0680953 0.1033207 0.0140344 0.0608061 0.0097180 -0.1028877 0.0121857 -0.0563149 0.0779962 0.1012025 -0.0302848 0.0091144 -0.0128214 1.0756363 0.1620823 -0.0768384 -0.0553060 -0.0307085 -0.0755963 -0.0280627 -0.0150291 -0.0047608 -0.0174344 -0.0159782 -0.0151231 0.0565686 -0.0349094 -0.0787163 0.0004828 0.0863701 0.0105294 -0.0467308 0.0247265 -0.0644273 -0.0544017 0.0240609 -0.1396063 0.0534273 -0.0296194 -0.0143986 0.0672377 -0.0397098 -0.0255025 -0.0597203 0.0033254 -0.0587583 -0.0052887 -0.0756328 0.0639471 -0.0803031 -0.0662410 0.0246797
0.0140920 -0.0719939 -0.1338613 -0.1353504 0.0001284 0.0301788 -0.0878968 -0.0422754 -0.1349889 0.0338323 -0.1665377 -0.0594396 -0.0442065 -0.1863350 -0.0723854 -0.2127762 0.1320759 -0.2008181 0.1768989 0.0138607 0.1414985 -0.0178006 0.0030985 0.3513322 0.0473209 -0.1594612 -0.0016068 0.0834524 0.0750926 -0.0927761 -0.0804881 -0.0794868 0.0090266 0.2373060 -0.1950639 0.1948811 0.1891518 0.0744840 0.2647545 -0.1537396 0.0525246 -0.1595621 0.1620823 1.3472537 -0.0877549 -0.1561684 -0.0702119 0.0472920 0.0695188 0.0061955 0.0809688 0.2000590 0.1709209 0.0329879 0.1331855 0.1039141 -0.0395811 0.0589198 0.0152064 -0.0232682 -0.0936474 -0.1326566 -0.0678380 -0.0746030 0.0396695 -0.0528526 -0.2408518 -0.0444433 -0.1547528 0.0184128 -0.0397993 -0.0211440 -0.1027622 0.1580434 0.1656907 0.1972609 0.0862069 -0.2382563 -0.0676053 -0.2352746 0.0381557
-0.0752263 -0.0886476 -0.0457293 -0.0067340 0.0217835 0.0011353 -0.0155699 -0.0099989 -0.0469803 -0.0383477 -0.0042901 -0.0045769 -0.0154846 -0.0148058 -0.0655739 0.0369341 -0.0239812 -0.0116735 0.0023679 0.0133365 -0.0271425 0.0224298 0.0323702 -0.0421574 0.0816022 0.0162997 0.0490608 -0.0054313 0.0003202 0.0628387 -0.0505692 -0.0243604 -0.0838150 -0.0949639 0.0553810 -0.0366691 -0.0130720 -0.0243973 -0.0793543 0.1347435 0.0729909 -0.0140767 -0.0768384 -0.0877549 0.9332378 -0.0203292 0.0340163 -0.0212760 -0.0013359 -0.0031555 -0.0038151 0.0042209 -0.0277305 -0.0153993 -0.0154406 0.0408021 0.0775623 -0.0400249 -0.0080156 -0.0180020 -0.0208844 -0.0403764 0.0175482 0.0879074 -0.0378879 0.0376699 0.0315925 0.0210110 0.0450235 -0.0548686 -0.0147091 -0.0129915 0.0075155 -0.0087482 0.0190586 0.0243465 0.0030385 0.0399023 0.0717487 -0.0124194 -0.0491308
-0.0353189 0.0999104 -0.0600418 0.0643406 -0.1175526 -0.0834549 0.0366841 0.0213376 0.1322757 0.0100326 0.1108002 -0.0286184 -0.0009380 0.0373191 0.0203798 0.0233345 -0.1515600 0.1883269 -0.1074608 0.0200997 -0.0523037 -0.0060217 -0.0176544 -0.1130468 -0.0535534 0.0066319 0.0681615 -0.1288304 0.0139511 -0.0201990 0.1051001 0.1062842 0.0353089 -0.2311616 0.1375118 -0.1902497 -0.1044103 -0.0277034 -0.1144490 0.1111417 -0.0199775 0.1741284 -0.0553060 -0.1561684 -0.0203292 0.8903086 0.0267700 -0.1408304 -0.0244735 -0.0578906 -0.1065824 -0.0900423 -0.1223329 -0.0594912 -0.0995048 -0.0738473 0.0352526 -0.0273199 -0.0172737 -0.0171836 0.0608312 0.1227069 0.1029542 0.0552691 -0.0552538 0.0667435 0.1047223 0.0223447 0.0124826 0.0654757 -0.0187125 -0.0088432 -0.0228467 -0.0635662 -0.0996842 -0.1510614 0.0084513 0.1326704 0.0406910 0.1654532 -0.0200923
