1.4536973 -0.0413104 -0.0308853 -0.0373718 -0.0291037 -0.0272253 -0.0283399 -0.0248754 -0.0222288 -0.0420656 -0.0278446 -0.0160592 -0.0158475 -0.0243461 -0.0305596 -0.0366764 -0.0054767 -0.0041578 -0.0234905 -0.0154107 -0.0170125 -0.0243075 -0.0321630 -0.0276294 -0.0278165 -0.0308725 -0.0238565 -0.0067444 -0.0291625 -0.0547558 -0.0390447 -0.0284634 -0.0059661 -0.0037873 -0.0100726 -0.0106072 -0.0079493 -0.0085720 -0.0094146 -0.0082889 -0.0087471 -0.0091221 -0.0093049 -0.0103752 -0.0087605 -0.0090137 -0.0096027 -0.0091937 -0.0052520 -0.0026817 -0.0023760 -0.0044995 -0.0022459 -0.0058153 -0.0048494 -0.0102708 -0.0110892 -0.0075580 -0.0082454 -0.0078004 -0.0074183 -0.0118067 -0.0091033 -0.0020025 -0.0097922 -0.0084691 -0.0096996 -0.0101185 -0.0060898 -0.0063920 -0.0065377 -0.0070725 -0.0092710 -0.0104602 -0.0059110 -0.0073904 -0.0053939 -0.0048788 -0.0061530 -0.0069140 -0.0085564
-0.0413104 2.1129587 -0.0495336 -0.0497732 0.0752951 -0.0341950 -0.0452767 -0.0421319 -0.0483872 0.0448491 -0.0449430 -0.0437200 -0.0408379 -0.0488662 -0.0381243 -0.0544606 -0.0291225 -0.0263150 -0.0489570 -0.0426713 -0.0353070 -0.0341832 -0.0552458 -0.0524679 -0.0486764 -0.0498459 -0.0569730 -0.0106169 -0.0566124 0.5763496 -0.0690200 -0.0452029 -0.0254784 -0.0171308 -0.0254035 -0.0279000 -0.0250123 -0.0336972 -0.0251785 -0.0225800 -0.0246922 -0.0016845 -0.0272943 -0.0295315 -0.0250081 -0.0286456 -0.0276549 -0.0214805 -0.0302335 -0.0250041 -0.0259234 -0.0225851 -0.0300789 -0.0220932 -0.0239235 -0.0133705 -0.0237691 -0.0304157 -0.0215556 -0.0344584 -0.0222945 -0.0248583 -0.0214343 -0.0276270 -0.0062315 -0.0198998 -0.0292561 -0.0294392 -0.0306061 -0.0269502 -0.0053795 -0.0196351 -0.0257267 -0.0262186 -0.0192752 -0.0242403 -0.0253522 -0.0163535 -0.0211401 -0.0271697 -0.0291786
-0.0308853 -0.0495336 1.7648125 -0.0381311 -0.0490061 -0.0301063 -0.0300758 -0.0268486 -0.0277098 -0.0343076 -0.0372076 -0.0155198 -0.0260078 -0.0341583 -0.0353506 -0.0384683 -0.0110422 -0.0140624 -0.0352441 -0.0212345 -0.0199578 -0.0278252 -0.0397917 -0.0386021 -0.0336184 -0.0315280 -0.0311340 -0.0155833 -0.0347028 -0.0712189 -0.0438114 -0.0276690 -0.0118692 -0.0143231 -0.0134227 -0.0122350 -0.0096837 -0.0103743 -0.0138246 -0.0153929 -0.0093701 -0.0132697 -0.0081498 -0.0126214 -0.0083798 -0.0136455 -0.0064642 -0.0101710 -0.0083614 -0.0120920 -0.0036875 -0.0117770 -0.0060467 -0.0098188 -0.0041012 -0.0131640 -0.0088510 -0.0064485 -0.0087818 -0.0117163 -0.0066265 -0.0171934 -0.0094577 -0.0065813 -0.0122117 -0.0145328 -0.0121098 -0.0129707 -0.0079853 -0.0111529 -0.0132949 -0.0123168 -0.0090655 -0.0115246 -0.0076323 -0.0120350 -0.0072896 -0.0051931 -0.0075694 -0.0113926 -0.0090440
-0.0373718 -0.0497732 -0.0381311 1.7866738 -0.0436141 -0.0301049 -0.0218111 -0.0229318 -0.0288252 -0.0389800 -0.0371776 -0.0167584 -0.0243695 -0.0303209 -0.0317818 -0.0254965 -0.0144935 -0.0099584 -0.0322717 -0.0125236 -0.0170851 -0.0278412 -0.0357685 -0.0413882 -0.0320801 -0.0323576 -0.0294977 -0.0145056 -0.0332761 -0.0748062 -0.0460005 -0.0311136 -0.0096506 -0.0152854 -0.0114559 -0.0098856 -0.0080564 -0.0087092 -0.0142684 -0.0168546 -0.0136783 -0.0098466 -0.0152595 -0.0130463 -0.0111146 -0.0100165 -0.0077209 -0.0096571 -0.0108172 -0.0087252 -0.0094487 -0.0082623 -0.0057834 -0.0100923 -0.0069212 -0.0147540 -0.0065869 -0.0099057 -0.0102718 -0.0131277 -0.0079665 -0.0184823 -0.0115191 -0.0082763 -0.0135048 -0.0155985 -0.0103166 -0.0159655 -0.0128213 -0.0125684 -0.0136152 -0.0122053 -0.0080311 -0.0084374 -0.0059224 -0.0097316 -0.0093248 -0.0064122 -0.0061119 -0.0135663 -0.0127939
-0.0291037 0.0752951 -0.0490061 -0.0436141 1.9604763 -0.0318986 -0.0429112 -0.0404838 -0.0443861 -0.0097194 -0.0381003 -0.0374131 -0.0330603 -0.0432532 -0.0471539 -0.0461511 -0.0218239 -0.0205020 -0.0542726 -0.0372248 -0.0297489 -0.0366012 -0.0441306 -0.0481832 -0.0437212 -0.0390121 -0.0473425 -0.0102306 -0.0490441 0.2952983 -0.0541720 -0.0458501 -0.0191090 -0.0205074 -0.0258501 -0.0238035 -0.0193737 -0.0275640 -0.0239685 -0.0240841 -0.0191339 -0.0087404 -0.0261655 -0.0235175 -0.0208339 -0.0236500 -0.0247660 -0.0145492 -0.0253971 -0.0207264 -0.0196638 -0.0230097 -0.0199053 -0.0191520 -0.0150364 -0.0071970 -0.0225027 -0.0271668 -0.0219791 -0.0268244 -0.0090479 -0.0270641 -0.0110235 -0.0170352 -0.0103231 -0.0214450 -0.0213834 -0.0185004 -0.0230380 -0.0226137 -0.0074299 -0.0161632 -0.0203910 -0.0204864 -0.0154054 -0.0199464 -0.0221386 -0.0151736 -0.0162746 -0.0229221 -0.0243905
-0.0272253 -0.0341950 -0.0301063 -0.0301049 -0.0318986 1.3259906 -0.0255650 -0.0133965 -0.0189934 -0.0312313 -0.0328807 -0.0139393 -0.0208300 -0.0276784 -0.0225984 -0.0333210 -0.0084611 -0.0100612 -0.0297472 -0.0112089 -0.0135268 -0.0226728 -0.0218441 -0.0194871 -0.0267443 -0.0295878 -0.0218137 -0.0086452 -0.0253254 -0.0347415 -0.0316432 -0.0218152 -0.0061275 -0.0073609 -0.0061301 -0.0027504 -0.0058172 -0.0046613 -0.0065255 -0.0098953 -0.0063259 -0.0088797 -0.0084542 -0.0087284 -0.0026106 -0.0080494 -0.0087254 -0.0033167 -0.0052893 -0.0080197 -0.0030300 -0.0065431 -0.0026806 -0.0041382 -0.0035344 -0.0094903 -0.0043320 -0.0067555 -0.0065256 -0.0097534 -0.0059387 -0.0059813 -0.0079938 -0.0018145 -0.0067586 -0.0044446 -0.0083587 -0.0078807 -0.0060867 -0.0073454 -0.0074041 -0.0089700 -0.0051815 -0.0089008 -0.0032774 -0.0056391 -0.0073132 -0.0050286 -0.0073468 -0.0080555 -0.0052747
-0.0283399 -0.0452767 -0.0300758 -0.0218111 -0.0429112 -0.0255650 1.4091808 -0.0197192 -0.0238615 -0.0364714 -0.0266371 -0.0146777 -0.0238351 -0.0294102 -0.0275672 -0.0279412 -0.0101962 -0.0129530 -0.0289942 -0.0161073 -0.0160687 -0.0272792 -0.0255879 -0.0309931 -0.0284330 -0.0166299 -0.0238568 -0.0086504 -0.0166847 -0.0727941 -0.0351230 -0.0231892 -0.0055446 -0.0085133 -0.0051250 -0.0063817 -0.0036373 -0.0061212 -0.0084229 -0.0091758 -0.0059234 -0.0071275 -0.0051890 -0.0094030 -0.0055386 -0.0031737 -0.0067964 -0.0064386 -0.0039092 -0.0084410 -0.0054073 -0.0085110 -0.0024685 -0.0021218 -0.0032492 -0.0042568 -0.0045700 -0.0062788 -0.0053149 -0.0087748 -0.0021964 -0.0094748 -0.0058402 -0.0011027 -0.0056767 -0.0036382 -0.0010239 -0.0055285 -0.0065536 -0.0045823 -0.0063674 -0.0038438 -0.0049650 -0.0058476 -0.0040283 -0.0065904 -0.0064866 -0.0033427 -0.0061521 -0.0055248 -0.0050148
-0.0248754 -0.0421319 -0.0268486 -0.0229318 -0.0404838 -0.0133965 -0.0197192 1.2851996 -0.0238431 -0.0299653 -0.0294215 -0.0116094 -0.0148902 -0.0194733 -0.0245118 -0.0226995 -0.0059775 -0.0059585 -0.0168372 -0.0178230 -0.0138915 -0.0147308 -0.0203581 -0.0275568 -0.0230856 -0.0229757 -0.0206531 -0.0100740 -0.0219844 -0.0581465 -0.0276439 -0.0142885 -0.0045787 -0.0068631 -0.0055699 -0.0049316 -0.0047119 -0.0024791 -0.0106249 -0.0026983 -0.0054390 -0.0079634 0.0007361 -0.0068151 -0.0038845 -0.0060391 -0.0057598 -0.0052038 -0.0026747 -0.0067713 -0.0032850 -0.0052627 -0.0042857 -0.0030967 -0.0029977 -0.0022802 -0.0061486 -0.0041963 -0.0050595 -0.0047772 -0.0052504 -0.0079821 -0.0049302 -0.0019553 -0.0077687 -0.0034181 -0.0048123 -0.0041694 -0.0027084 -0.0006088 -0.0017991 -0.0048766 -0.0054815 -0.0060780 -0.0021603 -0.0034532 -0.0044587 -0.0041506 -0.0051755 -0.0007389 -0.0060911
-0.0222288 -0.0483872 -0.0277098 -0.0288252 -0.0443861 -0.0189934 -0.0238615 -0.0238431 1.4581839 -0.0298436 -0.0296861 -0.0181273 -0.0212673 -0.0311210 -0.0132899 -0.0281253 -0.0099953 -0.0079209 -0.0275338 -0.0163708 -0.0160668 -0.0136868 -0.0198751 -0.0271811 -0.0266439 -0.0284365 -0.0211334 -0.0078746 -0.0226061 -0.0628079 -0.0323016 -0.0170711 -0.0054555 -0.0104999 -0.0036426 -0.0047481 -0.0074956 -0.0095766 -0.0047841 -0.0083213 -0.0088289 -0.0104392 -0.0095045 -0.0077520 -0.0083927 -0.0054990 -0.0062872 -0.0090672 -0.0089362 -0.0099446 -0.0047047 -0.0088817 -0.0031184 -0.0056342 -0.0056367 -0.0110924 -0.0089770 -0.0065772 -0.0074575 -0.0064206 -0.0039210 -0.0101201 -0.0111752 -0.0036394 -0.0111890 -0.0095245 -0.0030358 -0.0127174 -0.0034342 -0.0098661 -0.0079405 -0.0064899 -0.0055018 -0.0054752 -0.0053666 -0.0052413 -0.0084193 -0.0041291 -0.0063865 -0.0078836 -0.0066947
-0.0420656 0.0448491 -0.0343076 -0.0389800 -0.0097194 -0.0312313 -0.0364714 -0.0299653 -0.0298436 1.8430767 -0.0422587 -0.0259277 -0.0336483 -0.0461632 -0.0328083 -0.0458841 -0.0182340 -0.0201917 -0.0438235 -0.0332072 -0.0249771 -0.0335266 -0.0413308 -0.0434167 -0.0406748 -0.0350044 -0.0418557 -0.0119844 -0.0439573 0.1546476 -0.0524555 -0.0344512 -0.0155567 -0.0138649 -0.0199675 -0.0139358 -0.0134182 -0.0185167 -0.0121991 -0.0192194 -0.0155306 -0.0058657 -0.0183697 -0.0159995 -0.0157934 -0.0186495 -0.0155847 -0.0120551 -0.0168710 -0.0164695 -0.0153422 -0.0134448 -0.0112493 -0.0143605 -0.0120498 -0.0129899 -0.0165304 -0.0197291 -0.0149637 -0.0197942 -0.0118671 -0.0133922 -0.0145924 -0.0126431 -0.0098730 -0.0136312 -0.0140945 -0.0168532 -0.0166049 -0.0157027 -0.0099611 -0.0140666 -0.0137741 -0.0123344 -0.0082553 -0.0121302 -0.0157428 -0.0095328 -0.0137898 -0.0173564 -0.0163277
-0.0278446 -0.0449430 -0.0372076 -0.0371776 -0.0381003 -0.0328807 -0.0266371 -0.0294215 -0.0296861 -0.0422587 1.6374434 -0.0181426 -0.0164071 -0.0342729 -0.0249884 -0.0387572 -0.0128696 -0.0099298 -0.0287355 -0.0245682 -0.0128845 -0.0287733 -0.0372619 -0.0278485 -0.0296629 -0.0217462 -0.0285953 -0.0081956 -0.0366775 -0.0383966 -0.0361932 -0.0288155 -0.0104632 -0.0104513 -0.0067459 -0.0096342 -0.0122403 -0.0118072 -0.0118347 -0.0095399 -0.0111531 -0.0122231 -0.0103664 -0.0120345 -0.0102521 -0.0119178 -0.0129343 -0.0094859 -0.0101014 -0.0114205 -0.0078066 -0.0108079 -0.0042963 -0.0082091 -0.0060158 -0.0130856 -0.0108424 -0.0091393 -0.0075420 -0.0077606 -0.0106991 -0.0167768 -0.0106910 -0.0080156 -0.0127401 -0.0085531 -0.0116940 -0.0122206 -0.0089521 -0.0126935 -0.0105994 -0.0073695 -0.0091108 -0.0108516 -0.0089758 -0.0112986 -0.0100356 -0.0087384 -0.0061422 -0.0096193 -0.0124902
-0.0160592 -0.0437200 -0.0155198 -0.0167584 -0.0374131 -0.0139393 -0.0146777 -0.0116094 -0.0181273 -0.0259277 -0.0181426 1.1590481 -0.0159806 -0.0180268 -0.0130141 -0.0163976 -0.0055746 -0.0070639 -0.0182209 -0.0120038 -0.0115745 -0.0152203 -0.0151564 -0.0170481 -0.0166470 -0.0176670 -0.0173871 -0.0077507 -0.0140460 -0.0637034 -0.0214649 -0.0149644 -0.0030849 -0.0041077 -0.0041603 -0.0028587 -0.0037194 -0.0023657 -0.0051771 -0.0016194 -0.0046126 -0.0045624 -0.0012233 -0.0042136 -0.0027781 -0.0033978 -0.0044382 -0.0024380 -0.0017261 -0.0020489 -0.0032238 -0.0038179 -0.0023262 -0.0020840 -0.0010396 -0.0041061 -0.0044953 -0.0029333 -0.0019281 -0.0033761 -0.0021585 -0.0063244 -0.0028515 -0.0004820 -0.0047824 -0.0045515 -0.0030925 -0.0019463 -0.0032927 -0.0019802 -0.0041770 -0.0046634 -0.0042722 0.0033760 -0.0015792 -0.0039800 -0.0035880 0.0018202 -0.0043727 -0.0025458 0.0005202
-0.0158475 -0.0408379 -0.0260078 -0.0243695 -0.0330603 -0.0208300 -0.0238351 -0.0148902 -0.0212673 -0.0336483 -0.0164071 -0.0159806 1.2324491 -0.0227223 -0.0204109 -0.0212758 -0.0055602 -0.0064135 -0.0158191 -0.0206905 -0.0107537 -0.0164709 -0.0268152 -0.0241673 -0.0193747 -0.0192669 -0.0228168 -0.0090372 -0.0257329 -0.0562171 -0.0337783 -0.0171325 -0.0046084 -0.0068637 -0.0009790 -0.0072136 -0.0055975 -0.0039089 -0.0070980 -0.0045723 -0.0054203 -0.0057457 -0.0087831 -0.0061957 -0.0052806 -0.0026808 -0.0055758 -0.0071264 -0.0033747 -0.0055148 -0.0031330 -0.0041858 -0.0034729 -0.0033357 -0.0025460 -0.0037694 -0.0051210 -0.0061374 -0.0041575 -0.0052614 -0.0020331 -0.0071817 -0.0065926 -0.0045229 -0.0068676 -0.0037113 0.0003373 -0.0075860 -0.0070683 -0.0050326 -0.0071252 -0.0034386 0.0000137 -0.0075962 -0.0035557 -0.0007883 -0.0009230 -0.0040947 -0.0042925 -0.0039211 -0.0046814
-0.0243461 -0.0488662 -0.0341583 -0.0303209 -0.0432532 -0.0276784 -0.0294102 -0.0194733 -0.0311210 -0.0461632 -0.0342729 -0.0180268 -0.0227223 1.7147470 -0.0279376 -0.0336956 -0.0116397 -0.0021045 -0.0326631 -0.0216748 -0.0171715 -0.0314236 -0.0260436 -0.0333035 -0.0297112 -0.0286980 -0.0329928 -0.0123585 -0.0320538 -0.0729978 -0.0371729 -0.0228980 -0.0092036 -0.0104183 -0.0125898 -0.0107106 -0.0098634 -0.0107305 -0.0160643 -0.0138641 -0.0077890 -0.0082760 -0.0139132 -0.0134096 -0.0056387 -0.0120553 -0.0118244 -0.0105245 -0.0084250 -0.0128088 -0.0078314 -0.0116754 -0.0055381 -0.0094956 -0.0068278 -0.0138604 -0.0099869 -0.0103861 -0.0028938 -0.0088377 -0.0092211 -0.0112190 -0.0102246 -0.0057877 -0.0118087 -0.0148698 -0.0066654 -0.0113539 -0.0099734 -0.0081646 -0.0107806 -0.0041568 -0.0115144 -0.0134996 -0.0079174 -0.0059579 -0.0116171 -0.0076784 -0.0091150 -0.0066656 -0.0093217
-0.0305596 -0.0381243 -0.0353506 -0.0317818 -0.0471539 -0.0225984 -0.0275672 -0.0245118 -0.0132899 -0.0328083 -0.0249884 -0.0130141 -0.0204109 -0.0279376 1.4236926 -0.0354737 -0.0092417 -0.0051560 -0.0305767 -0.0206142 -0.0164993 -0.0299562 -0.0357583 -0.0339870 -0.0254357 -0.0256752 -0.0281180 -0.0127020 -0.0244599 -0.0436345 -0.0264789 -0.0186396 -0.0061834 -0.0068622 -0.0091110 -0.0033175 -0.0043410 -0.0052470 -0.0101121 -0.0050918 -0.0080855 -0.0079660 -0.0086033 -0.0085916 -0.0083272 -0.0105001 -0.0102057 -0.0065618 -0.0067050 -0.0086914 -0.0026783 -0.0077811 -0.0026003 -0.0017631 -0.0039177 -0.0064897 -0.0087608 -0.0022616 -0.0061224 -0.0106720 -0.0027442 -0.0095649 -0.0056427 -0.0038366 -0.0097310 -0.0100119 -0.0059104 -0.0076794 -0.0061573 -0.0076057 -0.0095050 -0.0059905 -0.0098670 -0.0099453 -0.0068980 -0.0046884 -0.0077453 -0.0031925 -0.0097231 -0.0074012 -0.0050287
-0.0366764 -0.0544606 -0.0384683 -0.0254965 -0.0461511 -0.0333210 -0.0279412 -0.0226995 -0.0281253 -0.0458841 -0.0387572 -0.0163976 -0.0212758 -0.0336956 -0.0354737 1.7686230 -0.0094985 -0.0081454 -0.0324369 -0.0158784 -0.0185284 -0.0286980 -0.0308521 -0.0348358 -0.0260615 -0.0273658 -0.0301147 -0.0164900 -0.0313045 -0.0783234 -0.0418325 -0.0237212 -0.0105365 -0.0108956 -0.0111849 -0.0122064 -0.0095338 -0.0107634 -0.0159230 -0.0105977 -0.0119656 -0.0132179 -0.0123562 -0.0116012 -0.0092891 -0.0137664 -0.0099255 -0.0093777 -0.0081880 -0.0119012 -0.0068094 -0.0107239 -0.0066407 -0.0084322 -0.0081454 -0.0121133 -0.0059958 -0.0103932 -0.0074995 -0.0102086 -0.0080966 -0.0164594 -0.0103530 -0.0068297 -0.0141875 -0.0118860 -0.0091499 -0.0108081 -0.0095462 -0.0131005 -0.0103846 -0.0056976 -0.0088653 -0.0092895 -0.0039226 -0.0132433 -0.0101641 -0.0055183 -0.0124522 -0.0080956 -0.0131135
-0.0054767 -0.0291225 -0.0110422 -0.0144935 -0.0218239 -0.0084611 -0.0101962 -0.0059775 -0.0099953 -0.0182340 -0.0128696 -0.0055746 -0.0055602 -0.0116397 -0.0092417 -0.0094985 0.9485437 -0.0025344 -0.0059430 -0.0086895 -0.0024537 -0.0097983 -0.0083401 -0.0075292 -0.0118962 -0.0114372 -0.0108574 -0.0020007 -0.0053408 -0.0582806 -0.0073362 -0.0080078 0.0003317 0.0021088 -0.0002378 0.0016623 -0.0002572 0.0002693 -0.0023044 -0.0013147 -0.0000681 -0.0019398 0.0005854 -0.0008854 0.0003553 -0.0013288 -0.0007140 0.0001080 0.0023434 0.0025941 0.0005549 -0.0020033 -0.0005166 0.0004416 -0.0002100 0.0034180 0.0014104 -0.0006379 0.0000170 -0.0004732 0.0006608 -0.0002209 -0.0000119 -0.0008845 -0.0012339 0.0017230 -0.0011638 -0.0005009 -0.0002772 -0.0001444 -0.0006162 0.0000322 0.0002792 0.0003178 0.0009680 0.0004418 0.0008530 -0.0002720 -0.0002163 0.0010392 0.0011755
-0.0041578 -0.0263150 -0.0140624 -0.0099584 -0.0205020 -0.0100612 -0.0129530 -0.0059585 -0.0079209 -0.0201917 -0.0099298 -0.0070639 -0.0064135 -0.0021045 -0.0051560 -0.0081454 -0.0025344 0.9962589 -0.0141970 0.0005180 -0.0060089 -0.0137349 -0.0141247 -0.0032776 -0.0043796 -0.0118283 -0.0072906 -0.0058447 -0.0142413 -0.0640883 -0.0133353 -0.0122448 -0.0009402 -0.0013809 -0.0019680 -0.0018690 -0.0009586 0.0004735 -0.0035193 -0.0013159 -0.0018395 -0.0033379 -0.0021773 -0.0021220 -0.0013587 -0.0008396 -0.0020049 -0.0005860 -0.0008181 -0.0026614 -0.0009493 -0.0028376 0.0030655 -0.0006617 -0.0001626 -0.0034604 -0.0022170 -0.0016221 -0.0019476 -0.0004461 -0.0015586 -0.0025935 -0.0020142 -0.0005015 -0.0021971 -0.0015147 -0.0013188 -0.0022228 -0.0010927 -0.0001672 -0.0024800 -0.0013111 0.0005563 -0.0031406 0.0004406 -0.0027470 -0.0022318 -0.0014429 -0.0021822 -0.0004034 -0.0022927
-0.0234905 -0.0489570 -0.0352441 -0.0322717 -0.0542726 -0.0297472 -0.0289942 -0.0168372 -0.0275338 -0.0438235 -0.0287355 -0.0182209 -0.0158191 -0.0326631 -0.0305767 -0.0324369 -0.0059430 -0.0141970 1.5709499 -0.0145710 -0.0121371 -0.0275127 -0.0285676 -0.0307240 -0.0344222 -0.0238820 -0.0326398 -0.0143484 -0.0276489 -0.0687487 -0.0425120 -0.0217150 -0.0081152 -0.0079390 -0.0104064 -0.0072145 -0.0072488 -0.0063386 -0.0105128 -0.0085943 -0.0074034 -0.0096440 -0.0100984 -0.0082096 -0.0074772 -0.0086612 -0.0054674 -0.0075436 -0.0055737 -0.0051914 -0.0033817 -0.0102340 -0.0051536 -0.0055146 -0.0076662 -0.0105032 -0.0076950 -0.0035953 -0.0096996 -0.0103286 -0.0070961 -0.0134646 -0.0076997 -0.0037906 -0.0097135 -0.0092915 -0.0105249 -0.0098841 -0.0089257 -0.0073354 -0.0103022 -0.0083092 -0.0078302 -0.0093304 -0.0046032 0.0004194 -0.0048717 -0.0064880 -0.0089870 -0.0093280 -0.0037586
-0.0154107 -0.0426713 -0.0212345 -0.0125236 -0.0372248 -0.0112089 -0.0161073 -0.0178230 -0.0163708 -0.0332072 -0.0245682 -0.0120038 -0.0206905 -0.0216748 -0.0206142 -0.0158784 -0.0086895 0.0005180 -0.0145710 1.2155626 -0.0074036 -0.0195751 -0.0186138 -0.0157744 -0.0179418 -0.0170195 -0.0184032 -0.0094711 -0.0168373 -0.0677676 -0.0282123 -0.0146490 -0.0016720 -0.0045861 -0.0012854 -0.0060661 -0.0029663 -0.0042725 -0.0075464 -0.0056127 -0.0033730 -0.0047410 -0.0069567 -0.0027895 -0.0027846 -0.0045521 -0.0052330 -0.0040396 -0.0032599 -0.0063384 -0.0025757 -0.0054029 -0.0012799 -0.0016534 -0.0016035 -0.0064701 -0.0041112 -0.0039074 -0.0031252 -0.0058992 -0.0025583 -0.0063449 -0.0045579 0.0008548 -0.0055947 -0.0017583 -0.0019172 -0.0033238 -0.0056065 -0.0042282 -0.0012941 -0.0038767 -0.0038346 -0.0062643 -0.0025728 -0.0021820 -0.0004720 -0.0012480 -0.0036832 -0.0045511 -0.0015869
-0.0170125 -0.0353070 -0.0199578 -0.0170851 -0.0297489 -0.0135268 -0.0160687 -0.0138915 -0.0160668 -0.0249771 -0.0128845 -0.0115745 -0.0107537 -0.0171715 -0.0164993 -0.0185284 -0.0024537 -0.0060089 -0.0121371 -0.0074036 1.1015834 -0.0149022 -0.0191898 -0.0123946 -0.0144752 -0.0116794 -0.0185369 -0.0074027 -0.0178973 -0.0643436 -0.0243168 -0.0138030 -0.0020335 0.0019964 -0.0031645 -0.0012413 -0.0016065 -0.0016547 -0.0059695 -0.0019589 -0.0033066 -0.0056947 -0.0045817 -0.0030849 -0.0030134 -0.0037706 -0.0028442 -0.0037571 0.0019489 -0.0040220 -0.0011165 -0.0028537 -0.0001733 -0.0021581 0.0005022 -0.0055039 -0.0019437 -0.0022568 -0.0015159 -0.0030391 -0.0020277 -0.0044196 -0.0022077 -0.0018121 -0.0051783 -0.0017540 -0.0028463 -0.0026361 -0.0011680 -0.0026429 0.0011460 -0.0018703 -0.0033046 -0.0017312 0.0020573 -0.0014902 -0.0014497 -0.0023196 -0.0032748 -0.0027816 -0.0015163
-0.0243075 -0.0341832 -0.0278252 -0.0278412 -0.0366012 -0.0226728 -0.0272792 -0.0147308 -0.0136868 -0.0335266 -0.0287733 -0.0152203 -0.0164709 -0.0314236 -0.0299562 -0.0286980 -0.0097983 -0.0137349 -0.0275127 -0.0195751 -0.0149022 1.4408774 -0.0317580 -0.0293943 -0.0274287 -0.0188798 -0.0274853 -0.0115116 -0.0223405 -0.0513953 -0.0373024 -0.0228904 -0.0071715 -0.0052486 -0.0074273 -0.0057262 -0.0068976 -0.0053155 -0.0104063 -0.0083611 -0.0081763 -0.0088849 -0.0072355 -0.0084737 -0.0065216 -0.0082411 -0.0076673 -0.0095015 -0.0039512 -0.0072813 -0.0061976 -0.0091796 -0.0030470 -0.0076901 -0.0051147 -0.0025143 -0.0067230 -0.0055380 -0.0037869 -0.0050904 -0.0063367 -0.0125206 -0.0091121 -0.0040015 -0.0069735 -0.0084672 -0.0063366 -0.0078971 -0.0076392 -0.0091605 -0.0063383 -0.0065875 -0.0069377 -0.0068810 -0.0035780 -0.0055821 -0.0091452 -0.0017515 -0.0094158 -0.0082478 -0.0073565
-0.0321630 -0.0552458 -0.0397917 -0.0357685 -0.0441306 -0.0218441 -0.0255879 -0.0203581 -0.0198751 -0.0413308 -0.0372619 -0.0151564 -0.0268152 -0.0260436 -0.0357583 -0.0308521 -0.0083401 -0.0141247 -0.0285676 -0.0186138 -0.0191898 -0.0317580 1.5746531 -0.0327632 -0.0252872 -0.0235614 -0.0280337 -0.0076033 -0.0199587 -0.0757724 -0.0378537 -0.0212493 -0.0069483 -0.0112820 -0.0084452 -0.0077502 -0.0107707 -0.0082780 -0.0130515 -0.0106530 -0.0097499 -0.0110706 -0.0071329 -0.0085078 -0.0061155 -0.0102397 -0.0092546 -0.0041587 -0.0057811 -0.0075579 -0.0075539 -0.0082827 -0.0051925 -0.0075724 -0.0037884 -0.0114225 -0.0085221 -0.0077702 -0.0088926 -0.0102214 -0.0080922 -0.0108975 -0.0083089 -0.0047833 -0.0067958 -0.0119619 -0.0082419 -0.0065169 -0.0090351 -0.0066097 -0.0046741 -0.0081139 -0.0094973 -0.0088693 -0.0055642 -0.0073005 -0.0087454 -0.0050498 -0.0035750 -0.0077085 -0.0078498
-0.0276294 -0.0524679 -0.0386021 -0.0413882 -0.0481832 -0.0194871 -0.0309931 -0.0275568 -0.0271811 -0.0434167 -0.0278485 -0.0170481 -0.0241673 -0.0333035 -0.0339870 -0.0348358 -0.0075292 -0.0032776 -0.0307240 -0.0157744 -0.0123946 -0.0293943 -0.0327632 1.5718169 -0.0244587 -0.0269596 -0.0331817 -0.0096330 -0.0322050 -0.0762214 -0.0368666 -0.0193509 -0.0086096 -0.0051260 -0.0067430 -0.0117603 -0.0067359 -0.0034394 -0.0062329 -0.0087336 -0.0023783 -0.0136322 -0.0089350 -0.0067880 -0.0091498 -0.0101857 -0.0101667 -0.0059413 -0.0073582 -0.0083165 -0.0023375 -0.0100217 -0.0018716 -0.0065626 -0.0043623 -0.0116642 -0.0079916 -0.0093541 -0.0083148 -0.0081919 -0.0067158 -0.0147123 -0.0047260 -0.0045514 -0.0115068 -0.0060740 -0.0082223 -0.0120380 -0.0067000 -0.0052849 -0.0094814 -0.0068733 -0.0080999 -0.0084414 -0.0042790 -0.0062530 -0.0081724 -0.0056353 -0.0089418 -0.0028753 -0.0050261
-0.0278165 -0.0486764 -0.0336184 -0.0320801 -0.0437212 -0.0267443 -0.0284330 -0.0230856 -0.0266439 -0.0406748 -0.0296629 -0.0166470 -0.0193747 -0.0297112 -0.0254357 -0.0260615 -0.0118962 -0.0043796 -0.0344222 -0.0179418 -0.0144752 -0.0274287 -0.0252872 -0.0244587 1.4910643 -0.0219485 -0.0245120 -0.0094550 -0.0223308 -0.0709963 -0.0400638 -0.0246029 -0.0064451 -0.0088359 -0.0064104 -0.0102132 -0.0076606 -0.0065470 -0.0115803 -0.0103955 -0.0079226 -0.0094217 -0.0100882 -0.0100857 -0.0060598 -0.0095893 -0.0071692 -0.0075033 -0.0038415 -0.0097480 -0.0059250 -0.0065013 -0.0042527 -0.0065051 -0.0062526 -0.0058677 -0.0080492 -0.0051724 -0.0095582 -0.0066289 -0.0032076 -0.0099958 -0.0085719 -0.0044436 -0.0128170 -0.0105960 -0.0060724 -0.0034046 -0.0093376 -0.0090089 -0.0069421 -0.0025612 -0.0062303 -0.0102703 -0.0029045 -0.0042177 -0.0081713 -0.0044554 -0.0079089 -0.0089113 -0.0052395
-0.0308725 -0.0498459 -0.0315280 -0.0323576 -0.0390121 -0.0295878 -0.0166299 -0.0229757 -0.0284365 -0.0350044 -0.0217462 -0.0176670 -0.0192669 -0.0286980 -0.0256752 -0.0273658 -0.0114372 -0.0118283 -0.0238820 -0.0170195 -0.0116794 -0.0188798 -0.0235614 -0.0269596 -0.0219485 1.4761611 -0.0278369 -0.0097324 -0.0252420 -0.0651483 -0.0398820 -0.0169582 -0.0076861 -0.0067474 -0.0101916 -0.0101862 -0.0086158 -0.0080861 -0.0095310 -0.0083561 -0.0072451 -0.0073396 -0.0099785 -0.0109061 -0.0081527 -0.0038463 -0.0087522 -0.0076220 -0.0069551 -0.0057040 -0.0055359 -0.0045944 -0.0027267 0.0001607 -0.0064262 -0.0060492 -0.0046416 -0.0072241 -0.0066686 -0.0074543 -0.0068576 -0.0125001 -0.0099415 -0.0038140 -0.0092468 -0.0057679 -0.0045881 -0.0104032 -0.0066211 -0.0071837 -0.0070758 -0.0054779 -0.0048123 -0.0076529 -0.0038649 -0.0044647 -0.0056748 0.0000675 -0.0096527 -0.0080557 -0.0100440
-0.0238565 -0.0569730 -0.0311340 -0.0294977 -0.0473425 -0.0218137 -0.0238568 -0.0206531 -0.0211334 -0.0418557 -0.0285953 -0.0173871 -0.0228168 -0.0329928 -0.0281180 -0.0301147 -0.0108574 -0.0072906 -0.0326398 -0.0184032 -0.0185369 -0.0274853 -0.0280337 -0.0331817 -0.0245120 -0.0278369 1.4494430 -0.0107470 -0.0245762 -0.0729317 -0.0354043 -0.0216908 -0.0029243 -0.0075863 -0.0049235 -0.0070537 -0.0086320 -0.0071757 -0.0070561 -0.0063943 -0.0042357 -0.0054771 -0.0014125 -0.0066213 -0.0039806 -0.0069842 -0.0030435 -0.0057296 -0.0056937 -0.0093204 -0.0065245 -0.0065116 -0.0023399 -0.0057255 -0.0016111 -0.0073816 -0.0045818 -0.0026226 -0.0051229 -0.0062792 -0.0057380 -0.0099360 -0.0063807 -0.0050519 -0.0096138 -0.0088272 -0.0051130 -0.0082235 -0.0073293 -0.0067510 -0.0071465 -0.0066816 -0.0075501 -0.0036019 -0.0038878 -0.0063295 -0.0024059 -0.0046259 -0.0042520 -0.0039592 -0.0043014
-0.0067444 -0.0106169 -0.0155833 -0.0145056 -0.0102306 -0.0086452 -0.0086504 -0.0100740 -0.0078746 -0.0119844 -0.0081956 -0.0077507 -0.0090372 -0.0123585 -0.0127020 -0.0164900 -0.0020007 -0.0058447 -0.0143484 -0.0094711 -0.0074027 -0.0115116 -0.0076033 -0.0096330 -0.0094550 -0.0097324 -0.0107470 0.9474764 -0.0036922 0.0060384 -0.0208464 -0.0106294 -0.0015394 -0.0028249 -0.0019830 0.0003823 -0.0014944 -0.0023122 -0.0013360 -0.0015900 -0.0012165 -0.0013580 -0.0034137 -0.0002101 -0.0015785 -0.0030658 -0.0030042 -0.0014738 -0.0017810 -0.0011292 -0.0012821 -0.0005079 -0.0013880 -0.0013868 -0.0011063 -0.0012362 0.0012301 -0.0023692 -0.0017356 -0.0016014 -0.0008116 -0.0044565 -0.0038940 -0.0012354 0.0008416 -0.0028079 0.0001533 -0.0032261 0.0013336 -0.0008354 -0.0004918 -0.0027601 -0.0017849 -0.0019269 -0.0017958 -0.0015395 -0.0006842 -0.0008076 0.0025734 -0.0029340 -0.0013225
-0.0291625 -0.0566124 -0.0347028 -0.0332761 -0.0490441 -0.0253254 -0.0166847 -0.0219844 -0.0226061 -0.0439573 -0.0366775 -0.0140460 -0.0257329 -0.0320538 -0.0244599 -0.0313045 -0.0053408 -0.0142413 -0.0276489 -0.0168373 -0.0178973 -0.0223405 -0.0199587 -0.0322050 -0.0223308 -0.0252420 -0.0245762 -0.0036922 1.4943842 -0.0785131 -0.0333352 -0.0154587 -0.0063758 -0.0095886 -0.0092834 -0.0101568 -0.0104234 -0.0041696 -0.0097201 -0.0110317 -0.0058802 -0.0118923 -0.0102465 -0.0044542 -0.0062722 -0.0087155 -0.0092933 -0.0081109 -0.0038030 -0.0036441 -0.0030468 -0.0063259 -0.0037829 -0.0030754 -0.0037706 -0.0081364 -0.0070232 -0.0072841 -0.0061993 -0.0053339 -0.0035437 -0.0100479 -0.0092867 -0.0009570 -0.0101638 -0.0056654 -0.0008606 -0.0070952 -0.0043671 -0.0079607 -0.0084667 -0.0076823 -0.0106472 -0.0075852 -0.0035779 -0.0040702 -0.0060668 -0.0066112 -0.0051443 -0.0081920 -0.0073857
-0.0547558 0.5763496 -0.0712189 -0.0748062 0.2952983 -0.0347415 -0.0727941 -0.0581465 -0.0628079 0.1546476 -0.0383966 -0.0637034 -0.0562171 -0.0729978 -0.0436345 -0.0783234 -0.0582806 -0.0640883 -0.0687487 -0.0677676 -0.0643436 -0.0513953 -0.0757724 -0.0762214 -0.0709963 -0.0651483 -0.0729317 0.0060384 -0.0785131 3.1744218 -0.0769956 -0.0738642 -0.0521494 -0.0352368 -0.0512925 -0.0529332 -0.0478657 -0.0563780 -0.0421985 -0.0398162 -0.0427306 0.0183494 -0.0530103 -0.0504206 -0.0485193 -0.0552835 -0.0511082 -0.0341074 -0.0533848 -0.0411472 -0.0523441 -0.0407484 -0.0566327 -0.0451886 -0.0467717 -0.0163110 -0.0474731 -0.0590227 -0.0431624 -0.0590075 -0.0419318 -0.0470963 -0.0423425 -0.0561091 -0.0028518 -0.0438237 -0.0558762 -0.0543758 -0.0545925 -0.0522804 -0.0119104 -0.0355665 -0.0466746 -0.0514644 -0.0353068 -0.0431365 -0.0488027 -0.0342609 -0.0337124 -0.0554189 -0.0519137
-0.0390447 -0.0690200 -0.0438114 -0.0460005 -0.0541720 -0.0316432 -0.0351230 -0.0276439 -0.0323016 -0.0524555 -0.0361932 -0.0214649 -0.0337783 -0.0371729 -0.0264789 -0.0418325 -0.0073362 -0.0133353 -0.0425120 -0.0282123 -0.0243168 -0.0373024 -0.0378537 -0.0368666 -0.0400638 -0.0398820 -0.0354043 -0.0208464 -0.0333352 -0.0769956 1.9351439 -0.0296259 -0.0105859 -0.0125788 -0.0164755 -0.0149663 -0.0153015 -0.0101273 -0.0133110 -0.0130386 -0.0127736 -0.0127332 -0.0131585 -0.0141359 -0.0133171 -0.0113917 -0.0112414 -0.0131251 -0.0074124 -0.0131187 -0.0084302 -0.0110650 -0.0051461 -0.0109959 -0.0057749 -0.0145280 -0.0130977 -0.0148349 -0.0108395 -0.0163167 -0.0041155 -0.0168258 -0.0112313 -0.0046421 -0.0144872 -0.0133063 -0.0079993 -0.0121348 -0.0121721 -0.0065740 -0.0133806 -0.0111752 -0.0105710 -0.0135794 -0.0074970 -0.0142365 -0.0127333 -0.0073792 -0.0154284 -0.0120073 -0.0151415
-0.0284634 -0.0452029 -0.0276690 -0.0311136 -0.0458501 -0.0218152 -0.0231892 -0.0142885 -0.0170711 -0.0344512 -0.0288155 -0.0149644 -0.0171325 -0.0228980 -0.0186396 -0.0237212 -0.0080078 -0.0122448 -0.0217150 -0.0146490 -0.0138030 -0.0228904 -0.0212493 -0.0193509 -0.0246029 -0.0169582 -0.0216908 -0.0106294 -0.0154587 -0.0738642 -0.0296259 1.3084894 -0.0013870 -0.0066011 -0.0059575 -0.0062440 -0.0085113 -0.0049089 -0.0055958 -0.0053691 -0.0075592 -0.0080699 -0.0013218 -0.0048942 -0.0055530 -0.0025486 -0.0079125 -0.0020658 -0.0039175 0.0000354 -0.0032089 -0.0024284 -0.0036194 -0.0048482 -0.0023531 -0.0066200 -0.0029494 -0.0063435 -0.0042527 -0.0047044 -0.0046476 -0.0034017 -0.0061128 -0.0006261 -0.0027035 -0.0071682 -0.0019101 -0.0060298 -0.0065176 -0.0030170 -0.0020310 -0.0001142 -0.0060878 -0.0056205 -0.0035770 -0.0059286 -0.0042948 -0.0040171 -0.0069426 -0.0031712 -0.0056937
-0.0059661 -0.0254784 -0.0118692 -0.0096506 -0.0191090 -0.0061275 -0.0055446 -0.0045787 -0.0054555 -0.0155567 -0.0104632 -0.0030849 -0.0046084 -0.0092036 -0.0061834 -0.0105365 0.0003317 -0.0009402 -0.0081152 -0.0016720 -0.0020335 -0.0071715 -0.0069483 -0.0086096 -0.0064451 -0.0076861 -0.0029243 -0.0015394 -0.0063758 -0.0521494 -0.0105859 -0.0013870 0.6752831 0.0038887 0.0031711 0.0038009 0.0052205 0.0040817 0.0019318 0.0031716 0.0038089 0.0025613 0.0046604 0.0038687 0.0020593 0.0030091 0.0018233 0.0029895 0.0051574 0.0030479 0.0036053 0.0034293 0.0065953 0.0017937 0.0016860 0.0053815 0.0007772 0.0030348 0.0047494 0.0023296 0.0018156 0.0020444 0.0037982 0.0025008 0.0013900 0.0031086 0.0013201 0.0018685 0.0023946 0.0036281 0.0021511 0.0038836 0.0013156 0.0022506 0.0018138 0.0019168 0.0013955 0.0025350 0.0029699 0.0050724 0.0027289
-0.0037873 -0.0171308 -0.0143231 -0.0152854 -0.0205074 -0.0073609 -0.0085133 -0.0068631 -0.0104999 -0.0138649 -0.0104513 -0.0041077 -0.0068637 -0.0104183 -0.0068622 -0.0108956 0.0021088 -0.0013809 -0.0079390 -0.0045861 0.0019964 -0.0052486 -0.0112820 -0.0051260 -0.0088359 -0.0067474 -0.0075863 -0.0028249 -0.0095886 -0.0352368 -0.0125788 -0.0066011 0.0038887 0.6237596 0.0031800 0.0058826 0.0024485 0.0024913 0.0000590 0.0016665 0.0036237 0.0045592 0.0032988 0.0049120 0.0018574 0.0009392 0.0014280 0.0067759 0.0055364 0.0032943 0.0023649 0.0026246 0.0040875 0.0017086 0.0040913 0.0033414 0.0014591 0.0044175 0.0048295 0.0038654 -0.0001992 0.0007581 0.0015948 0.0013008 0.0030087 0.0048237 0.0023684 0.0011931 0.0011093 0.0032537 0.0015226 0.0023391 0.0021546 0.0021212 0.0025522 0.0044158 0.0028403 0.0010422 0.0031577 0.0023688 0.0021856
-0.0100726 -0.0254035 -0.0134227 -0.0114559 -0.0258501 -0.0061301 -0.0051250 -0.0055699 -0.0036426 -0.0199675 -0.0067459 -0.0041603 -0.0009790 -0.0125898 -0.0091110 -0.0111849 -0.0002378 -0.0019680 -0.0104064 -0.0012854 -0.0031645 -0.0074273 -0.0084452 -0.0067430 -0.0064104 -0.0101916 -0.0049235 -0.0019830 -0.0092834 -0.0512925 -0.0164755 -0.0059575 0.0031711 0.0031800 0.5637887 0.0063985 0.0026389 0.0034778 0.0013913 0.0035566 0.0015829 0.0042189 0.0018831 0.0018463 0.0065670 0.0048979 0.0060760 0.0008535 0.0038655 0.0023915 0.0007371 0.0035398 0.0053972 0.0027572 0.0036991 0.0038040 0.0020258 0.0030108 0.0035699 0.0011602 0.0021059 0.0020825 0.0038414 0.0045619 0.0034190 0.0038322 0.0050229 0.0035666 0.0054396 0.0033602 0.0048665 0.0033085 0.0037578 0.0021098 0.0023084 0.0033079 0.0035748 0.0022486 0.0062376 0.0045237 0.0045356
-0.0106072 -0.0279000 -0.0122350 -0.0098856 -0.0238035 -0.0027504 -0.0063817 -0.0049316 -0.0047481 -0.0139358 -0.0096342 -0.0028587 -0.0072136 -0.0107106 -0.0033175 -0.0122064 0.0016623 -0.0018690 -0.0072145 -0.0060661 -0.0012413 -0.0057262 -0.0077502 -0.0117603 -0.0102132 -0.0101862 -0.0070537 0.0003823 -0.0101568 -0.0529332 -0.0149663 -0.0062440 0.0038009 0.0058826 0.0063985 0.5892643 0.0028189 0.0039783 0.0025851 0.0026619 0.0050910 0.0011299 0.0042488 0.0044257 0.0028704 0.0016940 0.0033141 0.0046428 0.0046381 0.0034176 0.0049670 0.0024849 0.0045738 0.0038465 0.0037261 0.0033391 0.0063398 0.0044056 0.0038044 0.0022298 0.0017570 0.0042743 0.0025963 0.0027779 0.0057314 0.0025641 0.0011801 0.0021974 0.0052728 0.0039078 0.0026698 0.0034475 0.0022782 0.0018853 0.0035175 0.0035471 0.0041690 0.0017287 0.0037630 0.0027839 0.0031567
-0.0079493 -0.0250123 -0.0096837 -0.0080564 -0.0193737 -0.0058172 -0.0036373 -0.0047119 -0.0074956 -0.0134182 -0.0122403 -0.0037194 -0.0055975 -0.0098634 -0.0043410 -0.0095338 -0.0002572 -0.0009586 -0.0072488 -0.0029663 -0.0016065 -0.0068976 -0.0107707 -0.0067359 -0.0076606 -0.0086158 -0.0086320 -0.0014944 -0.0104234 -0.0478657 -0.0153015 -0.0085113 0.0052205 0.0024485 0.0026389 0.0028189 0.6228890 0.0025389 0.0042060 0.0028078 0.0008506 0.0026380 0.0019188 0.0032623 0.0035284 0.0056328 0.0047123 0.0012710 0.0042112 0.0017577 0.0029926 0.0039837 0.0033424 0.0022679 0.0022966 0.0082645 0.0027560 0.0042390 0.0021561 0.0027319 0.0019873 0.0023794 0.0018051 0.0018641 0.0002701 0.0025058 0.0035959 0.0024894 0.0018311 0.0061483 0.0011919 0.0022712 0.0038891 0.0008769 0.0014636 0.0031688 0.0023353 0.0021825 0.0044851 0.0024365 0.0043230
-0.0085720 -0.0336972 -0.0103743 -0.0087092 -0.0275640 -0.0046613 -0.0061212 -0.0024791 -0.0095766 -0.0185167 -0.0118072 -0.0023657 -0.0039089 -0.0107305 -0.0052470 -0.0107634 0.0002693 0.0004735 -0.0063386 -0.0042725 -0.0016547 -0.0053155 -0.0082780 -0.0034394 -0.0065470 -0.0080861 -0.0071757 -0.0023122 -0.0041696 -0.0563780 -0.0101273 -0.0049089 0.0040817 0.0024913 0.0034778 0.0039783 0.0025389 0.6166576 0.0023568 0.0055349 0.0019845 0.0047675 0.0046910 0.0035258 0.0040791 0.0022351 0.0023291 0.0030086 0.0048650 0.0042921 0.0040481 0.0019339 0.0046224 0.0021653 0.0029890 0.0028482 0.0011999 0.0069283 0.0028761 0.0034341 0.0028390 0.0032678 0.0025696 0.0063272 0.0035179 0.0029446 0.0031557 0.0018127 0.0029656 0.0039252 0.0021848 0.0029960 0.0021194 0.0020056 0.0017559 0.0020496 0.0047187 0.0034883 0.0028230 0.0055121 0.0036437
-0.0094146 -0.0251785 -0.0138246 -0.0142684 -0.0239685 -0.0065255 -0.0084229 -0.0106249 -0.0047841 -0.0121991 -0.0118347 -0.0051771 -0.0070980 -0.0160643 -0.0101121 -0.0159230 -0.0023044 -0.0035193 -0.0105128 -0.0075464 -0.0059695 -0.0104063 -0.0130515 -0.0062329 -0.0115803 -0.0095310 -0.0070561 -0.0013360 -0.0097201 -0.0421985 -0.0133110 -0.0055958 0.0019318 0.0000590 0.0013913 0.0025851 0.0042060 0.0023568 0.6548540 0.0002476 0.0000611 0.0011523 0.0033355 0.0062727 0.0003565 0.0015831 -0.0000465 0.0014589 0.0032982 0.0050527 0.0007093 0.0027143 0.0031764 0.0021074 0.0011586 0.0032370 0.0003802 0.0017895 0.0068968 0.0019806 0.0015627 -0.0006678 0.0015949 0.0013573 0.0014330 0.0035561 0.0030652 0.0020793 0.0045685 0.0048743 0.0007083 0.0057333 0.0038925 0.0033536 0.0060317 0.0035302 0.0054864 0.0030635 0.0035943 0.0026548 0.0033600
-0.0082889 -0.0225800 -0.0153929 -0.0168546 -0.0240841 -0.0098953 -0.0091758 -0.0026983 -0.0083213 -0.0192194 -0.0095399 -0.0016194 -0.0045723 -0.0138641 -0.0050918 -0.0105977 -0.0013147 -0.0013159 -0.0085943 -0.0056127 -0.0019589 -0.0083611 -0.0106530 -0.0087336 -0.0103955 -0.0083561 -0.0063943 -0.0015900 -0.0110317 -0.0398162 -0.0130386 -0.0053691 0.0031716 0.0016665 0.0035566 0.0026619 0.0028078 0.0055349 0.0002476 0.5953190 0.0024390 0.0043939 0.0041735 0.0020703 0.0048054 0.0085342 0.0023746 0.0077499 0.0027946 0.0010230 0.0013972 0.0038070 0.0029887 0.0017271 0.0022920 0.0035780 0.0075036 0.0032880 0.0031205 0.0017314 0.0027281 0.0074627 0.0031074 0.0030011 0.0009197 0.0040793 0.0027359 0.0018402 0.0036484 0.0040096 0.0017829 0.0064933 0.0029554 0.0008682 0.0015773 0.0043825 0.0018698 0.0024741 0.0037647 0.0061824 0.0050612
-0.0087471 -0.0246922 -0.0093701 -0.0136783 -0.0191339 -0.0063259 -0.0059234 -0.0054390 -0.0088289 -0.0155306 -0.0111531 -0.0046126 -0.0054203 -0.0077890 -0.0080855 -0.0119656 -0.0000681 -0.0018395 -0.0074034 -0.0033730 -0.0033066 -0.0081763 -0.0097499 -0.0023783 -0.0079226 -0.0072451 -0.0042357 -0.0012165 -0.0058802 -0.0427306 -0.0127736 -0.0075592 0.0038089 0.0036237 0.0015829 0.0050910 0.0008506 0.0019845 0.0000611 0.0024390 0.6535593 0.0048572 0.0043072 0.0039901 0.0042862 0.0046888 0.0026208 0.0021444 0.0031426 0.0023766 0.0024829 0.0014549 0.0031835 0.0040166 0.0022823 0.0021378 0.0023071 0.0031977 0.0010664 0.0015067 0.0022500 0.0031061 0.0057576 0.0034298 0.0010638 0.0031627 0.0046909 0.0026126 0.0025570 0.0018178 0.0028474 0.0029892 0.0027391 0.0012587 0.0015162 0.0043700 0.0033604 0.0053389 0.0038765 0.0042910 0.0053134
-0.0091221 -0.0016845 -0.0132697 -0.0098466 -0.0087404 -0.0088797 -0.0071275 -0.0079634 -0.0104392 -0.0058657 -0.0122231 -0.0045624 -0.0057457 -0.0082760 -0.0079660 -0.0132179 -0.0019398 -0.0033379 -0.0096440 -0.0047410 -0.0056947 -0.0088849 -0.0110706 -0.0136322 -0.0094217 -0.0073396 -0.0054771 -0.0013580 -0.0118923 0.0183494 -0.0127332 -0.0080699 0.0025613 0.0045592 0.0042189 0.0011299 0.0026380 0.0047675 0.0011523 0.0043939 0.0048572 0.6289949 0.0023651 0.0015580 0.0017803 0.0037674 0.0016019 0.0020690 0.0028942 0.0049608 0.0002187 0.0030813 0.0010362 0.0004031 0.0009624 0.0043259 0.0021276 0.0007949 0.0012616 0.0006486 0.0021539 0.0018507 0.0030783 0.0014648 0.0004645 0.0027463 0.0019316 0.0009346 0.0019564 0.0025263 0.0021124 0.0018906 0.0014231 0.0002447 0.0020540 0.0016826 0.0019054 0.0020352 0.0045002 0.0021300 0.0038669
-0.0093049 -0.0272943 -0.0081498 -0.0152595 -0.0261655 -0.0084542 -0.0051890 0.0007361 -0.0095045 -0.0183697 -0.0103664 -0.0012233 -0.0087831 -0.0139132 -0.0086033 -0.0123562 0.0005854 -0.0021773 -0.0100984 -0.0069567 -0.0045817 -0.0072355 -0.0071329 -0.0089350 -0.0100882 -0.0099785 -0.0014125 -0.0034137 -0.0102465 -0.0530103 -0.0131585 -0.0013218 0.0046604 0.0032988 0.0018831 0.0042488 0.0019188 0.0046910 0.0033355 0.0041735 0.0043072 0.0023651 0.5566291 0.0077825 0.0028544 0.0022798 0.0028759 0.0003429 0.0040504 0.0025166 0.0021980 0.0031003 0.0036968 0.0026992 0.0061182 0.0034160 0.0015885 0.0032812 0.0048247 0.0050693 0.0025184 0.0027812 0.0024370 0.0023139 0.0078201 0.0043123 0.0037898 0.0028619 0.0025113 0.0047353 0.0040106 0.0025697 0.0055435 0.0029390 0.0009437 0.0025698 0.0021424 0.0068835 0.0021443 0.0036996 0.0043448
-0.0103752 -0.0295315 -0.0126214 -0.0130463 -0.0235175 -0.0087284 -0.0094030 -0.0068151 -0.0077520 -0.0159995 -0.0120345 -0.0042136 -0.0061957 -0.0134096 -0.0085916 -0.0116012 -0.0008854 -0.0021220 -0.0082096 -0.0027895 -0.0030849 -0.0084737 -0.0085078 -0.0067880 -0.0100857 -0.0109061 -0.0066213 -0.0002101 -0.0044542 -0.0504206 -0.0141359 -0.0048942 0.0038687 0.0049120 0.0018463 0.0044257 0.0032623 0.0035258 0.0062727 0.0020703 0.0039901 0.0015580 0.0077825 0.6730254 0.0047523 0.0014798 0.0018103 0.0011548 0.0035619 0.0029182 0.0018510 0.0028188 0.0048994 0.0054755 0.0030226 0.0041665 0.0014757 0.0036177 0.0020626 0.0006540 0.0006541 0.0030125 0.0024881 0.0025653 0.0014882 0.0044590 0.0008722 0.0011788 0.0005453 0.0032764 0.0011221 0.0024000 0.0042600 0.0032398 0.0023989 0.0028778 0.0057279 0.0016468 0.0023905 0.0028659 0.0027931
-0.0087605 -0.0250081 -0.0083798 -0.0111146 -0.0208339 -0.0026106 -0.0055386 -0.0038845 -0.0083927 -0.0157934 -0.0102521 -0.0027781 -0.0052806 -0.0056387 -0.0083272 -0.0092891 0.0003553 -0.0013587 -0.0074772 -0.0027846 -0.0030134 -0.0065216 -0.0061155 -0.0091498 -0.0060598 -0.0081527 -0.0039806 -0.0015785 -0.0062722 -0.0485193 -0.0133171 -0.0055530 0.0020593 0.0018574 0.0065670 0.0028704 0.0035284 0.0040791 0.0003565 0.0048054 0.0042862 0.0017803 0.0028544 0.0047523 0.6290200 0.0025599 0.0055132 0.0023115 0.0038672 0.0028821 0.0029258 0.0035132 0.0030739 0.0019855 0.0028163 0.0042830 0.0046143 0.0028977 0.0052845 0.0020621 0.0024606 0.0020972 0.0031823 0.0048211 0.0013047 0.0033619 0.0031631 0.0025393 0.0047586 0.0028865 0.0020702 0.0024542 0.0032601 0.0038799 0.0033224 0.0045038 0.0031208 0.0024008 0.0045214 0.0035101 0.0032090
