1.0830642 -0.0181762 -0.0376330 0.0769029 -0.0762480 -0.0318016 0.0134881 0.0267860 -0.0428628 -0.0404342 -0.0819978 0.0472504 -0.0148998 -0.0150493 -0.0527051 0.0459754 -0.0974803 -0.0972798 -0.0613133 0.0417366 -0.0333604 -0.0711740 0.0745803 -0.0123689 0.0405970 0.0667435 -0.0341872 -0.0072582 -0.0323257 -0.0779643 0.0107865 -0.0059548 0.0381899 0.0343269 -0.0498559 -0.0936225 -0.0066764 -0.0957117 -0.0057042 -0.0778779 -0.0050377 0.0765732 0.0473190 -0.0318448 0.0384511 -0.0423136 0.0068599 0.0560569 -0.0337853 0.0142740 -0.0072841 0.0756051 -0.0517548 -0.0811923 -0.0258985 -0.0087279 -0.1057530 -0.0297995 -0.0310730 0.0104830 0.0011305 0.0063164 0.0762457 0.0983855 0.0362809 -0.0655273 0.0569430 0.0085067 -0.0309251 0.0556860 -0.0785654 -0.0044593 -0.0800329 -0.0344863 -0.0200056 0.0099654 -0.0834621 0.0789505 -0.0118731 -0.0400524 -0.0260283
-0.0181762 1.0298387 -0.0041946 -0.0155921 -0.0140827 -0.0053030 -0.0139407 -0.0148500 -0.0210028 -0.0084931 -0.0188628 -0.0043781 -0.0065782 -0.0080523 -0.0161947 -0.0158106 -0.0091052 -0.0088830 -0.0157998 -0.0043524 -0.0144813 -0.0109527 -0.0091992 -0.0013966 -0.0092210 -0.0057676 -0.0166386 -0.0101856 -0.0100683 -0.0168070 -0.0094820 -0.0161412 -0.0104213 -0.0060978 -0.0155013 -0.0087017 -0.0073519 -0.0117365 -0.0101446 -0.0095761 -0.0043463 -0.0001651 -0.0072346 -0.0067636 -0.0114349 -0.0106156 -0.0060248 -0.0070541 -0.0110810 -0.0087441 -0.0026774 -0.0094022 -0.0041836 -0.0069537 -0.0034709 -0.0055569 -0.0056935 -0.0059538 -0.0109695 -0.0046167 -0.0092540 -0.0014598 -0.0078952 -0.0033558 -0.0038738 -0.0123389 -0.0049913 -0.0096888 -0.0086041 -0.0032904 -0.0097327 -0.0091732 -0.0075117 -0.0057172 -0.0102194 -0.0083302 -0.0104370 -0.0056671 -0.0074743 -0.0133256 -0.0031567
-0.0376330 -0.0041946 1.0178918 -0.0359022 0.0070174 -0.0023158 -0.0176185 -0.0161425 -0.0085356 -0.0131957 -0.0019658 -0.0152186 -0.0091998 -0.0099901 -0.0076161 -0.0285372 0.0139483 0.0078508 -0.0125406 -0.0167066 -0.0051276 0.0061973 -0.0284315 -0.0126142 -0.0240417 -0.0232066 -0.0087565 -0.0042042 -0.0080493 -0.0026427 -0.0232233 -0.0168893 -0.0129632 -0.0093473 -0.0059904 0.0111375 -0.0074697 0.0049443 -0.0133636 -0.0034017 -0.0122316 -0.0257383 -0.0121835 -0.0048729 -0.0206945 -0.0066039 -0.0155432 -0.0165593 -0.0032513 -0.0092019 -0.0049179 -0.0231158 0.0053145 0.0040295 0.0008613 -0.0089692 0.0109882 0.0006977 -0.0110174 -0.0148162 -0.0119179 -0.0171775 -0.0279584 -0.0226745 -0.0061792 -0.0089594 -0.0163884 -0.0095964 0.0018905 -0.0166689 -0.0025521 -0.0115675 0.0027879 -0.0000980 -0.0048737 -0.0146882 -0.0024022 -0.0263053 -0.0070259 -0.0099075 -0.0068851
0.0769029 -0.0155921 -0.0359022 1.0738288 -0.0763386 -0.0315933 0.0139357 0.0237407 -0.0438665 -0.0361587 -0.0807174 0.0437198 -0.0142661 -0.0117830 -0.0518376 0.0425925 -0.0940366 -0.0966613 -0.0584736 0.0431239 -0.0356962 -0.0689286 0.0723092 -0.0116367 0.0413922 0.0645576 -0.0306893 -0.0076027 -0.0340267 -0.0795762 0.0124428 -0.0104477 0.0368317 0.0309860 -0.0499501 -0.0920811 -0.0084220 -0.0951367 -0.0044542 -0.0747917 -0.0056563 0.0740407 0.0452639 -0.0330768 0.0375126 -0.0417785 0.0094084 0.0557317 -0.0320678 0.0149932 -0.0089925 0.0741654 -0.0491316 -0.0759802 -0.0250902 -0.0083389 -0.1058672 -0.0293315 -0.0276240 0.0125291 0.0007362 0.0061145 0.0771397 0.0934752 0.0310144 -0.0630453 0.0560604 0.0091152 -0.0308497 0.0525598 -0.0796121 -0.0044418 -0.0804682 -0.0351716 -0.0190842 0.0080623 -0.0806366 0.0777390 -0.0107926 -0.0397202 -0.0255974
-0.0762480 -0.0140827 0.0070174 -0.0763386 1.0401934 0.0015623 -0.0195898 -0.0484753 0.0011839 0.0112822 0.0330452 -0.0534588 -0.0082812 -0.0095539 0.0046908 -0.0678084 0.0623362 0.0589828 0.0246946 -0.0550207 0.0034391 0.0451555 -0.0736189 -0.0068223 -0.0611378 -0.0685502 -0.0048713 -0.0028778 -0.0084733 0.0369698 -0.0499157 -0.0173997 -0.0452726 -0.0426801 0.0256462 0.0586337 -0.0059320 0.0562186 -0.0108148 0.0383361 -0.0155838 -0.0742451 -0.0472248 0.0068257 -0.0372338 0.0269336 -0.0223119 -0.0582017 0.0071440 -0.0199543 -0.0090495 -0.0682242 0.0218448 0.0482385 0.0109585 -0.0077141 0.0631776 0.0066227 0.0162364 -0.0194812 -0.0118672 -0.0237210 -0.0765187 -0.0777616 -0.0406930 0.0324811 -0.0556329 -0.0149676 0.0095951 -0.0597802 0.0377115 -0.0088763 0.0456907 0.0089038 0.0078066 -0.0191339 0.0460779 -0.0717832 -0.0060223 0.0175120 0.0003603
-0.0318016 -0.0053030 -0.0023158 -0.0315933 0.0015623 1.0310410 -0.0139454 -0.0091563 -0.0109294 -0.0196557 -0.0080532 -0.0101972 -0.0080590 -0.0112134 -0.0049042 -0.0209666 0.0062630 0.0012972 -0.0146021 -0.0124301 -0.0048446 -0.0002802 -0.0255178 -0.0110727 -0.0137251 -0.0202420 -0.0087339 -0.0060379 -0.0102623 -0.0017724 -0.0173517 -0.0192337 -0.0073327 -0.0037010 -0.0129770 0.0026783 -0.0076199 0.0002140 -0.0127970 -0.0086921 -0.0103966 -0.0176771 -0.0051228 -0.0034919 -0.0208428 -0.0072301 -0.0122276 -0.0110382 -0.0042064 -0.0109519 -0.0063484 -0.0159637 0.0018517 -0.0024231 -0.0002890 -0.0082585 0.0060556 -0.0022154 -0.0152130 -0.0123593 -0.0078091 -0.0144316 -0.0202604 -0.0174198 -0.0035449 -0.0090879 -0.0115375 -0.0104291 -0.0006592 -0.0070701 -0.0099152 -0.0099283 -0.0023964 -0.0012456 -0.0040632 -0.0115513 -0.0058228 -0.0187540 -0.0075573 -0.0132057 -0.0024253
0.0134881 -0.0139407 -0.0176185 0.0139357 -0.0195898 -0.0139454 1.0521588 -0.0029844 -0.0199504 -0.0179981 -0.0238882 -0.0035251 -0.0146336 -0.0148214 -0.0251886 0.0078160 -0.0221031 -0.0242114 -0.0164552 -0.0054288 -0.0092512 -0.0141816 0.0061232 -0.0164912 -0.0039490 -0.0002067 -0.0138708 0.0004135 -0.0272054 -0.0199805 -0.0202363 -0.0066365 0.0022511 -0.0012675 -0.0076563 -0.0227222 -0.0117019 -0.0205845 -0.0069738 -0.0221052 -0.0164235 0.0020368 0.0047658 -0.0105675 0.0077009 -0.0029302 -0.0090809 0.0001396 -0.0098053 -0.0016775 -0.0081116 0.0119369 -0.0200548 -0.0197426 -0.0091289 -0.0091187 -0.0317301 -0.0135169 -0.0028443 -0.0067365 -0.0030865 -0.0127113 0.0054303 0.0141768 -0.0015101 -0.0185389 0.0022804 -0.0015453 -0.0140018 -0.0010890 -0.0253881 -0.0045444 -0.0217067 -0.0127372 -0.0030014 0.0018978 -0.0246315 0.0079216 -0.0071431 -0.0107634 -0.0227394
0.0267860 -0.0148500 -0.0161425 0.0237407 -0.0484753 -0.0091563 -0.0029844 1.0646080 -0.0105640 -0.0483519 -0.0488911 0.0267889 -0.0142063 -0.0132581 -0.0137476 0.0325545 -0.0512804 -0.0533395 -0.0444867 0.0261506 -0.0125362 -0.0459442 0.0246012 -0.0150242 0.0284259 0.0244247 -0.0116062 -0.0039965 -0.0162623 -0.0450713 0.0252768 -0.0098893 0.0271631 0.0273856 -0.0422508 -0.0495969 -0.0109245 -0.0525288 -0.0055543 -0.0503973 -0.0110373 0.0323418 0.0290130 -0.0128875 0.0048908 -0.0369139 -0.0077788 0.0298780 -0.0124853 -0.0015279 -0.0064416 0.0376179 -0.0204950 -0.0480436 -0.0087571 -0.0063466 -0.0548026 -0.0149757 -0.0351151 -0.0024472 0.0000024 -0.0101611 0.0368901 0.0425883 0.0258422 -0.0411102 0.0300319 -0.0065911 -0.0157701 0.0295958 -0.0547695 -0.0042719 -0.0501742 -0.0141268 -0.0095243 -0.0022028 -0.0465379 0.0388624 -0.0109803 -0.0369491 -0.0141716
-0.0428628 -0.0210028 -0.0085356 -0.0438665 0.0011839 -0.0109294 -0.0199504 -0.0105640 1.0653485 -0.0153778 0.0275208 -0.0341018 -0.0168505 -0.0206992 0.0259099 -0.0041411 0.0217575 0.0355720 0.0160148 -0.0346377 0.0098511 -0.0048283 -0.0638370 -0.0240910 -0.0191182 -0.0480665 0.0125003 -0.0027319 -0.0003627 0.0274156 0.0012439 0.0032076 -0.0166658 -0.0270330 0.0031338 0.0153998 -0.0143237 0.0306993 -0.0046714 0.0155697 -0.0088914 -0.0452424 -0.0386926 0.0092875 -0.0237836 0.0017617 -0.0233597 -0.0341277 0.0117331 -0.0285317 -0.0083771 -0.0372325 0.0126674 0.0154683 -0.0011694 -0.0170643 0.0299662 -0.0043849 -0.0033677 -0.0250293 -0.0042131 -0.0267021 -0.0342600 -0.0519093 -0.0245521 0.0192767 -0.0347251 -0.0267177 -0.0043969 -0.0341046 0.0294201 -0.0032056 0.0141618 0.0013021 0.0090504 -0.0130061 0.0309934 -0.0309380 -0.0160576 0.0085984 -0.0006611
-0.0404342 -0.0084931 -0.0131957 -0.0361587 0.0112822 -0.0196557 -0.0179981 -0.0483519 -0.0153778 1.0423559 0.0044554 -0.0341900 -0.0052458 -0.0070250 -0.0123290 -0.0476157 0.0274304 0.0278182 0.0164180 -0.0344275 -0.0071277 0.0182475 -0.0309530 -0.0097076 -0.0468227 -0.0347736 -0.0212611 -0.0111612 -0.0041538 0.0066997 -0.0391768 -0.0124466 -0.0407941 -0.0433684 0.0172566 0.0227418 -0.0079178 0.0247655 -0.0106359 0.0268293 0.0020016 -0.0366882 -0.0463161 -0.0098372 -0.0156716 0.0144746 -0.0042312 -0.0373208 -0.0095088 -0.0106772 -0.0037005 -0.0468600 0.0041518 0.0299544 -0.0025343 -0.0059085 0.0298698 -0.0089378 0.0186010 -0.0037669 -0.0106981 -0.0029879 -0.0377945 -0.0417106 -0.0408946 0.0218605 -0.0380939 -0.0108326 -0.0056620 -0.0383199 0.0333146 -0.0119470 0.0272012 -0.0050289 -0.0025261 -0.0125869 0.0255950 -0.0384896 -0.0052337 0.0204449 -0.0022505
-0.0819978 -0.0188628 -0.0019658 -0.0807174 0.0330452 -0.0080532 -0.0238882 -0.0488911 0.0275208 0.0044554 1.0712934 -0.0600638 -0.0144425 -0.0133683 0.0189229 -0.0542366 0.0755094 0.0856542 0.0434328 -0.0726746 0.0170344 0.0476345 -0.0947041 -0.0253007 -0.0622751 -0.0932199 0.0139205 0.0023258 -0.0093100 0.0586282 -0.0494564 -0.0080205 -0.0499300 -0.0583358 0.0497641 0.0660708 -0.0135172 0.0798991 -0.0101934 0.0614213 -0.0185962 -0.0933048 -0.0631072 0.0176071 -0.0360461 0.0342088 -0.0272690 -0.0731226 0.0176357 -0.0251095 -0.0091239 -0.0798126 0.0260824 0.0595002 0.0056001 -0.0164782 0.0756504 0.0060303 0.0250142 -0.0339611 -0.0128510 -0.0286983 -0.0826524 -0.1011568 -0.0568815 0.0549105 -0.0756190 -0.0203824 0.0078995 -0.0771149 0.0619633 -0.0106924 0.0602603 0.0127077 0.0209620 -0.0144117 0.0605022 -0.0846821 -0.0129313 0.0309709 -0.0083766
0.0472504 -0.0043781 -0.0152186 0.0437198 -0.0534588 -0.0101972 -0.0035251 0.0267889 -0.0341018 -0.0341900 -0.0600638 1.0655779 -0.0076379 -0.0036824 -0.0326364 0.0268528 -0.0660392 -0.0751534 -0.0569613 0.0448132 -0.0239529 -0.0562757 0.0555877 -0.0035473 0.0349391 0.0537911 -0.0258111 -0.0084038 -0.0105844 -0.0687566 0.0201397 -0.0107392 0.0303736 0.0355809 -0.0535657 -0.0665231 -0.0017505 -0.0742633 -0.0084487 -0.0643016 0.0001392 0.0585826 0.0382605 -0.0243750 0.0136662 -0.0469966 0.0066136 0.0471243 -0.0235148 0.0063408 -0.0010556 0.0499916 -0.0280808 -0.0575198 -0.0131016 -0.0018652 -0.0680607 -0.0111896 -0.0349543 0.0098028 -0.0015891 0.0071476 0.0507161 0.0677188 0.0371258 -0.0584021 0.0456562 0.0032840 -0.0171657 0.0480190 -0.0623820 -0.0055871 -0.0580238 -0.0156570 -0.0218392 0.0010182 -0.0618071 0.0548605 -0.0035794 -0.0402444 -0.0121958
-0.0148998 -0.0065782 -0.0091998 -0.0142661 -0.0082812 -0.0080590 -0.0146336 -0.0142063 -0.0168505 -0.0052458 -0.0144425 -0.0076379 1.0327224 -0.0094225 -0.0134477 -0.0195803 -0.0064889 -0.0096893 -0.0133804 -0.0066600 -0.0085479 -0.0059178 -0.0084262 -0.0083001 -0.0138718 -0.0090993 -0.0182458 -0.0093228 -0.0052229 -0.0139669 -0.0165236 -0.0096958 -0.0085058 -0.0073386 -0.0121019 -0.0047230 -0.0049651 -0.0099212 -0.0105749 -0.0097996 -0.0036623 -0.0029024 -0.0078210 -0.0108088 -0.0082857 -0.0121244 -0.0016655 -0.0051940 -0.0110364 -0.0056988 -0.0036800 -0.0090230 -0.0047453 -0.0030880 -0.0043060 -0.0065180 -0.0057762 -0.0048175 -0.0079525 -0.0062668 -0.0077674 -0.0050135 -0.0086756 -0.0018103 -0.0077010 -0.0088951 -0.0044149 -0.0034949 -0.0055349 -0.0055126 -0.0059224 -0.0089298 -0.0026627 -0.0041954 -0.0072131 -0.0075550 -0.0091544 -0.0040701 -0.0056911 -0.0090486 -0.0068857
-0.0150493 -0.0080523 -0.0099901 -0.0117830 -0.0095539 -0.0112134 -0.0148214 -0.0132581 -0.0206992 -0.0070250 -0.0133683 -0.0036824 -0.0094225 1.0354871 -0.0146144 -0.0191542 -0.0083629 -0.0122098 -0.0153878 -0.0077321 -0.0135273 -0.0085977 -0.0031942 -0.0099871 -0.0146457 -0.0015284 -0.0173068 -0.0097458 -0.0084688 -0.0177329 -0.0146966 -0.0114344 -0.0071582 -0.0034855 -0.0139217 -0.0085160 -0.0044886 -0.0142282 -0.0120466 -0.0107085 -0.0022416 -0.0021652 -0.0090497 -0.0100825 -0.0090595 -0.0133286 -0.0048242 -0.0037646 -0.0125829 -0.0074763 -0.0030051 -0.0076000 -0.0058107 -0.0057623 -0.0048186 -0.0057592 -0.0077269 -0.0055436 -0.0108003 -0.0039708 -0.0080427 -0.0025842 -0.0085525 -0.0003210 -0.0040403 -0.0113064 -0.0019047 -0.0048522 -0.0070677 -0.0051759 -0.0096715 -0.0077183 -0.0076876 -0.0078741 -0.0098404 -0.0086706 -0.0101450 -0.0045847 -0.0050128 -0.0098700 -0.0072585
-0.0527051 -0.0161947 -0.0076161 -0.0518376 0.0046908 -0.0049042 -0.0251886 -0.0137476 0.0259099 -0.0123290 0.0189229 -0.0326364 -0.0134477 -0.0146144 1.0454072 -0.0186157 0.0263080 0.0291049 0.0077232 -0.0324603 0.0065407 -0.0013786 -0.0581403 -0.0187173 -0.0232339 -0.0452090 0.0054759 -0.0081330 0.0019798 0.0172556 -0.0043823 -0.0054426 -0.0169414 -0.0233229 -0.0004446 0.0195852 -0.0124110 0.0307736 -0.0071404 0.0115700 -0.0072509 -0.0432948 -0.0334522 0.0053879 -0.0313053 -0.0029710 -0.0228925 -0.0319118 0.0053076 -0.0288694 -0.0082244 -0.0406701 0.0148634 0.0167711 -0.0003013 -0.0116978 0.0332876 0.0000280 -0.0067893 -0.0195415 -0.0062923 -0.0211554 -0.0357656 -0.0507694 -0.0218316 0.0119601 -0.0315528 -0.0261003 0.0009094 -0.0322838 0.0221725 -0.0054187 0.0144499 0.0006959 0.0017226 -0.0187135 0.0273530 -0.0340095 -0.0127830 0.0018640 0.0009560
0.0459754 -0.0158106 -0.0285372 0.0425925 -0.0678084 -0.0209666 0.0078160 0.0325545 -0.0041411 -0.0476157 -0.0542366 0.0268528 -0.0195803 -0.0191542 -0.0186157 1.0741807 -0.0691927 -0.0623286 -0.0425256 0.0246377 -0.0158826 -0.0672569 0.0295165 -0.0218437 0.0429750 0.0351272 -0.0154432 -0.0040336 -0.0256989 -0.0484626 0.0307319 -0.0031968 0.0319396 0.0251634 -0.0447578 -0.0704857 -0.0135877 -0.0648464 -0.0023158 -0.0558681 -0.0090053 0.0422945 0.0246580 -0.0134960 0.0169246 -0.0336324 -0.0046054 0.0347960 -0.0159006 -0.0070914 -0.0092362 0.0491665 -0.0329513 -0.0600539 -0.0188747 -0.0144226 -0.0715032 -0.0231020 -0.0302262 -0.0016453 0.0044767 -0.0058738 0.0523665 0.0543870 0.0224131 -0.0454598 0.0352814 -0.0082604 -0.0280193 0.0333655 -0.0544808 -0.0016103 -0.0611402 -0.0263087 -0.0080783 0.0026356 -0.0547370 0.0544511 -0.0114367 -0.0330764 -0.0170194
-0.0974803 -0.0091052 0.0139483 -0.0940366 0.0623362 0.0062630 -0.0221031 -0.0512804 0.0217575 0.0274304 0.0755094 -0.0660392 -0.0064889 -0.0083629 0.0263080 -0.0691927 1.0980817 0.0876788 0.0551093 -0.0698898 0.0180315 0.0658134 -0.0997686 -0.0133990 -0.0737152 -0.0910845 0.0122547 0.0026711 0.0057219 0.0700420 -0.0557401 -0.0074206 -0.0522569 -0.0586574 0.0511807 0.0800151 -0.0055222 0.0893485 -0.0081731 0.0710121 -0.0116341 -0.0923937 -0.0642509 0.0183083 -0.0395352 0.0423721 -0.0219035 -0.0713309 0.0184429 -0.0226365 -0.0051243 -0.0840878 0.0356244 0.0668842 0.0138153 -0.0074870 0.0896341 0.0140138 0.0311196 -0.0242147 -0.0129622 -0.0228652 -0.0869831 -0.0980598 -0.0557485 0.0594267 -0.0720354 -0.0158792 0.0154929 -0.0737847 0.0705274 -0.0084849 0.0702798 0.0189911 0.0169247 -0.0150256 0.0698104 -0.0853483 -0.0038872 0.0360002 0.0048428
-0.0972798 -0.0088830 0.0078508 -0.0966613 0.0589828 0.0012972 -0.0242114 -0.0533395 0.0355720 0.0278182 0.0856542 -0.0751534 -0.0096893 -0.0122098 0.0291049 -0.0623286 0.0876788 1.1114147 0.0589222 -0.0766294 0.0229796 0.0664961 -0.1065208 -0.0174150 -0.0683784 -0.1018538 0.0180766 0.0041888 0.0000079 0.0770838 -0.0511197 -0.0059670 -0.0538689 -0.0634929 0.0580370 0.0840450 -0.0083605 0.0944755 -0.0059021 0.0781803 -0.0138205 -0.0997291 -0.0704328 0.0233270 -0.0392852 0.0458202 -0.0272356 -0.0767244 0.0216147 -0.0250119 -0.0065785 -0.0882075 0.0331865 0.0716799 0.0109760 -0.0125999 0.0947059 0.0101060 0.0324706 -0.0300513 -0.0122197 -0.0267425 -0.0927218 -0.1063232 -0.0621394 0.0661150 -0.0807183 -0.0200215 0.0145757 -0.0803603 0.0789969 -0.0069886 0.0729214 0.0158016 0.0203195 -0.0125632 0.0748203 -0.0894903 -0.0092002 0.0415621 0.0030483
-0.0613133 -0.0157998 -0.0125406 -0.0584736 0.0246946 -0.0146021 -0.0164552 -0.0444867 0.0160148 0.0164180 0.0434328 -0.0569613 -0.0133804 -0.0153878 0.0077232 -0.0425256 0.0551093 0.0589222 1.0592481 -0.0589634 0.0042628 0.0303332 -0.0682586 -0.0204235 -0.0481811 -0.0727662 -0.0031840 -0.0038574 -0.0119692 0.0381316 -0.0406274 -0.0102455 -0.0434432 -0.0543096 0.0341526 0.0455613 -0.0113080 0.0571250 -0.0085478 0.0471245 -0.0123419 -0.0722996 -0.0590221 0.0056866 -0.0251226 0.0289471 -0.0206236 -0.0598551 0.0086086 -0.0205756 -0.0078501 -0.0617694 0.0143970 0.0450038 0.0021516 -0.0126896 0.0560533 -0.0036603 0.0243564 -0.0192628 -0.0091513 -0.0218655 -0.0605057 -0.0755680 -0.0530427 0.0432927 -0.0606592 -0.0186063 -0.0014287 -0.0619139 0.0522043 -0.0062621 0.0450081 -0.0017635 0.0130990 -0.0128442 0.0497515 -0.0631213 -0.0100048 0.0317766 -0.0086028
0.0417366 -0.0043524 -0.0167066 0.0431239 -0.0550207 -0.0124301 -0.0054288 0.0261506 -0.0346377 -0.0344275 -0.0726746 0.0448132 -0.0066600 -0.0077321 -0.0324603 0.0246377 -0.0698898 -0.0766294 -0.0589634 1.0703484 -0.0254199 -0.0585544 0.0550523 -0.0033504 0.0303323 0.0552049 -0.0253391 -0.0115499 -0.0121114 -0.0680557 0.0242473 -0.0106912 0.0302585 0.0373889 -0.0560764 -0.0688530 -0.0041702 -0.0787392 -0.0090773 -0.0659756 0.0023116 0.0600252 0.0415829 -0.0254639 0.0144328 -0.0490384 0.0057114 0.0480393 -0.0252418 0.0052659 -0.0014714 0.0503606 -0.0278556 -0.0600378 -0.0129493 -0.0009642 -0.0730338 -0.0159247 -0.0382312 0.0091820 -0.0017613 0.0037188 0.0536283 0.0695989 0.0376415 -0.0599889 0.0499763 0.0042243 -0.0171387 0.0481438 -0.0642917 -0.0061771 -0.0592784 -0.0205151 -0.0234952 -0.0014179 -0.0640008 0.0565212 -0.0029246 -0.0421120 -0.0102303
-0.0333604 -0.0144813 -0.0051276 -0.0356962 0.0034391 -0.0048446 -0.0092512 -0.0125362 0.0098511 -0.0071277 0.0170344 -0.0239529 -0.0085479 -0.0135273 0.0065407 -0.0158826 0.0180315 0.0229796 0.0042628 -0.0254199 1.0498623 0.0117206 -0.0392352 -0.0182101 -0.0221849 -0.0364759 0.0006103 0.0008058 -0.0077957 0.0193424 -0.0189696 -0.0077098 -0.0125422 -0.0164244 0.0073401 0.0129566 -0.0093975 0.0221658 -0.0086106 0.0108010 -0.0127142 -0.0317078 -0.0193358 0.0025556 -0.0170161 0.0050796 -0.0162931 -0.0227246 0.0045777 -0.0118751 -0.0054698 -0.0254172 0.0073113 0.0107366 0.0002491 -0.0117013 0.0201416 -0.0012417 -0.0013557 -0.0163713 -0.0084654 -0.0203789 -0.0290396 -0.0338340 -0.0162331 0.0100557 -0.0245519 -0.0111387 -0.0000117 -0.0263934 0.0107915 -0.0064678 0.0117207 0.0009591 0.0043585 -0.0085350 0.0136238 -0.0249568 -0.0095985 0.0026087 -0.0062827
-0.0711740 -0.0109527 0.0061973 -0.0689286 0.0451555 -0.0002802 -0.0141816 -0.0459442 -0.0048283 0.0182475 0.0476345 -0.0562757 -0.0059178 -0.0085977 -0.0013786 -0.0672569 0.0658134 0.0664961 0.0303332 -0.0585544 0.0117206 1.0703090 -0.0656879 -0.0108751 -0.0603965 -0.0779874 0.0046458 0.0029496 -0.0162539 0.0468088 -0.0672015 -0.0125367 -0.0456214 -0.0459868 0.0430085 0.0609614 -0.0093188 0.0625513 -0.0113353 0.0501345 -0.0216862 -0.0768164 -0.0395792 0.0090729 -0.0305441 0.0349828 -0.0213249 -0.0586984 0.0119907 -0.0104996 -0.0066488 -0.0629259 0.0192847 0.0512674 0.0077373 -0.0094788 0.0592632 0.0064085 0.0255423 -0.0221589 -0.0151129 -0.0213750 -0.0775852 -0.0763561 -0.0444527 0.0400996 -0.0605922 -0.0056986 0.0110722 -0.0593414 0.0398358 -0.0098199 0.0510419 0.0130922 0.0140647 -0.0089256 0.0417909 -0.0722167 -0.0064077 0.0197347 -0.0097259
0.0745803 -0.0091992 -0.0284315 0.0723092 -0.0736189 -0.0255178 0.0061232 0.0246012 -0.0638370 -0.0309530 -0.0947041 0.0555877 -0.0084262 -0.0031942 -0.0581403 0.0295165 -0.0997686 -0.1065208 -0.0682586 0.0550523 -0.0392352 -0.0656879 1.0794579 -0.0053469 0.0355127 0.0744386 -0.0399931 -0.0135393 -0.0251425 -0.0877235 0.0048393 -0.0176908 0.0377219 0.0390906 -0.0574810 -0.0870559 -0.0020173 -0.1038809 -0.0094212 -0.0842136 -0.0017760 0.0825120 0.0568460 -0.0375537 0.0346514 -0.0487110 0.0152932 0.0619907 -0.0363526 0.0188756 -0.0017897 0.0748169 -0.0470353 -0.0759635 -0.0213310 -0.0066642 -0.1061290 -0.0236355 -0.0341678 0.0176795 -0.0013973 0.0116042 0.0735922 0.1025227 0.0416446 -0.0727622 0.0627130 0.0128271 -0.0274682 0.0624342 -0.0866186 -0.0094073 -0.0797334 -0.0285424 -0.0255654 0.0093435 -0.0909590 0.0806694 -0.0039706 -0.0472706 -0.0202098
-0.0123689 -0.0013966 -0.0126142 -0.0116367 -0.0068223 -0.0110727 -0.0164912 -0.0150242 -0.0240910 -0.0097076 -0.0253007 -0.0035473 -0.0083001 -0.0099871 -0.0187173 -0.0218437 -0.0133990 -0.0174150 -0.0204235 -0.0033504 -0.0182101 -0.0108751 -0.0053469 1.0105579 -0.0128947 -0.0024803 -0.0208309 -0.0129422 -0.0116008 -0.0269743 -0.0114234 -0.0125233 -0.0074585 -0.0047923 -0.0190289 -0.0116370 -0.0074624 -0.0191629 -0.0082233 -0.0152702 -0.0055736 0.0033644 -0.0068707 -0.0126381 -0.0080859 -0.0133514 -0.0060245 -0.0002584 -0.0152159 -0.0089781 -0.0046025 -0.0069264 -0.0076555 -0.0076849 -0.0043665 -0.0068232 -0.0104995 -0.0091976 -0.0093478 -0.0045328 -0.0087511 -0.0053900 -0.0058135 0.0016215 -0.0050034 -0.0188928 0.0007983 -0.0071041 -0.0089303 -0.0005143 -0.0122793 -0.0075961 -0.0091982 -0.0096996 -0.0147752 -0.0099063 -0.0131424 -0.0022948 -0.0056944 -0.0127110 -0.0042657
0.0405970 -0.0092210 -0.0240417 0.0413922 -0.0611378 -0.0137251 -0.0039490 0.0284259 -0.0191182 -0.0468227 -0.0622751 0.0349391 -0.0138718 -0.0146457 -0.0232339 0.0429750 -0.0737152 -0.0683784 -0.0481811 0.0303323 -0.0221849 -0.0603965 0.0355127 -0.0128947 1.0578706 0.0426664 -0.0186214 -0.0100170 -0.0160879 -0.0587252 0.0236046 -0.0095619 0.0329585 0.0294264 -0.0483725 -0.0695859 -0.0102170 -0.0710867 -0.0071419 -0.0648000 -0.0061258 0.0520434 0.0300320 -0.0204761 0.0125483 -0.0448740 0.0015726 0.0401775 -0.0214397 -0.0001490 -0.0071255 0.0481335 -0.0308428 -0.0610853 -0.0186670 -0.0081828 -0.0728324 -0.0188352 -0.0352894 0.0033962 0.0021882 -0.0034534 0.0533276 0.0600924 0.0284053 -0.0536330 0.0418158 -0.0058578 -0.0230577 0.0411764 -0.0601675 -0.0052026 -0.0620645 -0.0244221 -0.0159575 0.0019083 -0.0586830 0.0548097 -0.0105047 -0.0377491 -0.0170876
0.0667435 -0.0057676 -0.0232066 0.0645576 -0.0685502 -0.0202420 -0.0002067 0.0244247 -0.0480665 -0.0347736 -0.0932199 0.0537911 -0.0090993 -0.0015284 -0.0452090 0.0351272 -0.0910845 -0.1018538 -0.0727662 0.0552049 -0.0364759 -0.0779874 0.0744386 -0.0024803 0.0426664 1.0878891 -0.0412779 -0.0169795 -0.0142901 -0.0885736 0.0262190 -0.0130796 0.0371916 0.0461292 -0.0652541 -0.0884112 0.0000635 -0.1013302 -0.0080130 -0.0807700 0.0074870 0.0845318 0.0443268 -0.0330577 0.0242688 -0.0582580 0.0150303 0.0643140 -0.0341390 0.0099484 -0.0006349 0.0670260 -0.0411251 -0.0728112 -0.0214578 -0.0014017 -0.0933184 -0.0241939 -0.0405550 0.0169314 0.0001060 0.0147594 0.0745325 0.0963714 0.0432265 -0.0731609 0.0637634 0.0066238 -0.0254555 0.0638221 -0.0763739 -0.0064868 -0.0763991 -0.0296634 -0.0318306 0.0004733 -0.0810691 0.0791792 -0.0022738 -0.0464046 -0.0099152
-0.0341872 -0.0166386 -0.0087565 -0.0306893 -0.0048713 -0.0087339 -0.0138708 -0.0116062 0.0125003 -0.0212611 0.0139205 -0.0258111 -0.0182458 -0.0173068 0.0054759 -0.0154432 0.0122547 0.0180766 -0.0031840 -0.0253391 0.0006103 0.0046458 -0.0399931 -0.0208309 -0.0186214 -0.0412779 1.0313301 -0.0002600 -0.0147191 0.0106905 -0.0145663 -0.0079522 -0.0101391 -0.0179331 0.0047378 0.0111878 -0.0109596 0.0177440 -0.0076442 0.0081446 -0.0159580 -0.0334544 -0.0204488 0.0021802 -0.0195287 0.0018577 -0.0197081 -0.0247755 0.0025641 -0.0126704 -0.0072756 -0.0228824 0.0044279 0.0066798 -0.0005907 -0.0128598 0.0134283 -0.0028504 -0.0040376 -0.0186609 -0.0071731 -0.0243040 -0.0259853 -0.0352171 -0.0169476 0.0081628 -0.0243230 -0.0151202 -0.0031167 -0.0277676 0.0065192 -0.0022313 0.0066913 0.0008545 0.0044850 -0.0094687 0.0123887 -0.0279643 -0.0135735 -0.0028781 -0.0123332
-0.0072582 -0.0101856 -0.0042042 -0.0076027 -0.0028778 -0.0060379 0.0004135 -0.0039965 -0.0027319 -0.0111612 0.0023258 -0.0084038 -0.0093228 -0.0097458 -0.0081330 -0.0040336 0.0026711 0.0041888 -0.0038574 -0.0115499 0.0008058 0.0029496 -0.0135393 -0.0129422 -0.0100170 -0.0169795 -0.0002600 1.0467770 -0.0149744 -0.0014526 -0.0199612 -0.0075774 -0.0047562 -0.0079394 0.0033203 -0.0007060 -0.0055767 0.0028265 -0.0074166 -0.0003816 -0.0128111 -0.0135741 -0.0029420 -0.0006091 -0.0035421 -0.0000130 -0.0097433 -0.0083220 -0.0001885 -0.0030377 -0.0035306 -0.0029386 -0.0022627 -0.0006072 -0.0022953 -0.0068169 -0.0032712 -0.0018969 -0.0008074 -0.0108493 -0.0031155 -0.0123209 -0.0107193 -0.0075338 -0.0058051 -0.0006041 -0.0093476 -0.0033414 -0.0015570 -0.0119780 -0.0073228 -0.0041338 -0.0026020 -0.0032441 0.0034725 -0.0007134 -0.0053163 -0.0097290 -0.0076605 -0.0060514 -0.0123815
-0.0323257 -0.0100683 -0.0080493 -0.0340267 -0.0084733 -0.0102623 -0.0272054 -0.0162623 -0.0003627 -0.0041538 -0.0093100 -0.0105844 -0.0052229 -0.0084688 0.0019798 -0.0256989 0.0057219 0.0000079 -0.0119692 -0.0121114 -0.0077957 -0.0162539 -0.0251425 -0.0116008 -0.0160879 -0.0142901 -0.0147191 -0.0149744 1.0287482 -0.0128504 -0.0068718 -0.0114056 -0.0136324 -0.0111888 -0.0156270 -0.0001272 -0.0051364 -0.0021606 -0.0116036 -0.0022611 0.0049779 -0.0113188 -0.0253204 -0.0118674 -0.0205012 -0.0160968 -0.0045431 -0.0107120 -0.0077885 -0.0164085 -0.0029699 -0.0271106 0.0068706 0.0042055 -0.0023235 -0.0046431 0.0105454 -0.0064473 -0.0131272 -0.0070661 -0.0078086 -0.0065155 -0.0166584 -0.0165251 -0.0114655 -0.0025892 -0.0088754 -0.0151597 -0.0044363 -0.0103856 0.0096242 -0.0080856 0.0022299 -0.0034811 -0.0129136 -0.0175257 0.0055857 -0.0145027 -0.0048004 -0.0047018 0.0056862
-0.0779643 -0.0168070 -0.0026427 -0.0795762 0.0369698 -0.0017724 -0.0199805 -0.0450713 0.0274156 0.0066997 0.0586282 -0.0687566 -0.0139669 -0.0177329 0.0172556 -0.0484626 0.0700420 0.0770838 0.0381316 -0.0680557 0.0193424 0.0468088 -0.0877235 -0.0269743 -0.0587252 -0.0885736 0.0106905 -0.0014526 -0.0128504 1.0455416 -0.0460210 -0.0132318 -0.0436753 -0.0537737 0.0389226 0.0595655 -0.0123515 0.0723378 -0.0067315 0.0502264 -0.0181017 -0.0884108 -0.0593965 0.0149801 -0.0367002 0.0348481 -0.0283132 -0.0691673 0.0147024 -0.0239200 -0.0097492 -0.0719491 0.0210372 0.0521118 0.0075559 -0.0160325 0.0704807 0.0042623 0.0218033 -0.0316435 -0.0123111 -0.0310782 -0.0789730 -0.0928149 -0.0525364 0.0465035 -0.0713224 -0.0215511 0.0081857 -0.0717088 0.0558766 -0.0082606 0.0544359 0.0076519 0.0193890 -0.0150928 0.0557543 -0.0781010 -0.0107187 0.0263371 -0.0058433
0.0107865 -0.0094820 -0.0232233 0.0124428 -0.0499157 -0.0173517 -0.0202363 0.0252768 0.0012439 -0.0391768 -0.0494564 0.0201397 -0.0165236 -0.0146966 -0.0043823 0.0307319 -0.0557401 -0.0511197 -0.0406274 0.0242473 -0.0189696 -0.0672015 0.0048393 -0.0114234 0.0236046 0.0262190 -0.0145663 -0.0199612 -0.0068718 -0.0460210 1.0262933 -0.0102354 0.0229936 0.0183299 -0.0531640 -0.0523271 -0.0122400 -0.0511747 -0.0050171 -0.0493970 0.0000185 0.0316762 0.0073828 -0.0142500 -0.0047341 -0.0453285 -0.0041424 0.0258667 -0.0148816 -0.0191979 -0.0066453 0.0215404 -0.0176775 -0.0466422 -0.0129345 -0.0070375 -0.0453577 -0.0174785 -0.0370939 -0.0037613 -0.0037790 -0.0038780 0.0395313 0.0332117 0.0156687 -0.0382705 0.0266373 -0.0174715 -0.0163438 0.0244731 -0.0340090 -0.0068064 -0.0492063 -0.0219130 -0.0177351 -0.0117685 -0.0311867 0.0387436 -0.0109289 -0.0301074 0.0000953
-0.0059548 -0.0161412 -0.0168893 -0.0104477 -0.0173997 -0.0192337 -0.0066365 -0.0098893 0.0032076 -0.0124466 -0.0080205 -0.0107392 -0.0096958 -0.0114344 -0.0054426 -0.0031968 -0.0074206 -0.0059670 -0.0102455 -0.0106912 -0.0077098 -0.0125367 -0.0176908 -0.0125233 -0.0095619 -0.0130796 -0.0079522 -0.0075774 -0.0114056 -0.0132318 -0.0102354 1.0402600 -0.0051929 -0.0109247 -0.0035092 -0.0123910 -0.0079714 -0.0052279 -0.0103050 -0.0099181 -0.0064677 -0.0080671 -0.0157124 -0.0065319 -0.0045439 -0.0092882 -0.0077042 -0.0077881 -0.0059100 -0.0086271 -0.0044470 -0.0084857 -0.0071800 -0.0052078 -0.0085563 -0.0098827 -0.0078734 -0.0113283 -0.0046188 -0.0094874 -0.0070187 -0.0107597 -0.0052641 -0.0067945 -0.0115261 -0.0043628 -0.0105290 -0.0122272 -0.0098708 -0.0118269 -0.0036017 -0.0054694 -0.0073631 -0.0124572 -0.0023443 -0.0061118 -0.0034639 -0.0040150 -0.0093558 -0.0053192 -0.0092465
0.0381899 -0.0104213 -0.0129632 0.0368317 -0.0452726 -0.0073327 0.0022511 0.0271631 -0.0166658 -0.0407941 -0.0499300 0.0303736 -0.0085058 -0.0071582 -0.0169414 0.0319396 -0.0522569 -0.0538689 -0.0434432 0.0302585 -0.0125422 -0.0456214 0.0377219 -0.0074585 0.0329585 0.0371916 -0.0101391 -0.0047562 -0.0136324 -0.0436753 0.0229936 -0.0051929 1.0334774 0.0285951 -0.0367734 -0.0479683 -0.0044631 -0.0514207 -0.0021496 -0.0504185 -0.0061281 0.0385166 0.0320115 -0.0127860 0.0095380 -0.0320482 -0.0016693 0.0335523 -0.0129292 0.0020844 -0.0030442 0.0397559 -0.0208157 -0.0458019 -0.0104325 -0.0047315 -0.0531983 -0.0091301 -0.0282076 0.0024351 0.0003353 -0.0026855 0.0397656 0.0455837 0.0270987 -0.0416866 0.0337087 0.0000427 -0.0119849 0.0341082 -0.0493875 -0.0020638 -0.0479004 -0.0120618 -0.0095301 0.0025435 -0.0454321 0.0398326 -0.0040911 -0.0322534 -0.0082636
0.0343269 -0.0060978 -0.0093473 0.0309860 -0.0426801 -0.0037010 -0.0012675 0.0273856 -0.0270330 -0.0433684 -0.0583358 0.0355809 -0.0073386 -0.0034855 -0.0233229 0.0251634 -0.0586574 -0.0634929 -0.0543096 0.0373889 -0.0164244 -0.0459868 0.0390906 -0.0047923 0.0294264 0.0461292 -0.0179331 -0.0079394 -0.0111888 -0.0537737 0.0183299 -0.0109247 0.0285951 1.0453812 -0.0480691 -0.0538459 -0.0019269 -0.0607215 -0.0084892 -0.0573748 -0.0046389 0.0463695 0.0374127 -0.0160729 0.0091850 -0.0415642 0.0012545 0.0404427 -0.0159480 0.0045393 -0.0022970 0.0435363 -0.0219896 -0.0497216 -0.0102609 -0.0022045 -0.0566418 -0.0071004 -0.0359243 0.0047302 -0.0024246 -0.0020005 0.0401685 0.0533079 0.0347610 -0.0511424 0.0408450 0.0025147 -0.0122071 0.0412084 -0.0578752 -0.0059338 -0.0504843 -0.0128825 -0.0178071 -0.0020623 -0.0549236 0.0432217 -0.0038332 -0.0391557 -0.0099847
-0.0498559 -0.0155013 -0.0059904 -0.0499501 0.0256462 -0.0129770 -0.0076563 -0.0422508 0.0031338 0.0172566 0.0497641 -0.0535657 -0.0121019 -0.0139217 -0.0004446 -0.0447578 0.0511807 0.0580370 0.0341526 -0.0560764 0.0073401 0.0430085 -0.0574810 -0.0190289 -0.0483725 -0.0652541 0.0047378 0.0033203 -0.0156270 0.0389226 -0.0531640 -0.0035092 -0.0367734 -0.0480691 1.0404049 0.0484733 -0.0116625 0.0543360 -0.0069778 0.0470589 -0.0144897 -0.0634413 -0.0450417 0.0066361 -0.0168508 0.0356553 -0.0169653 -0.0534871 0.0100337 -0.0111040 -0.0070438 -0.0507312 0.0110456 0.0440198 0.0015092 -0.0113715 0.0460759 -0.0017066 0.0294430 -0.0200867 -0.0088948 -0.0160136 -0.0564704 -0.0622989 -0.0456804 0.0425539 -0.0547248 -0.0074389 0.0000186 -0.0558545 0.0413435 -0.0063901 0.0430651 0.0031240 0.0157766 -0.0033063 0.0391676 -0.0552475 -0.0094828 0.0271553 -0.0112811
-0.0936225 -0.0087017 0.0111375 -0.0920811 0.0586337 0.0026783 -0.0227222 -0.0495969 0.0153998 0.0227418 0.0660708 -0.0665231 -0.0047230 -0.0085160 0.0195852 -0.0704857 0.0800151 0.0840450 0.0455613 -0.0688530 0.0129566 0.0609614 -0.0870559 -0.0116370 -0.0695859 -0.0884112 0.0111878 -0.0007060 -0.0001272 0.0595655 -0.0523271 -0.0123910 -0.0479683 -0.0538459 0.0484733 1.0568627 -0.0080779 0.0806962 -0.0076163 0.0654927 -0.0131793 -0.0879967 -0.0595875 0.0153849 -0.0389054 0.0348083 -0.0235219 -0.0671974 0.0162634 -0.0199335 -0.0047122 -0.0798962 0.0308174 0.0651225 0.0137152 -0.0092521 0.0811879 0.0103345 0.0269649 -0.0234860 -0.0126870 -0.0227867 -0.0851543 -0.0929857 -0.0520776 0.0527059 -0.0665471 -0.0166454 0.0140847 -0.0688457 0.0626067 -0.0090550 0.0639171 0.0157790 0.0131358 -0.0167866 0.0638717 -0.0841384 -0.0064708 0.0285053 0.0040002
-0.0066764 -0.0073519 -0.0074697 -0.0084220 -0.0059320 -0.0076199 -0.0117019 -0.0109245 -0.0143237 -0.0079178 -0.0135172 -0.0017505 -0.0049651 -0.0044886 -0.0124110 -0.0135877 -0.0055222 -0.0083605 -0.0113080 -0.0041702 -0.0093975 -0.0093188 -0.0020173 -0.0074624 -0.0102170 0.0000635 -0.0109596 -0.0055767 -0.0051364 -0.0123515 -0.0122400 -0.0079714 -0.0044631 -0.0019269 -0.0116625 -0.0080779 1.0202239 -0.0110193 -0.0094223 -0.0092052 -0.0022873 -0.0005582 -0.0049824 -0.0087966 -0.0055797 -0.0099836 -0.0020009 -0.0014159 -0.0073584 -0.0016201 -0.0014394 -0.0054379 -0.0047938 -0.0049472 -0.0029668 -0.0044877 -0.0058754 -0.0036022 -0.0074600 -0.0030567 -0.0067241 -0.0046489 -0.0075985 0.0021179 -0.0017821 -0.0109490 -0.0023880 -0.0059503 -0.0040569 -0.0007715 -0.0070003 -0.0047992 -0.0039968 -0.0064336 -0.0066362 -0.0040678 -0.0109031 -0.0020087 -0.0064595 -0.0074071 -0.0027344
-0.0957117 -0.0117365 0.0049443 -0.0951367 0.0562186 0.0002140 -0.0205845 -0.0525288 0.0306993 0.0247655 0.0798991 -0.0742633 -0.0099212 -0.0142282 0.0307736 -0.0648464 0.0893485 0.0944755 0.0571250 -0.0787392 0.0221658 0.0625513 -0.1038809 -0.0191629 -0.0710867 -0.1013302 0.0177440 0.0028265 -0.0021606 0.0723378 -0.0511747 -0.0052279 -0.0514207 -0.0607215 0.0543360 0.0806962 -0.0110193 1.0791383 -0.0074919 0.0734900 -0.0154280 -0.0993993 -0.0669993 0.0196910 -0.0398734 0.0452143 -0.0258606 -0.0776088 0.0242850 -0.0243886 -0.0065311 -0.0860332 0.0335703 0.0688700 0.0111408 -0.0134166 0.0915879 0.0084224 0.0326183 -0.0289273 -0.0127194 -0.0268906 -0.0878549 -0.1054298 -0.0606449 0.0635730 -0.0773300 -0.0200154 0.0121746 -0.0792002 0.0742175 -0.0084128 0.0695302 0.0161883 0.0223306 -0.0124517 0.0752030 -0.0896791 -0.0080645 0.0373342 0.0020496
-0.0057042 -0.0101446 -0.0133636 -0.0044542 -0.0108148 -0.0127970 -0.0069738 -0.0055543 -0.0046714 -0.0106359 -0.0101934 -0.0084487 -0.0105749 -0.0120466 -0.0071404 -0.0023158 -0.0081731 -0.0059021 -0.0085478 -0.0090773 -0.0086106 -0.0113353 -0.0094212 -0.0082233 -0.0071419 -0.0080130 -0.0076442 -0.0074166 -0.0116036 -0.0067315 -0.0050171 -0.0103050 -0.0021496 -0.0084892 -0.0069778 -0.0076163 -0.0094223 -0.0074919 1.0159978 -0.0104109 -0.0072172 -0.0063090 -0.0096736 -0.0055826 -0.0036782 -0.0044014 -0.0083153 -0.0054622 -0.0057781 -0.0104777 -0.0064409 -0.0029753 -0.0072429 -0.0074502 -0.0048291 -0.0085145 -0.0102141 -0.0094053 -0.0011275 -0.0057591 -0.0017846 -0.0091408 -0.0024917 -0.0047464 -0.0076526 -0.0063423 -0.0053555 -0.0078671 -0.0089666 -0.0064904 -0.0070753 -0.0036919 -0.0091921 -0.0070632 -0.0010478 -0.0055935 -0.0052425 -0.0015753 -0.0093638 -0.0046144 -0.0071050
-0.0778779 -0.0095761 -0.0034017 -0.0747917 0.0383361 -0.0086921 -0.0221052 -0.0503973 0.0155697 0.0268293 0.0614213 -0.0643016 -0.0097996 -0.0107085 0.0115700 -0.0558681 0.0710121 0.0781803 0.0471245 -0.0659756 0.0108010 0.0501345 -0.0842136 -0.0152702 -0.0648000 -0.0807700 0.0081446 -0.0003816 -0.0022611 0.0502264 -0.0493970 -0.0099181 -0.0504185 -0.0573748 0.0470589 0.0654927 -0.0092052 0.0734900 -0.0104109 1.0630239 -0.0088369 -0.0783482 -0.0643312 0.0120849 -0.0307818 0.0360154 -0.0183236 -0.0653132 0.0127404 -0.0198318 -0.0059651 -0.0738826 0.0240548 0.0607048 0.0059213 -0.0093122 0.0732420 0.0035479 0.0299642 -0.0215211 -0.0105588 -0.0186742 -0.0732268 -0.0866726 -0.0541527 0.0545300 -0.0665230 -0.0156951 0.0064882 -0.0676081 0.0643876 -0.0051633 0.0616168 0.0107508 0.0132862 -0.0139047 0.0613145 -0.0734504 -0.0067611 0.0346383 -0.0005094
-0.0050377 -0.0043463 -0.0122316 -0.0056563 -0.0155838 -0.0103966 -0.0164235 -0.0110373 -0.0088914 0.0020016 -0.0185962 0.0001392 -0.0036623 -0.0022416 -0.0072509 -0.0090053 -0.0116341 -0.0138205 -0.0123419 0.0023116 -0.0127142 -0.0216862 -0.0017760 -0.0055736 -0.0061258 0.0074870 -0.0159580 -0.0128111 0.0049779 -0.0181017 0.0000185 -0.0064677 -0.0061281 -0.0046389 -0.0144897 -0.0131793 -0.0022873 -0.0154280 -0.0072172 -0.0088369 1.0181886 0.0072003 -0.0128192 -0.0134092 -0.0035809 -0.0144858 0.0035097 0.0022018 -0.0098226 -0.0070389 -0.0011543 -0.0065024 -0.0018278 -0.0035696 -0.0060363 -0.0032517 -0.0058056 -0.0087418 -0.0089310 0.0023519 -0.0044251 0.0048996 0.0039285 0.0029279 -0.0049869 -0.0093769 0.0032236 -0.0119531 -0.0072947 0.0019708 -0.0011277 -0.0028374 -0.0057046 -0.0097012 -0.0127072 -0.0073624 -0.0028738 0.0052722 -0.0008754 -0.0045491 0.0043044
0.0765732 -0.0001651 -0.0257383 0.0740407 -0.0742451 -0.0176771 0.0020368 0.0323418 -0.0452424 -0.0366882 -0.0933048 0.0585826 -0.0029024 -0.0021652 -0.0432948 0.0422945 -0.0923937 -0.0997291 -0.0722996 0.0600252 -0.0317078 -0.0768164 0.0825120 0.0033644 0.0520434 0.0845318 -0.0334544 -0.0135741 -0.0113188 -0.0884108 0.0316762 -0.0080671 0.0385166 0.0463695 -0.0634413 -0.0879967 -0.0005582 -0.0993993 -0.0063090 -0.0783482 0.0072003 1.0750479 0.0499131 -0.0333944 0.0267500 -0.0538989 0.0174618 0.0633002 -0.0296002 0.0123443 0.0006540 0.0684560 -0.0387020 -0.0716170 -0.0184173 -0.0007203 -0.0942813 -0.0211759 -0.0386485 0.0189003 0.0010766 0.0176987 0.0773383 0.0973830 0.0448340 -0.0718584 0.0666698 0.0085280 -0.0231084 0.0671332 -0.0757917 -0.0040037 -0.0736987 -0.0269612 -0.0296078 0.0023021 -0.0790580 0.0784516 -0.0027465 -0.0454951 -0.0097909
0.0473190 -0.0072346 -0.0121835 0.0452639 -0.0472248 -0.0051228 0.0047658 0.0290130 -0.0386926 -0.0463161 -0.0631072 0.0382605 -0.0078210 -0.0090497 -0.0334522 0.0246580 -0.0642509 -0.0704328 -0.0590221 0.0415829 -0.0193358 -0.0395792 0.0568460 -0.0068707 0.0300320 0.0443268 -0.0204488 -0.0029420 -0.0253204 -0.0593965 0.0073828 -0.0157124 0.0320115 0.0374127 -0.0450417 -0.0595875 -0.0049824 -0.0669993 -0.0096736 -0.0643312 -0.0128192 0.0499131 1.0355525 -0.0184823 0.0151489 -0.0373360 -0.0022810 0.0446095 -0.0184345 0.0126122 -0.0020336 0.0535412 -0.0286172 -0.0570759 -0.0082862 -0.0027476 -0.0718065 -0.0084910 -0.0332375 0.0035440 -0.0011133 -0.0021465 0.0444065 0.0639619 0.0384438 -0.0551452 0.0457237 0.0100082 -0.0112183 0.0418376 -0.0739536 -0.0055152 -0.0564764 -0.0134887 -0.0144806 0.0028164 -0.0685741 0.0468353 -0.0071587 -0.0463091 -0.0179203
-0.0318448 -0.0067636 -0.0048729 -0.0330768 0.0068257 -0.0034919 -0.0105675 -0.0128875 0.0092875 -0.0098372 0.0176071 -0.0243750 -0.0108088 -0.0100825 0.0053879 -0.0134960 0.0183083 0.0233270 0.0056866 -0.0254639 0.0025556 0.0090729 -0.0375537 -0.0126381 -0.0204761 -0.0330577 0.0021802 -0.0006091 -0.0118674 0.0149801 -0.0142500 -0.0065319 -0.0127860 -0.0160729 0.0066361 0.0153849 -0.0087966 0.0196910 -0.0055826 0.0120849 -0.0134092 -0.0333944 -0.0184823 1.0155532 -0.0152445 0.0078886 -0.0154592 -0.0230778 0.0046027 -0.0126665 -0.0045718 -0.0247932 0.0057096 0.0096883 -0.0001018 -0.0097417 0.0210696 -0.0003485 0.0019615 -0.0172514 -0.0035502 -0.0159609 -0.0274069 -0.0305154 -0.0135655 0.0096529 -0.0222073 -0.0130060 -0.0008478 -0.0219487 0.0120507 -0.0037084 0.0086929 0.0017633 0.0066414 -0.0053675 0.0133962 -0.0248590 -0.0094455 0.0016186 -0.0058713
0.0384511 -0.0114349 -0.0206945 0.0375126 -0.0372338 -0.0208428 0.0077009 0.0048908 -0.0237836 -0.0156716 -0.0360461 0.0136662 -0.0082857 -0.0090595 -0.0313053 0.0169246 -0.0395352 -0.0392852 -0.0251226 0.0144328 -0.0170161 -0.0305441 0.0346514 -0.0080859 0.0125483 0.0242688 -0.0195287 -0.0035421 -0.0205012 -0.0367002 -0.0047341 -0.0045439 0.0095380 0.0091850 -0.0168508 -0.0389054 -0.0055797 -0.0398734 -0.0036782 -0.0307818 -0.0035809 0.0267500 0.0151489 -0.0152445 1.0230156 -0.0158244 0.0051699 0.0176518 -0.0156345 0.0057469 -0.0025632 0.0290827 -0.0235069 -0.0291652 -0.0122611 -0.0041772 -0.0444130 -0.0158893 -0.0054766 0.0036096 -0.0013673 0.0028780 0.0291478 0.0372796 0.0072666 -0.0248058 0.0182650 0.0049507 -0.0163831 0.0170946 -0.0297586 -0.0023105 -0.0307216 -0.0186371 -0.0074036 0.0058839 -0.0346014 0.0288039 -0.0062975 -0.0133509 -0.0163720
-0.0423136 -0.0106156 -0.0066039 -0.0417785 0.0269336 -0.0072301 -0.0029302 -0.0369139 0.0017617 0.0144746 0.0342088 -0.0469966 -0.0121244 -0.0133286 -0.0029710 -0.0336324 0.0423721 0.0458202 0.0289471 -0.0490384 0.0050796 0.0349828 -0.0487110 -0.0133514 -0.0448740 -0.0582580 0.0018577 -0.0000130 -0.0160968 0.0348481 -0.0453285 -0.0092882 -0.0320482 -0.0415642 0.0356553 0.0348083 -0.0099836 0.0452143 -0.0044014 0.0360154 -0.0144858 -0.0538989 -0.0373360 0.0078886 -0.0158244 1.0482820 -0.0142860 -0.0455346 0.0041520 -0.0109899 -0.0075069 -0.0411484 0.0068021 0.0332580 0.0005474 -0.0108322 0.0372455 -0.0029347 0.0240363 -0.0147887 -0.0068794 -0.0169857 -0.0499722 -0.0510260 -0.0396037 0.0325026 -0.0466419 -0.0056892 -0.0000833 -0.0469160 0.0315736 -0.0049631 0.0345517 0.0019305 0.0122379 -0.0012100 0.0303873 -0.0462641 -0.0083825 0.0235886 -0.0080262
