1.4011525 -0.0222015 -0.0402106 0.0380607 -0.0527086 -0.0312391 -0.0061698 0.0135666 -0.0406116 -0.0426326 -0.0556511 0.0314801 -0.0229247 -0.0211063 -0.0469923 0.0225989 -0.0562417 -0.0593784 -0.0522550 0.0310396 -0.0416274 -0.0506173 0.0424289 -0.0188477 0.0207627 0.0364847 -0.0340622 -0.0164860 -0.0301123 -0.0563284 -0.0068482 -0.0149716 0.0071323 0.0042803 -0.0309493 -0.0415530 -0.0111620 -0.0439053 -0.0126785 -0.0363296 -0.0070926 0.0259252 0.0062592 -0.0232053 0.0090548 -0.0283428 -0.0024535 0.0163590 -0.0234480 -0.0044008 -0.0091343 0.0221220 -0.0291558 -0.0382669 -0.0196173 -0.0129122 -0.0452778 -0.0220288 -0.0182502 -0.0027601 -0.0067216 -0.0060918 0.0268716 0.0413945 0.0049417 -0.0339679 0.0180023 -0.0065565 -0.0229915 0.0138741 -0.0350895 -0.0113169 -0.0368104 -0.0244099 -0.0154707 -0.0034405 -0.0402317 0.0317438 -0.0129573 -0.0243080 -0.0189916
-0.0222015 1.4279225 -0.0154262 -0.0220189 -0.0227458 -0.0162085 -0.0204245 -0.0193297 -0.0209575 -0.0202704 -0.0227720 -0.0140727 -0.0193621 -0.0175971 -0.0222365 -0.0183943 -0.0107528 -0.0079249 -0.0205251 -0.0151659 -0.0133802 -0.0170975 -0.0198548 -0.0209390 -0.0188286 -0.0172799 -0.0215119 -0.0111737 -0.0201506 -0.0235223 -0.0236159 -0.0189847 -0.0125510 -0.0128353 -0.0155598 -0.0140828 -0.0126110 -0.0138168 -0.0151187 -0.0145256 -0.0115721 -0.0113114 -0.0149320 -0.0125213 -0.0125578 -0.0142222 -0.0128106 -0.0112925 -0.0129496 -0.0132509 -0.0086649 -0.0130736 -0.0094723 -0.0099487 -0.0087777 -0.0127157 -0.0120318 -0.0122778 -0.0121056 -0.0122145 -0.0108028 -0.0138597 -0.0123231 -0.0090004 -0.0121415 -0.0140938 -0.0101952 -0.0140187 -0.0126811 -0.0129482 -0.0116590 -0.0124234 -0.0129544 -0.0123390 -0.0084663 -0.0116012 -0.0129579 -0.0085540 -0.0134273 -0.0145061 -0.0128442
-0.0402106 -0.0154262 1.4606237 -0.0410535 -0.0096816 -0.0166958 -0.0248574 -0.0306557 -0.0129618 -0.0175132 -0.0091474 -0.0300945 -0.0196342 -0.0211237 -0.0123063 -0.0378337 0.0091137 0.0090105 -0.0123648 -0.0327515 -0.0069624 -0.0037350 -0.0428058 -0.0247918 -0.0361973 -0.0355951 -0.0152882 -0.0080080 -0.0188335 -0.0107421 -0.0329145 -0.0216372 -0.0165413 -0.0182059 -0.0094909 -0.0040003 -0.0131841 -0.0016653 -0.0158388 -0.0070536 -0.0135798 -0.0260904 -0.0206835 -0.0093986 -0.0192112 -0.0095593 -0.0174310 -0.0207785 -0.0077045 -0.0154880 -0.0086853 -0.0248717 -0.0022262 -0.0001356 -0.0040633 -0.0141717 0.0011992 -0.0091015 -0.0100534 -0.0169338 -0.0121632 -0.0193527 -0.0266027 -0.0252137 -0.0164216 -0.0076227 -0.0203221 -0.0154687 -0.0083268 -0.0222393 -0.0044405 -0.0127734 -0.0032991 -0.0081528 -0.0055621 -0.0151524 -0.0048531 -0.0233177 -0.0133237 -0.0103671 -0.0128257
0.0380607 -0.0220189 -0.0410535 1.4845352 -0.0548199 -0.0311197 -0.0046795 0.0183730 -0.0434856 -0.0430504 -0.0582450 0.0362599 -0.0219795 -0.0187404 -0.0504454 0.0282207 -0.0597608 -0.0618244 -0.0552426 0.0382544 -0.0429109 -0.0550323 0.0502658 -0.0185325 0.0261488 0.0437605 -0.0337288 -0.0164684 -0.0301792 -0.0597308 -0.0049412 -0.0198882 0.0075259 0.0039690 -0.0345453 -0.0455327 -0.0135951 -0.0484360 -0.0145433 -0.0401558 -0.0091386 0.0288907 0.0062349 -0.0261949 0.0081335 -0.0316740 -0.0032870 0.0179168 -0.0262652 -0.0053228 -0.0104902 0.0241076 -0.0330051 -0.0420568 -0.0220117 -0.0145971 -0.0503523 -0.0243702 -0.0213494 -0.0021762 -0.0073380 -0.0071133 0.0292413 0.0451599 0.0037961 -0.0383286 0.0196133 -0.0070968 -0.0253091 0.0147088 -0.0389661 -0.0115528 -0.0411003 -0.0277371 -0.0175529 -0.0052323 -0.0439821 0.0351127 -0.0148606 -0.0278051 -0.0206536
-0.0527086 -0.0227458 -0.0096816 -0.0548199 1.3473855 -0.0103950 -0.0282441 -0.0412773 -0.0047922 -0.0057902 0.0079657 -0.0425869 -0.0183715 -0.0211350 -0.0035711 -0.0499322 0.0310897 0.0351571 0.0062658 -0.0470854 0.0024699 0.0132565 -0.0582349 -0.0226645 -0.0468252 -0.0492964 -0.0096148 -0.0038378 -0.0161556 0.0093690 -0.0383298 -0.0212256 -0.0240232 -0.0234610 0.0017281 0.0125415 -0.0105832 0.0164536 -0.0137059 0.0059665 -0.0139382 -0.0371223 -0.0277892 -0.0024819 -0.0242430 0.0012034 -0.0186929 -0.0301503 -0.0016990 -0.0167334 -0.0072489 -0.0349481 0.0067189 0.0163038 0.0021262 -0.0113148 0.0204815 -0.0037140 -0.0024177 -0.0171435 -0.0103040 -0.0199257 -0.0371001 -0.0397075 -0.0228441 0.0054385 -0.0300132 -0.0153092 -0.0025006 -0.0308238 0.0079624 -0.0098358 0.0102383 -0.0016021 -0.0002629 -0.0155991 0.0122027 -0.0362501 -0.0108516 -0.0018073 -0.0077424
-0.0312391 -0.0162085 -0.0166958 -0.0311197 -0.0103950 1.2048662 -0.0193527 -0.0221762 -0.0126268 -0.0170387 -0.0124269 -0.0210261 -0.0164947 -0.0186560 -0.0146013 -0.0285373 0.0003165 0.0004298 -0.0136210 -0.0228235 -0.0096045 -0.0079569 -0.0338171 -0.0189917 -0.0250341 -0.0264852 -0.0134602 -0.0075789 -0.0149540 -0.0096774 -0.0257667 -0.0183935 -0.0104228 -0.0107621 -0.0076717 -0.0035027 -0.0086189 -0.0029427 -0.0112281 -0.0067933 -0.0091011 -0.0159397 -0.0124861 -0.0066947 -0.0130967 -0.0065307 -0.0112373 -0.0122518 -0.0060761 -0.0109011 -0.0060182 -0.0147902 -0.0024995 -0.0018552 -0.0030605 -0.0089236 -0.0005092 -0.0061889 -0.0079375 -0.0110273 -0.0073348 -0.0134917 -0.0162119 -0.0153465 -0.0101663 -0.0060598 -0.0119402 -0.0100463 -0.0062236 -0.0130649 -0.0054974 -0.0085076 -0.0036285 -0.0052720 -0.0041380 -0.0097559 -0.0042244 -0.0140921 -0.0087758 -0.0075226 -0.0081322
-0.0061698 -0.0204245 -0.0248574 -0.0046795 -0.0282441 -0.0193527 1.3782231 -0.0072162 -0.0244327 -0.0246215 -0.0325023 -0.0060715 -0.0192112 -0.0201433 -0.0284938 -0.0079692 -0.0226464 -0.0250152 -0.0303742 -0.0056217 -0.0177112 -0.0239851 -0.0048493 -0.0209303 -0.0100593 -0.0060935 -0.0214371 -0.0089847 -0.0229782 -0.0301360 -0.0201762 -0.0182903 -0.0061435 -0.0083205 -0.0159816 -0.0200870 -0.0122713 -0.0197671 -0.0126831 -0.0190379 -0.0109500 -0.0039781 -0.0084954 -0.0136190 -0.0054977 -0.0137351 -0.0104665 -0.0050273 -0.0135816 -0.0103874 -0.0085711 -0.0029962 -0.0145748 -0.0162193 -0.0105638 -0.0124146 -0.0199904 -0.0136610 -0.0108676 -0.0094712 -0.0080085 -0.0128043 -0.0027338 0.0030965 -0.0079409 -0.0173641 -0.0035815 -0.0106107 -0.0140593 -0.0068921 -0.0172391 -0.0101253 -0.0172450 -0.0144070 -0.0083316 -0.0083212 -0.0191354 0.0007878 -0.0119181 -0.0137031 -0.0154328
0.0135666 -0.0193297 -0.0306557 0.0183730 -0.0412773 -0.0221762 -0.0072162 1.3664143 -0.0282165 -0.0382189 -0.0451507 0.0137961 -0.0205018 -0.0167914 -0.0332398 0.0123750 -0.0379346 -0.0413865 -0.0424841 0.0161120 -0.0286283 -0.0387390 0.0220204 -0.0186194 0.0098305 0.0161710 -0.0237174 -0.0112105 -0.0216825 -0.0453666 -0.0025563 -0.0167914 0.0024411 0.0000530 -0.0249028 -0.0290957 -0.0117487 -0.0305411 -0.0116950 -0.0274082 -0.0091534 0.0096350 -0.0002381 -0.0161748 -0.0017137 -0.0231607 -0.0071294 0.0054170 -0.0158846 -0.0076277 -0.0079984 0.0087046 -0.0182105 -0.0264138 -0.0127865 -0.0111505 -0.0308698 -0.0154671 -0.0172752 -0.0067911 -0.0067019 -0.0105749 0.0106173 0.0189090 -0.0000839 -0.0252501 0.0066780 -0.0089158 -0.0165572 0.0036063 -0.0265734 -0.0099927 -0.0264072 -0.0167110 -0.0110077 -0.0065851 -0.0283968 0.0144711 -0.0118638 -0.0203792 -0.0148021
-0.0406116 -0.0209575 -0.0129618 -0.0434856 -0.0047922 -0.0126268 -0.0244327 -0.0282165 1.2797190 -0.0105863 0.0030327 -0.0339386 -0.0186562 -0.0213345 -0.0016837 -0.0329382 0.0110315 0.0183166 0.0009435 -0.0338459 -0.0004972 -0.0020048 -0.0503708 -0.0221607 -0.0349464 -0.0395390 -0.0064357 -0.0052584 -0.0135424 0.0054134 -0.0253456 -0.0110594 -0.0139548 -0.0164567 -0.0030026 0.0017732 -0.0099689 0.0066280 -0.0095834 0.0001640 -0.0100486 -0.0252827 -0.0211038 -0.0023620 -0.0165525 -0.0037191 -0.0147659 -0.0202134 -0.0017762 -0.0152463 -0.0065844 -0.0232266 0.0019070 0.0055083 -0.0019545 -0.0114395 0.0081088 -0.0057193 -0.0053013 -0.0150942 -0.0076465 -0.0171196 -0.0232952 -0.0275595 -0.0163367 0.0004438 -0.0200700 -0.0147770 -0.0050859 -0.0209477 0.0041532 -0.0074911 0.0012899 -0.0038283 -0.0010167 -0.0118916 0.0051935 -0.0219011 -0.0106405 -0.0036867 -0.0076212
-0.0426326 -0.0202704 -0.0175132 -0.0430504 -0.0057902 -0.0170387 -0.0246215 -0.0382189 -0.0105863 1.4420028 -0.0036989 -0.0356964 -0.0177119 -0.0213255 -0.0110455 -0.0418499 0.0145544 0.0186255 -0.0033929 -0.0371976 -0.0039981 0.0027712 -0.0461788 -0.0239170 -0.0397717 -0.0400760 -0.0154478 -0.0080766 -0.0163842 -0.0019168 -0.0357644 -0.0193121 -0.0214486 -0.0230864 -0.0042020 0.0001300 -0.0121952 0.0034596 -0.0149744 -0.0011703 -0.0109624 -0.0283247 -0.0266232 -0.0094366 -0.0191381 -0.0032692 -0.0151987 -0.0243504 -0.0079814 -0.0152148 -0.0075679 -0.0291184 -0.0011444 0.0064210 -0.0036245 -0.0121414 0.0070002 -0.0093962 -0.0045095 -0.0144959 -0.0114961 -0.0158390 -0.0281945 -0.0302014 -0.0223266 -0.0012519 -0.0245184 -0.0152839 -0.0075323 -0.0256670 0.0031473 -0.0122432 0.0021482 -0.0071732 -0.0045370 -0.0150793 0.0024275 -0.0263692 -0.0116845 -0.0029263 -0.0110849
-0.0556511 -0.0227720 -0.0091474 -0.0582450 0.0079657 -0.0124269 -0.0325023 -0.0451507 0.0030327 -0.0036989 1.4529690 -0.0438022 -0.0194352 -0.0231218 0.0022816 -0.0506423 0.0412713 0.0503166 0.0134861 -0.0536198 0.0091130 0.0194372 -0.0646657 -0.0275475 -0.0518791 -0.0570824 -0.0031992 -0.0037502 -0.0151604 0.0211304 -0.0413062 -0.0193429 -0.0267915 -0.0287059 0.0061840 0.0147060 -0.0130584 0.0240151 -0.0141862 0.0113307 -0.0159033 -0.0428459 -0.0323235 -0.0011955 -0.0266660 0.0022193 -0.0210638 -0.0360679 0.0005405 -0.0196815 -0.0081649 -0.0391483 0.0083556 0.0203916 0.0015259 -0.0137408 0.0247556 -0.0035090 -0.0014204 -0.0230124 -0.0119980 -0.0226375 -0.0412699 -0.0465383 -0.0278608 0.0099818 -0.0363067 -0.0177907 -0.0019915 -0.0370228 0.0132113 -0.0115795 0.0128839 -0.0002265 0.0021886 -0.0158671 0.0154917 -0.0407297 -0.0128597 0.0009134 -0.0102095
0.0314801 -0.0140727 -0.0300945 0.0362599 -0.0425869 -0.0210261 -0.0060715 0.0137961 -0.0339386 -0.0356964 -0.0438022 1.3311851 -0.0163266 -0.0132302 -0.0389251 0.0201671 -0.0418733 -0.0470357 -0.0449553 0.0274268 -0.0317277 -0.0423966 0.0430616 -0.0127886 0.0207383 0.0304193 -0.0263643 -0.0112480 -0.0197582 -0.0513057 0.0019798 -0.0153607 0.0032440 0.0028488 -0.0268551 -0.0313124 -0.0089542 -0.0346704 -0.0110851 -0.0299559 -0.0065628 0.0163002 0.0035446 -0.0180696 0.0015389 -0.0246094 -0.0034565 0.0102534 -0.0179816 -0.0055527 -0.0071248 0.0130702 -0.0202162 -0.0279463 -0.0136784 -0.0099833 -0.0326950 -0.0146043 -0.0167514 -0.0028284 -0.0063047 -0.0055256 0.0153107 0.0255532 0.0030032 -0.0277470 0.0113442 -0.0068398 -0.0169376 0.0085289 -0.0276490 -0.0091774 -0.0277989 -0.0170990 -0.0126881 -0.0051987 -0.0306038 0.0192899 -0.0101186 -0.0203443 -0.0136849
-0.0229247 -0.0193621 -0.0196342 -0.0219795 -0.0183715 -0.0164947 -0.0192112 -0.0205018 -0.0186562 -0.0177119 -0.0194352 -0.0163266 1.3841336 -0.0173209 -0.0213423 -0.0234388 -0.0089412 -0.0091237 -0.0197342 -0.0169079 -0.0089184 -0.0141220 -0.0227624 -0.0185670 -0.0205631 -0.0178504 -0.0189222 -0.0098018 -0.0172099 -0.0184931 -0.0244430 -0.0178061 -0.0110168 -0.0115519 -0.0122420 -0.0110260 -0.0107343 -0.0108506 -0.0128987 -0.0117813 -0.0095413 -0.0118555 -0.0134201 -0.0117547 -0.0115543 -0.0129159 -0.0110201 -0.0110681 -0.0107403 -0.0113038 -0.0074260 -0.0127617 -0.0077360 -0.0070548 -0.0070770 -0.0116883 -0.0087359 -0.0105161 -0.0104861 -0.0111923 -0.0094872 -0.0132035 -0.0123760 -0.0089797 -0.0120416 -0.0112828 -0.0100574 -0.0114699 -0.0101697 -0.0122431 -0.0095547 -0.0107914 -0.0092606 -0.0095160 -0.0069968 -0.0107207 -0.0105555 -0.0095387 -0.0113375 -0.0116450 -0.0114363
-0.0211063 -0.0175971 -0.0211237 -0.0187404 -0.0211350 -0.0186560 -0.0201433 -0.0167914 -0.0213345 -0.0213255 -0.0231218 -0.0132302 -0.0173209 1.4178002 -0.0180915 -0.0162051 -0.0085912 -0.0108996 -0.0179023 -0.0153631 -0.0150800 -0.0177675 -0.0167486 -0.0212637 -0.0203931 -0.0144954 -0.0201351 -0.0108811 -0.0189780 -0.0235488 -0.0237234 -0.0178163 -0.0110712 -0.0113572 -0.0151658 -0.0140881 -0.0119147 -0.0144581 -0.0146719 -0.0153981 -0.0108856 -0.0109535 -0.0147557 -0.0130065 -0.0119191 -0.0151973 -0.0121992 -0.0105915 -0.0132130 -0.0117839 -0.0084940 -0.0119782 -0.0097305 -0.0096880 -0.0086372 -0.0126646 -0.0118171 -0.0123009 -0.0124604 -0.0115940 -0.0107207 -0.0136770 -0.0116794 -0.0072022 -0.0115940 -0.0142371 -0.0095524 -0.0124343 -0.0120737 -0.0124379 -0.0122842 -0.0119318 -0.0124734 -0.0120432 -0.0080187 -0.0101480 -0.0127791 -0.0078394 -0.0126808 -0.0134919 -0.0129879
-0.0469923 -0.0222365 -0.0123063 -0.0504454 -0.0035711 -0.0146013 -0.0284938 -0.0332398 -0.0016837 -0.0110455 0.0022816 -0.0389251 -0.0213423 -0.0180915 1.4174769 -0.0358943 0.0224705 0.0246084 0.0007224 -0.0402465 0.0010487 0.0017972 -0.0557382 -0.0238874 -0.0404984 -0.0453311 -0.0093131 -0.0065428 -0.0127222 0.0028932 -0.0316937 -0.0143084 -0.0192543 -0.0211859 -0.0044365 0.0039048 -0.0129384 0.0088259 -0.0138583 -0.0002129 -0.0129224 -0.0321517 -0.0255693 -0.0052521 -0.0228402 -0.0059491 -0.0187180 -0.0258145 -0.0042784 -0.0190291 -0.0080899 -0.0301254 0.0020183 0.0074500 -0.0021965 -0.0133919 0.0107316 -0.0065400 -0.0073207 -0.0181304 -0.0106175 -0.0193825 -0.0302627 -0.0343502 -0.0209646 -0.0002360 -0.0256366 -0.0180808 -0.0052393 -0.0266462 0.0036484 -0.0107834 0.0023110 -0.0051673 -0.0021492 -0.0143925 0.0057173 -0.0288149 -0.0129140 -0.0057431 -0.0099949
0.0225989 -0.0183943 -0.0378337 0.0282207 -0.0499322 -0.0285373 -0.0079692 0.0123750 -0.0329382 -0.0418499 -0.0506423 0.0201671 -0.0234388 -0.0162051 -0.0358943 1.4583703 -0.0464113 -0.0496351 -0.0440688 0.0241601 -0.0348284 -0.0487940 0.0296613 -0.0220618 0.0177093 0.0246805 -0.0278311 -0.0146864 -0.0272697 -0.0517119 -0.0045673 -0.0183042 0.0040200 0.0007357 -0.0304801 -0.0380376 -0.0142888 -0.0396754 -0.0130792 -0.0338495 -0.0097936 0.0161237 -0.0004154 -0.0202605 0.0020317 -0.0267178 -0.0080522 0.0090331 -0.0202528 -0.0095746 -0.0101718 0.0146475 -0.0260423 -0.0347636 -0.0180625 -0.0148433 -0.0398606 -0.0212782 -0.0197846 -0.0068811 -0.0076505 -0.0107881 0.0181346 0.0280613 -0.0001264 -0.0317388 0.0112658 -0.0113286 -0.0223201 0.0070773 -0.0321953 -0.0112527 -0.0343556 -0.0233137 -0.0133477 -0.0046200 -0.0350840 0.0232659 -0.0142449 -0.0240512 -0.0182404
-0.0562417 -0.0107528 0.0091137 -0.0597608 0.0310897 0.0003165 -0.0226464 -0.0379346 0.0110315 0.0145544 0.0412713 -0.0418733 -0.0089412 -0.0085912 0.0224705 -0.0464113 1.2093151 0.0434500 0.0339684 -0.0449375 0.0157466 0.0314257 -0.0647648 -0.0156169 -0.0480601 -0.0502741 0.0044426 0.0006966 -0.0003816 0.0425681 -0.0359327 -0.0104206 -0.0174477 -0.0185512 0.0079556 0.0162956 -0.0057701 0.0209259 -0.0077339 0.0125262 -0.0088092 -0.0312581 -0.0223459 0.0024588 -0.0179443 0.0063767 -0.0130813 -0.0244072 0.0023112 -0.0116889 -0.0037783 -0.0285297 0.0085898 0.0161988 0.0033047 -0.0065228 0.0211903 0.0012013 0.0010160 -0.0124268 -0.0071171 -0.0136530 -0.0300291 -0.0336005 -0.0181386 0.0104936 -0.0241875 -0.0101143 0.0020774 -0.0246484 0.0123782 -0.0060805 0.0127353 0.0025021 0.0020295 -0.0093776 0.0153331 -0.0292707 -0.0057583 0.0031296 -0.0034161
-0.0593784 -0.0079249 0.0090105 -0.0618244 0.0351571 0.0004298 -0.0250152 -0.0413865 0.0183166 0.0186255 0.0503166 -0.0470357 -0.0091237 -0.0108996 0.0246084 -0.0496351 0.0434500 1.3084047 0.0396551 -0.0497406 0.0246704 0.0378891 -0.0698927 -0.0167474 -0.0501292 -0.0570661 0.0074553 0.0017918 -0.0018569 0.0504359 -0.0372305 -0.0100624 -0.0210137 -0.0225609 0.0086244 0.0174039 -0.0087970 0.0232842 -0.0092816 0.0134885 -0.0114989 -0.0371057 -0.0272571 0.0018967 -0.0215949 0.0061892 -0.0171538 -0.0296029 0.0024237 -0.0143290 -0.0053058 -0.0339258 0.0086081 0.0186586 0.0022200 -0.0100301 0.0240230 -0.0007148 0.0004859 -0.0164541 -0.0089774 -0.0172108 -0.0359968 -0.0401963 -0.0224763 0.0123220 -0.0301441 -0.0132788 0.0010994 -0.0301386 0.0144983 -0.0079282 0.0139961 0.0017422 0.0026545 -0.0115111 0.0173566 -0.0347293 -0.0086581 0.0037194 -0.0047844
-0.0522550 -0.0205251 -0.0123648 -0.0552426 0.0062658 -0.0136210 -0.0303742 -0.0424841 0.0009435 -0.0033929 0.0134861 -0.0449553 -0.0197342 -0.0179023 0.0007224 -0.0440688 0.0339684 0.0396551 1.4340652 -0.0465878 0.0044715 0.0144095 -0.0600623 -0.0263111 -0.0474483 -0.0524799 -0.0100518 -0.0037111 -0.0164480 0.0133121 -0.0380515 -0.0184202 -0.0239441 -0.0271940 0.0032066 0.0098225 -0.0125289 0.0167880 -0.0136493 0.0072318 -0.0139065 -0.0384077 -0.0310178 -0.0036249 -0.0229655 0.0015092 -0.0195807 -0.0326145 -0.0023878 -0.0179954 -0.0074811 -0.0352056 0.0047768 0.0144262 -0.0003121 -0.0133588 0.0182636 -0.0060476 -0.0016349 -0.0186282 -0.0108260 -0.0209405 -0.0365157 -0.0402182 -0.0263736 0.0062573 -0.0323328 -0.0170361 -0.0051745 -0.0329554 0.0101362 -0.0105776 0.0092302 -0.0035393 0.0003557 -0.0145970 0.0122556 -0.0360280 -0.0122553 0.0004791 -0.0103483
0.0310396 -0.0151659 -0.0327515 0.0382544 -0.0470854 -0.0228235 -0.0056217 0.0161120 -0.0338459 -0.0371976 -0.0536198 0.0274268 -0.0169079 -0.0153631 -0.0402465 0.0241601 -0.0449375 -0.0497406 -0.0465878 1.3634502 -0.0341195 -0.0445984 0.0449722 -0.0137901 0.0222988 0.0344001 -0.0287434 -0.0135285 -0.0201974 -0.0529704 0.0022467 -0.0163613 0.0039596 0.0036627 -0.0285250 -0.0341531 -0.0106014 -0.0375047 -0.0119205 -0.0313693 -0.0061013 0.0183895 0.0040357 -0.0196472 0.0024817 -0.0261363 -0.0031378 0.0120430 -0.0194819 -0.0056392 -0.0073579 0.0147082 -0.0217796 -0.0309629 -0.0146329 -0.0106155 -0.0361608 -0.0173736 -0.0179085 -0.0024313 -0.0069609 -0.0064484 0.0178021 0.0288448 0.0034980 -0.0302093 0.0130218 -0.0066609 -0.0175259 0.0099437 -0.0298959 -0.0097452 -0.0298693 -0.0191955 -0.0141774 -0.0052212 -0.0328686 0.0218955 -0.0105411 -0.0224576 -0.0143247
-0.0416274 -0.0133802 -0.0069624 -0.0429109 0.0024699 -0.0096045 -0.0177112 -0.0286283 -0.0004972 -0.0039981 0.0091130 -0.0317277 -0.0089184 -0.0150800 0.0010487 -0.0348284 0.0157466 0.0246704 0.0044715 -0.0341195 1.2898647 0.0100076 -0.0485693 -0.0195458 -0.0359492 -0.0392806 -0.0061676 -0.0033577 -0.0122111 0.0141405 -0.0299782 -0.0110622 -0.0146302 -0.0159745 -0.0013685 0.0027335 -0.0097018 0.0067226 -0.0104222 0.0007243 -0.0109798 -0.0249069 -0.0191297 -0.0039486 -0.0159578 -0.0028040 -0.0144512 -0.0195073 -0.0029567 -0.0130006 -0.0059105 -0.0222644 0.0016592 0.0053682 -0.0014297 -0.0105158 0.0074166 -0.0049784 -0.0049211 -0.0137393 -0.0085810 -0.0165021 -0.0242414 -0.0259630 -0.0154476 -0.0000518 -0.0200150 -0.0121078 -0.0042186 -0.0209865 0.0018880 -0.0089001 0.0017046 -0.0038478 -0.0012215 -0.0104249 0.0038578 -0.0221608 -0.0098717 -0.0039649 -0.0079786
-0.0506173 -0.0170975 -0.0037350 -0.0550323 0.0132565 -0.0079569 -0.0239851 -0.0387390 -0.0020048 0.0027712 0.0194372 -0.0423966 -0.0141220 -0.0177675 0.0017972 -0.0487940 0.0314257 0.0378891 0.0144095 -0.0445984 0.0100076 1.3011806 -0.0573803 -0.0205063 -0.0463280 -0.0498360 -0.0044604 -0.0020603 -0.0119744 0.0214218 -0.0404861 -0.0165567 -0.0218571 -0.0219124 0.0045429 0.0129618 -0.0097398 0.0168877 -0.0116170 0.0085781 -0.0131811 -0.0354431 -0.0231513 -0.0020022 -0.0213424 0.0027812 -0.0168996 -0.0280282 -0.0004906 -0.0137430 -0.0063193 -0.0318498 0.0054753 0.0151198 0.0014572 -0.0107473 0.0180919 -0.0019954 -0.0011550 -0.0159158 -0.0103867 -0.0178014 -0.0354502 -0.0368226 -0.0213036 0.0060828 -0.0287746 -0.0125581 -0.0012163 -0.0287829 0.0078528 -0.0091750 0.0098197 -0.0003611 0.0008401 -0.0126533 0.0106584 -0.0341838 -0.0101622 -0.0011028 -0.0083732
0.0424289 -0.0198548 -0.0428058 0.0502658 -0.0582349 -0.0338171 -0.0048493 0.0220204 -0.0503708 -0.0461788 -0.0646657 0.0430616 -0.0227624 -0.0167486 -0.0557382 0.0296613 -0.0647648 -0.0698927 -0.0600623 0.0449722 -0.0485693 -0.0573803 1.6083838 -0.0191318 0.0279608 0.0504462 -0.0400553 -0.0208315 -0.0318579 -0.0642319 -0.0048038 -0.0239541 0.0099591 0.0062921 -0.0393710 -0.0485891 -0.0134012 -0.0545191 -0.0166139 -0.0458264 -0.0088542 0.0326109 0.0087955 -0.0301909 0.0093975 -0.0370451 -0.0022992 0.0215765 -0.0301144 -0.0047308 -0.0107583 0.0272834 -0.0368139 -0.0455477 -0.0239495 -0.0157673 -0.0544914 -0.0266340 -0.0245510 -0.0016892 -0.0093762 -0.0068290 0.0321987 0.0523716 0.0064125 -0.0432505 0.0231525 -0.0073649 -0.0283433 0.0180487 -0.0439599 -0.0146966 -0.0444904 -0.0293382 -0.0211172 -0.0051440 -0.0492262 0.0402237 -0.0150762 -0.0326731 -0.0224063
-0.0188477 -0.0209390 -0.0247918 -0.0185325 -0.0226645 -0.0189917 -0.0209303 -0.0186194 -0.0221607 -0.0239170 -0.0275475 -0.0127886 -0.0185670 -0.0212637 -0.0238874 -0.0220618 -0.0156169 -0.0167474 -0.0263111 -0.0137901 -0.0195458 -0.0205063 -0.0191318 1.3088216 -0.0183941 -0.0148368 -0.0222643 -0.0129398 -0.0205279 -0.0266314 -0.0228744 -0.0160889 -0.0090901 -0.0100462 -0.0145106 -0.0130837 -0.0107960 -0.0149557 -0.0117573 -0.0142531 -0.0093140 -0.0073455 -0.0120999 -0.0122273 -0.0098442 -0.0135977 -0.0103060 -0.0076183 -0.0117693 -0.0110673 -0.0067936 -0.0093964 -0.0090684 -0.0095724 -0.0079031 -0.0111282 -0.0124438 -0.0116713 -0.0099144 -0.0098114 -0.0088619 -0.0123191 -0.0084318 -0.0043262 -0.0094632 -0.0144556 -0.0067838 -0.0113607 -0.0111159 -0.0091908 -0.0120255 -0.0096866 -0.0113086 -0.0112350 -0.0087329 -0.0099793 -0.0128568 -0.0048545 -0.0103745 -0.0125861 -0.0109461
0.0207627 -0.0188286 -0.0361973 0.0261488 -0.0468252 -0.0250341 -0.0100593 0.0098305 -0.0349464 -0.0397717 -0.0518791 0.0207383 -0.0205631 -0.0203931 -0.0404984 0.0177093 -0.0480601 -0.0501292 -0.0474483 0.0222988 -0.0359492 -0.0463280 0.0279608 -0.0183941 1.4345024 0.0247531 -0.0295837 -0.0150862 -0.0256869 -0.0526216 -0.0058141 -0.0192670 0.0038785 0.0017108 -0.0296825 -0.0367249 -0.0128850 -0.0391839 -0.0131653 -0.0340887 -0.0086029 0.0167810 0.0009216 -0.0210245 0.0010153 -0.0283630 -0.0059164 0.0097800 -0.0208595 -0.0086265 -0.0093972 0.0139489 -0.0241935 -0.0333882 -0.0175085 -0.0139090 -0.0384697 -0.0195338 -0.0195617 -0.0054146 -0.0074402 -0.0099729 0.0177088 0.0285707 0.0011972 -0.0316099 0.0125096 -0.0096607 -0.0208644 0.0081788 -0.0312182 -0.0108992 -0.0329838 -0.0214829 -0.0146015 -0.0067502 -0.0346984 0.0227945 -0.0140314 -0.0240575 -0.0174755
0.0364847 -0.0172799 -0.0355951 0.0437605 -0.0492964 -0.0264852 -0.0060935 0.0161710 -0.0395390 -0.0400760 -0.0570824 0.0304193 -0.0178504 -0.0144954 -0.0453311 0.0246805 -0.0502741 -0.0570661 -0.0524799 0.0344001 -0.0392806 -0.0498360 0.0504462 -0.0148368 0.0247531 1.3616596 -0.0335107 -0.0171834 -0.0236197 -0.0583551 0.0000033 -0.0172209 0.0063212 0.0056511 -0.0310887 -0.0386091 -0.0097547 -0.0425577 -0.0121567 -0.0353520 -0.0045114 0.0259051 0.0054306 -0.0223938 0.0059903 -0.0293179 -0.0011528 0.0165103 -0.0226715 -0.0045299 -0.0079445 0.0196010 -0.0264643 -0.0348406 -0.0176131 -0.0108459 -0.0410392 -0.0195202 -0.0190684 -0.0010791 -0.0065332 -0.0042856 0.0244520 0.0375435 0.0044346 -0.0337154 0.0178343 -0.0057283 -0.0205955 0.0140061 -0.0328612 -0.0101518 -0.0338253 -0.0219698 -0.0165878 -0.0047917 -0.0374802 0.0288623 -0.0105372 -0.0238505 -0.0148472
-0.0340622 -0.0215119 -0.0152882 -0.0337288 -0.0096148 -0.0134602 -0.0214371 -0.0237174 -0.0064357 -0.0154478 -0.0031992 -0.0263643 -0.0189222 -0.0201351 -0.0093131 -0.0278311 0.0044426 0.0074553 -0.0100518 -0.0287434 -0.0061676 -0.0044604 -0.0400553 -0.0222643 -0.0295837 -0.0335107 1.1882409 -0.0052608 -0.0157706 -0.0050973 -0.0262364 -0.0165466 -0.0106129 -0.0119817 -0.0039453 -0.0014700 -0.0088434 0.0022378 -0.0094846 -0.0023277 -0.0097832 -0.0189826 -0.0147253 -0.0035942 -0.0129125 -0.0046877 -0.0124627 -0.0149684 -0.0034143 -0.0107592 -0.0056819 -0.0160914 -0.0004013 0.0014171 -0.0026577 -0.0100751 0.0023804 -0.0051561 -0.0058066 -0.0121099 -0.0072407 -0.0143689 -0.0173616 -0.0189551 -0.0116567 -0.0016779 -0.0146803 -0.0110112 -0.0053155 -0.0161665 -0.0012973 -0.0063295 -0.0014273 -0.0042143 -0.0019122 -0.0092845 -0.0001398 -0.0166784 -0.0095179 -0.0056429 -0.0087490
-0.0164860 -0.0111737 -0.0080080 -0.0164684 -0.0038378 -0.0075789 -0.0089847 -0.0112105 -0.0052584 -0.0080766 -0.0037502 -0.0112480 -0.0098018 -0.0108811 -0.0065428 -0.0146864 0.0006966 0.0017918 -0.0037111 -0.0135285 -0.0033577 -0.0020603 -0.0208315 -0.0129398 -0.0150862 -0.0171834 -0.0052608 1.1203356 -0.0088973 -0.0029100 -0.0156745 -0.0088288 -0.0063796 -0.0071584 -0.0036271 -0.0033852 -0.0060547 -0.0016132 -0.0071797 -0.0037424 -0.0068278 -0.0099716 -0.0076159 -0.0036991 -0.0060525 -0.0043877 -0.0075600 -0.0076597 -0.0036664 -0.0063604 -0.0041656 -0.0077898 -0.0023350 -0.0017047 -0.0030102 -0.0064953 -0.0022677 -0.0044225 -0.0040603 -0.0071589 -0.0047679 -0.0090454 -0.0090226 -0.0084381 -0.0068174 -0.0040053 -0.0077212 -0.0062831 -0.0041362 -0.0087570 -0.0040922 -0.0051145 -0.0033795 -0.0044432 -0.0019526 -0.0054429 -0.0036662 -0.0078448 -0.0061925 -0.0052469 -0.0068440
-0.0301123 -0.0201506 -0.0188335 -0.0301792 -0.0161556 -0.0149540 -0.0229782 -0.0216825 -0.0135424 -0.0163842 -0.0151604 -0.0197582 -0.0172099 -0.0189780 -0.0127222 -0.0272697 -0.0003816 -0.0018569 -0.0164480 -0.0201974 -0.0122111 -0.0119744 -0.0318579 -0.0205279 -0.0256869 -0.0236197 -0.0157706 -0.0088973 1.2517898 -0.0172867 -0.0239140 -0.0175143 -0.0114861 -0.0120893 -0.0099469 -0.0062364 -0.0091259 -0.0060982 -0.0116699 -0.0070544 -0.0065433 -0.0139536 -0.0157709 -0.0090676 -0.0125666 -0.0104372 -0.0098103 -0.0117362 -0.0080552 -0.0121661 -0.0054890 -0.0161185 -0.0031202 -0.0026042 -0.0049712 -0.0097470 -0.0021787 -0.0082166 -0.0088605 -0.0111029 -0.0080955 -0.0120620 -0.0142631 -0.0132618 -0.0118875 -0.0068679 -0.0112427 -0.0115237 -0.0077339 -0.0127509 -0.0040831 -0.0089095 -0.0050053 -0.0075473 -0.0063290 -0.0113381 -0.0040814 -0.0122403 -0.0092853 -0.0077301 -0.0070494
-0.0563284 -0.0235223 -0.0107421 -0.0597308 0.0093690 -0.0096774 -0.0301360 -0.0453666 0.0054134 -0.0019168 0.0211304 -0.0513057 -0.0184931 -0.0235488 0.0028932 -0.0517119 0.0425681 0.0504359 0.0133121 -0.0529704 0.0141405 0.0214218 -0.0642319 -0.0266314 -0.0526216 -0.0583551 -0.0050973 -0.0029100 -0.0172867 1.4386227 -0.0402929 -0.0202422 -0.0269310 -0.0290409 0.0052466 0.0159782 -0.0130796 0.0242065 -0.0142947 0.0101560 -0.0161002 -0.0439073 -0.0330101 -0.0002737 -0.0278929 0.0038931 -0.0221570 -0.0367659 0.0005810 -0.0196286 -0.0084845 -0.0402228 0.0083711 0.0199534 0.0021987 -0.0134243 0.0254406 -0.0030493 -0.0017969 -0.0218116 -0.0122724 -0.0238953 -0.0422205 -0.0476136 -0.0281875 0.0099318 -0.0368569 -0.0187288 -0.0021732 -0.0368562 0.0137532 -0.0113571 0.0131447 -0.0010365 0.0021975 -0.0172953 0.0166544 -0.0420313 -0.0126437 0.0009723 -0.0097416
-0.0068482 -0.0236159 -0.0329145 -0.0049412 -0.0383298 -0.0257667 -0.0201762 -0.0025563 -0.0253456 -0.0357644 -0.0413062 0.0019798 -0.0244430 -0.0237234 -0.0316937 -0.0045673 -0.0359327 -0.0372305 -0.0380515 0.0022467 -0.0299782 -0.0404861 -0.0048038 -0.0228744 -0.0058141 0.0000033 -0.0262364 -0.0156745 -0.0239140 -0.0402929 1.2868874 -0.0208955 -0.0003880 -0.0025835 -0.0229834 -0.0258981 -0.0111473 -0.0264847 -0.0106505 -0.0238028 -0.0061978 0.0061411 -0.0049246 -0.0136937 -0.0041865 -0.0215257 -0.0066192 0.0028369 -0.0139352 -0.0100548 -0.0076427 0.0031595 -0.0147528 -0.0222997 -0.0114355 -0.0113901 -0.0248508 -0.0144624 -0.0148555 -0.0074363 -0.0067337 -0.0096671 0.0082020 0.0122557 -0.0035518 -0.0213325 0.0036320 -0.0111482 -0.0146820 0.0010458 -0.0194532 -0.0090585 -0.0228018 -0.0157270 -0.0105729 -0.0082077 -0.0211134 0.0108632 -0.0112851 -0.0168619 -0.0102989
-0.0149716 -0.0189847 -0.0216372 -0.0198882 -0.0212256 -0.0183935 -0.0182903 -0.0167914 -0.0110594 -0.0193121 -0.0193429 -0.0153607 -0.0178061 -0.0178163 -0.0143084 -0.0183042 -0.0104206 -0.0100624 -0.0184202 -0.0163613 -0.0110622 -0.0165567 -0.0239541 -0.0160889 -0.0192670 -0.0172209 -0.0165466 -0.0088288 -0.0175143 -0.0202422 -0.0208955 1.3154397 -0.0084172 -0.0106102 -0.0105645 -0.0119357 -0.0102119 -0.0099179 -0.0115382 -0.0111499 -0.0094151 -0.0105276 -0.0129081 -0.0095305 -0.0087261 -0.0113727 -0.0104698 -0.0094373 -0.0094497 -0.0104434 -0.0065653 -0.0107378 -0.0073433 -0.0072333 -0.0070598 -0.0108520 -0.0086788 -0.0106960 -0.0083691 -0.0104369 -0.0082344 -0.0125422 -0.0095237 -0.0076561 -0.0102247 -0.0099053 -0.0090196 -0.0110412 -0.0099627 -0.0112053 -0.0081660 -0.0092507 -0.0092428 -0.0106126 -0.0057260 -0.0090249 -0.0093609 -0.0068623 -0.0106689 -0.0092252 -0.0107067
0.0071323 -0.0125510 -0.0165413 0.0075259 -0.0240232 -0.0104228 -0.0061435 0.0024411 -0.0139548 -0.0214486 -0.0267915 0.0032440 -0.0110168 -0.0110712 -0.0192543 0.0040200 -0.0174477 -0.0210137 -0.0239441 0.0039596 -0.0146302 -0.0218571 0.0099591 -0.0090901 0.0038785 0.0063212 -0.0106129 -0.0063796 -0.0114861 -0.0269310 -0.0003880 -0.0084172 0.8216050 0.0051279 -0.0036899 -0.0052910 0.0009455 -0.0072933 0.0010896 -0.0057107 0.0004374 0.0075833 0.0060669 -0.0012262 0.0035078 -0.0035148 0.0016348 0.0061583 -0.0013494 0.0021064 0.0003970 0.0073931 -0.0026836 -0.0065207 -0.0013944 -0.0000006 -0.0072722 -0.0006769 -0.0020433 0.0011458 0.0013454 0.0005727 0.0075491 0.0090408 0.0045825 -0.0049880 0.0061800 0.0010265 -0.0021666 0.0067272 -0.0056935 0.0006626 -0.0058572 -0.0016761 -0.0007252 0.0016143 -0.0063382 0.0076342 0.0004905 -0.0031811 -0.0002252
0.0042803 -0.0128353 -0.0182059 0.0039690 -0.0234610 -0.0107621 -0.0083205 0.0000530 -0.0164567 -0.0230864 -0.0287059 0.0028488 -0.0115519 -0.0113572 -0.0211859 0.0007357 -0.0185512 -0.0225609 -0.0271940 0.0036627 -0.0159745 -0.0219124 0.0062921 -0.0100462 0.0017108 0.0056511 -0.0119817 -0.0071584 -0.0120893 -0.0290409 -0.0025835 -0.0106102 0.0051279 0.7838087 -0.0049016 -0.0059111 0.0013354 -0.0079932 -0.0004015 -0.0063059 0.0011760 0.0087402 0.0067584 -0.0010114 0.0031689 -0.0044448 0.0020096 0.0067457 -0.0011027 0.0025345 0.0006942 0.0077990 -0.0024259 -0.0060610 -0.0010370 0.0010378 -0.0068641 -0.0001843 -0.0025492 0.0012801 0.0009972 0.0013942 0.0073507 0.0092959 0.0060723 -0.0063477 0.0069956 0.0025497 -0.0017871 0.0074870 -0.0063664 0.0005774 -0.0054135 -0.0008413 -0.0015756 0.0009011 -0.0072863 0.0073962 0.0006969 -0.0039332 0.0000044
-0.0309493 -0.0155598 -0.0094909 -0.0345453 0.0017281 -0.0076717 -0.0159816 -0.0249028 -0.0030026 -0.0042020 0.0061840 -0.0268551 -0.0122420 -0.0151658 -0.0044365 -0.0304801 0.0079556 0.0086244 0.0032066 -0.0285250 -0.0013685 0.0045429 -0.0393710 -0.0145106 -0.0296825 -0.0310887 -0.0039453 -0.0036271 -0.0099469 0.0052466 -0.0229834 -0.0105645 -0.0036899 -0.0049016 0.7560070 0.0105287 0.0004623 0.0111549 0.0009939 0.0098863 -0.0011948 -0.0097036 -0.0052071 0.0039025 -0.0016540 0.0084198 -0.0012183 -0.0075497 0.0049613 -0.0001149 0.0010596 -0.0070887 0.0051339 0.0090264 0.0032444 0.0008060 0.0096434 0.0025919 0.0059433 -0.0025640 0.0004382 -0.0016091 -0.0088097 -0.0110632 -0.0050734 0.0090842 -0.0072413 0.0005322 0.0023114 -0.0072132 0.0078325 0.0017454 0.0089391 0.0030813 0.0041473 0.0001747 0.0084928 -0.0089779 0.0006574 0.0065361 0.0012028
-0.0415530 -0.0140828 -0.0040003 -0.0455327 0.0125415 -0.0035027 -0.0200870 -0.0290957 0.0017732 0.0001300 0.0147060 -0.0313124 -0.0110260 -0.0140881 0.0039048 -0.0380376 0.0162956 0.0174039 0.0098225 -0.0341531 0.0027335 0.0129618 -0.0485891 -0.0130837 -0.0367249 -0.0386091 -0.0014700 -0.0033852 -0.0062364 0.0159782 -0.0258981 -0.0119357 -0.0052910 -0.0059111 0.0105287 0.7626701 0.0011592 0.0164397 0.0004538 0.0127262 -0.0009732 -0.0143711 -0.0072178 0.0061219 -0.0059485 0.0081909 -0.0026780 -0.0097913 0.0062336 -0.0010669 0.0016135 -0.0125065 0.0089087 0.0132835 0.0060985 0.0012049 0.0165809 0.0057086 0.0056890 -0.0032181 -0.0001433 -0.0029235 -0.0146115 -0.0164895 -0.0060663 0.0107831 -0.0096302 -0.0010845 0.0054938 -0.0095330 0.0110142 0.0009579 0.0122465 0.0062112 0.0037522 -0.0021437 0.0133068 -0.0143452 0.0015691 0.0061772 0.0037887
-0.0111620 -0.0126110 -0.0131841 -0.0135951 -0.0105832 -0.0086189 -0.0122713 -0.0117487 -0.0099689 -0.0121952 -0.0130584 -0.0089542 -0.0107343 -0.0119147 -0.0129384 -0.0142888 -0.0057701 -0.0087970 -0.0125289 -0.0106014 -0.0097018 -0.0097398 -0.0134012 -0.0107960 -0.0128850 -0.0097547 -0.0088434 -0.0060547 -0.0091259 -0.0130796 -0.0111473 -0.0102119 0.0009455 0.0013354 0.0004623 0.0011592 0.7717606 -0.0001407 -0.0001046 0.0007388 0.0013943 0.0010942 0.0010637 0.0004442 0.0006093 0.0004983 0.0020525 0.0009686 0.0008972 0.0016484 0.0014767 -0.0000262 0.0010569 0.0010083 0.0015189 0.0012735 0.0014362 0.0013347 0.0010893 0.0005353 0.0004003 0.0004305 -0.0004395 0.0010877 0.0006302 0.0001994 0.0009920 0.0008990 0.0007683 0.0012514 0.0006823 0.0011229 0.0016630 0.0003791 0.0003008 -0.0000280 -0.0001981 0.0004367 0.0005509 0.0007190 0.0014859
-0.0439053 -0.0138168 -0.0016653 -0.0484360 0.0164536 -0.0029427 -0.0197671 -0.0305411 0.0066280 0.0034596 0.0240151 -0.0346704 -0.0108506 -0.0144581 0.0088259 -0.0396754 0.0209259 0.0232842 0.0167880 -0.0375047 0.0067226 0.0168877 -0.0545191 -0.0149557 -0.0391839 -0.0425577 0.0022378 -0.0016132 -0.0060982 0.0242065 -0.0264847 -0.0099179 -0.0072933 -0.0079932 0.0111549 0.0164397 -0.0001407 0.8163115 0.0000872 0.0138335 -0.0020440 -0.0178889 -0.0097248 0.0063866 -0.0077477 0.0099576 -0.0043574 -0.0129607 0.0073149 -0.0028368 0.0005696 -0.0150715 0.0090977 0.0137484 0.0053833 -0.0002231 0.0181169 0.0045101 0.0056382 -0.0053367 -0.0005993 -0.0048701 -0.0164475 -0.0202444 -0.0080858 0.0124266 -0.0128485 -0.0024416 0.0050150 -0.0123497 0.0126802 0.0005258 0.0131773 0.0058089 0.0052201 -0.0020990 0.0148215 -0.0167770 0.0005444 0.0072438 0.0027440
-0.0126785 -0.0151187 -0.0158388 -0.0145433 -0.0137059 -0.0112281 -0.0126831 -0.0116950 -0.0095834 -0.0149744 -0.0141862 -0.0110851 -0.0128987 -0.0146719 -0.0138583 -0.0130792 -0.0077339 -0.0092816 -0.0136493 -0.0119205 -0.0104222 -0.0116170 -0.0166139 -0.0117573 -0.0131653 -0.0121567 -0.0094846 -0.0071797 -0.0116699 -0.0142947 -0.0106505 -0.0115382 0.0010896 -0.0004015 0.0009939 0.0004538 -0.0001046 0.0000872 0.7771305 0.0001626 0.0000496 0.0003109 -0.0004689 0.0007556 0.0004438 0.0008587 -0.0001170 0.0001091 0.0009798 -0.0004108 0.0004254 0.0005565 0.0003119 0.0008461 0.0006806 0.0002850 -0.0001696 0.0000066 0.0017736 -0.0004919 0.0014791 -0.0007300 0.0002536 -0.0004023 -0.0006519 0.0002803 0.0000706 -0.0002271 -0.0005340 0.0002056 0.0001874 0.0008178 0.0000229 -0.0000903 0.0005733 0.0000738 0.0008119 0.0006232 0.0000750 0.0013063 0.0005675
-0.0363296 -0.0145256 -0.0070536 -0.0401558 0.0059665 -0.0067933 -0.0190379 -0.0274082 0.0001640 -0.0011703 0.0113307 -0.0299559 -0.0117813 -0.0153981 -0.0002129 -0.0338495 0.0125262 0.0134885 0.0072318 -0.0313693 0.0007243 0.0085781 -0.0458264 -0.0142531 -0.0340887 -0.0353520 -0.0023277 -0.0037424 -0.0070544 0.0101560 -0.0238028 -0.0111499 -0.0057107 -0.0063059 0.0098863 0.0127262 0.0007388 0.0138335 0.0001626 0.7622824 -0.0002094 -0.0115999 -0.0075409 0.0050431 -0.0042099 0.0080737 -0.0019964 -0.0089802 0.0051919 -0.0010276 0.0012207 -0.0106662 0.0070210 0.0117233 0.0039874 0.0007272 0.0135957 0.0037992 0.0059062 -0.0030071 0.0003000 -0.0022362 -0.0112137 -0.0145720 -0.0056614 0.0107640 -0.0087933 -0.0007310 0.0038753 -0.0085935 0.0106142 0.0017275 0.0110292 0.0049871 0.0036709 -0.0013877 0.0119148 -0.0115819 0.0009959 0.0066917 0.0024582
-0.0070926 -0.0115721 -0.0135798 -0.0091386 -0.0139382 -0.0091011 -0.0109500 -0.0091534 -0.0100486 -0.0109624 -0.0159033 -0.0065628 -0.0095413 -0.0108856 -0.0129224 -0.0097936 -0.0088092 -0.0114989 -0.0139065 -0.0061013 -0.0109798 -0.0131811 -0.0088542 -0.0093140 -0.0086029 -0.0045114 -0.0097832 -0.0068278 -0.0065433 -0.0161002 -0.0061978 -0.0094151 0.0004374 0.0011760 -0.0011948 -0.0009732 0.0013943 -0.0020440 0.0000496 -0.0002094 0.7856565 0.0033791 -0.0001965 -0.0007800 0.0014393 -0.0012468 0.0029316 0.0023685 -0.0001350 0.0007366 0.0013729 0.0008128 0.0009822 0.0004237 0.0002522 0.0014837 -0.0001602 -0.0002324 0.0006740 0.0017617 0.0010205 0.0028718 0.0026017 0.0023333 0.0008296 -0.0001262 0.0023473 -0.0002523 -0.0004150 0.0026734 0.0011395 0.0016609 0.0002500 -0.0006405 -0.0013635 -0.0003823 0.0004784 0.0025484 0.0013741 0.0009841 0.0025520
0.0259252 -0.0113114 -0.0260904 0.0288907 -0.0371223 -0.0159397 -0.0039781 0.0096350 -0.0252827 -0.0283247 -0.0428459 0.0163002 -0.0118555 -0.0109535 -0.0321517 0.0161237 -0.0312581 -0.0371057 -0.0384077 0.0183895 -0.0249069 -0.0354431 0.0326109 -0.0073455 0.0167810 0.0259051 -0.0189826 -0.0099716 -0.0139536 -0.0439073 0.0061411 -0.0105276 0.0075833 0.0087402 -0.0097036 -0.0143711 0.0010942 -0.0178889 0.0003109 -0.0115999 0.0033791 0.8141605 0.0100686 -0.0056987 0.0079804 -0.0078769 0.0056897 0.0125473 -0.0051357 0.0040102 0.0007690 0.0146803 -0.0075082 -0.0121608 -0.0036874 0.0010548 -0.0165030 -0.0044773 -0.0036898 0.0050812 0.0012531 0.0051936 0.0168144 0.0207483 0.0081364 -0.0112645 0.0133478 0.0024908 -0.0050436 0.0136534 -0.0108164 0.0004755 -0.0111541 -0.0055760 -0.0044758 0.0022180 -0.0137282 0.0167333 0.0006850 -0.0058725 -0.0006584
0.0062592 -0.0149320 -0.0206835 0.0062349 -0.0277892 -0.0124861 -0.0084954 -0.0002381 -0.0211038 -0.0266232 -0.0323235 0.0035446 -0.0134201 -0.0147557 -0.0255693 -0.0004154 -0.0223459 -0.0272571 -0.0310178 0.0040357 -0.0191297 -0.0231513 0.0087955 -0.0120999 0.0009216 0.0054306 -0.0147253 -0.0076159 -0.0157709 -0.0330101 -0.0049246 -0.0129081 0.0060669 0.0067584 -0.0052071 -0.0072178 0.0010637 -0.0097248 -0.0004689 -0.0075409 -0.0001965 0.0100686 0.7589806 -0.0013556 0.0047472 -0.0039593 0.0019832 0.0079964 -0.0016715 0.0037028 0.0010620 0.0103897 -0.0039334 -0.0076428 -0.0007968 0.0009980 -0.0096523 -0.0003451 -0.0025134 0.0014122 0.0007078 0.0015068 0.0088879 0.0119922 0.0069691 -0.0067846 0.0087375 0.0030089 -0.0018695 0.0084757 -0.0091130 0.0007309 -0.0064765 -0.0016811 -0.0008265 0.0020190 -0.0094262 0.0092362 0.0008114 -0.0049942 -0.0013432
-0.0232053 -0.0125213 -0.0093986 -0.0261949 -0.0024819 -0.0066947 -0.0136190 -0.0161748 -0.0023620 -0.0094366 -0.0011955 -0.0180696 -0.0117547 -0.0130065 -0.0052521 -0.0202605 0.0024588 0.0018967 -0.0036249 -0.0196472 -0.0039486 -0.0020022 -0.0301909 -0.0122273 -0.0210245 -0.0223938 -0.0035942 -0.0036991 -0.0090676 -0.0002737 -0.0136937 -0.0095305 -0.0012262 -0.0010114 0.0039025 0.0061219 0.0004442 0.0063866 0.0007556 0.0050431 -0.0007800 -0.0056987 -0.0013556 0.7679064 -0.0018025 0.0037514 -0.0012955 -0.0038008 0.0038398 -0.0005691 0.0008435 -0.0039232 0.0038045 0.0041169 0.0024114 0.0005367 0.0064088 0.0026002 0.0020897 -0.0022753 0.0008333 -0.0019599 -0.0049375 -0.0064803 -0.0012323 0.0044016 -0.0030230 -0.0006549 0.0021923 -0.0027112 0.0042657 0.0013844 0.0039555 0.0030160 0.0032010 -0.0001214 0.0050198 -0.0046454 0.0003534 0.0028024 0.0017575
0.0090548 -0.0125578 -0.0192112 0.0081335 -0.0242430 -0.0130967 -0.0054977 -0.0017137 -0.0165525 -0.0191381 -0.0266660 0.0015389 -0.0115543 -0.0119191 -0.0228402 0.0020317 -0.0179443 -0.0215949 -0.0229655 0.0024817 -0.0159578 -0.0213424 0.0093975 -0.0098442 0.0010153 0.0059903 -0.0129125 -0.0060525 -0.0125666 -0.0278929 -0.0041865 -0.0087261 0.0035078 0.0031689 -0.0016540 -0.0059485 0.0006093 -0.0077477 0.0004438 -0.0042099 0.0014393 0.0079804 0.0047472 -0.0018025 0.7920674 -0.0012428 0.0040052 0.0055421 -0.0023625 0.0030656 0.0006900 0.0078182 -0.0040464 -0.0051196 -0.0014685 0.0004557 -0.0083417 -0.0023611 0.0008543 0.0020494 0.0011728 0.0031544 0.0086181 0.0097500 0.0026472 -0.0036183 0.0053551 0.0022082 -0.0028985 0.0058811 -0.0035850 0.0013402 -0.0044803 -0.0028514 -0.0007147 0.0024210 -0.0056397 0.0080035 0.0004261 -0.0003247 -0.0014287
-0.0283428 -0.0142222 -0.0095593 -0.0316740 0.0012034 -0.0065307 -0.0137351 -0.0231607 -0.0037191 -0.0032692 0.0022193 -0.0246094 -0.0129159 -0.0151973 -0.0059491 -0.0267178 0.0063767 0.0061892 0.0015092 -0.0261363 -0.0028040 0.0027812 -0.0370451 -0.0135977 -0.0283630 -0.0293179 -0.0046877 -0.0043877 -0.0104372 0.0038931 -0.0215257 -0.0113727 -0.0035148 -0.0044448 0.0084198 0.0081909 0.0004983 0.0099576 0.0008587 0.0080737 -0.0012468 -0.0078769 -0.0039593 0.0037514 -0.0012428 0.7640753 -0.0009647 -0.0064631 0.0037076 -0.0000243 0.0008264 -0.0061892 0.0038876 0.0076615 0.0027957 0.0009128 0.0085823 0.0023803 0.0054221 -0.0008130 0.0007491 -0.0023293 -0.0079085 -0.0094611 -0.0044002 0.0077024 -0.0062571 0.0002891 0.0021938 -0.0055002 0.0067703 0.0014041 0.0076555 0.0030192 0.0033947 0.0010393 0.0075069 -0.0075575 0.0018989 0.0068753 0.0013010
