1.0955006 -0.0176320 -0.0387853 0.1078846 -0.0965749 -0.0332248 0.0275491 0.0394102 -0.0521223 -0.0535656 -0.1035331 0.0626027 -0.0181080 -0.0188200 -0.0656746 0.0628711 -0.1196019 -0.1200234 -0.0757965 0.0580520 -0.0382065 -0.0834991 0.1038677 -0.0131183 0.0586933 0.0887519 -0.0394809 -0.0011285 -0.0406920 -0.0989989 0.0162859 -0.0064784 0.0528698 0.0516767 -0.0610678 -0.1130649 -0.0091277 -0.1187251 -0.0057884 -0.0981843 -0.0139835 0.1000509 0.0705845 -0.0354439 0.0491358 -0.0461692 0.0069771 0.0712558 -0.0389506 0.0225162 -0.0126875 0.0998206 -0.0647585 -0.1021505 -0.0261622 -0.0098633 -0.1349378 -0.0341806 -0.0406508 0.0115194 0.0064932 0.0065655 0.0960695 0.1218539 0.0511820 -0.0834715 0.0731143 0.0141602 -0.0371746 0.0726587 -0.1073698 -0.0025557 -0.1032968 -0.0393484 -0.0184887 0.0160699 -0.1060275 0.1016904 -0.0102477 -0.0520554 -0.0307360
-0.0176320 1.0304129 -0.0007199 -0.0158208 -0.0121288 -0.0065894 -0.0158705 -0.0169086 -0.0226016 -0.0074423 -0.0212818 -0.0022898 -0.0082758 -0.0086011 -0.0149068 -0.0195012 -0.0100156 -0.0122123 -0.0128430 -0.0020119 -0.0155140 -0.0110890 -0.0093783 -0.0003511 -0.0085377 -0.0053085 -0.0153691 -0.0095783 -0.0079547 -0.0186141 -0.0082361 -0.0159495 -0.0115951 -0.0055874 -0.0162936 -0.0081190 -0.0086274 -0.0129193 -0.0114982 -0.0098811 0.0004988 0.0007037 -0.0085396 -0.0075411 -0.0128603 -0.0137994 -0.0048729 -0.0068865 -0.0127025 -0.0087846 -0.0018509 -0.0074409 -0.0033587 -0.0066444 -0.0010297 -0.0048931 -0.0052499 -0.0053509 -0.0119767 -0.0029048 -0.0092863 -0.0007337 -0.0072658 -0.0036106 -0.0049672 -0.0129545 -0.0049518 -0.0089282 -0.0063761 -0.0020089 -0.0099325 -0.0104081 -0.0078893 -0.0072124 -0.0102130 -0.0089876 -0.0075265 -0.0067055 -0.0073442 -0.0160184 -0.0013653
-0.0387853 -0.0007199 1.0085914 -0.0386377 0.0101604 0.0001601 -0.0205074 -0.0154959 -0.0091889 -0.0158702 -0.0028120 -0.0133437 -0.0106273 -0.0096775 -0.0071531 -0.0330496 0.0146986 0.0082402 -0.0131061 -0.0136783 -0.0061345 0.0088380 -0.0293830 -0.0131702 -0.0275720 -0.0222856 -0.0042317 -0.0037271 -0.0068960 -0.0020797 -0.0237741 -0.0171729 -0.0139162 -0.0081862 -0.0064003 0.0148225 -0.0068659 0.0054837 -0.0151740 -0.0058492 -0.0109369 -0.0288771 -0.0093498 -0.0029451 -0.0231244 -0.0086793 -0.0150670 -0.0152376 -0.0014127 -0.0104251 -0.0062924 -0.0261225 0.0067237 0.0035968 0.0003229 -0.0094267 0.0143333 0.0044511 -0.0127290 -0.0147398 -0.0119768 -0.0178392 -0.0292364 -0.0239803 -0.0031455 -0.0090164 -0.0156619 -0.0080854 0.0011418 -0.0143529 -0.0023400 -0.0109062 0.0038716 0.0022977 -0.0041414 -0.0146426 -0.0023569 -0.0263413 -0.0062463 -0.0114280 -0.0042294
0.1078846 -0.0158208 -0.0386377 1.0843883 -0.0937962 -0.0348207 0.0287596 0.0367609 -0.0555179 -0.0465335 -0.1027260 0.0592863 -0.0188132 -0.0141440 -0.0646785 0.0614751 -0.1188168 -0.1208295 -0.0737856 0.0614529 -0.0411660 -0.0819657 0.1010761 -0.0119790 0.0545984 0.0858048 -0.0337043 -0.0048412 -0.0407373 -0.0975088 0.0189509 -0.0104582 0.0527773 0.0467277 -0.0596504 -0.1133839 -0.0089713 -0.1167878 -0.0059300 -0.0917111 -0.0091037 0.0956478 0.0689885 -0.0350547 0.0470196 -0.0451159 0.0065628 0.0702957 -0.0365463 0.0219210 -0.0144798 0.0944027 -0.0615260 -0.0960762 -0.0246659 -0.0086938 -0.1364997 -0.0319924 -0.0358830 0.0156019 0.0074129 0.0085173 0.0970850 0.1169832 0.0430987 -0.0812054 0.0706697 0.0155323 -0.0336660 0.0687888 -0.1103669 -0.0020390 -0.1030876 -0.0385882 -0.0195326 0.0115137 -0.0983211 0.1008856 -0.0104483 -0.0505556 -0.0325993
-0.0965749 -0.0121288 0.0101604 -0.0937962 1.0422281 0.0023219 -0.0245673 -0.0624977 0.0028878 0.0212109 0.0516551 -0.0642901 -0.0063144 -0.0071384 0.0111026 -0.0816146 0.0775775 0.0753202 0.0361358 -0.0693647 0.0048715 0.0589178 -0.0914536 -0.0055561 -0.0736515 -0.0857745 -0.0013509 -0.0050374 -0.0041678 0.0538955 -0.0604048 -0.0158304 -0.0583965 -0.0527807 0.0394449 0.0728548 -0.0036453 0.0732842 -0.0097940 0.0512439 -0.0152604 -0.0891353 -0.0591402 0.0097081 -0.0421072 0.0337092 -0.0215122 -0.0697721 0.0132806 -0.0223437 -0.0053673 -0.0836250 0.0270221 0.0626062 0.0114758 -0.0064970 0.0827783 0.0096875 0.0253663 -0.0185875 -0.0159310 -0.0258619 -0.0921628 -0.0938781 -0.0507730 0.0428539 -0.0655076 -0.0151780 0.0120263 -0.0719812 0.0548369 -0.0080554 0.0620567 0.0127981 0.0069608 -0.0202109 0.0584565 -0.0887471 -0.0063996 0.0260299 0.0046170
-0.0332248 -0.0065894 0.0001601 -0.0348207 0.0023219 1.0397542 -0.0145861 -0.0060511 -0.0100244 -0.0247843 -0.0076708 -0.0077158 -0.0088153 -0.0106211 -0.0006201 -0.0199098 0.0068856 0.0002769 -0.0193429 -0.0109696 -0.0074869 -0.0017546 -0.0279197 -0.0114304 -0.0132558 -0.0214065 -0.0070116 -0.0053525 -0.0083699 -0.0024050 -0.0151551 -0.0203000 -0.0040420 0.0001556 -0.0170070 0.0029262 -0.0084959 -0.0029487 -0.0129703 -0.0088279 -0.0110977 -0.0174712 -0.0010607 -0.0028969 -0.0237578 -0.0101715 -0.0137213 -0.0080032 -0.0014623 -0.0122381 -0.0077430 -0.0140571 0.0024545 -0.0025978 0.0018599 -0.0074307 0.0049234 -0.0004558 -0.0194015 -0.0126762 -0.0076819 -0.0158661 -0.0197378 -0.0158315 0.0000010 -0.0100013 -0.0091223 -0.0091736 0.0018366 -0.0059612 -0.0134891 -0.0109875 -0.0030233 0.0011541 -0.0055353 -0.0135245 -0.0077188 -0.0178973 -0.0083483 -0.0178286 -0.0018658
0.0275491 -0.0158705 -0.0205074 0.0287596 -0.0245673 -0.0145861 1.0616062 0.0028282 -0.0271784 -0.0215228 -0.0276616 -0.0002931 -0.0150012 -0.0169131 -0.0367473 0.0143620 -0.0303279 -0.0309313 -0.0179329 -0.0036661 -0.0115123 -0.0148393 0.0160937 -0.0190224 0.0005123 0.0048783 -0.0145239 0.0044795 -0.0361240 -0.0243394 -0.0256535 -0.0064260 0.0066074 0.0023810 -0.0048179 -0.0301384 -0.0134711 -0.0263786 -0.0054240 -0.0257471 -0.0234802 0.0075063 0.0139439 -0.0095548 0.0164520 0.0000360 -0.0106791 0.0056277 -0.0120754 0.0029070 -0.0077978 0.0217561 -0.0284055 -0.0250427 -0.0106952 -0.0079838 -0.0442129 -0.0144215 -0.0025508 -0.0060743 -0.0017147 -0.0136442 0.0108017 0.0237829 0.0011645 -0.0228362 0.0052798 0.0007730 -0.0157745 0.0034511 -0.0382223 -0.0019708 -0.0284772 -0.0158758 -0.0017155 0.0075399 -0.0357274 0.0122618 -0.0051788 -0.0124571 -0.0286405
0.0394102 -0.0169086 -0.0154959 0.0367609 -0.0624977 -0.0060511 0.0028282 1.0908120 -0.0090993 -0.0662567 -0.0665638 0.0422058 -0.0169423 -0.0157307 -0.0126534 0.0479094 -0.0709729 -0.0695955 -0.0588074 0.0386254 -0.0126084 -0.0576544 0.0380401 -0.0139538 0.0426772 0.0388868 -0.0096529 -0.0016629 -0.0179612 -0.0584044 0.0387002 -0.0072386 0.0408241 0.0424090 -0.0575151 -0.0637495 -0.0121779 -0.0692306 -0.0045390 -0.0677174 -0.0141538 0.0465918 0.0469888 -0.0142787 0.0074790 -0.0447013 -0.0113288 0.0434122 -0.0129463 -0.0011379 -0.0117755 0.0544235 -0.0262489 -0.0646682 -0.0083778 -0.0054260 -0.0726349 -0.0171572 -0.0493109 -0.0033659 0.0025023 -0.0130492 0.0515499 0.0582485 0.0407886 -0.0551899 0.0446916 -0.0055213 -0.0172485 0.0431745 -0.0788320 -0.0021952 -0.0683789 -0.0175042 -0.0114188 -0.0012402 -0.0613940 0.0572423 -0.0126525 -0.0492438 -0.0182095
-0.0521223 -0.0226016 -0.0091889 -0.0555179 0.0028878 -0.0100244 -0.0271784 -0.0090993 1.0947564 -0.0176088 0.0360069 -0.0392139 -0.0184595 -0.0188676 0.0378152 -0.0006843 0.0270633 0.0424604 0.0208602 -0.0402040 0.0125025 -0.0099017 -0.0804599 -0.0257865 -0.0187067 -0.0576177 0.0170636 -0.0056674 0.0035253 0.0376019 0.0100214 0.0064415 -0.0168262 -0.0326342 0.0025235 0.0178416 -0.0140231 0.0394815 -0.0029674 0.0206795 -0.0049039 -0.0522582 -0.0496732 0.0127802 -0.0289688 -0.0016213 -0.0257757 -0.0401921 0.0150820 -0.0377534 -0.0078974 -0.0446786 0.0156987 0.0183778 -0.0019980 -0.0191142 0.0399340 -0.0046097 -0.0027099 -0.0269655 -0.0040250 -0.0286058 -0.0359424 -0.0619953 -0.0268199 0.0253601 -0.0392527 -0.0343374 -0.0044519 -0.0393239 0.0424204 -0.0011782 0.0190706 0.0009333 0.0097658 -0.0150301 0.0413056 -0.0367073 -0.0165201 0.0110467 0.0051978
-0.0535656 -0.0074423 -0.0158702 -0.0465335 0.0212109 -0.0247843 -0.0215228 -0.0662567 -0.0176088 1.0555139 0.0143217 -0.0473693 -0.0020088 -0.0033208 -0.0152499 -0.0623733 0.0425760 0.0427272 0.0326381 -0.0489385 -0.0081645 0.0288276 -0.0422126 -0.0072597 -0.0602854 -0.0463032 -0.0221694 -0.0140835 -0.0009905 0.0155028 -0.0508693 -0.0138947 -0.0559437 -0.0595995 0.0307437 0.0383880 -0.0061169 0.0382207 -0.0078479 0.0445591 0.0093233 -0.0489535 -0.0627486 -0.0101574 -0.0177850 0.0222867 0.0007446 -0.0484737 -0.0081997 -0.0124245 -0.0014025 -0.0620581 0.0084532 0.0469788 -0.0028631 -0.0070960 0.0457133 -0.0093646 0.0319969 0.0015732 -0.0132165 0.0020235 -0.0499265 -0.0566051 -0.0566586 0.0357283 -0.0501176 -0.0087303 -0.0076702 -0.0492008 0.0539688 -0.0123985 0.0445937 -0.0038109 -0.0027957 -0.0161852 0.0384318 -0.0512068 -0.0027104 0.0352480 -0.0000759
-0.1035331 -0.0212818 -0.0028120 -0.1027260 0.0516551 -0.0076708 -0.0276616 -0.0665638 0.0360069 0.0143217 1.0880805 -0.0811920 -0.0119220 -0.0098919 0.0242014 -0.0684762 0.0965307 0.1106312 0.0614979 -0.0923314 0.0207514 0.0640992 -0.1208583 -0.0275704 -0.0802859 -0.1185966 0.0177851 0.0012106 -0.0077090 0.0830624 -0.0609007 -0.0077032 -0.0686509 -0.0777203 0.0679704 0.0883565 -0.0126439 0.1068585 -0.0074641 0.0831695 -0.0170507 -0.1144306 -0.0829168 0.0218945 -0.0394897 0.0453718 -0.0281987 -0.0902604 0.0232439 -0.0288459 -0.0042628 -0.1010906 0.0348887 0.0813745 0.0053641 -0.0190204 0.1037539 0.0071965 0.0408091 -0.0378441 -0.0173538 -0.0298113 -0.1035862 -0.1241762 -0.0713088 0.0754781 -0.0945263 -0.0251347 0.0087925 -0.0960172 0.0918808 -0.0126527 0.0826841 0.0166429 0.0247946 -0.0132267 0.0792646 -0.1072604 -0.0144547 0.0457586 -0.0067196
0.0626027 -0.0022898 -0.0133437 0.0592863 -0.0642901 -0.0077158 -0.0002931 0.0422058 -0.0392139 -0.0473693 -0.0811920 1.0868319 -0.0097078 -0.0062395 -0.0360597 0.0380957 -0.0836546 -0.0956925 -0.0735293 0.0605667 -0.0260114 -0.0691317 0.0743937 -0.0027971 0.0468942 0.0715642 -0.0282640 -0.0063418 -0.0103658 -0.0858912 0.0320319 -0.0120564 0.0450670 0.0530668 -0.0697771 -0.0840297 -0.0034222 -0.0960869 -0.0105954 -0.0811975 -0.0029572 0.0758603 0.0562124 -0.0280702 0.0170515 -0.0561438 0.0046523 0.0620861 -0.0275189 0.0091030 -0.0035777 0.0660499 -0.0339606 -0.0763738 -0.0113497 -0.0015530 -0.0876649 -0.0105970 -0.0467670 0.0100052 0.0025378 0.0055653 0.0657438 0.0865036 0.0513905 -0.0760026 0.0613155 0.0074789 -0.0182178 0.0650258 -0.0856023 -0.0057950 -0.0769547 -0.0166990 -0.0248016 0.0000760 -0.0770909 0.0737575 0.0002605 -0.0550877 -0.0147149
-0.0181080 -0.0082758 -0.0106273 -0.0188132 -0.0063144 -0.0088153 -0.0150012 -0.0169423 -0.0184595 -0.0020088 -0.0119220 -0.0097078 1.0493200 -0.0067492 -0.0134306 -0.0230778 -0.0062649 -0.0095028 -0.0124379 -0.0074559 -0.0107308 -0.0041705 -0.0081297 -0.0088387 -0.0167107 -0.0089381 -0.0197837 -0.0103128 -0.0055274 -0.0129890 -0.0185707 -0.0095404 -0.0096401 -0.0075462 -0.0116287 -0.0050908 -0.0035458 -0.0112030 -0.0110154 -0.0101303 -0.0012119 -0.0033096 -0.0064790 -0.0103331 -0.0090875 -0.0133872 -0.0002562 -0.0061453 -0.0121818 -0.0054260 -0.0041823 -0.0094394 -0.0048056 -0.0027585 -0.0050939 -0.0053949 -0.0047691 -0.0059923 -0.0058408 -0.0067838 -0.0080253 -0.0039441 -0.0082078 -0.0018332 -0.0091459 -0.0063983 -0.0053531 -0.0036553 -0.0040931 -0.0048912 -0.0055381 -0.0087757 0.0000429 -0.0035399 -0.0075203 -0.0086394 -0.0074082 -0.0043280 -0.0073579 -0.0079995 -0.0056957
-0.0188200 -0.0086011 -0.0096775 -0.0141440 -0.0071384 -0.0106211 -0.0169131 -0.0157307 -0.0188676 -0.0033208 -0.0098919 -0.0062395 -0.0067492 1.0435809 -0.0134827 -0.0247654 -0.0058462 -0.0091617 -0.0122222 -0.0076373 -0.0153156 -0.0072930 -0.0052294 -0.0099631 -0.0188055 -0.0047805 -0.0185102 -0.0110159 -0.0068595 -0.0156481 -0.0137262 -0.0103921 -0.0107014 -0.0057718 -0.0132628 -0.0033282 -0.0050061 -0.0109712 -0.0138981 -0.0093533 -0.0006284 -0.0038591 -0.0119653 -0.0093000 -0.0089434 -0.0109356 -0.0061599 -0.0076867 -0.0122568 -0.0074376 -0.0034936 -0.0113851 -0.0037715 -0.0028818 -0.0052420 -0.0049961 -0.0038409 -0.0053159 -0.0094153 -0.0035367 -0.0091756 -0.0023626 -0.0147442 -0.0037195 -0.0032181 -0.0097012 -0.0048146 -0.0054801 -0.0056972 -0.0044935 -0.0038816 -0.0106437 -0.0037751 -0.0060761 -0.0109019 -0.0099580 -0.0071851 -0.0086342 -0.0042781 -0.0082538 -0.0071047
-0.0656746 -0.0149068 -0.0071531 -0.0646785 0.0111026 -0.0006201 -0.0367473 -0.0126534 0.0378152 -0.0152499 0.0242014 -0.0360597 -0.0134306 -0.0134827 1.0619266 -0.0161641 0.0310807 0.0352834 0.0124601 -0.0378138 0.0094240 -0.0033306 -0.0744400 -0.0198373 -0.0238318 -0.0533188 0.0099231 -0.0135175 0.0079065 0.0222781 0.0071725 -0.0042710 -0.0189495 -0.0253656 -0.0049391 0.0252129 -0.0128880 0.0372793 -0.0063005 0.0170916 -0.0014065 -0.0479704 -0.0444744 0.0090378 -0.0397704 -0.0069408 -0.0245994 -0.0381498 0.0079808 -0.0372650 -0.0074061 -0.0502001 0.0235165 0.0230562 -0.0013741 -0.0122122 0.0455501 0.0025172 -0.0077516 -0.0216854 -0.0051321 -0.0231176 -0.0415543 -0.0607127 -0.0231172 0.0183083 -0.0341267 -0.0335210 0.0009039 -0.0360472 0.0329760 -0.0033181 0.0199073 0.0039237 0.0023011 -0.0207562 0.0361643 -0.0394636 -0.0144438 0.0035395 0.0070163
0.0628711 -0.0195012 -0.0330496 0.0614751 -0.0816146 -0.0199098 0.0143620 0.0479094 -0.0006843 -0.0623733 -0.0684762 0.0380957 -0.0230778 -0.0247654 -0.0161641 1.0903678 -0.0850567 -0.0786119 -0.0529180 0.0398059 -0.0152677 -0.0820666 0.0400900 -0.0220487 0.0582950 0.0480276 -0.0145826 -0.0022084 -0.0273913 -0.0588438 0.0469796 -0.0036089 0.0473567 0.0367062 -0.0569215 -0.0882500 -0.0169843 -0.0801954 0.0006695 -0.0726273 -0.0124597 0.0539742 0.0358229 -0.0139747 0.0207229 -0.0416368 -0.0063153 0.0455822 -0.0144398 -0.0066540 -0.0146659 0.0652445 -0.0406983 -0.0776756 -0.0178350 -0.0171479 -0.0905840 -0.0238042 -0.0410340 -0.0022503 0.0087511 -0.0070854 0.0676317 0.0693297 0.0325535 -0.0584333 0.0473401 -0.0082342 -0.0298300 0.0451363 -0.0738150 0.0018407 -0.0784544 -0.0306563 -0.0069935 0.0057821 -0.0673216 0.0722846 -0.0148591 -0.0437564 -0.0204500
-0.1196019 -0.0100156 0.0146986 -0.1188168 0.0775775 0.0068856 -0.0303279 -0.0709729 0.0270633 0.0425760 0.0965307 -0.0836546 -0.0062649 -0.0058462 0.0310807 -0.0850567 1.1373196 0.1120442 0.0727350 -0.0896289 0.0214462 0.0801015 -0.1243060 -0.0128750 -0.0910354 -0.1144881 0.0166730 0.0009770 0.0060788 0.0900651 -0.0681509 -0.0092455 -0.0672322 -0.0776329 0.0662119 0.1027552 -0.0027944 0.1123069 -0.0084925 0.0898232 -0.0089422 -0.1141829 -0.0848799 0.0211055 -0.0453185 0.0509076 -0.0211877 -0.0872637 0.0239778 -0.0259607 -0.0016740 -0.1047702 0.0431121 0.0895794 0.0133320 -0.0083225 0.1166031 0.0135456 0.0453330 -0.0262305 -0.0191510 -0.0225480 -0.1063407 -0.1186351 -0.0722611 0.0798238 -0.0888485 -0.0177460 0.0182515 -0.0912836 0.0985522 -0.0103633 0.0948663 0.0213147 0.0188452 -0.0159698 0.0877452 -0.1081199 -0.0053182 0.0509183 0.0081628
-0.1200234 -0.0122123 0.0082402 -0.1208295 0.0753202 0.0002769 -0.0309313 -0.0695955 0.0424604 0.0427272 0.1106312 -0.0956925 -0.0095028 -0.0091617 0.0352834 -0.0786119 0.1120442 1.1453505 0.0798566 -0.0982446 0.0277289 0.0835765 -0.1341900 -0.0194689 -0.0868669 -0.1275891 0.0234731 0.0020254 -0.0020889 0.0992693 -0.0649079 -0.0056315 -0.0717657 -0.0835254 0.0771307 0.1066564 -0.0050092 0.1203905 -0.0036305 0.1018056 -0.0118280 -0.1250301 -0.0946450 0.0269900 -0.0443915 0.0571714 -0.0273233 -0.0958502 0.0272944 -0.0296786 -0.0021558 -0.1102988 0.0422005 0.0961142 0.0086056 -0.0148270 0.1223033 0.0121861 0.0494982 -0.0325683 -0.0177698 -0.0281845 -0.1131794 -0.1309193 -0.0809943 0.0886945 -0.0999769 -0.0244228 0.0158166 -0.1012415 0.1108395 -0.0071604 0.0985362 0.0176984 0.0229750 -0.0124114 0.0968722 -0.1143946 -0.0115665 0.0584452 0.0038498
-0.0757965 -0.0128430 -0.0131061 -0.0737856 0.0361358 -0.0193429 -0.0179329 -0.0588074 0.0208602 0.0326381 0.0614979 -0.0735293 -0.0124379 -0.0122222 0.0124601 -0.0529180 0.0727350 0.0798566 1.0673257 -0.0759010 0.0071344 0.0427152 -0.0867598 -0.0223987 -0.0634962 -0.0900406 -0.0021514 -0.0068012 -0.0122757 0.0543935 -0.0490905 -0.0116042 -0.0586466 -0.0730530 0.0500770 0.0622260 -0.0099499 0.0758076 -0.0082843 0.0646511 -0.0091566 -0.0913746 -0.0784732 0.0100900 -0.0286092 0.0388353 -0.0200311 -0.0749448 0.0112957 -0.0214769 -0.0054225 -0.0784550 0.0200920 0.0651629 0.0001461 -0.0125623 0.0760114 -0.0035613 0.0388207 -0.0197019 -0.0129498 -0.0191382 -0.0742328 -0.0943245 -0.0674338 0.0607992 -0.0759995 -0.0205407 -0.0008864 -0.0783169 0.0754979 -0.0085919 0.0648039 -0.0011351 0.0166206 -0.0114311 0.0658099 -0.0804754 -0.0115006 0.0449866 -0.0065369
0.0580520 -0.0020119 -0.0136783 0.0614529 -0.0693647 -0.0109696 -0.0036661 0.0386254 -0.0402040 -0.0489385 -0.0923314 0.0605667 -0.0074559 -0.0076373 -0.0378138 0.0398059 -0.0896289 -0.0982446 -0.0759010 1.0962393 -0.0289269 -0.0704543 0.0751055 -0.0012748 0.0445719 0.0748845 -0.0306940 -0.0111889 -0.0124086 -0.0868779 0.0356237 -0.0094654 0.0447869 0.0556597 -0.0722641 -0.0854623 -0.0055620 -0.0977554 -0.0102426 -0.0855140 0.0007271 0.0787541 0.0613558 -0.0290898 0.0173987 -0.0616433 0.0061650 0.0645362 -0.0312009 0.0085449 -0.0055065 0.0676774 -0.0332714 -0.0791773 -0.0122491 0.0016330 -0.0948823 -0.0172976 -0.0531127 0.0086459 0.0009306 0.0045247 0.0709623 0.0894255 0.0526521 -0.0776241 0.0654224 0.0061338 -0.0183624 0.0649344 -0.0885016 -0.0068714 -0.0789748 -0.0223761 -0.0274097 -0.0014185 -0.0791262 0.0764602 -0.0035507 -0.0560895 -0.0120623
-0.0382065 -0.0155140 -0.0061345 -0.0411660 0.0048715 -0.0074869 -0.0115123 -0.0126084 0.0125025 -0.0081645 0.0207514 -0.0260114 -0.0107308 -0.0153156 0.0094240 -0.0152677 0.0214462 0.0277289 0.0071344 -0.0289269 1.0718855 0.0132949 -0.0445585 -0.0217659 -0.0211562 -0.0397213 0.0002370 0.0018495 -0.0081114 0.0239796 -0.0199028 -0.0091682 -0.0123271 -0.0177131 0.0086713 0.0128942 -0.0097160 0.0265169 -0.0090114 0.0117262 -0.0129560 -0.0351851 -0.0201135 0.0038198 -0.0183830 0.0062264 -0.0182874 -0.0233676 0.0059854 -0.0131605 -0.0052710 -0.0279223 0.0092378 0.0115655 -0.0012938 -0.0101793 0.0248402 -0.0005019 0.0004884 -0.0166469 -0.0095813 -0.0211861 -0.0328333 -0.0373723 -0.0182773 0.0121130 -0.0272565 -0.0126418 0.0014403 -0.0276013 0.0150956 -0.0060550 0.0141165 0.0026368 0.0056692 -0.0068646 0.0152844 -0.0284423 -0.0108897 0.0034503 -0.0062045
-0.0834991 -0.0110890 0.0088380 -0.0819657 0.0589178 -0.0017546 -0.0148393 -0.0576544 -0.0099017 0.0288276 0.0640992 -0.0691317 -0.0041705 -0.0072930 -0.0033306 -0.0820666 0.0801015 0.0835765 0.0427152 -0.0704543 0.0132949 1.0864302 -0.0756016 -0.0114403 -0.0742307 -0.0958780 0.0074748 0.0049918 -0.0204050 0.0601842 -0.0862057 -0.0127926 -0.0572751 -0.0606994 0.0609132 0.0758469 -0.0078472 0.0771082 -0.0132256 0.0654663 -0.0232196 -0.0908133 -0.0467565 0.0090963 -0.0313461 0.0454271 -0.0206832 -0.0700073 0.0150354 -0.0071441 -0.0036962 -0.0725032 0.0222297 0.0676458 0.0076630 -0.0095944 0.0729942 0.0076096 0.0411896 -0.0232291 -0.0194314 -0.0218139 -0.0926523 -0.0873372 -0.0565370 0.0530950 -0.0734261 -0.0033956 0.0124604 -0.0722640 0.0552411 -0.0095135 0.0706280 0.0166193 0.0162615 -0.0060317 0.0461030 -0.0881175 -0.0080193 0.0286200 -0.0145667
0.1038677 -0.0093783 -0.0293830 0.1010761 -0.0914536 -0.0279197 0.0160937 0.0380401 -0.0804599 -0.0422126 -0.1208583 0.0743937 -0.0081297 -0.0052294 -0.0744400 0.0400900 -0.1243060 -0.1341900 -0.0867598 0.0751055 -0.0445585 -0.0756016 1.0988835 -0.0033076 0.0507614 0.0999825 -0.0451617 -0.0089020 -0.0270220 -0.1108745 0.0065756 -0.0201306 0.0492629 0.0589675 -0.0684705 -0.1075808 -0.0046451 -0.1290601 -0.0113815 -0.1042522 -0.0081250 0.1060624 0.0796440 -0.0427684 0.0437282 -0.0546816 0.0192958 0.0809273 -0.0420474 0.0284062 -0.0073690 0.0984303 -0.0585687 -0.0970271 -0.0200275 -0.0050849 -0.1353649 -0.0251878 -0.0436832 0.0184249 0.0023391 0.0155413 0.0931548 0.1295778 0.0577324 -0.0918688 0.0796093 0.0211535 -0.0311529 0.0809782 -0.1147617 -0.0097588 -0.1027722 -0.0314712 -0.0267326 0.0128998 -0.1136314 0.1036376 -0.0024985 -0.0616037 -0.0248554
-0.0131183 -0.0003511 -0.0131702 -0.0119790 -0.0055561 -0.0114304 -0.0190224 -0.0139538 -0.0257865 -0.0072597 -0.0275704 -0.0027971 -0.0088387 -0.0099631 -0.0198373 -0.0220487 -0.0128750 -0.0194689 -0.0223987 -0.0012748 -0.0217659 -0.0114403 -0.0033076 0.9987798 -0.0141721 0.0045192 -0.0223277 -0.0146124 -0.0081122 -0.0296717 -0.0090056 -0.0139508 -0.0068421 -0.0030673 -0.0196322 -0.0127397 -0.0078780 -0.0208726 -0.0076475 -0.0154702 -0.0035952 0.0037519 -0.0044944 -0.0133840 -0.0096600 -0.0150781 -0.0016151 0.0041627 -0.0172597 -0.0079797 -0.0041541 -0.0071043 -0.0066378 -0.0070109 -0.0041937 -0.0054366 -0.0119366 -0.0082176 -0.0119108 -0.0018773 -0.0094560 -0.0038316 -0.0025845 0.0020868 -0.0037098 -0.0200041 0.0016892 -0.0076636 -0.0057640 -0.0002596 -0.0145391 -0.0063076 -0.0119742 -0.0087968 -0.0162506 -0.0103779 -0.0134964 -0.0021938 -0.0044091 -0.0134829 -0.0027873
0.0586933 -0.0085377 -0.0275720 0.0545984 -0.0736515 -0.0132558 0.0005123 0.0426772 -0.0187067 -0.0602854 -0.0802859 0.0468942 -0.0167107 -0.0188055 -0.0238318 0.0582950 -0.0910354 -0.0868669 -0.0634962 0.0445719 -0.0211562 -0.0742307 0.0507614 -0.0141721 1.0689555 0.0617442 -0.0181176 -0.0095262 -0.0168564 -0.0698663 0.0386349 -0.0087181 0.0480531 0.0438041 -0.0634048 -0.0852926 -0.0113404 -0.0876839 -0.0071417 -0.0809071 -0.0078275 0.0659924 0.0460160 -0.0236043 0.0153516 -0.0544923 0.0028287 0.0543377 -0.0247683 -0.0004657 -0.0104766 0.0643120 -0.0361212 -0.0786527 -0.0183624 -0.0069709 -0.0929555 -0.0186281 -0.0476992 0.0035218 0.0078052 -0.0049022 0.0671626 0.0759181 0.0424269 -0.0686451 0.0556353 -0.0063606 -0.0236339 0.0545121 -0.0824954 -0.0043839 -0.0826739 -0.0278107 -0.0169602 0.0020529 -0.0708906 0.0719447 -0.0109189 -0.0489193 -0.0176227
0.0887519 -0.0053085 -0.0222856 0.0858048 -0.0857745 -0.0214065 0.0048783 0.0388868 -0.0576177 -0.0463032 -0.1185966 0.0715642 -0.0089381 -0.0047805 -0.0533188 0.0480276 -0.1144881 -0.1275891 -0.0900406 0.0748845 -0.0397213 -0.0958780 0.0999825 0.0045192 0.0617442 1.1079829 -0.0472829 -0.0181834 -0.0142617 -0.1090349 0.0424013 -0.0145535 0.0519325 0.0654214 -0.0846116 -0.1093286 -0.0001564 -0.1259151 -0.0074163 -0.1031505 0.0099943 0.1069121 0.0625242 -0.0395410 0.0297518 -0.0691791 0.0174372 0.0809403 -0.0418600 0.0154040 -0.0047742 0.0867728 -0.0493588 -0.0952692 -0.0202877 0.0003548 -0.1186790 -0.0257844 -0.0563832 0.0183143 0.0063775 0.0172753 0.0955957 0.1183330 0.0574416 -0.0932770 0.0820076 0.0088173 -0.0262394 0.0847005 -0.1019470 -0.0076466 -0.0994412 -0.0322886 -0.0360669 -0.0023140 -0.1000336 0.1025136 -0.0003870 -0.0584129 -0.0081744
-0.0394809 -0.0153691 -0.0042317 -0.0337043 -0.0013509 -0.0070116 -0.0145239 -0.0096529 0.0170636 -0.0221694 0.0177851 -0.0282640 -0.0197837 -0.0185102 0.0099231 -0.0145826 0.0166730 0.0234731 -0.0021514 -0.0306940 0.0002370 0.0074748 -0.0451617 -0.0223277 -0.0181176 -0.0472829 1.0338659 0.0005358 -0.0178353 0.0155099 -0.0149908 -0.0069177 -0.0089280 -0.0211322 0.0083996 0.0150378 -0.0108707 0.0229618 -0.0067826 0.0098724 -0.0186405 -0.0378967 -0.0242722 0.0057349 -0.0208380 0.0012744 -0.0219267 -0.0279829 0.0058774 -0.0140036 -0.0064827 -0.0239109 0.0072222 0.0099402 -0.0009550 -0.0156062 0.0172675 -0.0008064 -0.0035696 -0.0213620 -0.0077836 -0.0256922 -0.0290786 -0.0401502 -0.0195640 0.0092324 -0.0257924 -0.0174767 -0.0031790 -0.0318772 0.0098290 -0.0012859 0.0092582 0.0000293 0.0066226 -0.0077866 0.0150791 -0.0316467 -0.0154648 -0.0006908 -0.0130597
-0.0011285 -0.0095783 -0.0037271 -0.0048412 -0.0050374 -0.0053525 0.0044795 -0.0016629 -0.0056674 -0.0140835 0.0012106 -0.0063418 -0.0103128 -0.0110159 -0.0135175 -0.0022084 0.0009770 0.0020254 -0.0068012 -0.0111889 0.0018495 0.0049918 -0.0089020 -0.0146124 -0.0095262 -0.0181834 0.0005358 1.0695935 -0.0197887 -0.0026880 -0.0243352 -0.0073742 -0.0026017 -0.0080505 0.0054945 -0.0032266 -0.0053150 0.0005273 -0.0078616 -0.0033372 -0.0166261 -0.0122135 0.0038460 -0.0008092 -0.0019527 0.0035097 -0.0104516 -0.0078275 -0.0014922 0.0002558 -0.0045724 -0.0004073 -0.0059584 -0.0029309 -0.0023842 -0.0080669 -0.0074340 -0.0020155 -0.0018340 -0.0112819 -0.0039182 -0.0126707 -0.0088075 -0.0040951 -0.0035219 -0.0021363 -0.0076608 -0.0018088 -0.0018419 -0.0101346 -0.0119341 -0.0062157 -0.0058507 -0.0036608 0.0048686 0.0033004 -0.0115600 -0.0084757 -0.0073264 -0.0077092 -0.0162786
-0.0406920 -0.0079547 -0.0068960 -0.0407373 -0.0041678 -0.0083699 -0.0361240 -0.0179612 0.0035253 -0.0009905 -0.0077090 -0.0103658 -0.0055274 -0.0068595 0.0079065 -0.0273913 0.0060788 -0.0020889 -0.0122757 -0.0124086 -0.0081114 -0.0204050 -0.0270220 -0.0081122 -0.0168564 -0.0142617 -0.0178353 -0.0197887 1.0439451 -0.0144134 0.0027077 -0.0121570 -0.0138392 -0.0122576 -0.0210164 0.0008838 -0.0044295 -0.0014299 -0.0100430 -0.0010790 0.0115031 -0.0102005 -0.0307154 -0.0138252 -0.0252782 -0.0208103 -0.0029471 -0.0116109 -0.0087200 -0.0234724 -0.0013627 -0.0345656 0.0117309 0.0062317 -0.0014233 -0.0049634 0.0144285 -0.0076427 -0.0163469 -0.0053854 -0.0090626 -0.0028234 -0.0152637 -0.0189182 -0.0105906 -0.0023379 -0.0069479 -0.0197275 -0.0022856 -0.0105470 0.0155115 -0.0064816 0.0034000 -0.0027650 -0.0166145 -0.0218518 0.0126315 -0.0161789 -0.0043050 -0.0060049 0.0143323
-0.0989989 -0.0186141 -0.0020797 -0.0975088 0.0538955 -0.0024050 -0.0243394 -0.0584044 0.0376019 0.0155028 0.0830624 -0.0858912 -0.0129890 -0.0156481 0.0222781 -0.0588438 0.0900651 0.0992693 0.0543935 -0.0868779 0.0239796 0.0601842 -0.1108745 -0.0296717 -0.0698663 -0.1090349 0.0155099 -0.0026880 -0.0144134 1.0487158 -0.0574987 -0.0125242 -0.0584371 -0.0687381 0.0574892 0.0774674 -0.0111122 0.0941075 -0.0062912 0.0692497 -0.0188738 -0.1078087 -0.0764521 0.0218667 -0.0396664 0.0426985 -0.0285205 -0.0836832 0.0209723 -0.0249943 -0.0057496 -0.0889550 0.0277156 0.0704773 0.0062424 -0.0177283 0.0921167 0.0047165 0.0350189 -0.0322663 -0.0164622 -0.0321402 -0.0953260 -0.1085690 -0.0672466 0.0614999 -0.0880983 -0.0245324 0.0065342 -0.0884002 0.0807059 -0.0089385 0.0749134 0.0121464 0.0217966 -0.0154702 0.0705170 -0.0967822 -0.0110007 0.0389765 -0.0065926
0.0162859 -0.0082361 -0.0237741 0.0189509 -0.0604048 -0.0151551 -0.0256535 0.0387002 0.0100214 -0.0508693 -0.0609007 0.0320319 -0.0185707 -0.0137262 0.0071725 0.0469796 -0.0681509 -0.0649079 -0.0490905 0.0356237 -0.0199028 -0.0862057 0.0065756 -0.0090056 0.0386349 0.0424013 -0.0149908 -0.0243352 0.0027077 -0.0574987 1.0208516 -0.0098946 0.0347674 0.0307771 -0.0713395 -0.0651868 -0.0134257 -0.0620794 -0.0023924 -0.0619468 0.0056013 0.0459003 0.0134657 -0.0138266 -0.0082323 -0.0592791 -0.0028074 0.0370637 -0.0177851 -0.0268872 -0.0111339 0.0284884 -0.0164503 -0.0598725 -0.0114480 -0.0067356 -0.0544956 -0.0168384 -0.0521022 -0.0034241 -0.0016152 -0.0026538 0.0519936 0.0407519 0.0274375 -0.0486376 0.0379173 -0.0244960 -0.0154024 0.0362941 -0.0436622 -0.0032908 -0.0618517 -0.0208532 -0.0223658 -0.0176949 -0.0326048 0.0519488 -0.0102965 -0.0385283 0.0051242
-0.0064784 -0.0159495 -0.0171729 -0.0104582 -0.0158304 -0.0203000 -0.0064260 -0.0072386 0.0064415 -0.0138947 -0.0077032 -0.0120564 -0.0095404 -0.0103921 -0.0042710 -0.0036089 -0.0092455 -0.0056315 -0.0116042 -0.0094654 -0.0091682 -0.0127926 -0.0201306 -0.0139508 -0.0087181 -0.0145535 -0.0069177 -0.0073742 -0.0121570 -0.0125242 -0.0098946 1.0560597 -0.0054223 -0.0133140 -0.0019266 -0.0129188 -0.0073412 -0.0041785 -0.0092947 -0.0101393 -0.0058321 -0.0094103 -0.0185057 -0.0053107 -0.0047266 -0.0093799 -0.0085129 -0.0067295 -0.0050077 -0.0119117 -0.0044182 -0.0076601 -0.0073043 -0.0060086 -0.0099264 -0.0113860 -0.0072491 -0.0127442 -0.0044079 -0.0090441 -0.0057912 -0.0112460 -0.0065037 -0.0074481 -0.0121465 -0.0043992 -0.0105289 -0.0127103 -0.0131327 -0.0132836 -0.0012982 -0.0046595 -0.0085421 -0.0117003 -0.0021962 -0.0060284 -0.0010773 -0.0049933 -0.0089016 -0.0049838 -0.0090882
0.0528698 -0.0115951 -0.0139162 0.0527773 -0.0583965 -0.0040420 0.0066074 0.0408241 -0.0168262 -0.0559437 -0.0686509 0.0450670 -0.0096401 -0.0107014 -0.0189495 0.0473567 -0.0672322 -0.0717657 -0.0586466 0.0447869 -0.0123271 -0.0572751 0.0492629 -0.0068421 0.0480531 0.0519325 -0.0089280 -0.0026017 -0.0138392 -0.0584371 0.0347674 -0.0054223 1.0393878 0.0422730 -0.0503284 -0.0619272 -0.0060815 -0.0678247 -0.0022703 -0.0678204 -0.0080696 0.0538965 0.0480765 -0.0148667 0.0125383 -0.0403316 -0.0036808 0.0466683 -0.0163264 0.0061261 -0.0054622 0.0557320 -0.0264775 -0.0628539 -0.0085223 -0.0044447 -0.0712426 -0.0088349 -0.0419080 0.0029063 0.0043121 -0.0043399 0.0540602 0.0603186 0.0419404 -0.0564075 0.0469111 0.0025985 -0.0132136 0.0476518 -0.0695399 -0.0016643 -0.0653308 -0.0132025 -0.0101066 0.0028427 -0.0601736 0.0566028 -0.0042098 -0.0448028 -0.0086859
0.0516767 -0.0055874 -0.0081862 0.0467277 -0.0527807 0.0001556 0.0023810 0.0424090 -0.0326342 -0.0595995 -0.0777203 0.0530668 -0.0075462 -0.0057718 -0.0253656 0.0367062 -0.0776329 -0.0835254 -0.0730530 0.0556597 -0.0177131 -0.0606994 0.0589675 -0.0030673 0.0438041 0.0654214 -0.0211322 -0.0080505 -0.0122576 -0.0687381 0.0307771 -0.0133140 0.0422730 1.0594851 -0.0665243 -0.0685929 -0.0035962 -0.0800621 -0.0085275 -0.0767569 -0.0067294 0.0641376 0.0566705 -0.0182708 0.0129045 -0.0512144 -0.0008711 0.0561760 -0.0212779 0.0076552 -0.0057159 0.0616125 -0.0294597 -0.0690124 -0.0097230 -0.0015270 -0.0755697 -0.0079363 -0.0509331 0.0038345 0.0010485 -0.0029602 0.0558032 0.0725025 0.0510856 -0.0651705 0.0570154 0.0066651 -0.0132346 0.0570587 -0.0814397 -0.0052764 -0.0707530 -0.0147189 -0.0215342 -0.0018834 -0.0721163 0.0621940 -0.0021410 -0.0531329 -0.0080087
-0.0610678 -0.0162936 -0.0064003 -0.0596504 0.0394449 -0.0170070 -0.0048179 -0.0575151 0.0025235 0.0307437 0.0679704 -0.0697771 -0.0116287 -0.0132628 -0.0049391 -0.0569215 0.0662119 0.0771307 0.0500770 -0.0722641 0.0086713 0.0609132 -0.0684705 -0.0196322 -0.0634048 -0.0846116 0.0083996 0.0054945 -0.0210164 0.0574892 -0.0713395 -0.0019266 -0.0503284 -0.0665243 1.0483421 0.0658211 -0.0119431 0.0731471 -0.0065532 0.0653118 -0.0169727 -0.0801416 -0.0594618 0.0082291 -0.0146568 0.0500242 -0.0155925 -0.0672860 0.0140300 -0.0109086 -0.0034338 -0.0633975 0.0130136 0.0612373 0.0011683 -0.0127059 0.0620071 -0.0012902 0.0462327 -0.0214987 -0.0139505 -0.0170262 -0.0722491 -0.0764029 -0.0610236 0.0605238 -0.0705495 -0.0044339 0.0006008 -0.0752072 0.0616092 -0.0074239 0.0595446 0.0035745 0.0205420 0.0001607 0.0517268 -0.0714281 -0.0078858 0.0407632 -0.0137996
-0.1130649 -0.0081190 0.0148225 -0.1133839 0.0728548 0.0029262 -0.0301384 -0.0637495 0.0178416 0.0383880 0.0883565 -0.0840297 -0.0050908 -0.0033282 0.0252129 -0.0882500 0.1027552 0.1066564 0.0622260 -0.0854623 0.0128942 0.0758469 -0.1075808 -0.0127397 -0.0852926 -0.1093286 0.0150378 -0.0032266 0.0008838 0.0774674 -0.0651868 -0.0129188 -0.0619272 -0.0685929 0.0658211 1.0684123 -0.0062065 0.1029763 -0.0089703 0.0830256 -0.0122299 -0.1067893 -0.0774170 0.0182058 -0.0433497 0.0444354 -0.0217573 -0.0823060 0.0212310 -0.0239389 0.0011617 -0.0981184 0.0382088 0.0856287 0.0121568 -0.0131102 0.1054846 0.0116459 0.0399419 -0.0235338 -0.0175580 -0.0230356 -0.1036616 -0.1127378 -0.0678348 0.0709595 -0.0827065 -0.0184648 0.0156615 -0.0856953 0.0886274 -0.0119351 0.0866836 0.0195952 0.0151780 -0.0170226 0.0806750 -0.1046812 -0.0062487 0.0428547 0.0066015
-0.0091277 -0.0086274 -0.0068659 -0.0089713 -0.0036453 -0.0084959 -0.0134711 -0.0121779 -0.0140231 -0.0061169 -0.0126439 -0.0034222 -0.0035458 -0.0050061 -0.0128880 -0.0169843 -0.0027944 -0.0050092 -0.0099499 -0.0055620 -0.0097160 -0.0078472 -0.0046451 -0.0078780 -0.0113404 -0.0001564 -0.0108707 -0.0053150 -0.0044295 -0.0111122 -0.0134257 -0.0073412 -0.0060815 -0.0035962 -0.0119431 -0.0062065 1.0285548 -0.0094847 -0.0114158 -0.0092566 -0.0035700 -0.0011594 -0.0050508 -0.0077019 -0.0066893 -0.0072966 -0.0015350 -0.0037054 -0.0076386 -0.0011800 -0.0016114 -0.0075021 -0.0046145 -0.0035837 -0.0021609 -0.0044048 -0.0017481 -0.0023811 -0.0080250 -0.0040284 -0.0080375 -0.0035135 -0.0083766 0.0005200 -0.0038357 -0.0085714 -0.0047197 -0.0063344 -0.0042529 -0.0000063 -0.0043573 -0.0064036 -0.0005713 -0.0062741 -0.0073258 -0.0038943 -0.0100559 -0.0042640 -0.0066324 -0.0072213 -0.0009225
-0.1187251 -0.0129193 0.0054837 -0.1167878 0.0732842 -0.0029487 -0.0263786 -0.0692306 0.0394815 0.0382207 0.1068585 -0.0960869 -0.0112030 -0.0109712 0.0372793 -0.0801954 0.1123069 0.1203905 0.0758076 -0.0977554 0.0265169 0.0771082 -0.1290601 -0.0208726 -0.0876839 -0.1259151 0.0229618 0.0005273 -0.0014299 0.0941075 -0.0620794 -0.0041785 -0.0678247 -0.0800621 0.0731471 0.1029763 -0.0094847 1.0919311 -0.0062206 0.0960205 -0.0122045 -0.1210140 -0.0885342 0.0243606 -0.0434589 0.0552794 -0.0254461 -0.0935168 0.0305299 -0.0304967 -0.0013554 -0.1056157 0.0434747 0.0923989 0.0093918 -0.0150494 0.1195326 0.0089676 0.0474828 -0.0307075 -0.0181086 -0.0287502 -0.1064592 -0.1283808 -0.0782758 0.0854411 -0.0947326 -0.0243185 0.0136923 -0.0956683 0.1021837 -0.0104276 0.0936715 0.0188080 0.0246678 -0.0112892 0.0943077 -0.1124667 -0.0107057 0.0509246 0.0041492
-0.0057884 -0.0114982 -0.0151740 -0.0059300 -0.0097940 -0.0129703 -0.0054240 -0.0045390 -0.0029674 -0.0078479 -0.0074641 -0.0105954 -0.0110154 -0.0138981 -0.0063005 0.0006695 -0.0084925 -0.0036305 -0.0082843 -0.0102426 -0.0090114 -0.0132256 -0.0113815 -0.0076475 -0.0071417 -0.0074163 -0.0067826 -0.0078616 -0.0100430 -0.0062912 -0.0023924 -0.0092947 -0.0022703 -0.0085275 -0.0065532 -0.0089703 -0.0114158 -0.0062206 1.0149606 -0.0102216 -0.0081034 -0.0065516 -0.0093222 -0.0053978 -0.0043390 -0.0047595 -0.0087979 -0.0056707 -0.0050468 -0.0117056 -0.0061721 -0.0038236 -0.0077287 -0.0082452 -0.0041515 -0.0090117 -0.0099244 -0.0103902 0.0006449 -0.0042851 -0.0029505 -0.0092098 -0.0015351 -0.0051739 -0.0105746 -0.0051286 -0.0068590 -0.0073021 -0.0094079 -0.0087278 -0.0056734 -0.0032197 -0.0091434 -0.0062616 -0.0016380 -0.0052602 -0.0045644 -0.0018084 -0.0079048 -0.0024475 -0.0072191
-0.0981843 -0.0098811 -0.0058492 -0.0917111 0.0512439 -0.0088279 -0.0257471 -0.0677174 0.0206795 0.0445591 0.0831695 -0.0811975 -0.0101303 -0.0093533 0.0170916 -0.0726273 0.0898232 0.1018056 0.0646511 -0.0855140 0.0117262 0.0654663 -0.1042522 -0.0154702 -0.0809071 -0.1031505 0.0098724 -0.0033372 -0.0010790 0.0692497 -0.0619468 -0.0101393 -0.0678204 -0.0767569 0.0653118 0.0830256 -0.0092566 0.0960205 -0.0102216 1.0819278 -0.0058297 -0.0966713 -0.0860261 0.0152823 -0.0336382 0.0485100 -0.0158254 -0.0820397 0.0186688 -0.0222239 -0.0014414 -0.0934006 0.0315281 0.0802831 0.0042273 -0.0090974 0.0966199 0.0034893 0.0449818 -0.0199184 -0.0156982 -0.0174157 -0.0905441 -0.1073092 -0.0706643 0.0742574 -0.0834302 -0.0160287 0.0066413 -0.0839414 0.0914171 -0.0061000 0.0844411 0.0115367 0.0156762 -0.0143757 0.0806419 -0.0933839 -0.0074806 0.0492159 -0.0006499
-0.0139835 0.0004988 -0.0109369 -0.0091037 -0.0152604 -0.0110977 -0.0234802 -0.0141538 -0.0049039 0.0093233 -0.0170507 -0.0029572 -0.0012119 -0.0006284 -0.0014065 -0.0124597 -0.0089422 -0.0118280 -0.0091566 0.0007271 -0.0129560 -0.0232196 -0.0081250 -0.0035952 -0.0078275 0.0099943 -0.0186405 -0.0166261 0.0115031 -0.0188738 0.0056013 -0.0058321 -0.0080696 -0.0067294 -0.0169727 -0.0122299 -0.0035700 -0.0122045 -0.0081034 -0.0058297 1.0277129 0.0073233 -0.0204981 -0.0130250 -0.0077147 -0.0165715 0.0042945 0.0007030 -0.0105003 -0.0111061 0.0000950 -0.0139946 0.0023022 -0.0008470 -0.0062828 -0.0032120 -0.0002371 -0.0080139 -0.0099371 0.0032652 -0.0055949 0.0073765 0.0020512 -0.0031548 -0.0080193 -0.0061809 0.0022035 -0.0144160 -0.0065422 0.0011004 0.0073110 -0.0024688 -0.0016642 -0.0114530 -0.0149298 -0.0105527 0.0036469 0.0016313 -0.0002053 -0.0004794 0.0089461
0.1000509 0.0007037 -0.0288771 0.0956478 -0.0891353 -0.0174712 0.0075063 0.0465918 -0.0522582 -0.0489535 -0.1144306 0.0758603 -0.0033096 -0.0038591 -0.0479704 0.0539742 -0.1141829 -0.1250301 -0.0913746 0.0787541 -0.0351851 -0.0908133 0.1060624 0.0037519 0.0659924 0.1069121 -0.0378967 -0.0122135 -0.0102005 -0.1078087 0.0459003 -0.0094103 0.0538965 0.0641376 -0.0801416 -0.1067893 -0.0011594 -0.1210140 -0.0065516 -0.0966713 0.0073233 1.0922216 0.0688030 -0.0376174 0.0310992 -0.0618917 0.0166570 0.0809748 -0.0359761 0.0163513 -0.0041438 0.0863456 -0.0470027 -0.0929524 -0.0179451 0.0010733 -0.1176203 -0.0242491 -0.0522863 0.0195263 0.0079656 0.0193035 0.0962680 0.1183988 0.0618467 -0.0891733 0.0827289 0.0115602 -0.0273045 0.0838678 -0.1010682 -0.0049041 -0.0962178 -0.0302437 -0.0319448 0.0017432 -0.0963877 0.0983285 -0.0032726 -0.0583159 -0.0109409
0.0705845 -0.0085396 -0.0093498 0.0689885 -0.0591402 -0.0010607 0.0139439 0.0469888 -0.0496732 -0.0627486 -0.0829168 0.0562124 -0.0064790 -0.0119653 -0.0444744 0.0358229 -0.0848799 -0.0946450 -0.0784732 0.0613558 -0.0201135 -0.0467565 0.0796440 -0.0044944 0.0460160 0.0625242 -0.0242722 0.0038460 -0.0307154 -0.0764521 0.0134657 -0.0185057 0.0480765 0.0566705 -0.0594618 -0.0774170 -0.0050508 -0.0885342 -0.0093222 -0.0860261 -0.0204981 0.0688030 1.0473297 -0.0211438 0.0216356 -0.0447749 -0.0032722 0.0602208 -0.0224767 0.0215735 -0.0049877 0.0759166 -0.0380143 -0.0786231 -0.0062308 -0.0024518 -0.0979799 -0.0086832 -0.0483796 0.0022487 0.0024925 -0.0021048 0.0607099 0.0877590 0.0566727 -0.0746758 0.0635361 0.0158105 -0.0112347 0.0590597 -0.1062237 -0.0047462 -0.0810461 -0.0144191 -0.0139653 0.0049640 -0.0907387 0.0672418 -0.0061760 -0.0636417 -0.0238187
-0.0354439 -0.0075411 -0.0029451 -0.0350547 0.0097081 -0.0028969 -0.0095548 -0.0142787 0.0127802 -0.0101574 0.0218945 -0.0280702 -0.0103331 -0.0093000 0.0090378 -0.0139747 0.0211055 0.0269900 0.0100900 -0.0290898 0.0038198 0.0090963 -0.0427684 -0.0133840 -0.0236043 -0.0395410 0.0057349 -0.0008092 -0.0138252 0.0218667 -0.0138266 -0.0053107 -0.0148667 -0.0182708 0.0082291 0.0182058 -0.0077019 0.0243606 -0.0053978 0.0152823 -0.0130250 -0.0376174 -0.0211438 1.0099714 -0.0162664 0.0084488 -0.0162472 -0.0258450 0.0071849 -0.0133507 -0.0032480 -0.0266303 0.0064112 0.0129835 -0.0002089 -0.0111128 0.0252075 0.0008623 0.0036973 -0.0182216 -0.0043958 -0.0170353 -0.0301813 -0.0353438 -0.0160620 0.0126423 -0.0251294 -0.0129957 -0.0016092 -0.0243405 0.0151121 -0.0022721 0.0109107 0.0025464 0.0069937 -0.0041454 0.0166003 -0.0287220 -0.0102214 0.0042180 -0.0051724
0.0491358 -0.0128603 -0.0231244 0.0470196 -0.0421072 -0.0237578 0.0164520 0.0074790 -0.0289688 -0.0177850 -0.0394897 0.0170515 -0.0090875 -0.0089434 -0.0397704 0.0207229 -0.0453185 -0.0443915 -0.0286092 0.0173987 -0.0183830 -0.0313461 0.0437282 -0.0096600 0.0153516 0.0297518 -0.0208380 -0.0019527 -0.0252782 -0.0396664 -0.0082323 -0.0047266 0.0125383 0.0129045 -0.0146568 -0.0433497 -0.0066893 -0.0434589 -0.0043390 -0.0336382 -0.0077147 0.0310992 0.0216356 -0.0162664 1.0232446 -0.0135639 0.0049339 0.0213495 -0.0171253 0.0087980 -0.0049577 0.0376996 -0.0295048 -0.0328911 -0.0126932 -0.0050594 -0.0513848 -0.0181000 -0.0058752 0.0046205 0.0010431 -0.0002072 0.0333813 0.0436475 0.0095837 -0.0286197 0.0214328 0.0085359 -0.0176203 0.0213428 -0.0381513 -0.0012621 -0.0368471 -0.0199048 -0.0066448 0.0099853 -0.0397806 0.0345911 -0.0058004 -0.0147590 -0.0202128
-0.0461692 -0.0137994 -0.0086793 -0.0451159 0.0337092 -0.0101715 0.0000360 -0.0447013 -0.0016213 0.0222867 0.0453718 -0.0561438 -0.0133872 -0.0109356 -0.0069408 -0.0416368 0.0509076 0.0571714 0.0388353 -0.0616433 0.0062264 0.0454271 -0.0546816 -0.0150781 -0.0544923 -0.0691791 0.0012744 0.0035097 -0.0208103 0.0426985 -0.0592791 -0.0093799 -0.0403316 -0.0512144 0.0500242 0.0444354 -0.0072966 0.0552794 -0.0047595 0.0485100 -0.0165715 -0.0618917 -0.0447749 0.0084488 -0.0135639 1.0529618 -0.0118024 -0.0537818 0.0053397 -0.0089709 -0.0058064 -0.0472540 0.0057378 0.0435030 -0.0021876 -0.0122251 0.0439758 -0.0033081 0.0360083 -0.0167057 -0.0109569 -0.0156916 -0.0580947 -0.0570314 -0.0481650 0.0431600 -0.0550535 -0.0036728 0.0018790 -0.0559321 0.0434948 -0.0050723 0.0454877 0.0030823 0.0155069 0.0008721 0.0375068 -0.0558079 -0.0081594 0.0310270 -0.0106785
