1.1041358 -0.0151864 -0.0346007 0.0562956 -0.0683944 -0.0290094 0.0036311 0.0225032 -0.0354208 -0.0390317 -0.0720883 0.0402089 -0.0144115 -0.0153898 -0.0434790 0.0358461 -0.0834049 -0.0829361 -0.0543344 0.0365793 -0.0305962 -0.0668442 0.0566628 -0.0124563 0.0332488 0.0557460 -0.0302041 -0.0132535 -0.0254603 -0.0708119 0.0087346 -0.0052276 0.0319194 0.0282770 -0.0494095 -0.0788732 -0.0073309 -0.0824521 -0.0067616 -0.0664213 -0.0007572 0.0638014 0.0362332 -0.0281723 0.0252928 -0.0443515 0.0065245 0.0472755 -0.0294407 0.0052512 -0.0061831 0.0599415 -0.0385884 -0.0697774 -0.0222625 -0.0068464 -0.0863921 -0.0274263 -0.0335564 0.0072004 -0.0014928 0.0050040 0.0639865 0.0780900 0.0310184 -0.0583391 0.0495158 -0.0000241 -0.0263952 0.0468112 -0.0628195 -0.0049246 -0.0700052 -0.0304589 -0.0207673 0.0047973 -0.0697572 0.0662633 -0.0105076 -0.0369764 -0.0199538
-0.0151864 1.0428572 -0.0032002 -0.0149874 -0.0134608 -0.0066118 -0.0120556 -0.0131937 -0.0184949 -0.0093200 -0.0186712 -0.0048552 -0.0093252 -0.0101530 -0.0167630 -0.0129691 -0.0093407 -0.0100020 -0.0146451 -0.0050639 -0.0122977 -0.0110532 -0.0098211 -0.0057485 -0.0081222 -0.0061222 -0.0168057 -0.0093378 -0.0110734 -0.0184528 -0.0117232 -0.0147890 -0.0082183 -0.0067458 -0.0149095 -0.0105992 -0.0074374 -0.0128097 -0.0103679 -0.0110241 -0.0049703 -0.0011657 -0.0078919 -0.0086093 -0.0099091 -0.0105278 -0.0077649 -0.0053118 -0.0109715 -0.0073502 -0.0040792 -0.0078167 -0.0053132 -0.0087268 -0.0056307 -0.0059848 -0.0086566 -0.0069928 -0.0106326 -0.0054500 -0.0081001 -0.0040525 -0.0076392 -0.0026851 -0.0055366 -0.0121117 -0.0044351 -0.0089004 -0.0086797 -0.0029556 -0.0099642 -0.0096966 -0.0105896 -0.0082791 -0.0086014 -0.0072845 -0.0103237 -0.0036277 -0.0082597 -0.0128281 -0.0039302
-0.0346007 -0.0032002 1.0412542 -0.0326041 0.0026843 -0.0042411 -0.0157990 -0.0155935 -0.0090695 -0.0140339 -0.0031344 -0.0162116 -0.0114652 -0.0111633 -0.0071867 -0.0259470 0.0102427 0.0040452 -0.0117802 -0.0184126 -0.0054380 0.0026788 -0.0260100 -0.0138759 -0.0233204 -0.0234653 -0.0089535 -0.0044570 -0.0109051 -0.0056384 -0.0218921 -0.0165577 -0.0128494 -0.0096055 -0.0065841 0.0051874 -0.0083783 0.0035352 -0.0142261 -0.0035400 -0.0127178 -0.0229429 -0.0122695 -0.0071492 -0.0177207 -0.0068587 -0.0145428 -0.0161543 -0.0040545 -0.0095644 -0.0059753 -0.0213324 0.0018282 0.0029216 -0.0000679 -0.0099786 0.0075221 -0.0013123 -0.0081222 -0.0140725 -0.0102588 -0.0163306 -0.0260434 -0.0207885 -0.0086498 -0.0060604 -0.0159276 -0.0096099 -0.0001748 -0.0175634 -0.0045132 -0.0112085 0.0012590 -0.0009351 -0.0040137 -0.0127607 -0.0044764 -0.0224408 -0.0087359 -0.0089415 -0.0077698
0.0562956 -0.0149874 -0.0326041 1.0975885 -0.0671674 -0.0290432 0.0030094 0.0217701 -0.0376437 -0.0352327 -0.0702939 0.0377537 -0.0148765 -0.0119414 -0.0427407 0.0353215 -0.0794580 -0.0814921 -0.0559757 0.0387165 -0.0322931 -0.0653543 0.0567833 -0.0111693 0.0342249 0.0537601 -0.0271693 -0.0128222 -0.0252196 -0.0713917 0.0119478 -0.0121084 0.0312356 0.0266280 -0.0489743 -0.0778258 -0.0096253 -0.0817357 -0.0058960 -0.0645702 -0.0011076 0.0633009 0.0348742 -0.0290780 0.0245478 -0.0443202 0.0078348 0.0464887 -0.0284745 0.0047659 -0.0067554 0.0589286 -0.0375613 -0.0672281 -0.0229271 -0.0088259 -0.0866301 -0.0257561 -0.0330633 0.0094640 -0.0018742 0.0048849 0.0635654 0.0761623 0.0268179 -0.0569376 0.0482012 0.0014289 -0.0275226 0.0453788 -0.0641684 -0.0036425 -0.0701966 -0.0310399 -0.0200403 0.0019251 -0.0674842 0.0670904 -0.0108131 -0.0376082 -0.0196800
-0.0683944 -0.0134608 0.0026843 -0.0671674 1.0656160 -0.0010243 -0.0164117 -0.0450046 -0.0003361 0.0069966 0.0283022 -0.0507187 -0.0097523 -0.0098992 0.0005618 -0.0592133 0.0531976 0.0508934 0.0240770 -0.0510832 0.0016099 0.0387076 -0.0662621 -0.0096669 -0.0562714 -0.0635138 -0.0065247 -0.0011260 -0.0104150 0.0314474 -0.0447186 -0.0171190 -0.0420713 -0.0401944 0.0236214 0.0489269 -0.0078143 0.0487579 -0.0119840 0.0327400 -0.0190081 -0.0674957 -0.0453167 0.0061198 -0.0317699 0.0258365 -0.0225291 -0.0531500 0.0064311 -0.0164256 -0.0090434 -0.0608215 0.0154669 0.0428168 0.0094268 -0.0100069 0.0521122 0.0031312 0.0174297 -0.0183424 -0.0108976 -0.0244291 -0.0673600 -0.0686367 -0.0392169 0.0294625 -0.0528849 -0.0146498 0.0062776 -0.0540526 0.0311302 -0.0106653 0.0419213 0.0072971 0.0074007 -0.0165857 0.0376411 -0.0648020 -0.0084340 0.0152412 -0.0032640
-0.0290094 -0.0066118 -0.0042411 -0.0290432 -0.0010243 1.0475686 -0.0113865 -0.0113606 -0.0107268 -0.0170220 -0.0072213 -0.0125207 -0.0096064 -0.0118647 -0.0073771 -0.0199808 0.0037043 0.0001645 -0.0139619 -0.0144989 -0.0055302 -0.0018817 -0.0230662 -0.0118212 -0.0162312 -0.0200396 -0.0105899 -0.0057495 -0.0112241 -0.0034909 -0.0180033 -0.0173390 -0.0083262 -0.0067211 -0.0092196 0.0007457 -0.0080896 -0.0020154 -0.0122024 -0.0091438 -0.0110130 -0.0168921 -0.0069720 -0.0044866 -0.0182139 -0.0056617 -0.0129600 -0.0108039 -0.0058674 -0.0100203 -0.0063526 -0.0160257 0.0000123 -0.0029174 -0.0014599 -0.0086005 0.0036663 -0.0031302 -0.0121536 -0.0116916 -0.0078187 -0.0144102 -0.0185755 -0.0166927 -0.0054380 -0.0075557 -0.0122940 -0.0088807 -0.0030374 -0.0089970 -0.0084613 -0.0093257 -0.0028595 -0.0025821 -0.0032652 -0.0103987 -0.0054340 -0.0168057 -0.0076976 -0.0110317 -0.0049047
0.0036311 -0.0120556 -0.0157990 0.0030094 -0.0164117 -0.0113865 1.0635064 -0.0057795 -0.0157869 -0.0140038 -0.0213063 -0.0058506 -0.0136558 -0.0148365 -0.0207145 0.0001152 -0.0152425 -0.0174595 -0.0165105 -0.0071779 -0.0076122 -0.0134938 -0.0013139 -0.0147419 -0.0067506 -0.0050624 -0.0131794 -0.0030526 -0.0229774 -0.0161758 -0.0191647 -0.0100299 -0.0015396 -0.0047172 -0.0092774 -0.0182825 -0.0109934 -0.0151818 -0.0070631 -0.0176683 -0.0126962 -0.0024549 -0.0014516 -0.0096858 0.0020649 -0.0048776 -0.0102688 -0.0027433 -0.0096490 -0.0057747 -0.0065520 0.0046686 -0.0144224 -0.0152897 -0.0081026 -0.0082571 -0.0217526 -0.0119177 -0.0056250 -0.0066269 -0.0053335 -0.0110036 0.0000947 0.0067351 -0.0042127 -0.0148155 -0.0014255 -0.0048184 -0.0119097 -0.0041876 -0.0181605 -0.0048844 -0.0169173 -0.0120260 -0.0033435 -0.0021242 -0.0183071 0.0033400 -0.0082615 -0.0092806 -0.0168622
0.0225032 -0.0131937 -0.0155935 0.0217701 -0.0450046 -0.0113606 -0.0057795 1.0686308 -0.0118772 -0.0439209 -0.0457013 0.0233692 -0.0130575 -0.0112036 -0.0132825 0.0267224 -0.0472399 -0.0494599 -0.0439429 0.0246042 -0.0130368 -0.0446566 0.0214918 -0.0124320 0.0240164 0.0226321 -0.0119963 -0.0063760 -0.0145342 -0.0450368 0.0205550 -0.0098239 0.0239610 0.0226737 -0.0413185 -0.0457538 -0.0102373 -0.0475083 -0.0056883 -0.0449110 -0.0074208 0.0306426 0.0260203 -0.0129859 0.0026022 -0.0376365 -0.0056702 0.0266972 -0.0124386 -0.0044172 -0.0053678 0.0330381 -0.0173867 -0.0450383 -0.0108199 -0.0057323 -0.0496759 -0.0142452 -0.0332257 -0.0025969 -0.0019627 -0.0099679 0.0328993 0.0378766 0.0225829 -0.0400511 0.0272925 -0.0077393 -0.0135542 0.0272007 -0.0468812 -0.0040473 -0.0461961 -0.0139224 -0.0110063 -0.0038824 -0.0433651 0.0348322 -0.0097060 -0.0347115 -0.0114093
-0.0354208 -0.0184949 -0.0090695 -0.0376437 -0.0003361 -0.0107268 -0.0157869 -0.0118772 1.0618511 -0.0149635 0.0181334 -0.0282011 -0.0145647 -0.0173887 0.0129968 -0.0074048 0.0152572 0.0249352 0.0078543 -0.0288623 0.0048056 -0.0029414 -0.0490694 -0.0211937 -0.0194961 -0.0394281 0.0064880 -0.0014300 -0.0060106 0.0192124 -0.0064173 0.0006772 -0.0138288 -0.0225199 0.0033058 0.0106597 -0.0113910 0.0212353 -0.0050099 0.0104606 -0.0107229 -0.0370269 -0.0299377 0.0057665 -0.0192334 0.0011660 -0.0197863 -0.0279848 0.0064228 -0.0203400 -0.0081101 -0.0287937 0.0067291 0.0116098 -0.0008948 -0.0140035 0.0180433 -0.0044427 -0.0023550 -0.0208695 -0.0052967 -0.0223216 -0.0278200 -0.0390586 -0.0205981 0.0123891 -0.0283720 -0.0207872 -0.0046434 -0.0287225 0.0184904 -0.0048492 0.0097309 -0.0019644 0.0070966 -0.0106843 0.0187606 -0.0260397 -0.0132135 0.0032926 -0.0055341
-0.0390317 -0.0093200 -0.0140339 -0.0352327 0.0069966 -0.0170220 -0.0140038 -0.0439209 -0.0149635 1.0648559 0.0060540 -0.0345071 -0.0075298 -0.0090311 -0.0129888 -0.0429974 0.0263540 0.0244234 0.0124164 -0.0358220 -0.0063470 0.0160552 -0.0325320 -0.0121609 -0.0429450 -0.0354553 -0.0193301 -0.0095652 -0.0073268 0.0067599 -0.0353224 -0.0136030 -0.0363556 -0.0382151 0.0146326 0.0189463 -0.0079379 0.0213827 -0.0120900 0.0212892 -0.0021876 -0.0353607 -0.0426052 -0.0083919 -0.0147676 0.0162116 -0.0078957 -0.0354185 -0.0082407 -0.0100572 -0.0045363 -0.0429499 0.0021724 0.0260035 -0.0027391 -0.0070110 0.0261702 -0.0080865 0.0173542 -0.0060418 -0.0101449 -0.0056281 -0.0365292 -0.0389640 -0.0367291 0.0193631 -0.0371257 -0.0098411 -0.0059737 -0.0368181 0.0269933 -0.0112784 0.0247743 -0.0048888 -0.0020911 -0.0125462 0.0218259 -0.0368233 -0.0062887 0.0189474 -0.0041062
-0.0720883 -0.0186712 -0.0031344 -0.0702939 0.0283022 -0.0072213 -0.0213063 -0.0457013 0.0181334 0.0060540 1.0852351 -0.0526042 -0.0147885 -0.0137107 0.0108973 -0.0512459 0.0650568 0.0712804 0.0353536 -0.0669258 0.0132685 0.0447229 -0.0812491 -0.0244500 -0.0586002 -0.0826055 0.0080960 0.0036519 -0.0127280 0.0496336 -0.0466837 -0.0078307 -0.0458720 -0.0518586 0.0428160 0.0529753 -0.0107321 0.0684840 -0.0124712 0.0497976 -0.0202434 -0.0819583 -0.0551981 0.0119940 -0.0304872 0.0317978 -0.0256054 -0.0661056 0.0149776 -0.0205278 -0.0086124 -0.0693193 0.0191778 0.0526129 0.0051274 -0.0148856 0.0633643 0.0049211 0.0263987 -0.0309378 -0.0112388 -0.0263571 -0.0740168 -0.0846652 -0.0514780 0.0454640 -0.0670497 -0.0161191 0.0056152 -0.0689857 0.0484557 -0.0116963 0.0518166 0.0090531 0.0178243 -0.0114674 0.0488877 -0.0742057 -0.0126443 0.0269541 -0.0101573
0.0402089 -0.0048552 -0.0162116 0.0377537 -0.0507187 -0.0125207 -0.0058506 0.0233692 -0.0282011 -0.0345071 -0.0526042 1.0674826 -0.0066915 -0.0051800 -0.0269004 0.0245554 -0.0582699 -0.0644212 -0.0511297 0.0392608 -0.0226138 -0.0540154 0.0456953 -0.0049036 0.0300548 0.0465132 -0.0227409 -0.0113348 -0.0090268 -0.0630607 0.0194118 -0.0109596 0.0271763 0.0300752 -0.0485806 -0.0569807 -0.0031185 -0.0640005 -0.0074692 -0.0565701 0.0015694 0.0503774 0.0319609 -0.0223501 0.0090610 -0.0449480 0.0060721 0.0396585 -0.0211762 0.0022503 -0.0015045 0.0406934 -0.0225486 -0.0514253 -0.0126902 -0.0023759 -0.0587410 -0.0114214 -0.0349205 0.0071831 -0.0021545 0.0048002 0.0445676 0.0562198 0.0312288 -0.0515001 0.0399651 -0.0010861 -0.0153430 0.0412216 -0.0517117 -0.0035091 -0.0516362 -0.0167949 -0.0196634 -0.0010074 -0.0527360 0.0473797 -0.0042672 -0.0354134 -0.0086082
-0.0144115 -0.0093252 -0.0114652 -0.0148765 -0.0097523 -0.0096064 -0.0136558 -0.0130575 -0.0145647 -0.0075298 -0.0147885 -0.0066915 1.0392196 -0.0083753 -0.0129679 -0.0175680 -0.0061940 -0.0093473 -0.0128778 -0.0079747 -0.0058898 -0.0061096 -0.0088099 -0.0099850 -0.0120459 -0.0086462 -0.0159185 -0.0080423 -0.0074859 -0.0129055 -0.0172632 -0.0097979 -0.0083541 -0.0071875 -0.0096541 -0.0066331 -0.0061113 -0.0094510 -0.0111983 -0.0083041 -0.0034498 -0.0048703 -0.0077753 -0.0102798 -0.0081893 -0.0111481 -0.0052789 -0.0058299 -0.0093505 -0.0059110 -0.0039922 -0.0092356 -0.0042708 -0.0039434 -0.0052692 -0.0068660 -0.0064023 -0.0064247 -0.0086096 -0.0071262 -0.0070529 -0.0065636 -0.0080168 -0.0026399 -0.0080799 -0.0087490 -0.0054257 -0.0049109 -0.0057523 -0.0057836 -0.0075593 -0.0072968 -0.0030724 -0.0045069 -0.0056831 -0.0079547 -0.0084222 -0.0052887 -0.0067273 -0.0082059 -0.0065050
-0.0153898 -0.0101530 -0.0111633 -0.0119414 -0.0098992 -0.0118647 -0.0148365 -0.0112036 -0.0173887 -0.0090311 -0.0137107 -0.0051800 -0.0083753 1.0417900 -0.0146265 -0.0177544 -0.0076614 -0.0107047 -0.0145857 -0.0080768 -0.0115134 -0.0089550 -0.0047763 -0.0109083 -0.0146067 -0.0040516 -0.0154224 -0.0096609 -0.0087193 -0.0170632 -0.0157842 -0.0113746 -0.0074084 -0.0054099 -0.0117091 -0.0090243 -0.0059544 -0.0130613 -0.0107190 -0.0108785 -0.0038649 -0.0034863 -0.0073823 -0.0104154 -0.0085531 -0.0128580 -0.0065879 -0.0045968 -0.0115601 -0.0058325 -0.0036463 -0.0074191 -0.0060806 -0.0059506 -0.0057663 -0.0066010 -0.0081285 -0.0070214 -0.0111045 -0.0052690 -0.0082218 -0.0052210 -0.0078526 -0.0008158 -0.0054138 -0.0112953 -0.0041080 -0.0047784 -0.0071674 -0.0059085 -0.0088760 -0.0082821 -0.0081242 -0.0076310 -0.0077339 -0.0088959 -0.0091200 -0.0050548 -0.0058515 -0.0087470 -0.0071715
-0.0434790 -0.0167630 -0.0071867 -0.0427407 0.0005618 -0.0073771 -0.0207145 -0.0132825 0.0129968 -0.0129888 0.0108973 -0.0269004 -0.0129679 -0.0146265 1.0564060 -0.0185648 0.0187657 0.0202937 0.0013970 -0.0275704 0.0018262 -0.0014889 -0.0477693 -0.0175222 -0.0219056 -0.0372145 0.0004540 -0.0061107 -0.0035923 0.0103011 -0.0104292 -0.0072388 -0.0141265 -0.0208994 0.0002276 0.0131618 -0.0110529 0.0207237 -0.0094095 0.0075026 -0.0100917 -0.0351530 -0.0269780 0.0021109 -0.0234165 -0.0010085 -0.0193560 -0.0261119 0.0017551 -0.0221170 -0.0081667 -0.0319920 0.0078670 0.0113023 -0.0002854 -0.0124846 0.0220448 -0.0016937 -0.0045538 -0.0178911 -0.0067364 -0.0188229 -0.0300149 -0.0385760 -0.0201970 0.0086069 -0.0265364 -0.0193424 -0.0015318 -0.0282838 0.0121052 -0.0074310 0.0092470 -0.0012265 0.0013660 -0.0142831 0.0155867 -0.0276446 -0.0114893 -0.0011399 -0.0038915
0.0358461 -0.0129691 -0.0259470 0.0353215 -0.0592133 -0.0199808 0.0001152 0.0267224 -0.0074048 -0.0429974 -0.0512459 0.0245554 -0.0175680 -0.0177544 -0.0185648 1.0879655 -0.0618661 -0.0570525 -0.0422556 0.0235965 -0.0176905 -0.0614578 0.0260127 -0.0179542 0.0349484 0.0316068 -0.0153007 -0.0085556 -0.0194454 -0.0490605 0.0241759 -0.0071053 0.0282455 0.0220060 -0.0432522 -0.0612369 -0.0128028 -0.0581360 -0.0036407 -0.0498346 -0.0055941 0.0399948 0.0212073 -0.0156887 0.0112196 -0.0365688 -0.0043310 0.0305772 -0.0160363 -0.0076240 -0.0068371 0.0410579 -0.0273012 -0.0544145 -0.0177113 -0.0124292 -0.0616740 -0.0210785 -0.0316704 -0.0025756 0.0007413 -0.0049185 0.0448061 0.0468039 0.0207335 -0.0444162 0.0326491 -0.0105611 -0.0234396 0.0300662 -0.0481583 -0.0025591 -0.0561468 -0.0240527 -0.0108093 0.0003822 -0.0483864 0.0476316 -0.0100973 -0.0331626 -0.0146412
-0.0834049 -0.0093407 0.0102427 -0.0794580 0.0531976 0.0037043 -0.0152425 -0.0472399 0.0152572 0.0263540 0.0650568 -0.0582699 -0.0061940 -0.0076614 0.0187657 -0.0618661 1.0794032 0.0724039 0.0493802 -0.0629646 0.0158420 0.0601007 -0.0839803 -0.0121681 -0.0649380 -0.0789933 0.0074429 0.0055753 0.0014315 0.0631322 -0.0524520 -0.0076477 -0.0457027 -0.0502940 0.0459892 0.0657188 -0.0048065 0.0739162 -0.0083527 0.0582277 -0.0144821 -0.0797327 -0.0552819 0.0156606 -0.0295481 0.0420432 -0.0203061 -0.0618830 0.0153590 -0.0155578 -0.0052463 -0.0700317 0.0249575 0.0576359 0.0118738 -0.0080767 0.0721604 0.0109879 0.0302919 -0.0216205 -0.0096602 -0.0205589 -0.0747325 -0.0809279 -0.0485043 0.0502263 -0.0629946 -0.0101842 0.0124136 -0.0631932 0.0546473 -0.0079316 0.0593129 0.0140986 0.0152610 -0.0123762 0.0570445 -0.0727274 -0.0043889 0.0310904 0.0000156
-0.0829361 -0.0100020 0.0040452 -0.0814921 0.0508934 0.0001645 -0.0174595 -0.0494599 0.0249352 0.0244234 0.0712804 -0.0644212 -0.0093473 -0.0107047 0.0202937 -0.0570525 0.0724039 1.0988295 0.0508070 -0.0677986 0.0182222 0.0607532 -0.0892453 -0.0158946 -0.0616092 -0.0871345 0.0134834 0.0069331 -0.0031613 0.0688911 -0.0480906 -0.0068086 -0.0466312 -0.0533633 0.0502683 0.0684518 -0.0076750 0.0776937 -0.0070135 0.0624513 -0.0171904 -0.0841929 -0.0594504 0.0184461 -0.0302831 0.0439132 -0.0249555 -0.0660909 0.0178876 -0.0167573 -0.0069927 -0.0730864 0.0229753 0.0618784 0.0092199 -0.0115484 0.0759244 0.0074161 0.0318622 -0.0258620 -0.0100219 -0.0229053 -0.0790117 -0.0863661 -0.0522734 0.0557226 -0.0694748 -0.0134884 0.0109338 -0.0692966 0.0605816 -0.0072866 0.0617298 0.0133705 0.0181228 -0.0104864 0.0598774 -0.0761228 -0.0086315 0.0358397 -0.0011838
-0.0543344 -0.0146451 -0.0117802 -0.0559757 0.0240770 -0.0139619 -0.0165105 -0.0439429 0.0078543 0.0124164 0.0353536 -0.0511297 -0.0128778 -0.0145857 0.0013970 -0.0422556 0.0493802 0.0508070 1.0759443 -0.0541504 0.0031636 0.0300459 -0.0605628 -0.0201778 -0.0470338 -0.0647137 -0.0051529 -0.0014331 -0.0138731 0.0310179 -0.0390859 -0.0111374 -0.0405775 -0.0484358 0.0315425 0.0397758 -0.0109841 0.0485610 -0.0093904 0.0400551 -0.0148156 -0.0645936 -0.0508789 0.0048461 -0.0214044 0.0281455 -0.0214332 -0.0539282 0.0063049 -0.0167820 -0.0082718 -0.0561270 0.0094976 0.0397663 0.0019809 -0.0131397 0.0468625 -0.0035125 0.0240578 -0.0190495 -0.0082402 -0.0202083 -0.0564337 -0.0652057 -0.0478909 0.0355136 -0.0555638 -0.0145376 -0.0021002 -0.0551944 0.0408186 -0.0075501 0.0398137 -0.0000938 0.0102206 -0.0114949 0.0400584 -0.0577615 -0.0098940 0.0267282 -0.0095691
0.0365793 -0.0050639 -0.0184126 0.0387165 -0.0510832 -0.0144989 -0.0071779 0.0246042 -0.0288623 -0.0358220 -0.0669258 0.0392608 -0.0079747 -0.0080768 -0.0275704 0.0235965 -0.0629646 -0.0677986 -0.0541504 1.0798900 -0.0244043 -0.0576497 0.0473585 -0.0052028 0.0281467 0.0475120 -0.0239544 -0.0138460 -0.0103382 -0.0635742 0.0217794 -0.0106756 0.0273806 0.0327453 -0.0520897 -0.0610148 -0.0059963 -0.0693256 -0.0078091 -0.0580687 0.0027707 0.0538729 0.0349967 -0.0227495 0.0094567 -0.0481602 0.0058047 0.0429518 -0.0234729 0.0013038 -0.0015655 0.0436230 -0.0236991 -0.0556972 -0.0136308 -0.0023563 -0.0638262 -0.0163097 -0.0374599 0.0075870 -0.0025909 0.0022903 0.0485866 0.0584984 0.0321850 -0.0535047 0.0442819 -0.0002870 -0.0157183 0.0428553 -0.0550575 -0.0046447 -0.0550902 -0.0194494 -0.0225831 -0.0032450 -0.0566559 0.0516954 -0.0036032 -0.0393554 -0.0084340
-0.0305962 -0.0122977 -0.0054380 -0.0322931 0.0016099 -0.0055302 -0.0076122 -0.0130368 0.0048056 -0.0063470 0.0132685 -0.0226138 -0.0058898 -0.0115134 0.0018262 -0.0176905 0.0158420 0.0182222 0.0031636 -0.0244043 1.0431179 0.0114481 -0.0339031 -0.0164394 -0.0225927 -0.0325866 -0.0017966 0.0008882 -0.0095766 0.0166767 -0.0202536 -0.0072255 -0.0129098 -0.0165691 0.0069464 0.0115185 -0.0078429 0.0170929 -0.0084389 0.0077535 -0.0121224 -0.0288541 -0.0184929 0.0015803 -0.0135133 0.0042806 -0.0156185 -0.0209125 0.0023541 -0.0114638 -0.0049489 -0.0225788 0.0050250 0.0102405 0.0003592 -0.0102795 0.0155919 -0.0022722 0.0005147 -0.0147222 -0.0068246 -0.0174340 -0.0266667 -0.0281371 -0.0154800 0.0088875 -0.0225813 -0.0096173 -0.0008380 -0.0241116 0.0073865 -0.0066215 0.0105769 0.0001839 0.0034710 -0.0085919 0.0102044 -0.0235393 -0.0091216 0.0024525 -0.0064121
-0.0668442 -0.0110532 0.0026788 -0.0653543 0.0387076 -0.0018817 -0.0134938 -0.0446566 -0.0029414 0.0160552 0.0447229 -0.0540154 -0.0061096 -0.0089550 -0.0014889 -0.0614578 0.0601007 0.0607532 0.0300459 -0.0576497 0.0114481 1.0790836 -0.0647342 -0.0127846 -0.0566921 -0.0729282 0.0016058 0.0035057 -0.0149193 0.0451621 -0.0590430 -0.0127753 -0.0431367 -0.0432201 0.0385233 0.0546563 -0.0078974 0.0583326 -0.0130503 0.0445104 -0.0212678 -0.0730227 -0.0402452 0.0077120 -0.0265229 0.0342602 -0.0213220 -0.0553573 0.0103205 -0.0105665 -0.0074579 -0.0598363 0.0153430 0.0480705 0.0076485 -0.0101808 0.0548791 0.0059127 0.0253273 -0.0212826 -0.0123962 -0.0214061 -0.0707366 -0.0698088 -0.0431150 0.0379719 -0.0585842 -0.0059722 0.0083183 -0.0575866 0.0366214 -0.0083228 0.0474024 0.0102675 0.0129014 -0.0094303 0.0385672 -0.0680644 -0.0086060 0.0206923 -0.0083572
0.0566628 -0.0098211 -0.0260100 0.0567833 -0.0662621 -0.0230662 -0.0013139 0.0214918 -0.0490694 -0.0325320 -0.0812491 0.0456953 -0.0088099 -0.0047763 -0.0477693 0.0260127 -0.0839803 -0.0892453 -0.0605628 0.0473585 -0.0339031 -0.0647342 1.0978117 -0.0068511 0.0314749 0.0602296 -0.0350921 -0.0169788 -0.0199787 -0.0786418 0.0087967 -0.0158715 0.0339982 0.0327913 -0.0559159 -0.0757923 -0.0036817 -0.0888087 -0.0084166 -0.0709394 0.0018244 0.0691286 0.0428142 -0.0325993 0.0215219 -0.0506326 0.0119064 0.0519192 -0.0307114 0.0082510 -0.0019785 0.0592560 -0.0376454 -0.0674310 -0.0205530 -0.0059760 -0.0874719 -0.0228133 -0.0366334 0.0125885 -0.0042570 0.0082633 0.0622603 0.0817128 0.0352115 -0.0631220 0.0532985 0.0044950 -0.0244408 0.0520166 -0.0692661 -0.0068909 -0.0697878 -0.0259578 -0.0256886 0.0040427 -0.0745602 0.0680088 -0.0041136 -0.0437655 -0.0159963
-0.0124563 -0.0057485 -0.0138759 -0.0111693 -0.0096669 -0.0118212 -0.0147419 -0.0124320 -0.0211937 -0.0121609 -0.0244500 -0.0049036 -0.0099850 -0.0109083 -0.0175222 -0.0179542 -0.0121681 -0.0158946 -0.0201778 -0.0052028 -0.0164394 -0.0127846 -0.0068511 1.0409980 -0.0109772 -0.0036984 -0.0191248 -0.0120091 -0.0123361 -0.0266894 -0.0133538 -0.0116347 -0.0074685 -0.0045089 -0.0192460 -0.0121794 -0.0087450 -0.0189050 -0.0089575 -0.0154415 -0.0056219 0.0006232 -0.0072714 -0.0135137 -0.0097391 -0.0134603 -0.0073378 -0.0018206 -0.0142076 -0.0095060 -0.0047929 -0.0070798 -0.0071255 -0.0100512 -0.0064915 -0.0078938 -0.0131163 -0.0102505 -0.0103091 -0.0059407 -0.0082631 -0.0072158 -0.0040328 0.0010269 -0.0046890 -0.0180140 -0.0004231 -0.0081630 -0.0100202 -0.0013703 -0.0133439 -0.0080858 -0.0111854 -0.0109470 -0.0124267 -0.0102477 -0.0129765 -0.0014325 -0.0062701 -0.0125932 -0.0070429
0.0332488 -0.0081222 -0.0233204 0.0342249 -0.0562714 -0.0162312 -0.0067506 0.0240164 -0.0194961 -0.0429450 -0.0586002 0.0300548 -0.0120459 -0.0146067 -0.0219056 0.0349484 -0.0649380 -0.0616092 -0.0470338 0.0281467 -0.0225927 -0.0566921 0.0314749 -0.0109772 1.0751058 0.0378817 -0.0184300 -0.0114721 -0.0171856 -0.0583492 0.0176790 -0.0103764 0.0271426 0.0255728 -0.0472707 -0.0615448 -0.0112647 -0.0652561 -0.0066403 -0.0567489 -0.0031637 0.0463438 0.0251907 -0.0198111 0.0088476 -0.0441782 0.0007102 0.0351107 -0.0221602 -0.0037895 -0.0055810 0.0414268 -0.0251174 -0.0563164 -0.0174871 -0.0079497 -0.0631287 -0.0168856 -0.0353892 0.0005988 0.0001497 -0.0028195 0.0473746 0.0528469 0.0251726 -0.0493687 0.0387249 -0.0061725 -0.0210200 0.0369794 -0.0508117 -0.0047225 -0.0570641 -0.0221308 -0.0174665 -0.0012940 -0.0520852 0.0491943 -0.0094040 -0.0364917 -0.0139690
0.0557460 -0.0061222 -0.0234653 0.0537601 -0.0635138 -0.0200396 -0.0050624 0.0226321 -0.0394281 -0.0354553 -0.0826055 0.0465132 -0.0086462 -0.0040516 -0.0372145 0.0316068 -0.0789933 -0.0871345 -0.0647137 0.0475120 -0.0325866 -0.0729282 0.0602296 -0.0036984 0.0378817 1.0987898 -0.0346246 -0.0185790 -0.0101140 -0.0796644 0.0224280 -0.0127296 0.0329241 0.0373714 -0.0601213 -0.0749889 -0.0022297 -0.0859948 -0.0079742 -0.0691912 0.0092513 0.0722337 0.0365866 -0.0306004 0.0169520 -0.0554154 0.0120642 0.0536573 -0.0307791 0.0039775 -0.0020177 0.0551960 -0.0331919 -0.0655839 -0.0200409 -0.0026848 -0.0793229 -0.0225516 -0.0406704 0.0121927 -0.0017464 0.0104032 0.0654716 0.0792070 0.0361564 -0.0645436 0.0557578 0.0006692 -0.0223804 0.0544999 -0.0635798 -0.0054384 -0.0672953 -0.0275096 -0.0283927 -0.0024859 -0.0680189 0.0674114 -0.0026904 -0.0433773 -0.0092975
-0.0302041 -0.0168057 -0.0089535 -0.0271693 -0.0065247 -0.0105899 -0.0131794 -0.0119963 0.0064880 -0.0193301 0.0080960 -0.0227409 -0.0159185 -0.0154224 0.0004540 -0.0153007 0.0074429 0.0134834 -0.0051529 -0.0239544 -0.0017966 0.0016058 -0.0350921 -0.0191248 -0.0184300 -0.0346246 1.0469942 -0.0008398 -0.0141530 0.0056632 -0.0163464 -0.0099428 -0.0108656 -0.0159764 0.0020014 0.0055082 -0.0103592 0.0113279 -0.0093595 0.0029460 -0.0155221 -0.0282343 -0.0183246 0.0002229 -0.0151638 0.0010328 -0.0171169 -0.0212376 -0.0000579 -0.0114054 -0.0072500 -0.0196487 0.0014494 0.0047247 -0.0009282 -0.0121603 0.0082391 -0.0032397 -0.0041659 -0.0168154 -0.0070364 -0.0220834 -0.0230550 -0.0276776 -0.0148793 0.0048324 -0.0202761 -0.0128043 -0.0037994 -0.0242419 0.0021266 -0.0046643 0.0040665 -0.0007691 0.0029470 -0.0087844 0.0064726 -0.0234327 -0.0120492 -0.0038381 -0.0122821
-0.0132535 -0.0093378 -0.0044570 -0.0128222 -0.0011260 -0.0057495 -0.0030526 -0.0063760 -0.0014300 -0.0095652 0.0036519 -0.0113348 -0.0080423 -0.0096609 -0.0061107 -0.0085556 0.0055753 0.0069331 -0.0014331 -0.0138460 0.0008882 0.0035057 -0.0169788 -0.0120091 -0.0114721 -0.0185790 -0.0008398 1.0373598 -0.0123703 0.0008588 -0.0184016 -0.0063811 -0.0064337 -0.0090473 0.0038242 0.0023572 -0.0054022 0.0053703 -0.0067996 0.0016048 -0.0113248 -0.0157917 -0.0069297 0.0009090 -0.0050130 0.0015861 -0.0093456 -0.0108120 0.0000976 -0.0046663 -0.0035917 -0.0076802 -0.0006385 0.0021440 -0.0012912 -0.0066979 0.0017521 -0.0018176 -0.0001681 -0.0093901 -0.0037937 -0.0119926 -0.0129545 -0.0114829 -0.0082742 0.0015872 -0.0116298 -0.0044928 -0.0006833 -0.0136583 -0.0023542 -0.0041359 0.0018217 -0.0018141 0.0032406 -0.0024455 -0.0010784 -0.0125407 -0.0066153 -0.0031034 -0.0094073
-0.0254603 -0.0110734 -0.0109051 -0.0252196 -0.0104150 -0.0112241 -0.0229774 -0.0145342 -0.0060106 -0.0073268 -0.0127280 -0.0090268 -0.0074859 -0.0087193 -0.0035923 -0.0194454 0.0014315 -0.0031613 -0.0138731 -0.0103382 -0.0095766 -0.0149193 -0.0199787 -0.0123361 -0.0171856 -0.0101140 -0.0141530 -0.0123703 1.0428330 -0.0156364 -0.0107615 -0.0123859 -0.0103179 -0.0100202 -0.0141064 -0.0036504 -0.0077781 -0.0075494 -0.0113489 -0.0058310 0.0008963 -0.0105182 -0.0191277 -0.0113837 -0.0150230 -0.0140544 -0.0047696 -0.0081991 -0.0086949 -0.0135990 -0.0031314 -0.0192787 0.0010826 0.0001849 -0.0037869 -0.0067705 0.0030971 -0.0074300 -0.0119754 -0.0081736 -0.0072196 -0.0070784 -0.0124617 -0.0116329 -0.0100122 -0.0055216 -0.0082677 -0.0135424 -0.0052918 -0.0098012 0.0018884 -0.0079219 -0.0016088 -0.0060070 -0.0108605 -0.0130371 -0.0000801 -0.0111174 -0.0073647 -0.0060409 0.0007272
-0.0708119 -0.0184528 -0.0056384 -0.0713917 0.0314474 -0.0034909 -0.0161758 -0.0450368 0.0192124 0.0067599 0.0496336 -0.0630607 -0.0129055 -0.0170632 0.0103011 -0.0490605 0.0631322 0.0688911 0.0310179 -0.0635742 0.0166767 0.0451621 -0.0786418 -0.0266894 -0.0583492 -0.0796644 0.0056632 0.0008588 -0.0156364 1.0805665 -0.0448383 -0.0130485 -0.0428466 -0.0496937 0.0358463 0.0519021 -0.0124209 0.0653361 -0.0106258 0.0439625 -0.0208188 -0.0798335 -0.0541024 0.0134687 -0.0310874 0.0340445 -0.0278684 -0.0634571 0.0125529 -0.0192663 -0.0097508 -0.0670350 0.0163390 0.0486203 0.0070540 -0.0156489 0.0595291 0.0035309 0.0239510 -0.0279838 -0.0111404 -0.0294869 -0.0727865 -0.0823760 -0.0491031 0.0420518 -0.0659169 -0.0178274 0.0042827 -0.0659050 0.0453137 -0.0092184 0.0486542 0.0072938 0.0163897 -0.0139802 0.0465339 -0.0725748 -0.0122778 0.0242707 -0.0075257
0.0087346 -0.0117232 -0.0218921 0.0119478 -0.0447186 -0.0180033 -0.0191647 0.0205550 -0.0064173 -0.0353224 -0.0466837 0.0194118 -0.0172632 -0.0157842 -0.0104292 0.0241759 -0.0524520 -0.0480906 -0.0390859 0.0217794 -0.0202536 -0.0590430 0.0087967 -0.0133538 0.0176790 0.0224280 -0.0163464 -0.0184016 -0.0107615 -0.0448383 1.0527575 -0.0112753 0.0184097 0.0151045 -0.0479410 -0.0496183 -0.0110576 -0.0496995 -0.0066413 -0.0459651 0.0001409 0.0307042 0.0082503 -0.0154182 -0.0030569 -0.0430431 -0.0037394 0.0241677 -0.0157768 -0.0153843 -0.0069350 0.0225967 -0.0175360 -0.0444994 -0.0145568 -0.0095617 -0.0442134 -0.0170224 -0.0336813 -0.0031132 -0.0047893 -0.0051362 0.0336313 0.0328479 0.0146138 -0.0389190 0.0246750 -0.0155480 -0.0175470 0.0225905 -0.0348831 -0.0068702 -0.0465571 -0.0197984 -0.0174804 -0.0103052 -0.0335964 0.0349396 -0.0111602 -0.0316448 -0.0042576
-0.0052276 -0.0147890 -0.0165577 -0.0121084 -0.0171190 -0.0173390 -0.0100299 -0.0098239 0.0006772 -0.0136030 -0.0078307 -0.0109596 -0.0097979 -0.0113746 -0.0072388 -0.0071053 -0.0076477 -0.0068086 -0.0111374 -0.0106756 -0.0072255 -0.0127753 -0.0158715 -0.0116347 -0.0103764 -0.0127296 -0.0099428 -0.0063811 -0.0123859 -0.0130485 -0.0112753 1.0460544 -0.0061975 -0.0097367 -0.0056938 -0.0113138 -0.0083637 -0.0068647 -0.0085551 -0.0089423 -0.0069092 -0.0083628 -0.0135839 -0.0069077 -0.0043013 -0.0092033 -0.0076877 -0.0085922 -0.0076639 -0.0079037 -0.0053619 -0.0082008 -0.0070742 -0.0056265 -0.0071722 -0.0094926 -0.0074832 -0.0103059 -0.0054725 -0.0094860 -0.0069225 -0.0089135 -0.0051003 -0.0063520 -0.0103359 -0.0064622 -0.0083493 -0.0114741 -0.0099100 -0.0106449 -0.0043257 -0.0069181 -0.0070656 -0.0112503 -0.0033482 -0.0053978 -0.0060186 -0.0034132 -0.0089947 -0.0058535 -0.0087972
0.0319194 -0.0082183 -0.0128494 0.0312356 -0.0420713 -0.0083262 -0.0015396 0.0239610 -0.0138288 -0.0363556 -0.0458720 0.0271763 -0.0083541 -0.0074084 -0.0141265 0.0282455 -0.0457027 -0.0466312 -0.0405775 0.0273806 -0.0129098 -0.0431367 0.0339982 -0.0074685 0.0271426 0.0329241 -0.0108656 -0.0064337 -0.0103179 -0.0428466 0.0184097 -0.0061975 1.0348450 0.0239881 -0.0347248 -0.0417151 -0.0038787 -0.0457050 -0.0026638 -0.0424217 -0.0029502 0.0341065 0.0269041 -0.0123556 0.0062491 -0.0321477 -0.0016047 0.0292274 -0.0117950 0.0002975 -0.0026297 0.0329444 -0.0158675 -0.0410481 -0.0096025 -0.0048802 -0.0456816 -0.0091088 -0.0272135 0.0016784 -0.0002363 -0.0028489 0.0336900 0.0391791 0.0237157 -0.0373754 0.0296880 -0.0023986 -0.0117862 0.0292382 -0.0407851 -0.0025575 -0.0418516 -0.0116998 -0.0104699 0.0003041 -0.0395129 0.0349197 -0.0036521 -0.0295552 -0.0072307
0.0282770 -0.0067458 -0.0096055 0.0266280 -0.0401944 -0.0067211 -0.0047172 0.0226737 -0.0225199 -0.0382151 -0.0518586 0.0300752 -0.0071875 -0.0054099 -0.0208994 0.0220060 -0.0502940 -0.0533633 -0.0484358 0.0327453 -0.0165691 -0.0432201 0.0327913 -0.0045089 0.0255728 0.0373714 -0.0159764 -0.0090473 -0.0100202 -0.0496937 0.0151045 -0.0097367 0.0239881 1.0391562 -0.0433649 -0.0470546 -0.0027030 -0.0527073 -0.0073315 -0.0490870 -0.0022218 0.0407375 0.0304302 -0.0153626 0.0042464 -0.0387683 0.0006608 0.0343532 -0.0151963 0.0016839 -0.0025414 0.0353062 -0.0172142 -0.0438925 -0.0097633 -0.0024814 -0.0474640 -0.0086031 -0.0328910 0.0018436 -0.0029687 -0.0012573 0.0357299 0.0441378 0.0295574 -0.0448363 0.0347726 0.0000685 -0.0119859 0.0339576 -0.0474423 -0.0045162 -0.0447754 -0.0120316 -0.0157972 -0.0025350 -0.0470798 0.0374592 -0.0047436 -0.0355247 -0.0084004
-0.0494095 -0.0149095 -0.0065841 -0.0489743 0.0236214 -0.0092196 -0.0092774 -0.0413185 0.0033058 0.0146326 0.0428160 -0.0485806 -0.0096541 -0.0117091 0.0002276 -0.0432522 0.0459892 0.0502683 0.0315425 -0.0520897 0.0069464 0.0385233 -0.0559159 -0.0192460 -0.0472707 -0.0601213 0.0020014 0.0038242 -0.0141064 0.0358463 -0.0479410 -0.0056938 -0.0347248 -0.0433649 1.0427055 0.0416036 -0.0097708 0.0488728 -0.0076444 0.0405250 -0.0148359 -0.0581819 -0.0426050 0.0049643 -0.0150885 0.0321793 -0.0166563 -0.0480549 0.0087681 -0.0095446 -0.0064434 -0.0471845 0.0087778 0.0405196 0.0024379 -0.0109097 0.0408387 -0.0004927 0.0263772 -0.0189015 -0.0077514 -0.0153964 -0.0518194 -0.0571543 -0.0410819 0.0370727 -0.0502492 -0.0066783 -0.0001412 -0.0508110 0.0355004 -0.0066648 0.0399440 0.0034394 0.0130795 -0.0040677 0.0342925 -0.0520437 -0.0095143 0.0245490 -0.0094876
-0.0788732 -0.0105992 0.0051874 -0.0778258 0.0489269 0.0007457 -0.0182825 -0.0457538 0.0106597 0.0189463 0.0529753 -0.0569807 -0.0066331 -0.0090243 0.0131618 -0.0612369 0.0657188 0.0684518 0.0397758 -0.0610148 0.0115185 0.0546563 -0.0757923 -0.0121794 -0.0615448 -0.0749889 0.0055082 0.0023572 -0.0036504 0.0519021 -0.0496183 -0.0113138 -0.0417151 -0.0470546 0.0416036 1.0529735 -0.0077634 0.0661598 -0.0078091 0.0521198 -0.0164150 -0.0762465 -0.0501619 0.0130979 -0.0308292 0.0331549 -0.0210431 -0.0583956 0.0138663 -0.0145273 -0.0053456 -0.0673424 0.0217862 0.0553186 0.0117051 -0.0100127 0.0654044 0.0079571 0.0265171 -0.0204869 -0.0095119 -0.0207308 -0.0726166 -0.0758373 -0.0455359 0.0435152 -0.0582777 -0.0118690 0.0102801 -0.0598377 0.0478238 -0.0095983 0.0538659 0.0123567 0.0124747 -0.0124866 0.0508749 -0.0702157 -0.0072694 0.0247592 -0.0007114
-0.0073309 -0.0074374 -0.0083783 -0.0096253 -0.0078143 -0.0080896 -0.0109934 -0.0102373 -0.0113910 -0.0079379 -0.0107321 -0.0031185 -0.0061113 -0.0059544 -0.0110529 -0.0128028 -0.0048065 -0.0076750 -0.0109841 -0.0059963 -0.0078429 -0.0078974 -0.0036817 -0.0087450 -0.0112647 -0.0022297 -0.0103592 -0.0054022 -0.0077781 -0.0124209 -0.0110576 -0.0083637 -0.0038787 -0.0027030 -0.0097708 -0.0077634 1.0195165 -0.0081365 -0.0087794 -0.0077185 -0.0035951 -0.0021748 -0.0060894 -0.0076082 -0.0048580 -0.0089324 -0.0028976 -0.0034901 -0.0072368 -0.0031934 -0.0017656 -0.0068087 -0.0045230 -0.0047126 -0.0029493 -0.0053233 -0.0048912 -0.0037580 -0.0055156 -0.0035159 -0.0057716 -0.0048204 -0.0072362 -0.0001849 -0.0029999 -0.0098458 -0.0022219 -0.0047487 -0.0037587 -0.0030923 -0.0064198 -0.0052513 -0.0040177 -0.0065515 -0.0052232 -0.0053945 -0.0091794 -0.0024188 -0.0052099 -0.0077339 -0.0043830
-0.0824521 -0.0128097 0.0035352 -0.0817357 0.0487579 -0.0020154 -0.0151818 -0.0475083 0.0212353 0.0213827 0.0684840 -0.0640005 -0.0094510 -0.0130613 0.0207237 -0.0581360 0.0739162 0.0776937 0.0485610 -0.0693256 0.0170929 0.0583326 -0.0888087 -0.0189050 -0.0652561 -0.0859948 0.0113279 0.0053703 -0.0075494 0.0653361 -0.0496995 -0.0068647 -0.0457050 -0.0527073 0.0488728 0.0661598 -0.0081365 1.0747929 -0.0075928 0.0599088 -0.0178739 -0.0854617 -0.0563117 0.0156828 -0.0308914 0.0427211 -0.0235484 -0.0669033 0.0184620 -0.0173447 -0.0071648 -0.0716466 0.0231367 0.0587859 0.0103493 -0.0117281 0.0735157 0.0078816 0.0313510 -0.0255281 -0.0100664 -0.0240193 -0.0766772 -0.0858232 -0.0523297 0.0530413 -0.0669496 -0.0137982 0.0099323 -0.0694623 0.0571827 -0.0081218 0.0594908 0.0130974 0.0191505 -0.0105096 0.0596435 -0.0769328 -0.0085931 0.0327109 -0.0018774
-0.0067616 -0.0103679 -0.0142261 -0.0058960 -0.0119840 -0.0122024 -0.0070631 -0.0056883 -0.0050099 -0.0120900 -0.0124712 -0.0074692 -0.0111983 -0.0107190 -0.0094095 -0.0036407 -0.0083527 -0.0070135 -0.0093904 -0.0078091 -0.0084389 -0.0130503 -0.0084166 -0.0089575 -0.0066403 -0.0079742 -0.0093595 -0.0067996 -0.0113489 -0.0106258 -0.0066413 -0.0085551 -0.0026638 -0.0073315 -0.0076444 -0.0078091 -0.0087794 -0.0075928 1.0180219 -0.0097297 -0.0066077 -0.0050640 -0.0085277 -0.0070114 -0.0044919 -0.0058913 -0.0075003 -0.0046031 -0.0053934 -0.0095958 -0.0054482 -0.0027896 -0.0063120 -0.0064380 -0.0043946 -0.0079251 -0.0093310 -0.0082429 -0.0028220 -0.0045527 -0.0017959 -0.0092641 -0.0022541 -0.0031724 -0.0069735 -0.0078729 -0.0037864 -0.0077069 -0.0085403 -0.0061794 -0.0076208 -0.0048461 -0.0092071 -0.0072870 -0.0026643 -0.0053748 -0.0053249 -0.0018679 -0.0083263 -0.0051950 -0.0065744
-0.0664213 -0.0110241 -0.0035400 -0.0645702 0.0327400 -0.0091438 -0.0176683 -0.0449110 0.0104606 0.0212892 0.0497976 -0.0565701 -0.0083041 -0.0108785 0.0075026 -0.0498346 0.0582277 0.0624513 0.0400551 -0.0580687 0.0077535 0.0445104 -0.0709394 -0.0154415 -0.0567489 -0.0691912 0.0029460 0.0016048 -0.0058310 0.0439625 -0.0459651 -0.0089423 -0.0424217 -0.0490870 0.0405250 0.0521198 -0.0077185 0.0599088 -0.0097297 1.0540096 -0.0124765 -0.0680115 -0.0528943 0.0102732 -0.0230204 0.0336436 -0.0180541 -0.0555433 0.0100828 -0.0142521 -0.0059424 -0.0614141 0.0165715 0.0501190 0.0048564 -0.0088763 0.0576795 0.0029325 0.0277153 -0.0192285 -0.0086588 -0.0172167 -0.0630189 -0.0701070 -0.0467555 0.0437095 -0.0571683 -0.0103619 0.0047202 -0.0579404 0.0487441 -0.0067863 0.0503506 0.0084693 0.0117890 -0.0110413 0.0482326 -0.0632473 -0.0077977 0.0282650 -0.0045704
-0.0007572 -0.0049703 -0.0127178 -0.0011076 -0.0190081 -0.0110130 -0.0126962 -0.0074208 -0.0107229 -0.0021876 -0.0202434 0.0015694 -0.0034498 -0.0038649 -0.0100917 -0.0055941 -0.0144821 -0.0171904 -0.0148156 0.0027707 -0.0121224 -0.0212678 0.0018244 -0.0056219 -0.0031637 0.0092513 -0.0155221 -0.0113248 0.0008963 -0.0208188 0.0001409 -0.0069092 -0.0029502 -0.0022218 -0.0148359 -0.0164150 -0.0035951 -0.0178739 -0.0066077 -0.0124765 1.0179225 0.0082782 -0.0077839 -0.0123337 -0.0025838 -0.0158606 0.0024604 0.0051325 -0.0109223 -0.0059414 -0.0015074 -0.0014551 -0.0040664 -0.0079105 -0.0064611 -0.0032577 -0.0110746 -0.0086518 -0.0088658 0.0018736 -0.0035523 0.0029230 0.0066748 0.0072489 -0.0007616 -0.0120768 0.0048620 -0.0089481 -0.0078230 0.0041143 -0.0055951 -0.0029504 -0.0096612 -0.0097494 -0.0112396 -0.0065178 -0.0084646 0.0077250 -0.0019836 -0.0071495 0.0002421
0.0638014 -0.0011657 -0.0229429 0.0633009 -0.0674957 -0.0168921 -0.0024549 0.0306426 -0.0370269 -0.0353607 -0.0819583 0.0503774 -0.0048703 -0.0034863 -0.0351530 0.0399948 -0.0797327 -0.0841929 -0.0645936 0.0538729 -0.0288541 -0.0730227 0.0691286 0.0006232 0.0463438 0.0722337 -0.0282343 -0.0157917 -0.0105182 -0.0798335 0.0307042 -0.0083628 0.0341065 0.0407375 -0.0581819 -0.0762465 -0.0021748 -0.0854617 -0.0050640 -0.0680115 0.0082782 1.0778699 0.0417688 -0.0284332 0.0191474 -0.0524343 0.0135697 0.0538144 -0.0265427 0.0063078 0.0004124 0.0581033 -0.0299490 -0.0644045 -0.0172259 -0.0002212 -0.0788239 -0.0198759 -0.0386410 0.0147411 -0.0005336 0.0132304 0.0667127 0.0788671 0.0385719 -0.0630568 0.0577879 0.0018439 -0.0200374 0.0573131 -0.0628191 -0.0025069 -0.0654644 -0.0242134 -0.0262549 0.0006977 -0.0667836 0.0670931 -0.0028198 -0.0419982 -0.0066940
0.0362332 -0.0078919 -0.0122695 0.0348742 -0.0453167 -0.0069720 -0.0014516 0.0260203 -0.0299377 -0.0426052 -0.0551981 0.0319609 -0.0077753 -0.0073823 -0.0269780 0.0212073 -0.0552819 -0.0594504 -0.0508789 0.0349967 -0.0184929 -0.0402452 0.0428142 -0.0072714 0.0251907 0.0365866 -0.0183246 -0.0069297 -0.0191277 -0.0541024 0.0082503 -0.0135839 0.0269041 0.0304302 -0.0426050 -0.0501619 -0.0060894 -0.0563117 -0.0085277 -0.0528943 -0.0077839 0.0417688 1.0373800 -0.0159014 0.0080956 -0.0370075 -0.0017067 0.0361920 -0.0166424 0.0054044 -0.0014245 0.0416961 -0.0214331 -0.0493952 -0.0090479 -0.0046109 -0.0568752 -0.0085636 -0.0335830 0.0018272 -0.0037247 -0.0017874 0.0366188 0.0504702 0.0317302 -0.0478083 0.0380002 0.0024153 -0.0113222 0.0358641 -0.0579697 -0.0050855 -0.0495708 -0.0137241 -0.0128649 0.0006157 -0.0544304 0.0395048 -0.0055285 -0.0401736 -0.0130952
-0.0281723 -0.0086093 -0.0071492 -0.0290780 0.0061198 -0.0044866 -0.0096858 -0.0129859 0.0057665 -0.0083919 0.0119940 -0.0223501 -0.0102798 -0.0104154 0.0021109 -0.0156887 0.0156606 0.0184461 0.0048461 -0.0227495 0.0015803 0.0077120 -0.0325993 -0.0135137 -0.0198111 -0.0306004 0.0002229 0.0009090 -0.0113837 0.0134687 -0.0154182 -0.0069077 -0.0123556 -0.0153626 0.0049643 0.0130979 -0.0076082 0.0156828 -0.0070114 0.0102732 -0.0123337 -0.0284332 -0.0159014 1.0157027 -0.0125354 0.0059851 -0.0139746 -0.0208584 0.0036590 -0.0109553 -0.0053852 -0.0212052 0.0031049 0.0082981 0.0003265 -0.0085178 0.0158684 -0.0012437 0.0018985 -0.0146545 -0.0040155 -0.0147888 -0.0246489 -0.0259975 -0.0140229 0.0083510 -0.0198019 -0.0095332 -0.0008279 -0.0205808 0.0077699 -0.0050409 0.0075502 0.0014010 0.0054058 -0.0058318 0.0095886 -0.0222694 -0.0078900 0.0010951 -0.0061551
0.0252928 -0.0099091 -0.0177207 0.0245478 -0.0317699 -0.0182139 0.0020649 0.0026022 -0.0192334 -0.0147676 -0.0304872 0.0090610 -0.0081893 -0.0085531 -0.0234165 0.0112196 -0.0295481 -0.0302831 -0.0214044 0.0094567 -0.0135133 -0.0265229 0.0215219 -0.0097391 0.0088476 0.0169520 -0.0151638 -0.0050130 -0.0150230 -0.0310874 -0.0030569 -0.0043013 0.0062491 0.0042464 -0.0150885 -0.0308292 -0.0048580 -0.0308914 -0.0044919 -0.0230204 -0.0025838 0.0191474 0.0080956 -0.0125354 1.0261554 -0.0150358 0.0033025 0.0123203 -0.0139844 0.0007571 -0.0032040 0.0181663 -0.0166737 -0.0229676 -0.0094782 -0.0052177 -0.0331833 -0.0131642 -0.0086433 0.0014350 -0.0027520 0.0024129 0.0206638 0.0252059 0.0045083 -0.0206823 0.0118989 -0.0007645 -0.0127267 0.0119844 -0.0203841 -0.0027618 -0.0239475 -0.0146540 -0.0075767 0.0012433 -0.0249414 0.0199979 -0.0057569 -0.0107988 -0.0119731
-0.0443515 -0.0105278 -0.0068587 -0.0443202 0.0258365 -0.0056617 -0.0048776 -0.0376365 0.0011660 0.0162116 0.0317978 -0.0449480 -0.0111481 -0.0128580 -0.0010085 -0.0365688 0.0420432 0.0439132 0.0281455 -0.0481602 0.0042806 0.0342602 -0.0506326 -0.0134603 -0.0441782 -0.0554154 0.0010328 0.0015861 -0.0140544 0.0340445 -0.0430431 -0.0092033 -0.0321477 -0.0387683 0.0321793 0.0331549 -0.0089324 0.0427211 -0.0058913 0.0336436 -0.0158606 -0.0524343 -0.0370075 0.0059851 -0.0150358 1.0501411 -0.0150242 -0.0436940 0.0052563 -0.0106122 -0.0069836 -0.0418882 0.0069416 0.0338622 0.0014875 -0.0094590 0.0365594 -0.0010810 0.0234918 -0.0151538 -0.0067652 -0.0163639 -0.0485054 -0.0502753 -0.0378577 0.0306680 -0.0449526 -0.0066044 0.0000337 -0.0449315 0.0293616 -0.0059396 0.0336424 0.0019951 0.0111480 -0.0028791 0.0300496 -0.0456720 -0.0067712 0.0232111 -0.0074792
