1.1150837 -0.0180236 -0.0400038 0.1075318 -0.1026578 -0.0328240 0.0210818 0.0454722 -0.0484706 -0.0604074 -0.1106427 0.0698847 -0.0169357 -0.0170114 -0.0626505 0.0701535 -0.1241167 -0.1244372 -0.0828370 0.0683773 -0.0395425 -0.0970606 0.1038281 -0.0085205 0.0672816 0.0921636 -0.0361739 -0.0113721 -0.0330497 -0.1048403 0.0261644 -0.0052493 0.0582898 0.0576011 -0.0707047 -0.1211985 -0.0080593 -0.1239664 -0.0040657 -0.1035393 -0.0055966 0.1040809 0.0692069 -0.0378186 0.0409443 -0.0597925 0.0090272 0.0787228 -0.0386481 0.0130705 -0.0113682 0.0990868 -0.0541938 -0.1087041 -0.0296508 -0.0079674 -0.1357668 -0.0333990 -0.0522992 0.0129043 0.0044482 0.0069135 0.1012624 0.1202642 0.0544817 -0.0862972 0.0794016 0.0077467 -0.0350489 0.0788243 -0.1039651 0.0004603 -0.1092159 -0.0404818 -0.0209322 0.0085927 -0.1037414 0.1036481 -0.0102658 -0.0574716 -0.0270711
-0.0180236 1.0528378 -0.0038296 -0.0158929 -0.0138399 -0.0067179 -0.0159178 -0.0157788 -0.0214920 -0.0030353 -0.0200257 -0.0048620 -0.0082051 -0.0105366 -0.0186074 -0.0192076 -0.0084105 -0.0090474 -0.0138623 -0.0050690 -0.0150032 -0.0091393 -0.0076156 -0.0024033 -0.0117159 -0.0063441 -0.0187159 -0.0109404 -0.0079284 -0.0219454 -0.0120742 -0.0139212 -0.0100024 -0.0079303 -0.0157425 -0.0087543 -0.0072462 -0.0131776 -0.0144491 -0.0104437 -0.0026411 -0.0001600 -0.0099855 -0.0093219 -0.0104662 -0.0113591 -0.0053786 -0.0049831 -0.0128976 -0.0087341 -0.0037683 -0.0097246 -0.0036410 -0.0055742 -0.0034588 -0.0066455 -0.0036374 -0.0063194 -0.0113781 -0.0031706 -0.0089037 -0.0008936 -0.0080764 -0.0032443 -0.0063663 -0.0107131 -0.0038483 -0.0074662 -0.0068591 -0.0025943 -0.0093950 -0.0112904 -0.0076511 -0.0070497 -0.0110946 -0.0085786 -0.0071312 -0.0055291 -0.0070976 -0.0116226 -0.0006985
-0.0400038 -0.0038296 1.0311329 -0.0411256 0.0123593 0.0044003 -0.0216733 -0.0154069 -0.0089803 -0.0175466 0.0018136 -0.0163358 -0.0101879 -0.0105437 -0.0044513 -0.0336565 0.0159591 0.0079580 -0.0119510 -0.0176845 -0.0046579 0.0084222 -0.0330598 -0.0139122 -0.0269905 -0.0263249 -0.0049871 -0.0041691 -0.0090768 0.0001517 -0.0248820 -0.0188534 -0.0128939 -0.0075943 -0.0089997 0.0122400 -0.0061707 0.0092994 -0.0157399 -0.0031856 -0.0128838 -0.0303908 -0.0083269 -0.0021095 -0.0234832 -0.0081287 -0.0156542 -0.0171378 -0.0015843 -0.0089912 -0.0061244 -0.0250026 0.0073854 0.0054237 0.0008144 -0.0089748 0.0146825 0.0040499 -0.0093950 -0.0170056 -0.0128856 -0.0188426 -0.0311913 -0.0244847 -0.0062286 -0.0051577 -0.0168519 -0.0104507 0.0016943 -0.0187330 -0.0060281 -0.0122800 0.0060582 0.0013438 -0.0043975 -0.0138234 -0.0004904 -0.0269005 -0.0071274 -0.0109165 -0.0054027
0.1075318 -0.0158929 -0.0411256 1.1066512 -0.1010055 -0.0345777 0.0225993 0.0443071 -0.0509106 -0.0539378 -0.1116714 0.0666486 -0.0161950 -0.0176754 -0.0620868 0.0685831 -0.1222709 -0.1250210 -0.0809263 0.0687824 -0.0434096 -0.0930305 0.1049362 -0.0108924 0.0659659 0.0926695 -0.0329776 -0.0115193 -0.0366977 -0.1050147 0.0286437 -0.0099453 0.0567697 0.0521518 -0.0683483 -0.1191577 -0.0102199 -0.1218136 -0.0041649 -0.0981524 -0.0055777 0.1009435 0.0689248 -0.0372904 0.0398701 -0.0595093 0.0098442 0.0782880 -0.0363447 0.0107299 -0.0117371 0.0967032 -0.0547966 -0.1043653 -0.0294269 -0.0075608 -0.1383132 -0.0323684 -0.0495344 0.0161547 0.0037399 0.0093562 0.1033227 0.1187558 0.0490450 -0.0846555 0.0803141 0.0087711 -0.0359261 0.0767294 -0.1042026 0.0000732 -0.1065639 -0.0385795 -0.0199236 0.0068112 -0.0988232 0.1029681 -0.0107856 -0.0578178 -0.0290306
-0.1026578 -0.0138399 0.0123593 -0.1010055 1.0719417 0.0047692 -0.0216043 -0.0685038 0.0025665 0.0264462 0.0615442 -0.0734086 -0.0105959 -0.0075919 0.0102236 -0.0878242 0.0873244 0.0843218 0.0494205 -0.0790074 0.0079523 0.0680114 -0.0968914 -0.0115512 -0.0809618 -0.0941577 -0.0011562 0.0003488 -0.0079418 0.0621849 -0.0698072 -0.0172472 -0.0652477 -0.0619092 0.0471586 0.0850241 -0.0074045 0.0817546 -0.0137252 0.0630160 -0.0182011 -0.0984991 -0.0670421 0.0125227 -0.0402918 0.0437280 -0.0240359 -0.0767530 0.0125341 -0.0169027 -0.0048348 -0.0893681 0.0231698 0.0720755 0.0148425 -0.0103426 0.0889600 0.0062880 0.0395461 -0.0217632 -0.0144374 -0.0274035 -0.0998809 -0.1002353 -0.0574800 0.0513143 -0.0783679 -0.0154292 0.0131834 -0.0803431 0.0605337 -0.0138994 0.0715903 0.0120449 0.0087022 -0.0171586 0.0621453 -0.0945535 -0.0055477 0.0345531 0.0003597
-0.0328240 -0.0067179 0.0044003 -0.0345777 0.0047692 1.0596865 -0.0142107 -0.0068339 -0.0093670 -0.0246348 -0.0093173 -0.0088434 -0.0112495 -0.0105440 -0.0060962 -0.0238187 0.0041407 0.0006541 -0.0211689 -0.0103662 -0.0055582 -0.0001344 -0.0263132 -0.0091255 -0.0143783 -0.0221458 -0.0072549 -0.0048443 -0.0095868 -0.0066067 -0.0186141 -0.0196136 -0.0055022 -0.0005304 -0.0138925 0.0035285 -0.0069816 -0.0010060 -0.0135370 -0.0109755 -0.0124561 -0.0176644 -0.0008924 -0.0020774 -0.0221534 -0.0099253 -0.0143193 -0.0064707 -0.0028457 -0.0096623 -0.0051009 -0.0154873 0.0036158 -0.0035829 0.0014568 -0.0086895 0.0056326 0.0012039 -0.0178502 -0.0140235 -0.0078488 -0.0175832 -0.0218752 -0.0160825 0.0002930 -0.0118078 -0.0090694 -0.0100358 0.0002119 -0.0077310 -0.0153583 -0.0096398 -0.0042925 0.0004716 -0.0050799 -0.0117674 -0.0090072 -0.0169057 -0.0094168 -0.0179229 -0.0040708
0.0210818 -0.0159178 -0.0216733 0.0225993 -0.0216043 -0.0142107 1.0765226 -0.0012759 -0.0223489 -0.0195104 -0.0244366 -0.0019145 -0.0159254 -0.0169524 -0.0321197 0.0100943 -0.0242731 -0.0244576 -0.0205128 -0.0039217 -0.0088686 -0.0128510 0.0120973 -0.0158695 0.0005169 -0.0014370 -0.0114622 0.0015326 -0.0325970 -0.0212402 -0.0229720 -0.0106362 0.0023659 -0.0027844 -0.0045858 -0.0270432 -0.0137766 -0.0233943 -0.0047979 -0.0229669 -0.0186476 0.0047772 0.0086915 -0.0106290 0.0087911 -0.0015052 -0.0103170 0.0028889 -0.0114872 -0.0011682 -0.0089315 0.0143752 -0.0233800 -0.0234284 -0.0109931 -0.0113187 -0.0366949 -0.0139834 -0.0029985 -0.0081142 -0.0028758 -0.0111834 0.0075871 0.0171749 -0.0025234 -0.0175142 0.0024692 -0.0009008 -0.0155806 0.0000054 -0.0308606 -0.0032194 -0.0259092 -0.0154035 0.0005231 0.0040126 -0.0279168 0.0110909 -0.0089929 -0.0109700 -0.0243648
0.0454722 -0.0157788 -0.0154069 0.0443071 -0.0685038 -0.0068339 -0.0012759 1.1091580 -0.0069500 -0.0740344 -0.0738259 0.0487137 -0.0155103 -0.0145232 -0.0132453 0.0550706 -0.0782554 -0.0804714 -0.0700596 0.0519878 -0.0156422 -0.0708981 0.0462847 -0.0111078 0.0537390 0.0483249 -0.0072089 -0.0051359 -0.0170007 -0.0654611 0.0457733 -0.0102772 0.0527113 0.0511433 -0.0697934 -0.0773955 -0.0127513 -0.0782491 -0.0034315 -0.0798943 -0.0116460 0.0580361 0.0551069 -0.0162964 0.0031609 -0.0587775 -0.0112940 0.0538095 -0.0154748 -0.0062913 -0.0105169 0.0623509 -0.0239840 -0.0782735 -0.0125035 -0.0056607 -0.0833539 -0.0144403 -0.0621200 -0.0028969 0.0000506 -0.0149700 0.0612914 0.0659852 0.0504372 -0.0655665 0.0558167 -0.0068825 -0.0175791 0.0532772 -0.0817410 -0.0016937 -0.0800893 -0.0149757 -0.0115563 -0.0048867 -0.0687247 0.0628664 -0.0130154 -0.0602700 -0.0146533
-0.0484706 -0.0214920 -0.0089803 -0.0509106 0.0025665 -0.0093670 -0.0223489 -0.0069500 1.1035882 -0.0207233 0.0339839 -0.0374149 -0.0212069 -0.0223439 0.0339448 0.0038860 0.0223926 0.0375593 0.0169569 -0.0399960 0.0148497 -0.0057195 -0.0752176 -0.0266862 -0.0194404 -0.0541373 0.0157768 -0.0022589 -0.0026578 0.0327842 0.0068470 0.0051382 -0.0149999 -0.0297214 0.0054685 0.0172919 -0.0149488 0.0357344 -0.0030137 0.0188151 -0.0091326 -0.0499226 -0.0434932 0.0122258 -0.0266844 0.0018103 -0.0248681 -0.0358783 0.0129122 -0.0305708 -0.0090323 -0.0371880 0.0111482 0.0157153 -0.0019448 -0.0195000 0.0313799 -0.0049348 -0.0014621 -0.0260170 -0.0034321 -0.0284881 -0.0341821 -0.0544186 -0.0268721 0.0206298 -0.0376359 -0.0321912 -0.0056662 -0.0385237 0.0322931 -0.0024834 0.0146504 -0.0004973 0.0099394 -0.0127110 0.0354619 -0.0333892 -0.0152537 0.0087417 -0.0010113
-0.0604074 -0.0030353 -0.0175466 -0.0539378 0.0264462 -0.0246348 -0.0195104 -0.0740344 -0.0207233 1.0834146 0.0267832 -0.0576843 -0.0059117 -0.0038865 -0.0170575 -0.0691316 0.0523852 0.0502676 0.0392265 -0.0596406 -0.0097308 0.0362663 -0.0485404 -0.0110090 -0.0683628 -0.0517552 -0.0252698 -0.0129364 -0.0028593 0.0240266 -0.0575756 -0.0142371 -0.0624512 -0.0665565 0.0383577 0.0457777 -0.0062385 0.0452979 -0.0108913 0.0527515 0.0047470 -0.0559842 -0.0679600 -0.0088158 -0.0140193 0.0338223 0.0019822 -0.0583343 -0.0081932 -0.0097891 -0.0010949 -0.0681406 0.0064711 0.0571559 -0.0024930 -0.0051953 0.0523410 -0.0082433 0.0438844 -0.0020768 -0.0139132 0.0020863 -0.0580616 -0.0622902 -0.0636230 0.0437247 -0.0583377 -0.0084942 -0.0044636 -0.0585925 0.0607168 -0.0125107 0.0547794 -0.0041410 -0.0039738 -0.0108218 0.0441838 -0.0595188 -0.0036180 0.0442055 0.0000452
-0.1106427 -0.0200257 0.0018136 -0.1116714 0.0615442 -0.0093173 -0.0244366 -0.0738259 0.0339839 0.0267832 1.1118894 -0.0885555 -0.0129615 -0.0114923 0.0256010 -0.0771204 0.1062503 0.1199846 0.0675838 -0.1044393 0.0268013 0.0794570 -0.1256945 -0.0329537 -0.0902829 -0.1260974 0.0180149 0.0076878 -0.0127450 0.0916586 -0.0733110 -0.0063106 -0.0744546 -0.0854767 0.0767799 0.0969883 -0.0115309 0.1153238 -0.0105789 0.0917626 -0.0255571 -0.1263190 -0.0897925 0.0215790 -0.0370369 0.0580959 -0.0287231 -0.1029077 0.0254621 -0.0219476 -0.0043499 -0.1054134 0.0290863 0.0938268 0.0095956 -0.0207695 0.1106282 0.0074965 0.0556223 -0.0388736 -0.0156044 -0.0345108 -0.1139371 -0.1295674 -0.0806957 0.0777908 -0.1035295 -0.0208845 0.0122083 -0.1062007 0.0914401 -0.0144131 0.0924607 0.0160378 0.0238634 -0.0084807 0.0828302 -0.1131044 -0.0140803 0.0542794 -0.0092569
0.0698847 -0.0048620 -0.0163358 0.0666486 -0.0734086 -0.0088434 -0.0019145 0.0487137 -0.0374149 -0.0576843 -0.0885555 1.1028497 -0.0067531 -0.0056817 -0.0340037 0.0463671 -0.0923875 -0.1024035 -0.0803843 0.0692832 -0.0304500 -0.0828145 0.0788244 -0.0005363 0.0561758 0.0798285 -0.0262750 -0.0129555 -0.0078473 -0.0919755 0.0442379 -0.0119894 0.0528210 0.0614893 -0.0766794 -0.0915084 -0.0034056 -0.1027608 -0.0081845 -0.0899400 0.0025082 0.0830036 0.0606089 -0.0281348 0.0141659 -0.0681121 0.0056307 0.0703686 -0.0292259 0.0020066 -0.0045365 0.0712798 -0.0291579 -0.0857853 -0.0149045 -0.0006776 -0.0958224 -0.0137521 -0.0626631 0.0103938 0.0010828 0.0045326 0.0751317 0.0902812 0.0577049 -0.0801599 0.0705213 0.0012885 -0.0187967 0.0732401 -0.0886677 -0.0021267 -0.0857585 -0.0187106 -0.0251840 -0.0043330 -0.0800963 0.0785901 -0.0038998 -0.0599861 -0.0089882
-0.0169357 -0.0082051 -0.0101879 -0.0161950 -0.0105959 -0.0112495 -0.0159254 -0.0155103 -0.0212069 -0.0059117 -0.0129615 -0.0067531 1.0663773 -0.0049565 -0.0148325 -0.0239500 -0.0045782 -0.0083333 -0.0132771 -0.0081218 -0.0087080 -0.0046982 -0.0098844 -0.0082958 -0.0162701 -0.0082055 -0.0176902 -0.0081007 -0.0039255 -0.0163344 -0.0175758 -0.0112668 -0.0095818 -0.0079701 -0.0092648 -0.0026606 -0.0050429 -0.0091297 -0.0123779 -0.0083793 -0.0034326 -0.0049474 -0.0081838 -0.0116616 -0.0095079 -0.0111221 -0.0045202 -0.0049434 -0.0101286 -0.0061423 -0.0035447 -0.0098735 -0.0045759 -0.0021807 -0.0050022 -0.0063446 -0.0046548 -0.0052404 -0.0067000 -0.0048102 -0.0082517 -0.0027809 -0.0083118 -0.0047082 -0.0098034 -0.0086761 -0.0047185 -0.0052935 -0.0048507 -0.0058667 -0.0061171 -0.0094401 -0.0020875 -0.0035359 -0.0085637 -0.0074564 -0.0088026 -0.0058221 -0.0067985 -0.0079251 -0.0058545
-0.0170114 -0.0105366 -0.0105437 -0.0176754 -0.0075919 -0.0105440 -0.0169524 -0.0145232 -0.0223439 -0.0038865 -0.0114923 -0.0056817 -0.0049565 1.0618498 -0.0159140 -0.0248850 -0.0051597 -0.0085700 -0.0153097 -0.0085257 -0.0136434 -0.0080340 -0.0051364 -0.0091841 -0.0176505 -0.0045913 -0.0173188 -0.0102035 -0.0066888 -0.0174809 -0.0171017 -0.0139464 -0.0108589 -0.0057176 -0.0110322 -0.0061852 -0.0044285 -0.0110099 -0.0140514 -0.0085809 -0.0009920 -0.0040102 -0.0091549 -0.0119836 -0.0096653 -0.0123161 -0.0041798 -0.0064987 -0.0116945 -0.0056148 -0.0031982 -0.0129770 -0.0035835 -0.0028663 -0.0054279 -0.0049970 -0.0042858 -0.0051608 -0.0092272 -0.0045074 -0.0093998 -0.0051403 -0.0115335 -0.0028560 -0.0063575 -0.0102242 -0.0037720 -0.0056150 -0.0063766 -0.0067369 -0.0055288 -0.0098157 -0.0041510 -0.0059739 -0.0109721 -0.0096346 -0.0087380 -0.0069600 -0.0040500 -0.0080399 -0.0059952
-0.0626505 -0.0186074 -0.0044513 -0.0620868 0.0102236 -0.0060962 -0.0321197 -0.0132453 0.0339448 -0.0170575 0.0256010 -0.0340037 -0.0148325 -0.0159140 1.0788438 -0.0165170 0.0293149 0.0335339 0.0087295 -0.0360710 0.0081579 -0.0005684 -0.0730882 -0.0207103 -0.0257133 -0.0523828 0.0076531 -0.0070329 0.0048532 0.0233336 0.0006124 -0.0050208 -0.0181342 -0.0249214 -0.0017066 0.0232745 -0.0128381 0.0346588 -0.0076962 0.0178575 -0.0077396 -0.0479844 -0.0394105 0.0088919 -0.0340193 -0.0032457 -0.0226208 -0.0353196 0.0100053 -0.0291406 -0.0077994 -0.0453625 0.0174288 0.0195848 0.0007993 -0.0144368 0.0395493 -0.0000680 -0.0057463 -0.0233247 -0.0062189 -0.0239996 -0.0400804 -0.0557764 -0.0222208 0.0171423 -0.0349142 -0.0284470 -0.0001237 -0.0356973 0.0277324 -0.0061577 0.0169333 0.0021961 0.0029288 -0.0164483 0.0305769 -0.0375588 -0.0136207 0.0019477 0.0033918
0.0701535 -0.0192076 -0.0336565 0.0685831 -0.0878242 -0.0238187 0.0100943 0.0550706 0.0038860 -0.0691316 -0.0771204 0.0463671 -0.0239500 -0.0248850 -0.0165170 1.1094947 -0.0963815 -0.0882376 -0.0650449 0.0482285 -0.0184824 -0.0949300 0.0487767 -0.0196753 0.0683703 0.0571935 -0.0097580 -0.0074211 -0.0238399 -0.0706843 0.0561392 -0.0038932 0.0562516 0.0451343 -0.0662795 -0.0972192 -0.0167506 -0.0874235 0.0012007 -0.0821044 -0.0086205 0.0660128 0.0435765 -0.0157275 0.0160201 -0.0530932 -0.0063302 0.0557360 -0.0183666 -0.0100737 -0.0130155 0.0708323 -0.0362292 -0.0896608 -0.0225686 -0.0150458 -0.0978442 -0.0269918 -0.0539806 -0.0025626 0.0070119 -0.0091143 0.0779200 0.0757855 0.0430924 -0.0658716 0.0582690 -0.0112400 -0.0313372 0.0548331 -0.0772199 0.0038904 -0.0907680 -0.0306377 -0.0079248 0.0005137 -0.0715817 0.0782593 -0.0151837 -0.0509043 -0.0198069
-0.1241167 -0.0084105 0.0159591 -0.1222709 0.0873244 0.0041407 -0.0242731 -0.0782554 0.0223926 0.0523852 0.1062503 -0.0923875 -0.0045782 -0.0051597 0.0293149 -0.0963815 1.1485270 0.1188641 0.0797880 -0.0995366 0.0247460 0.0961932 -0.1264224 -0.0144707 -0.1000252 -0.1211493 0.0126484 0.0073004 0.0011032 0.0975097 -0.0815172 -0.0086337 -0.0772648 -0.0845914 0.0780084 0.1110444 -0.0053895 0.1189526 -0.0104084 0.0985060 -0.0144954 -0.1228785 -0.0893287 0.0226684 -0.0394095 0.0672066 -0.0222367 -0.0977456 0.0239802 -0.0178151 -0.0014468 -0.1080049 0.0355724 0.1013531 0.0168675 -0.0098725 0.1210114 0.0139188 0.0611476 -0.0269037 -0.0162165 -0.0226483 -0.1174221 -0.1250176 -0.0787889 0.0830509 -0.0996742 -0.0141110 0.0193973 -0.1005047 0.0960556 -0.0130708 0.1012283 0.0212144 0.0186415 -0.0101733 0.0886249 -0.1135905 -0.0044789 0.0572351 0.0034744
-0.1244372 -0.0090474 0.0079580 -0.1250210 0.0843218 0.0006541 -0.0244576 -0.0804714 0.0375593 0.0502676 0.1199846 -0.1024035 -0.0083333 -0.0085700 0.0335339 -0.0882376 0.1188641 1.1549927 0.0886025 -0.1099071 0.0296087 0.0982012 -0.1358619 -0.0208809 -0.0974370 -0.1335795 0.0193459 0.0094172 -0.0035661 0.1079004 -0.0775019 -0.0045042 -0.0806228 -0.0916624 0.0851762 0.1144838 -0.0086067 0.1274664 -0.0080021 0.1060938 -0.0186542 -0.1308540 -0.0963631 0.0284856 -0.0379431 0.0719980 -0.0264308 -0.1060559 0.0288224 -0.0197054 -0.0021095 -0.1131588 0.0335006 0.1060373 0.0145530 -0.0160282 0.1258203 0.0114859 0.0654670 -0.0327739 -0.0148340 -0.0272915 -0.1217338 -0.1337738 -0.0863799 0.0901066 -0.1092342 -0.0179406 0.0164351 -0.1090980 0.1057250 -0.0102655 0.1058827 0.0179102 0.0233037 -0.0073748 0.0965762 -0.1184938 -0.0100246 0.0635525 -0.0002332
-0.0828370 -0.0138623 -0.0119510 -0.0809263 0.0494205 -0.0211689 -0.0205128 -0.0700596 0.0169569 0.0392265 0.0675838 -0.0803843 -0.0132771 -0.0153097 0.0087295 -0.0650449 0.0797880 0.0886025 1.0939332 -0.0846931 0.0096980 0.0567920 -0.0930023 -0.0235998 -0.0763737 -0.0948699 -0.0034074 0.0008181 -0.0151534 0.0632795 -0.0609230 -0.0092165 -0.0666474 -0.0809957 0.0618653 0.0722040 -0.0113515 0.0846173 -0.0086536 0.0756746 -0.0142215 -0.0993597 -0.0836339 0.0109316 -0.0247551 0.0523622 -0.0204362 -0.0841659 0.0124204 -0.0184152 -0.0057714 -0.0851699 0.0149528 0.0757235 0.0036897 -0.0146900 0.0828001 -0.0048631 0.0558699 -0.0212197 -0.0111117 -0.0196231 -0.0854433 -0.1008585 -0.0767530 0.0658221 -0.0862522 -0.0179025 0.0005604 -0.0862938 0.0796202 -0.0101640 0.0733375 0.0018751 0.0164295 -0.0081399 0.0707978 -0.0867720 -0.0110637 0.0518720 -0.0077608
0.0683773 -0.0050690 -0.0176845 0.0687824 -0.0790074 -0.0103662 -0.0039217 0.0519878 -0.0399960 -0.0596406 -0.1044393 0.0692832 -0.0081218 -0.0085257 -0.0360710 0.0482285 -0.0995366 -0.1099071 -0.0846931 1.1184572 -0.0332346 -0.0869146 0.0818909 -0.0009709 0.0581534 0.0845161 -0.0274549 -0.0170465 -0.0092683 -0.0962135 0.0487082 -0.0130325 0.0549578 0.0630573 -0.0833787 -0.0977053 -0.0048940 -0.1085020 -0.0082926 -0.0963176 0.0037768 0.0897091 0.0651546 -0.0302698 0.0154059 -0.0726884 0.0047879 0.0747798 -0.0307825 0.0038798 -0.0045389 0.0746751 -0.0309139 -0.0914292 -0.0163369 0.0012658 -0.1024348 -0.0179482 -0.0676619 0.0111468 0.0007327 0.0030549 0.0814959 0.0958480 0.0609084 -0.0839325 0.0764500 0.0037688 -0.0193065 0.0762295 -0.0930976 -0.0042465 -0.0903612 -0.0214332 -0.0274808 -0.0077619 -0.0864021 0.0836835 -0.0041652 -0.0652879 -0.0080863
-0.0395425 -0.0150032 -0.0046579 -0.0434096 0.0079523 -0.0055582 -0.0088686 -0.0156422 0.0148497 -0.0097308 0.0268013 -0.0304500 -0.0087080 -0.0136434 0.0081579 -0.0184824 0.0247460 0.0296087 0.0096980 -0.0332346 1.0876945 0.0181910 -0.0478384 -0.0192521 -0.0265664 -0.0449433 0.0032146 0.0024467 -0.0109871 0.0270377 -0.0232729 -0.0070092 -0.0181120 -0.0236698 0.0138531 0.0203836 -0.0100695 0.0287489 -0.0103218 0.0161463 -0.0150702 -0.0429654 -0.0244411 0.0062301 -0.0178604 0.0091401 -0.0193140 -0.0294620 0.0073514 -0.0133790 -0.0055885 -0.0295019 0.0072551 0.0183313 0.0011399 -0.0125152 0.0270321 -0.0004236 0.0047639 -0.0193029 -0.0078122 -0.0216158 -0.0352459 -0.0395699 -0.0215999 0.0138992 -0.0311459 -0.0126700 0.0003638 -0.0323078 0.0163394 -0.0069993 0.0171956 0.0002262 0.0068354 -0.0064198 0.0161089 -0.0323266 -0.0099514 0.0049331 -0.0077454
-0.0970606 -0.0091393 0.0084222 -0.0930305 0.0680114 -0.0001344 -0.0128510 -0.0708981 -0.0057195 0.0362663 0.0794570 -0.0828145 -0.0046982 -0.0080340 -0.0005684 -0.0949300 0.0961932 0.0982012 0.0567920 -0.0869146 0.0181910 1.1103582 -0.0906244 -0.0168742 -0.0902870 -0.1077145 0.0051620 0.0105376 -0.0214847 0.0764353 -0.0962551 -0.0132142 -0.0686340 -0.0713963 0.0729232 0.0937756 -0.0081213 0.0954377 -0.0129437 0.0781101 -0.0274846 -0.1094101 -0.0598405 0.0140915 -0.0309813 0.0605448 -0.0232853 -0.0855907 0.0170538 -0.0061567 -0.0038380 -0.0851582 0.0209688 0.0849689 0.0132962 -0.0105750 0.0905658 0.0107651 0.0557238 -0.0261158 -0.0191226 -0.0236396 -0.1068571 -0.1025875 -0.0677258 0.0646633 -0.0881579 -0.0009718 0.0144248 -0.0898380 0.0640775 -0.0143912 0.0843405 0.0174660 0.0177665 -0.0041341 0.0595983 -0.1016591 -0.0069109 0.0405443 -0.0129440
0.1038281 -0.0076156 -0.0330598 0.1049362 -0.0968914 -0.0263132 0.0120973 0.0462847 -0.0752176 -0.0485404 -0.1256945 0.0788244 -0.0098844 -0.0051364 -0.0730882 0.0487767 -0.1264224 -0.1358619 -0.0930023 0.0818909 -0.0478384 -0.0906244 1.1206179 0.0019857 0.0622981 0.1049788 -0.0453854 -0.0168792 -0.0262856 -0.1199392 0.0246571 -0.0185903 0.0594553 0.0650544 -0.0815220 -0.1193489 -0.0045928 -0.1353177 -0.0097117 -0.1093100 0.0007730 0.1149423 0.0791184 -0.0436864 0.0356120 -0.0694829 0.0181758 0.0881522 -0.0430675 0.0161622 -0.0060978 0.0986991 -0.0519643 -0.1076447 -0.0253736 -0.0009073 -0.1381119 -0.0264596 -0.0605675 0.0204074 -0.0001992 0.0144403 0.1026855 0.1306670 0.0638245 -0.0965726 0.0873601 0.0149786 -0.0297264 0.0876895 -0.1120451 -0.0050870 -0.1078062 -0.0331639 -0.0303424 0.0054566 -0.1129911 0.1053894 -0.0046490 -0.0655700 -0.0234178
-0.0085205 -0.0024033 -0.0139122 -0.0108924 -0.0115512 -0.0091255 -0.0158695 -0.0111078 -0.0266862 -0.0110090 -0.0329537 -0.0005363 -0.0082958 -0.0091841 -0.0207103 -0.0196753 -0.0144707 -0.0208809 -0.0235998 -0.0009709 -0.0192521 -0.0168742 0.0019857 1.0215411 -0.0106774 0.0021725 -0.0226256 -0.0152241 -0.0078630 -0.0295746 -0.0105856 -0.0135707 -0.0051500 0.0002647 -0.0226736 -0.0151307 -0.0072893 -0.0257976 -0.0088204 -0.0183978 -0.0032560 0.0064939 -0.0035535 -0.0143897 -0.0090732 -0.0178491 -0.0034955 0.0036195 -0.0170744 -0.0072286 -0.0043283 -0.0052566 -0.0075198 -0.0127792 -0.0061134 -0.0055957 -0.0153076 -0.0095023 -0.0140341 -0.0023052 -0.0076454 -0.0042925 0.0000144 0.0051880 -0.0014981 -0.0211127 0.0043064 -0.0053914 -0.0077703 0.0026225 -0.0185862 -0.0074776 -0.0154713 -0.0087721 -0.0155888 -0.0117310 -0.0162067 0.0027419 -0.0054833 -0.0151390 -0.0026862
0.0672816 -0.0117159 -0.0269905 0.0659659 -0.0809618 -0.0143783 0.0005169 0.0537390 -0.0194404 -0.0683628 -0.0902829 0.0561758 -0.0162701 -0.0176505 -0.0257133 0.0683703 -0.1000252 -0.0974370 -0.0763737 0.0581534 -0.0265664 -0.0902870 0.0622981 -0.0106774 1.0928423 0.0690924 -0.0196734 -0.0133278 -0.0197331 -0.0844149 0.0469114 -0.0098856 0.0553013 0.0546795 -0.0749302 -0.0976834 -0.0119409 -0.0991044 -0.0050582 -0.0901347 -0.0046185 0.0804729 0.0542982 -0.0246868 0.0159101 -0.0653247 -0.0010694 0.0652244 -0.0252860 -0.0061488 -0.0101371 0.0727243 -0.0337334 -0.0931358 -0.0216353 -0.0064885 -0.1016318 -0.0206827 -0.0631191 0.0033678 0.0037410 -0.0048958 0.0804693 0.0864746 0.0527055 -0.0778238 0.0679043 -0.0071059 -0.0260398 0.0666520 -0.0866734 -0.0014687 -0.0934848 -0.0262850 -0.0176397 -0.0032774 -0.0795167 0.0804218 -0.0138229 -0.0606237 -0.0149477
0.0921636 -0.0063441 -0.0263249 0.0926695 -0.0941577 -0.0221458 -0.0014370 0.0483249 -0.0541373 -0.0517552 -0.1260974 0.0798285 -0.0082055 -0.0045913 -0.0523828 0.0571935 -0.1211493 -0.1335795 -0.0948699 0.0845161 -0.0449433 -0.1077145 0.1049788 0.0021725 0.0690924 1.1264523 -0.0443439 -0.0249587 -0.0074099 -0.1174551 0.0509414 -0.0144685 0.0589756 0.0700218 -0.0939896 -0.1185435 -0.0001118 -0.1306685 -0.0077808 -0.1064515 0.0149973 0.1146853 0.0650610 -0.0422049 0.0251668 -0.0815015 0.0172556 0.0872740 -0.0427144 0.0062956 -0.0034788 0.0882403 -0.0423480 -0.1040682 -0.0249205 0.0012495 -0.1233232 -0.0244948 -0.0705910 0.0212025 0.0035252 0.0170587 0.1035436 0.1212527 0.0634512 -0.0953563 0.0894868 0.0025623 -0.0281545 0.0913261 -0.1004948 -0.0021414 -0.1061740 -0.0328356 -0.0358878 -0.0053618 -0.0993087 0.1046686 -0.0004507 -0.0653155 -0.0072178
-0.0361739 -0.0187159 -0.0049871 -0.0329776 -0.0011562 -0.0072549 -0.0114622 -0.0072089 0.0157768 -0.0252698 0.0180149 -0.0262750 -0.0176902 -0.0173188 0.0076531 -0.0097580 0.0126484 0.0193459 -0.0034074 -0.0274549 0.0032146 0.0051620 -0.0453854 -0.0226256 -0.0196734 -0.0443439 1.0510321 0.0007570 -0.0160800 0.0127943 -0.0148831 -0.0084437 -0.0097266 -0.0185437 0.0043297 0.0104140 -0.0135297 0.0188751 -0.0073621 0.0068896 -0.0184525 -0.0356114 -0.0183914 0.0042208 -0.0185224 0.0010933 -0.0220139 -0.0237313 0.0043803 -0.0148820 -0.0080165 -0.0214411 0.0037812 0.0059856 -0.0004755 -0.0132953 0.0135899 -0.0020688 -0.0044044 -0.0194183 -0.0079449 -0.0269877 -0.0268807 -0.0334666 -0.0166272 0.0077013 -0.0237164 -0.0155086 -0.0036180 -0.0269313 0.0034918 -0.0062862 0.0055319 -0.0001491 0.0061419 -0.0075876 0.0100806 -0.0260938 -0.0141829 -0.0061420 -0.0133815
-0.0113721 -0.0109404 -0.0041691 -0.0115193 0.0003488 -0.0048443 0.0015326 -0.0051359 -0.0022589 -0.0129364 0.0076878 -0.0129555 -0.0081007 -0.0102035 -0.0070329 -0.0074211 0.0073004 0.0094172 0.0008181 -0.0170465 0.0024467 0.0105376 -0.0168792 -0.0152241 -0.0133278 -0.0249587 0.0007570 1.0778222 -0.0202296 0.0067383 -0.0225744 -0.0057369 -0.0060446 -0.0099412 0.0091741 0.0040745 -0.0070683 0.0083708 -0.0065496 0.0008945 -0.0180362 -0.0211692 -0.0033929 0.0015064 -0.0040580 0.0075218 -0.0129895 -0.0128621 0.0012695 -0.0016337 -0.0046099 -0.0062566 -0.0038264 0.0020851 -0.0009693 -0.0092689 -0.0001214 -0.0019893 0.0012511 -0.0130676 -0.0048906 -0.0153666 -0.0170722 -0.0135910 -0.0088999 0.0023146 -0.0143836 -0.0019009 -0.0001717 -0.0160939 -0.0056713 -0.0047843 0.0013642 -0.0017594 0.0066863 -0.0000047 -0.0039833 -0.0146621 -0.0083049 -0.0032838 -0.0147748
-0.0330497 -0.0079284 -0.0090768 -0.0366977 -0.0079418 -0.0095868 -0.0325970 -0.0170007 -0.0026578 -0.0028593 -0.0127450 -0.0078473 -0.0039255 -0.0066888 0.0048532 -0.0238399 0.0011032 -0.0035661 -0.0151534 -0.0092683 -0.0109871 -0.0214847 -0.0262856 -0.0078630 -0.0197331 -0.0074099 -0.0160800 -0.0202296 1.0630907 -0.0167480 0.0039950 -0.0142573 -0.0116047 -0.0090144 -0.0219145 -0.0023340 -0.0050282 -0.0070957 -0.0111428 -0.0059139 0.0094572 -0.0070779 -0.0259468 -0.0114487 -0.0196280 -0.0212048 -0.0022652 -0.0081325 -0.0101756 -0.0187813 -0.0027274 -0.0277577 0.0071584 0.0009819 -0.0019137 -0.0065448 0.0117796 -0.0073723 -0.0179264 -0.0050268 -0.0080526 -0.0024547 -0.0123096 -0.0151417 -0.0085011 -0.0063943 -0.0080321 -0.0170594 -0.0059715 -0.0069748 0.0096046 -0.0100748 0.0000239 -0.0037481 -0.0172030 -0.0204522 0.0062066 -0.0112271 -0.0044940 -0.0074991 0.0103351
-0.1048403 -0.0219454 0.0001517 -0.1050147 0.0621849 -0.0066067 -0.0212402 -0.0654611 0.0327842 0.0240266 0.0916586 -0.0919755 -0.0163344 -0.0174809 0.0233336 -0.0706843 0.0975097 0.1079004 0.0632795 -0.0962135 0.0270377 0.0764353 -0.1199392 -0.0295746 -0.0844149 -0.1174551 0.0127943 0.0067383 -0.0167480 1.0799463 -0.0700172 -0.0101385 -0.0675724 -0.0787072 0.0661770 0.0891952 -0.0136522 0.1040757 -0.0078237 0.0802946 -0.0250310 -0.1183233 -0.0811790 0.0224752 -0.0362622 0.0568218 -0.0326070 -0.0939322 0.0233483 -0.0213427 -0.0058904 -0.0951784 0.0244773 0.0853612 0.0103139 -0.0196814 0.0997953 0.0059284 0.0507550 -0.0340068 -0.0152518 -0.0339189 -0.1057654 -0.1200937 -0.0761049 0.0708375 -0.0969456 -0.0218394 0.0104200 -0.0973266 0.0811468 -0.0109138 0.0818725 0.0133792 0.0221915 -0.0091484 0.0768626 -0.1060048 -0.0119175 0.0482796 -0.0084448
0.0261644 -0.0120742 -0.0248820 0.0286437 -0.0698072 -0.0186141 -0.0229720 0.0457733 0.0068470 -0.0575756 -0.0733110 0.0442379 -0.0175758 -0.0171017 0.0006124 0.0561392 -0.0815172 -0.0775019 -0.0609230 0.0487082 -0.0232729 -0.0962551 0.0246571 -0.0105856 0.0469114 0.0509414 -0.0148831 -0.0225744 0.0039950 -0.0700172 1.0425730 -0.0108642 0.0453063 0.0419723 -0.0807583 -0.0786382 -0.0135481 -0.0781104 -0.0035699 -0.0727273 0.0086070 0.0610429 0.0231743 -0.0181568 -0.0062683 -0.0687417 -0.0033444 0.0493429 -0.0198322 -0.0245792 -0.0096487 0.0408661 -0.0173430 -0.0724132 -0.0167151 -0.0083326 -0.0685951 -0.0189789 -0.0620810 -0.0001445 0.0003015 -0.0033505 0.0625624 0.0551475 0.0388236 -0.0594998 0.0500362 -0.0243702 -0.0216900 0.0497510 -0.0550519 -0.0017931 -0.0756501 -0.0228342 -0.0217003 -0.0160900 -0.0456640 0.0622754 -0.0125408 -0.0489112 0.0042511
-0.0052493 -0.0139212 -0.0188534 -0.0099453 -0.0172472 -0.0196136 -0.0106362 -0.0102772 0.0051382 -0.0142371 -0.0063106 -0.0119894 -0.0112668 -0.0139464 -0.0050208 -0.0038932 -0.0086337 -0.0045042 -0.0092165 -0.0130325 -0.0070092 -0.0132142 -0.0185903 -0.0135707 -0.0098856 -0.0144685 -0.0084437 -0.0057369 -0.0142573 -0.0101385 -0.0108642 1.0754064 -0.0050678 -0.0133177 -0.0045218 -0.0113372 -0.0086192 -0.0033604 -0.0074772 -0.0079803 -0.0068163 -0.0111859 -0.0171570 -0.0064971 -0.0038218 -0.0082734 -0.0110877 -0.0094578 -0.0064509 -0.0123799 -0.0063635 -0.0075353 -0.0087584 -0.0058291 -0.0085117 -0.0120840 -0.0065178 -0.0123790 -0.0042164 -0.0110531 -0.0053204 -0.0108195 -0.0051731 -0.0080123 -0.0122687 -0.0036777 -0.0104048 -0.0117591 -0.0118806 -0.0127095 -0.0007920 -0.0049634 -0.0067441 -0.0121691 -0.0016167 -0.0062104 -0.0027964 -0.0049870 -0.0109036 -0.0038592 -0.0108389
0.0582898 -0.0100024 -0.0128939 0.0567697 -0.0652477 -0.0055022 0.0023659 0.0527113 -0.0149999 -0.0624512 -0.0744546 0.0528210 -0.0095818 -0.0108589 -0.0181342 0.0562516 -0.0772648 -0.0806228 -0.0666474 0.0549578 -0.0181120 -0.0686340 0.0594553 -0.0051500 0.0553013 0.0589756 -0.0097266 -0.0060446 -0.0116047 -0.0675724 0.0453063 -0.0050678 1.0506719 0.0535279 -0.0604636 -0.0727152 -0.0066752 -0.0774543 -0.0009024 -0.0750119 -0.0055741 0.0637905 0.0550266 -0.0148875 0.0104087 -0.0519087 -0.0029920 0.0571519 -0.0165542 0.0015912 -0.0061728 0.0624740 -0.0232894 -0.0734556 -0.0114821 -0.0047227 -0.0791048 -0.0108523 -0.0531026 0.0029096 0.0034933 -0.0047412 0.0616993 0.0678093 0.0498484 -0.0620747 0.0575529 -0.0010297 -0.0138903 0.0566685 -0.0747880 0.0010125 -0.0743458 -0.0150805 -0.0121262 -0.0005638 -0.0652693 0.0633690 -0.0054730 -0.0521185 -0.0090398
0.0576011 -0.0079303 -0.0075943 0.0521518 -0.0619092 -0.0005304 -0.0027844 0.0511433 -0.0297214 -0.0665565 -0.0854767 0.0614893 -0.0079701 -0.0057176 -0.0249214 0.0451343 -0.0845914 -0.0916624 -0.0809957 0.0630573 -0.0236698 -0.0713963 0.0650544 0.0002647 0.0546795 0.0700218 -0.0185437 -0.0099412 -0.0090144 -0.0787072 0.0419723 -0.0133177 0.0535279 1.0770944 -0.0767632 -0.0794764 -0.0030478 -0.0904935 -0.0088770 -0.0874760 -0.0033520 0.0736464 0.0632991 -0.0190140 0.0071890 -0.0637593 -0.0014658 0.0661183 -0.0216852 0.0038607 -0.0057493 0.0667779 -0.0235458 -0.0798062 -0.0117275 -0.0006871 -0.0831748 -0.0083897 -0.0649072 0.0045641 -0.0002596 -0.0038492 0.0646040 0.0793542 0.0612843 -0.0738777 0.0669222 0.0028159 -0.0129331 0.0676356 -0.0867243 -0.0035018 -0.0796700 -0.0151628 -0.0201476 -0.0048474 -0.0767134 0.0674856 -0.0029150 -0.0626310 -0.0067911
-0.0707047 -0.0157425 -0.0089997 -0.0683483 0.0471586 -0.0138925 -0.0045858 -0.0697934 0.0054685 0.0383577 0.0767799 -0.0766794 -0.0092648 -0.0110322 -0.0017066 -0.0662795 0.0780084 0.0851762 0.0618653 -0.0833787 0.0138531 0.0729232 -0.0815220 -0.0226736 -0.0749302 -0.0939896 0.0043297 0.0091741 -0.0219145 0.0661770 -0.0807583 -0.0045218 -0.0604636 -0.0767632 1.0657698 0.0752682 -0.0096684 0.0845340 -0.0076630 0.0770318 -0.0189967 -0.0902696 -0.0666744 0.0110982 -0.0142833 0.0619367 -0.0170710 -0.0779030 0.0145662 -0.0063428 -0.0032007 -0.0720798 0.0099933 0.0747971 0.0056548 -0.0135164 0.0719808 -0.0011323 0.0588955 -0.0226784 -0.0117780 -0.0160444 -0.0829476 -0.0866537 -0.0704642 0.0668153 -0.0801870 -0.0049455 0.0020743 -0.0832640 0.0680653 -0.0085307 0.0738077 0.0071298 0.0194816 0.0024927 0.0578270 -0.0809786 -0.0086528 0.0491123 -0.0136885
-0.1211985 -0.0087543 0.0122400 -0.1191577 0.0850241 0.0035285 -0.0270432 -0.0773955 0.0172919 0.0457777 0.0969883 -0.0915084 -0.0026606 -0.0061852 0.0232745 -0.0972192 0.1110444 0.1144838 0.0722040 -0.0977053 0.0203836 0.0937756 -0.1193489 -0.0151307 -0.0976834 -0.1185435 0.0104140 0.0040745 -0.0023340 0.0891952 -0.0786382 -0.0113372 -0.0727152 -0.0794764 0.0752682 1.0850593 -0.0057877 0.1137640 -0.0092290 0.0939401 -0.0162623 -0.1192780 -0.0820292 0.0209332 -0.0399440 0.0597188 -0.0212484 -0.0945687 0.0228754 -0.0151460 0.0004317 -0.1055387 0.0343901 0.0990399 0.0171471 -0.0121709 0.1147560 0.0137106 0.0579612 -0.0260814 -0.0155704 -0.0225051 -0.1145565 -0.1205827 -0.0771492 0.0776054 -0.0950931 -0.0131641 0.0180477 -0.0976328 0.0900250 -0.0145141 0.0961662 0.0199773 0.0165287 -0.0119382 0.0841923 -0.1114093 -0.0056150 0.0505151 0.0024364
-0.0080593 -0.0072462 -0.0061707 -0.0102199 -0.0074045 -0.0069816 -0.0137766 -0.0127513 -0.0149488 -0.0062385 -0.0115309 -0.0034056 -0.0050429 -0.0044285 -0.0128381 -0.0167506 -0.0053895 -0.0086067 -0.0113515 -0.0048940 -0.0100695 -0.0081213 -0.0045928 -0.0072893 -0.0119409 -0.0001118 -0.0135297 -0.0070683 -0.0050282 -0.0136522 -0.0135481 -0.0086192 -0.0066752 -0.0030478 -0.0096684 -0.0057877 1.0362453 -0.0098498 -0.0100307 -0.0075720 -0.0017882 -0.0014932 -0.0067476 -0.0077577 -0.0056638 -0.0087198 -0.0020393 -0.0021727 -0.0083183 -0.0015627 -0.0012822 -0.0078099 -0.0038310 -0.0040773 -0.0027130 -0.0035363 -0.0015925 -0.0027597 -0.0062111 -0.0030356 -0.0063547 -0.0030872 -0.0066279 0.0012213 -0.0026635 -0.0082822 -0.0029891 -0.0053165 -0.0034856 -0.0013629 -0.0047548 -0.0067777 -0.0028541 -0.0060036 -0.0080713 -0.0055315 -0.0081423 -0.0030601 -0.0040049 -0.0062150 -0.0022812
-0.1239664 -0.0131776 0.0092994 -0.1218136 0.0817546 -0.0010060 -0.0233943 -0.0782491 0.0357344 0.0452979 0.1153238 -0.1027608 -0.0091297 -0.0110099 0.0346588 -0.0874235 0.1189526 0.1274664 0.0846173 -0.1085020 0.0287489 0.0954377 -0.1353177 -0.0257976 -0.0991044 -0.1306685 0.0188751 0.0083708 -0.0070957 0.1040757 -0.0781104 -0.0033604 -0.0774543 -0.0904935 0.0845340 0.1137640 -0.0098498 1.1091989 -0.0078219 0.1034137 -0.0180349 -0.1303938 -0.0937660 0.0271249 -0.0392589 0.0703873 -0.0249422 -0.1041763 0.0283752 -0.0196064 -0.0021616 -0.1091685 0.0344656 0.1040910 0.0153939 -0.0158926 0.1230919 0.0124056 0.0638416 -0.0320349 -0.0151611 -0.0267743 -0.1186847 -0.1328945 -0.0854745 0.0877410 -0.1069661 -0.0187213 0.0159095 -0.1080215 0.1021881 -0.0116586 0.1023981 0.0187031 0.0248359 -0.0064670 0.0955979 -0.1172797 -0.0106510 0.0591917 -0.0007907
-0.0040657 -0.0144491 -0.0157399 -0.0041649 -0.0137252 -0.0135370 -0.0047979 -0.0034315 -0.0030137 -0.0108913 -0.0105789 -0.0081845 -0.0123779 -0.0140514 -0.0076962 0.0012007 -0.0104084 -0.0080021 -0.0086536 -0.0082926 -0.0103218 -0.0129437 -0.0097117 -0.0088204 -0.0050582 -0.0077808 -0.0073621 -0.0065496 -0.0111428 -0.0078237 -0.0035699 -0.0074772 -0.0009024 -0.0088770 -0.0076630 -0.0092290 -0.0100307 -0.0078219 1.0265577 -0.0102500 -0.0066980 -0.0042874 -0.0095628 -0.0056907 -0.0041719 -0.0046894 -0.0076020 -0.0057994 -0.0058702 -0.0111198 -0.0066100 -0.0024557 -0.0071058 -0.0080670 -0.0052438 -0.0094274 -0.0105112 -0.0113178 -0.0015024 -0.0051164 -0.0019767 -0.0090906 0.0005818 -0.0030406 -0.0097738 -0.0049621 -0.0041378 -0.0085192 -0.0111601 -0.0067322 -0.0053556 -0.0036269 -0.0096853 -0.0085771 -0.0020859 -0.0049767 -0.0035806 0.0001789 -0.0077470 -0.0028383 -0.0076959
-0.1035393 -0.0104437 -0.0031856 -0.0981524 0.0630160 -0.0109755 -0.0229669 -0.0798943 0.0188151 0.0527515 0.0917626 -0.0899400 -0.0083793 -0.0085809 0.0178575 -0.0821044 0.0985060 0.1060938 0.0756746 -0.0963176 0.0161463 0.0781101 -0.1093100 -0.0183978 -0.0901347 -0.1064515 0.0068896 0.0008945 -0.0059139 0.0802946 -0.0727273 -0.0079803 -0.0750119 -0.0874760 0.0770318 0.0939401 -0.0075720 0.1034137 -0.0102500 1.0973747 -0.0110627 -0.1083483 -0.0909484 0.0167372 -0.0281792 0.0603624 -0.0161625 -0.0924167 0.0184616 -0.0151953 -0.0013891 -0.0992661 0.0258909 0.0921643 0.0089382 -0.0105548 0.1025525 0.0041601 0.0614676 -0.0224984 -0.0153318 -0.0162285 -0.0995983 -0.1125178 -0.0808583 0.0786001 -0.0935400 -0.0142590 0.0086924 -0.0962714 0.0941979 -0.0099955 0.0925389 0.0116058 0.0154756 -0.0077783 0.0819674 -0.0996086 -0.0066575 0.0577736 -0.0035385
-0.0055966 -0.0026411 -0.0128838 -0.0055777 -0.0182011 -0.0124561 -0.0186476 -0.0116460 -0.0091326 0.0047470 -0.0255571 0.0025082 -0.0034326 -0.0009920 -0.0077396 -0.0086205 -0.0144954 -0.0186542 -0.0142215 0.0037768 -0.0150702 -0.0274846 0.0007730 -0.0032560 -0.0046185 0.0149973 -0.0184525 -0.0180362 0.0094572 -0.0250310 0.0086070 -0.0068163 -0.0055741 -0.0033520 -0.0189967 -0.0162623 -0.0017882 -0.0180349 -0.0066980 -0.0110627 1.0341306 0.0130010 -0.0148380 -0.0132510 -0.0045178 -0.0201944 0.0064916 0.0056974 -0.0131045 -0.0098233 -0.0002175 -0.0070061 -0.0019609 -0.0072292 -0.0078970 -0.0020231 -0.0074618 -0.0094787 -0.0102287 0.0041149 -0.0033947 0.0070350 0.0085781 0.0063291 -0.0022110 -0.0108108 0.0056559 -0.0110671 -0.0086496 0.0057517 0.0028512 -0.0024411 -0.0079190 -0.0100295 -0.0152890 -0.0101670 -0.0034163 0.0079030 -0.0000069 -0.0033913 0.0069903
0.1040809 -0.0001600 -0.0303908 0.1009435 -0.0984991 -0.0176644 0.0047772 0.0580361 -0.0499226 -0.0559842 -0.1263190 0.0830036 -0.0049474 -0.0040102 -0.0479844 0.0660128 -0.1228785 -0.1308540 -0.0993597 0.0897091 -0.0429654 -0.1094101 0.1149423 0.0064939 0.0804729 0.1146853 -0.0356114 -0.0211692 -0.0070779 -0.1183233 0.0610429 -0.0111859 0.0637905 0.0736464 -0.0902696 -0.1192780 -0.0014932 -0.1303938 -0.0042874 -0.1083483 0.0130010 1.1074591 0.0735435 -0.0372802 0.0280341 -0.0778690 0.0176013 0.0905359 -0.0384369 0.0068175 -0.0034152 0.0942905 -0.0409033 -0.1053019 -0.0228016 0.0038792 -0.1247031 -0.0246605 -0.0695165 0.0215927 0.0051784 0.0194457 0.1070398 0.1229423 0.0703564 -0.0954788 0.0932362 0.0071642 -0.0288498 0.0941486 -0.1026788 0.0004344 -0.1056035 -0.0307569 -0.0317500 -0.0018882 -0.0984411 0.1061127 -0.0026631 -0.0653834 -0.0067135
0.0692069 -0.0099855 -0.0083269 0.0689248 -0.0670421 -0.0008924 0.0086915 0.0551069 -0.0434932 -0.0679600 -0.0897925 0.0606089 -0.0081838 -0.0091549 -0.0394105 0.0435765 -0.0893287 -0.0963631 -0.0836339 0.0651546 -0.0244411 -0.0598405 0.0791184 -0.0035535 0.0542982 0.0650610 -0.0183914 -0.0033929 -0.0259468 -0.0811790 0.0231743 -0.0171570 0.0550266 0.0632991 -0.0666744 -0.0820292 -0.0067476 -0.0937660 -0.0095628 -0.0909484 -0.0148380 0.0735435 1.0597776 -0.0210753 0.0146266 -0.0556364 -0.0025779 0.0666204 -0.0215623 0.0123565 -0.0051096 0.0763040 -0.0306830 -0.0835626 -0.0107414 -0.0017327 -0.0971502 -0.0069605 -0.0592436 0.0048539 -0.0004547 -0.0048220 0.0652105 0.0875327 0.0615462 -0.0790859 0.0701338 0.0105621 -0.0117639 0.0673918 -0.1041881 -0.0049057 -0.0840651 -0.0150357 -0.0151413 0.0015482 -0.0882016 0.0699533 -0.0050161 -0.0686707 -0.0197831
-0.0378186 -0.0093219 -0.0021095 -0.0372904 0.0125227 -0.0020774 -0.0106290 -0.0162964 0.0122258 -0.0088158 0.0215790 -0.0281348 -0.0116616 -0.0119836 0.0088919 -0.0157275 0.0226684 0.0284856 0.0109316 -0.0302698 0.0062301 0.0140915 -0.0436864 -0.0143897 -0.0246868 -0.0422049 0.0042208 0.0015064 -0.0114487 0.0224752 -0.0181568 -0.0064971 -0.0148875 -0.0190140 0.0110982 0.0209332 -0.0077577 0.0271249 -0.0056907 0.0167372 -0.0132510 -0.0372802 -0.0210753 1.0170587 -0.0160389 0.0120626 -0.0170833 -0.0272767 0.0069045 -0.0125817 -0.0051592 -0.0265344 0.0052188 0.0160812 0.0027404 -0.0109044 0.0255634 0.0001536 0.0067312 -0.0180559 -0.0055005 -0.0180451 -0.0321636 -0.0354363 -0.0186994 0.0158474 -0.0269722 -0.0125628 -0.0001929 -0.0273952 0.0134547 -0.0047000 0.0148094 0.0033444 0.0070855 -0.0041937 0.0161457 -0.0298502 -0.0093811 0.0044115 -0.0059678
0.0409443 -0.0104662 -0.0234832 0.0398701 -0.0402918 -0.0221534 0.0087911 0.0031609 -0.0266844 -0.0140193 -0.0370369 0.0141659 -0.0095079 -0.0096653 -0.0340193 0.0160201 -0.0394095 -0.0379431 -0.0247551 0.0154059 -0.0178604 -0.0309813 0.0356120 -0.0090732 0.0159101 0.0251668 -0.0185224 -0.0040580 -0.0196280 -0.0362622 -0.0062683 -0.0038218 0.0104087 0.0071890 -0.0142833 -0.0399440 -0.0056638 -0.0392589 -0.0041719 -0.0281792 -0.0045178 0.0280341 0.0146266 -0.0160389 1.0250823 -0.0102532 0.0045571 0.0171384 -0.0168139 0.0050208 -0.0054548 0.0294798 -0.0240990 -0.0296289 -0.0115194 -0.0050910 -0.0467634 -0.0153806 -0.0078391 0.0048148 -0.0015019 0.0043526 0.0290543 0.0368821 0.0068053 -0.0240582 0.0183209 0.0051079 -0.0162153 0.0171146 -0.0297261 -0.0007179 -0.0308505 -0.0179989 -0.0058835 0.0051282 -0.0334114 0.0295055 -0.0063081 -0.0114798 -0.0149188
-0.0597925 -0.0113591 -0.0081287 -0.0595093 0.0437280 -0.0099253 -0.0015052 -0.0587775 0.0018103 0.0338223 0.0580959 -0.0681121 -0.0111221 -0.0123161 -0.0032457 -0.0530932 0.0672066 0.0719980 0.0523622 -0.0726884 0.0091401 0.0605448 -0.0694829 -0.0178491 -0.0653247 -0.0815015 0.0010933 0.0075218 -0.0212048 0.0568218 -0.0687417 -0.0082734 -0.0519087 -0.0637593 0.0619367 0.0597188 -0.0087198 0.0703873 -0.0046894 0.0603624 -0.0201944 -0.0778690 -0.0556364 0.0120626 -0.0102532 1.0694643 -0.0149217 -0.0673895 0.0093621 -0.0076398 -0.0047874 -0.0607008 0.0066282 0.0593599 0.0033905 -0.0116216 0.0586857 -0.0006028 0.0501717 -0.0179302 -0.0108704 -0.0154674 -0.0717494 -0.0726290 -0.0604321 0.0529937 -0.0683533 -0.0041620 0.0029378 -0.0697633 0.0541105 -0.0067661 0.0582521 0.0032342 0.0162666 0.0013204 0.0484878 -0.0689002 -0.0081733 0.0421017 -0.0122631
