1.1096327 -0.0162825 -0.0395019 0.0783703 -0.0846487 -0.0318854 0.0109489 0.0311961 -0.0415606 -0.0442811 -0.0885748 0.0514342 -0.0144846 -0.0157126 -0.0517125 0.0515810 -0.1029122 -0.1012912 -0.0653642 0.0473592 -0.0344278 -0.0814821 0.0788892 -0.0119017 0.0473328 0.0726663 -0.0329671 -0.0124615 -0.0300789 -0.0860768 0.0170787 -0.0053530 0.0412894 0.0384829 -0.0586039 -0.0982261 -0.0076469 -0.1005601 -0.0051786 -0.0819688 -0.0010227 0.0812482 0.0490446 -0.0325652 0.0337308 -0.0501622 0.0081142 0.0596197 -0.0333138 0.0098777 -0.0067419 0.0772885 -0.0481982 -0.0858827 -0.0263682 -0.0063639 -0.1076989 -0.0320866 -0.0401443 0.0113493 0.0011650 0.0070635 0.0807504 0.0979043 0.0407858 -0.0699987 0.0610826 0.0035432 -0.0310466 0.0596486 -0.0790559 -0.0028386 -0.0868858 -0.0350340 -0.0229891 0.0074379 -0.0830386 0.0827505 -0.0108173 -0.0436237 -0.0228314
-0.0162825 1.0491894 -0.0046837 -0.0153585 -0.0147673 -0.0055104 -0.0134895 -0.0148073 -0.0215609 -0.0078983 -0.0195337 -0.0037411 -0.0075029 -0.0089780 -0.0166897 -0.0148020 -0.0109400 -0.0100317 -0.0160691 -0.0044211 -0.0144317 -0.0114384 -0.0084635 -0.0021451 -0.0082728 -0.0045715 -0.0182117 -0.0104850 -0.0095829 -0.0201778 -0.0097077 -0.0154608 -0.0091553 -0.0063528 -0.0168931 -0.0095954 -0.0069166 -0.0135860 -0.0106687 -0.0116398 -0.0040285 0.0004804 -0.0068579 -0.0078295 -0.0107884 -0.0110000 -0.0063264 -0.0054691 -0.0123003 -0.0079437 -0.0031477 -0.0085216 -0.0048607 -0.0082062 -0.0041404 -0.0054668 -0.0071510 -0.0067821 -0.0115663 -0.0047766 -0.0089366 -0.0021023 -0.0070380 -0.0019710 -0.0046375 -0.0128066 -0.0040175 -0.0089538 -0.0092047 -0.0010861 -0.0113839 -0.0094343 -0.0089121 -0.0074926 -0.0101442 -0.0081588 -0.0113861 -0.0041511 -0.0076497 -0.0126517 -0.0022265
-0.0395019 -0.0046837 1.0412251 -0.0372841 0.0071465 -0.0010153 -0.0172337 -0.0156289 -0.0089616 -0.0136871 -0.0018797 -0.0166657 -0.0103044 -0.0110790 -0.0067417 -0.0296690 0.0134302 0.0071317 -0.0129525 -0.0182928 -0.0046058 0.0073624 -0.0302160 -0.0125071 -0.0241968 -0.0238524 -0.0080676 -0.0044803 -0.0089290 -0.0025849 -0.0243620 -0.0180459 -0.0127911 -0.0080296 -0.0062158 0.0108371 -0.0072038 0.0060948 -0.0144356 -0.0042788 -0.0134310 -0.0264268 -0.0119178 -0.0045257 -0.0205140 -0.0074757 -0.0153735 -0.0161609 -0.0031696 -0.0092529 -0.0057970 -0.0234011 0.0043193 0.0043520 0.0007748 -0.0099116 0.0111502 0.0021996 -0.0100497 -0.0154704 -0.0115845 -0.0182504 -0.0290570 -0.0224523 -0.0060219 -0.0077773 -0.0165940 -0.0092463 0.0024184 -0.0170337 -0.0049086 -0.0127821 0.0027596 0.0006451 -0.0043310 -0.0140596 -0.0031872 -0.0256301 -0.0078643 -0.0103884 -0.0069094
0.0783703 -0.0153585 -0.0372841 1.0997071 -0.0823425 -0.0325475 0.0120703 0.0295062 -0.0429439 -0.0398226 -0.0873258 0.0490176 -0.0150469 -0.0136163 -0.0493335 0.0496619 -0.0987709 -0.1007554 -0.0639933 0.0481734 -0.0367545 -0.0787438 0.0761010 -0.0103280 0.0487647 0.0706902 -0.0319860 -0.0127924 -0.0318731 -0.0864989 0.0178340 -0.0105857 0.0410309 0.0350955 -0.0580291 -0.0963116 -0.0100080 -0.0989222 -0.0038741 -0.0797130 -0.0010605 0.0793967 0.0477761 -0.0339391 0.0342836 -0.0493285 0.0106571 0.0591456 -0.0331311 0.0090932 -0.0086034 0.0756483 -0.0459890 -0.0819722 -0.0259553 -0.0069243 -0.1083805 -0.0302439 -0.0369945 0.0140049 -0.0001736 0.0068773 0.0809848 0.0944871 0.0344646 -0.0670133 0.0597560 0.0040331 -0.0324600 0.0571612 -0.0798297 -0.0031331 -0.0857913 -0.0354438 -0.0218874 0.0055255 -0.0799496 0.0821724 -0.0104610 -0.0428850 -0.0226989
-0.0846487 -0.0147673 0.0071465 -0.0823425 1.0706578 0.0022371 -0.0195493 -0.0543960 0.0010487 0.0157121 0.0412980 -0.0608122 -0.0091213 -0.0092066 0.0031497 -0.0746205 0.0695011 0.0656091 0.0322616 -0.0622846 0.0048459 0.0542766 -0.0804267 -0.0089001 -0.0694175 -0.0764811 -0.0051185 -0.0002195 -0.0110903 0.0446714 -0.0558278 -0.0182812 -0.0510649 -0.0495615 0.0328326 0.0655365 -0.0058275 0.0629906 -0.0121846 0.0451816 -0.0191109 -0.0815657 -0.0523374 0.0084457 -0.0361170 0.0342672 -0.0228823 -0.0637937 0.0082517 -0.0174781 -0.0087469 -0.0734977 0.0202693 0.0549586 0.0124866 -0.0093833 0.0686592 0.0075264 0.0249533 -0.0207627 -0.0113358 -0.0259762 -0.0830428 -0.0824285 -0.0456352 0.0389529 -0.0621270 -0.0140932 0.0110565 -0.0654613 0.0420149 -0.0113286 0.0537935 0.0104292 0.0104088 -0.0182073 0.0496803 -0.0774801 -0.0073631 0.0225143 -0.0011435
-0.0318854 -0.0055104 -0.0010153 -0.0325475 0.0022371 1.0512612 -0.0131332 -0.0088535 -0.0115627 -0.0209240 -0.0092418 -0.0103782 -0.0095435 -0.0109194 -0.0058403 -0.0207767 0.0052414 0.0007784 -0.0168773 -0.0120474 -0.0047240 -0.0010786 -0.0244443 -0.0118668 -0.0137343 -0.0202773 -0.0082218 -0.0055482 -0.0113521 -0.0031134 -0.0184098 -0.0195478 -0.0070240 -0.0034186 -0.0120950 0.0019879 -0.0086977 -0.0014223 -0.0131391 -0.0112832 -0.0116133 -0.0159332 -0.0034402 -0.0034302 -0.0211632 -0.0079942 -0.0135086 -0.0098091 -0.0048711 -0.0095580 -0.0058332 -0.0156984 0.0016209 -0.0029937 -0.0000761 -0.0087870 0.0051942 -0.0018048 -0.0157242 -0.0131698 -0.0082248 -0.0146518 -0.0195376 -0.0163675 -0.0021600 -0.0102330 -0.0109522 -0.0098684 -0.0013570 -0.0063087 -0.0107467 -0.0093081 -0.0037606 -0.0007180 -0.0031300 -0.0118105 -0.0071053 -0.0174084 -0.0074984 -0.0151017 -0.0033241
0.0109489 -0.0134895 -0.0172337 0.0120703 -0.0195493 -0.0131332 1.0714170 -0.0047865 -0.0170647 -0.0182197 -0.0237728 -0.0047847 -0.0154022 -0.0154134 -0.0241426 0.0066101 -0.0198201 -0.0219827 -0.0169713 -0.0058948 -0.0084470 -0.0150807 0.0028931 -0.0165921 -0.0032894 -0.0030633 -0.0137021 -0.0010181 -0.0265585 -0.0184969 -0.0200110 -0.0089095 0.0017852 -0.0018062 -0.0076221 -0.0212470 -0.0118743 -0.0184414 -0.0059612 -0.0200464 -0.0154456 -0.0006068 0.0028695 -0.0102407 0.0063591 -0.0033955 -0.0097032 -0.0011562 -0.0092962 -0.0032100 -0.0075502 0.0101235 -0.0181987 -0.0192716 -0.0087368 -0.0097893 -0.0287222 -0.0140971 -0.0044799 -0.0073407 -0.0041356 -0.0126592 0.0039277 0.0114097 -0.0031968 -0.0164922 0.0012014 -0.0026302 -0.0136129 -0.0030478 -0.0233541 -0.0045995 -0.0211032 -0.0118441 -0.0022884 0.0002253 -0.0217392 0.0065356 -0.0081754 -0.0102070 -0.0206737
0.0311961 -0.0148073 -0.0156289 0.0295062 -0.0543960 -0.0088535 -0.0047865 1.0865072 -0.0095014 -0.0547530 -0.0554246 0.0330721 -0.0151690 -0.0133004 -0.0127863 0.0398087 -0.0594596 -0.0605750 -0.0529483 0.0336814 -0.0131017 -0.0544144 0.0302417 -0.0136412 0.0347864 0.0319034 -0.0111358 -0.0060551 -0.0169807 -0.0531515 0.0303628 -0.0093949 0.0328890 0.0332612 -0.0506085 -0.0567980 -0.0115955 -0.0594973 -0.0043959 -0.0580260 -0.0096087 0.0393539 0.0359587 -0.0135938 0.0037759 -0.0448946 -0.0072418 0.0355061 -0.0127197 -0.0038686 -0.0062943 0.0436634 -0.0193820 -0.0566167 -0.0099341 -0.0057464 -0.0618917 -0.0156286 -0.0429574 -0.0013899 -0.0002770 -0.0110173 0.0432372 0.0476989 0.0322563 -0.0479856 0.0363307 -0.0097728 -0.0153312 0.0361626 -0.0599718 -0.0039025 -0.0581812 -0.0141723 -0.0115646 -0.0038354 -0.0521040 0.0444609 -0.0102488 -0.0425153 -0.0121885
-0.0415606 -0.0215609 -0.0089616 -0.0429439 0.0010487 -0.0115627 -0.0170647 -0.0095014 1.0830059 -0.0167600 0.0265284 -0.0332404 -0.0172045 -0.0209337 0.0229264 -0.0039071 0.0197169 0.0317649 0.0132042 -0.0341506 0.0082644 -0.0033098 -0.0621436 -0.0245894 -0.0196737 -0.0471201 0.0113626 -0.0008008 -0.0029657 0.0270569 -0.0001586 0.0035725 -0.0145286 -0.0253964 0.0037607 0.0145371 -0.0136471 0.0293524 -0.0048669 0.0134297 -0.0107158 -0.0441277 -0.0360792 0.0089908 -0.0224841 0.0015793 -0.0228292 -0.0318019 0.0110156 -0.0258145 -0.0088210 -0.0329712 0.0100174 0.0136408 -0.0011406 -0.0171232 0.0254248 -0.0041451 -0.0018692 -0.0246644 -0.0044415 -0.0257471 -0.0324407 -0.0475733 -0.0234373 0.0180122 -0.0327628 -0.0254629 -0.0052198 -0.0331585 0.0254059 -0.0034764 0.0131038 -0.0003889 0.0096772 -0.0115757 0.0263655 -0.0285870 -0.0160128 0.0060128 -0.0040556
-0.0442811 -0.0078983 -0.0136871 -0.0398226 0.0157121 -0.0209240 -0.0182197 -0.0547530 -0.0167600 1.0704004 0.0109347 -0.0403027 -0.0059920 -0.0064819 -0.0149887 -0.0530281 0.0341512 0.0330826 0.0213771 -0.0417538 -0.0083979 0.0243812 -0.0365554 -0.0112243 -0.0529962 -0.0399806 -0.0236216 -0.0100259 -0.0047909 0.0112699 -0.0443261 -0.0144399 -0.0458245 -0.0493940 0.0245251 0.0276135 -0.0077026 0.0299824 -0.0116224 0.0328190 0.0012018 -0.0420272 -0.0516978 -0.0093152 -0.0146134 0.0204869 -0.0035129 -0.0431725 -0.0094270 -0.0097968 -0.0042605 -0.0519060 0.0038652 0.0363320 -0.0031897 -0.0066206 0.0349491 -0.0087333 0.0259087 -0.0037767 -0.0108937 -0.0028189 -0.0434390 -0.0464226 -0.0462627 0.0281902 -0.0441164 -0.0089415 -0.0056594 -0.0440944 0.0392983 -0.0123296 0.0344328 -0.0048225 -0.0013032 -0.0126707 0.0307186 -0.0436839 -0.0060263 0.0266849 -0.0020648
-0.0885748 -0.0195337 -0.0018797 -0.0873258 0.0412980 -0.0092418 -0.0237728 -0.0554246 0.0265284 0.0109347 1.0992266 -0.0671819 -0.0149122 -0.0130452 0.0167575 -0.0625447 0.0835579 0.0920521 0.0493402 -0.0817867 0.0183535 0.0603537 -0.1024270 -0.0277656 -0.0721575 -0.1024163 0.0131147 0.0058394 -0.0120502 0.0682810 -0.0578325 -0.0074665 -0.0559798 -0.0649892 0.0586720 0.0728610 -0.0120952 0.0876395 -0.0120753 0.0683974 -0.0225873 -0.1007307 -0.0681803 0.0181902 -0.0338501 0.0424139 -0.0274566 -0.0794750 0.0190163 -0.0222719 -0.0092655 -0.0855347 0.0249985 0.0680192 0.0067755 -0.0172569 0.0823794 0.0075894 0.0359600 -0.0352191 -0.0127578 -0.0302616 -0.0904656 -0.1051301 -0.0623277 0.0602149 -0.0814284 -0.0174885 0.0089619 -0.0838577 0.0658097 -0.0127005 0.0690935 0.0131073 0.0234615 -0.0124142 0.0640017 -0.0910828 -0.0137002 0.0354918 -0.0111538
0.0514342 -0.0037411 -0.0166657 0.0490176 -0.0608122 -0.0103782 -0.0047847 0.0330721 -0.0332404 -0.0403027 -0.0671819 1.0826211 -0.0068966 -0.0039937 -0.0308984 0.0329625 -0.0728239 -0.0804508 -0.0620344 0.0517847 -0.0249455 -0.0657706 0.0606403 -0.0029224 0.0413359 0.0597866 -0.0248868 -0.0119370 -0.0084251 -0.0757390 0.0275572 -0.0107516 0.0363746 0.0418917 -0.0604765 -0.0715574 -0.0030626 -0.0795520 -0.0077338 -0.0704529 0.0024029 0.0643125 0.0422626 -0.0254642 0.0119679 -0.0548084 0.0066421 0.0518755 -0.0241171 0.0033858 -0.0016323 0.0533469 -0.0266987 -0.0639166 -0.0140161 -0.0002221 -0.0725664 -0.0122176 -0.0440357 0.0101949 -0.0020006 0.0067085 0.0569783 0.0703737 0.0424366 -0.0642343 0.0511352 -0.0003749 -0.0172896 0.0536843 -0.0659396 -0.0035442 -0.0648064 -0.0175609 -0.0238915 -0.0008293 -0.0642413 0.0588924 -0.0028672 -0.0443027 -0.0097254
-0.0144846 -0.0075029 -0.0103044 -0.0150469 -0.0091213 -0.0095435 -0.0154022 -0.0151690 -0.0172045 -0.0059920 -0.0149122 -0.0068966 1.0548183 -0.0084808 -0.0140222 -0.0199543 -0.0067475 -0.0095568 -0.0133652 -0.0079033 -0.0079906 -0.0061055 -0.0077975 -0.0089125 -0.0137450 -0.0089127 -0.0177647 -0.0084588 -0.0067032 -0.0134945 -0.0173496 -0.0097427 -0.0091165 -0.0075989 -0.0100870 -0.0058596 -0.0048150 -0.0088529 -0.0114326 -0.0086700 -0.0031675 -0.0033473 -0.0095238 -0.0113850 -0.0085616 -0.0120414 -0.0039566 -0.0053681 -0.0109125 -0.0058590 -0.0036281 -0.0090860 -0.0038823 -0.0032400 -0.0047615 -0.0059329 -0.0057541 -0.0057257 -0.0073604 -0.0056754 -0.0080522 -0.0055953 -0.0085708 -0.0020680 -0.0082111 -0.0097048 -0.0056957 -0.0037642 -0.0054807 -0.0051701 -0.0066579 -0.0089876 -0.0023774 -0.0036295 -0.0066635 -0.0081808 -0.0092826 -0.0048287 -0.0061155 -0.0085067 -0.0065953
-0.0157126 -0.0089780 -0.0110790 -0.0136163 -0.0092066 -0.0109194 -0.0154134 -0.0133004 -0.0209337 -0.0064819 -0.0130452 -0.0039937 -0.0084808 1.0551817 -0.0164112 -0.0208483 -0.0073842 -0.0116480 -0.0156642 -0.0080274 -0.0133598 -0.0089296 -0.0045418 -0.0113284 -0.0158612 -0.0021565 -0.0167056 -0.0103677 -0.0078631 -0.0178303 -0.0155712 -0.0118415 -0.0079266 -0.0048024 -0.0130806 -0.0086624 -0.0051743 -0.0135484 -0.0122356 -0.0092251 -0.0026353 -0.0025144 -0.0076415 -0.0105718 -0.0087240 -0.0135488 -0.0048869 -0.0036680 -0.0122190 -0.0071901 -0.0025703 -0.0087385 -0.0055093 -0.0056138 -0.0044389 -0.0065541 -0.0075060 -0.0056188 -0.0106600 -0.0036957 -0.0083793 -0.0031894 -0.0093490 -0.0009005 -0.0048197 -0.0115483 -0.0028987 -0.0046877 -0.0065488 -0.0058747 -0.0084219 -0.0081664 -0.0076722 -0.0072155 -0.0097675 -0.0087649 -0.0096430 -0.0049475 -0.0053572 -0.0093843 -0.0076367
-0.0517125 -0.0166897 -0.0067417 -0.0493335 0.0031497 -0.0058403 -0.0241426 -0.0127863 0.0229264 -0.0149887 0.0167575 -0.0308984 -0.0140222 -0.0164112 1.0669037 -0.0178305 0.0240849 0.0257265 0.0053799 -0.0306366 0.0047860 -0.0016009 -0.0568938 -0.0193708 -0.0233058 -0.0441634 0.0041142 -0.0063467 0.0006574 0.0158973 -0.0062700 -0.0060268 -0.0150081 -0.0217737 -0.0012857 0.0170258 -0.0116045 0.0268079 -0.0073951 0.0104192 -0.0091857 -0.0409147 -0.0305139 0.0051988 -0.0281543 -0.0014949 -0.0230334 -0.0302561 0.0044240 -0.0257706 -0.0085713 -0.0370699 0.0121108 0.0141984 -0.0006311 -0.0135754 0.0290156 0.0001261 -0.0057626 -0.0190254 -0.0058455 -0.0212002 -0.0335651 -0.0463732 -0.0205754 0.0105341 -0.0295644 -0.0234866 -0.0003307 -0.0310626 0.0180238 -0.0061504 0.0124179 0.0000312 0.0022864 -0.0169150 0.0227177 -0.0313851 -0.0129790 0.0000213 -0.0011034
0.0515810 -0.0148020 -0.0296690 0.0496619 -0.0746205 -0.0207767 0.0066101 0.0398087 -0.0039071 -0.0530281 -0.0625447 0.0329625 -0.0199543 -0.0208483 -0.0178305 1.0974870 -0.0779117 -0.0692838 -0.0500051 0.0321346 -0.0169875 -0.0772664 0.0355806 -0.0208244 0.0499527 0.0422702 -0.0168206 -0.0068388 -0.0233833 -0.0572658 0.0375347 -0.0040514 0.0380856 0.0315369 -0.0524287 -0.0774019 -0.0145935 -0.0713965 -0.0017362 -0.0629307 -0.0066034 0.0504343 0.0288794 -0.0150721 0.0154324 -0.0417436 -0.0046104 0.0400927 -0.0166110 -0.0086045 -0.0077787 0.0548885 -0.0321874 -0.0673812 -0.0197033 -0.0137818 -0.0775533 -0.0252080 -0.0381616 -0.0009463 0.0035291 -0.0056394 0.0592966 0.0593493 0.0286257 -0.0524512 0.0421127 -0.0110348 -0.0288026 0.0398917 -0.0603016 -0.0001947 -0.0701838 -0.0272530 -0.0109070 0.0016333 -0.0582516 0.0609874 -0.0111925 -0.0387661 -0.0162178
-0.1029122 -0.0109400 0.0134302 -0.0987709 0.0695011 0.0052414 -0.0198201 -0.0594596 0.0197169 0.0341512 0.0835579 -0.0728239 -0.0067475 -0.0073842 0.0240849 -0.0779117 1.1134570 0.0935087 0.0631619 -0.0774772 0.0184355 0.0775701 -0.1036817 -0.0139703 -0.0817819 -0.0989060 0.0105801 0.0070772 0.0026666 0.0790838 -0.0664908 -0.0078721 -0.0580289 -0.0648978 0.0601098 0.0853820 -0.0046931 0.0942581 -0.0094472 0.0767867 -0.0152075 -0.0991755 -0.0688481 0.0194233 -0.0358499 0.0521681 -0.0224044 -0.0762444 0.0193350 -0.0179320 -0.0050723 -0.0874340 0.0322188 0.0747025 0.0142185 -0.0090316 0.0936957 0.0151664 0.0418132 -0.0255213 -0.0119925 -0.0232468 -0.0937253 -0.1007640 -0.0605294 0.0639527 -0.0775172 -0.0112694 0.0162179 -0.0793282 0.0724066 -0.0097116 0.0777968 0.0188911 0.0192658 -0.0127229 0.0717636 -0.0905873 -0.0048969 0.0405355 0.0013014
-0.1012912 -0.0100317 0.0071317 -0.1007554 0.0656091 0.0007784 -0.0219827 -0.0605750 0.0317649 0.0330826 0.0920521 -0.0804508 -0.0095568 -0.0116480 0.0257265 -0.0692838 0.0935087 1.1255589 0.0650779 -0.0842562 0.0226620 0.0777499 -0.1098067 -0.0184284 -0.0763604 -0.1076088 0.0174266 0.0085299 -0.0029875 0.0861740 -0.0606048 -0.0060547 -0.0588041 -0.0683636 0.0655880 0.0882273 -0.0072137 0.0986066 -0.0076738 0.0819842 -0.0185520 -0.1046374 -0.0732296 0.0241297 -0.0352136 0.0545761 -0.0276678 -0.0811482 0.0218885 -0.0194653 -0.0071301 -0.0907242 0.0289644 0.0788082 0.0110875 -0.0135066 0.0975576 0.0104788 0.0426186 -0.0303771 -0.0117777 -0.0261458 -0.0973864 -0.1072755 -0.0659721 0.0702205 -0.0846658 -0.0157367 0.0138063 -0.0850266 0.0799155 -0.0084344 0.0798475 0.0160469 0.0228751 -0.0103328 0.0747065 -0.0936639 -0.0104165 0.0458837 -0.0009709
-0.0653642 -0.0160691 -0.0129525 -0.0639933 0.0322616 -0.0168773 -0.0169713 -0.0529483 0.0132042 0.0213771 0.0493402 -0.0620344 -0.0133652 -0.0156642 0.0053799 -0.0500051 0.0631619 0.0650779 1.0846386 -0.0658283 0.0047423 0.0398985 -0.0731755 -0.0219538 -0.0566756 -0.0788393 -0.0037527 -0.0013575 -0.0132223 0.0438032 -0.0484146 -0.0105867 -0.0494233 -0.0607725 0.0421608 0.0515731 -0.0110581 0.0628478 -0.0103350 0.0538766 -0.0146953 -0.0781200 -0.0622208 0.0061695 -0.0230844 0.0360870 -0.0215306 -0.0646270 0.0085346 -0.0174596 -0.0087775 -0.0669843 0.0121279 0.0521727 0.0021697 -0.0143244 0.0606366 -0.0030119 0.0348015 -0.0202766 -0.0093164 -0.0206701 -0.0667462 -0.0782356 -0.0585641 0.0481371 -0.0668288 -0.0157660 -0.0009043 -0.0671434 0.0566552 -0.0066067 0.0516651 -0.0003751 0.0144891 -0.0112365 0.0525468 -0.0679561 -0.0111253 0.0361967 -0.0097661
0.0473592 -0.0044211 -0.0182928 0.0481734 -0.0622846 -0.0120474 -0.0058948 0.0336814 -0.0341506 -0.0417538 -0.0817867 0.0517847 -0.0079033 -0.0080274 -0.0306366 0.0321346 -0.0774772 -0.0842562 -0.0658283 1.0924761 -0.0271038 -0.0703199 0.0618662 -0.0029599 0.0390140 0.0623946 -0.0262195 -0.0156872 -0.0109605 -0.0763152 0.0326076 -0.0112040 0.0366181 0.0433062 -0.0644716 -0.0744573 -0.0049268 -0.0847201 -0.0081806 -0.0723466 0.0050028 0.0678885 0.0465453 -0.0262989 0.0119133 -0.0584340 0.0060716 0.0540646 -0.0262848 0.0024620 -0.0013657 0.0548924 -0.0269007 -0.0680859 -0.0138580 -0.0004756 -0.0792475 -0.0170409 -0.0473450 0.0104150 -0.0017761 0.0037977 0.0609036 0.0731848 0.0425902 -0.0660448 0.0562101 0.0016537 -0.0174855 0.0547787 -0.0684038 -0.0043672 -0.0675938 -0.0213795 -0.0267918 -0.0029292 -0.0674156 0.0631127 -0.0021923 -0.0475772 -0.0079346
-0.0344278 -0.0144317 -0.0046058 -0.0367545 0.0048459 -0.0047240 -0.0084470 -0.0131017 0.0082644 -0.0083979 0.0183535 -0.0249455 -0.0079906 -0.0133598 0.0047860 -0.0169875 0.0184355 0.0226620 0.0047423 -0.0271038 1.0642138 0.0143944 -0.0400846 -0.0181666 -0.0239673 -0.0376103 0.0008813 0.0023370 -0.0097045 0.0208663 -0.0209626 -0.0075451 -0.0134253 -0.0179328 0.0085240 0.0142915 -0.0092580 0.0222096 -0.0084145 0.0108935 -0.0138092 -0.0334941 -0.0197525 0.0033462 -0.0155111 0.0056187 -0.0164975 -0.0234201 0.0045008 -0.0119739 -0.0054433 -0.0255965 0.0066787 0.0126037 0.0004188 -0.0117952 0.0198980 -0.0013492 0.0003555 -0.0162155 -0.0075977 -0.0201720 -0.0295890 -0.0329093 -0.0167288 0.0100820 -0.0254401 -0.0094173 -0.0001211 -0.0266148 0.0096365 -0.0064385 0.0127652 0.0014672 0.0050100 -0.0079161 0.0130835 -0.0261166 -0.0100621 0.0030674 -0.0069417
-0.0814821 -0.0114384 0.0073624 -0.0787438 0.0542766 -0.0010786 -0.0150807 -0.0544144 -0.0033098 0.0243812 0.0603537 -0.0657706 -0.0061055 -0.0089296 -0.0016009 -0.0772664 0.0775701 0.0777499 0.0398985 -0.0703199 0.0143944 1.0955083 -0.0781383 -0.0131170 -0.0712569 -0.0892920 0.0042498 0.0063674 -0.0176357 0.0603810 -0.0751682 -0.0133424 -0.0533042 -0.0543715 0.0543304 0.0719449 -0.0077385 0.0744999 -0.0138556 0.0596651 -0.0239259 -0.0887802 -0.0471458 0.0117285 -0.0293453 0.0454649 -0.0227876 -0.0674438 0.0127417 -0.0086014 -0.0078508 -0.0721138 0.0197561 0.0623912 0.0090564 -0.0107306 0.0702876 0.0086276 0.0364912 -0.0249210 -0.0151624 -0.0229879 -0.0877307 -0.0856695 -0.0528283 0.0493453 -0.0704640 -0.0033511 0.0127208 -0.0691789 0.0488186 -0.0104101 0.0625527 0.0145205 0.0174265 -0.0080139 0.0491673 -0.0829009 -0.0079098 0.0274465 -0.0105546
0.0788892 -0.0084635 -0.0302160 0.0761010 -0.0804267 -0.0244443 0.0028931 0.0302417 -0.0621436 -0.0365554 -0.1024270 0.0606403 -0.0077975 -0.0045418 -0.0568938 0.0355806 -0.1036817 -0.1098067 -0.0731755 0.0618662 -0.0400846 -0.0781383 1.1053163 -0.0039664 0.0429959 0.0792698 -0.0401233 -0.0176076 -0.0221503 -0.0964361 0.0134905 -0.0174392 0.0419776 0.0441523 -0.0660961 -0.0918999 -0.0041186 -0.1078801 -0.0086470 -0.0877397 0.0021927 0.0884856 0.0581233 -0.0385385 0.0293818 -0.0581793 0.0165995 0.0649946 -0.0366489 0.0141295 -0.0014231 0.0763898 -0.0446673 -0.0822396 -0.0226933 -0.0050298 -0.1089589 -0.0250667 -0.0443628 0.0184316 -0.0028301 0.0119816 0.0785866 0.1025511 0.0458405 -0.0769505 0.0673374 0.0081266 -0.0274289 0.0670204 -0.0868588 -0.0071957 -0.0857638 -0.0289522 -0.0288585 0.0069340 -0.0914606 0.0835242 -0.0022833 -0.0507842 -0.0164675
-0.0119017 -0.0021451 -0.0125071 -0.0103280 -0.0089001 -0.0118668 -0.0165921 -0.0136412 -0.0245894 -0.0112243 -0.0277656 -0.0029224 -0.0089125 -0.0113284 -0.0193708 -0.0208244 -0.0139703 -0.0184284 -0.0219538 -0.0029599 -0.0181666 -0.0131170 -0.0039664 1.0363050 -0.0119819 -0.0002163 -0.0205430 -0.0131167 -0.0110506 -0.0301964 -0.0110657 -0.0134146 -0.0071394 -0.0028439 -0.0207559 -0.0134902 -0.0082980 -0.0208765 -0.0092523 -0.0166736 -0.0049304 0.0041263 -0.0052484 -0.0134123 -0.0089160 -0.0144124 -0.0052239 0.0004384 -0.0154349 -0.0090208 -0.0050326 -0.0072731 -0.0070956 -0.0094887 -0.0054667 -0.0069151 -0.0128553 -0.0099366 -0.0105685 -0.0044245 -0.0083886 -0.0061261 -0.0032713 0.0028272 -0.0038285 -0.0194561 0.0016423 -0.0068148 -0.0101065 0.0004664 -0.0138085 -0.0080856 -0.0120513 -0.0107650 -0.0149401 -0.0109208 -0.0139751 -0.0005187 -0.0049883 -0.0124508 -0.0049316
0.0473328 -0.0082728 -0.0241968 0.0487647 -0.0694175 -0.0137343 -0.0032894 0.0347864 -0.0196737 -0.0529962 -0.0721575 0.0413359 -0.0137450 -0.0158612 -0.0233058 0.0499527 -0.0817819 -0.0763604 -0.0566756 0.0390140 -0.0239673 -0.0712569 0.0429959 -0.0119819 1.0849907 0.0512917 -0.0186339 -0.0129015 -0.0168772 -0.0686538 0.0298831 -0.0104636 0.0382389 0.0362285 -0.0579531 -0.0776686 -0.0119811 -0.0783985 -0.0057673 -0.0716101 -0.0031754 0.0606544 0.0354862 -0.0225999 0.0123623 -0.0529278 0.0003129 0.0470558 -0.0235367 -0.0029050 -0.0073901 0.0555242 -0.0297496 -0.0704328 -0.0193102 -0.0080744 -0.0795356 -0.0204515 -0.0441136 0.0037901 0.0021809 -0.0023951 0.0611361 0.0663842 0.0347141 -0.0603357 0.0491642 -0.0068935 -0.0241135 0.0481703 -0.0649308 -0.0048069 -0.0717903 -0.0253126 -0.0187451 0.0005929 -0.0633951 0.0619746 -0.0106651 -0.0442163 -0.0151892
0.0726663 -0.0045715 -0.0238524 0.0706902 -0.0764811 -0.0202773 -0.0030633 0.0319034 -0.0471201 -0.0399806 -0.1024163 0.0597866 -0.0089127 -0.0021565 -0.0441634 0.0422702 -0.0989060 -0.1076088 -0.0788393 0.0623946 -0.0376103 -0.0892920 0.0792698 -0.0002163 0.0512917 1.1099329 -0.0408344 -0.0218710 -0.0108010 -0.0975771 0.0337893 -0.0136925 0.0422288 0.0509791 -0.0743081 -0.0937982 -0.0007827 -0.1062224 -0.0065611 -0.0867009 0.0114230 0.0906464 0.0481823 -0.0357762 0.0219567 -0.0659084 0.0155076 0.0689233 -0.0354488 0.0063417 -0.0001572 0.0700067 -0.0393496 -0.0798026 -0.0225348 -0.0003815 -0.0976553 -0.0252641 -0.0503628 0.0181884 -0.0005406 0.0150233 0.0814109 0.0982841 0.0475676 -0.0779302 0.0695804 0.0020945 -0.0257137 0.0704138 -0.0789256 -0.0044920 -0.0837766 -0.0315945 -0.0346758 -0.0020321 -0.0821515 0.0839090 -0.0008605 -0.0514629 -0.0079566
-0.0329671 -0.0182117 -0.0080676 -0.0319860 -0.0051185 -0.0082218 -0.0137021 -0.0111358 0.0113626 -0.0236216 0.0131147 -0.0248868 -0.0177647 -0.0167056 0.0041142 -0.0168206 0.0105801 0.0174266 -0.0037527 -0.0262195 0.0008813 0.0042498 -0.0401233 -0.0205430 -0.0186339 -0.0408344 1.0516323 0.0009463 -0.0158450 0.0096275 -0.0159155 -0.0083919 -0.0098624 -0.0172821 0.0048397 0.0105013 -0.0116283 0.0158925 -0.0081709 0.0055634 -0.0172596 -0.0331868 -0.0190768 0.0031708 -0.0184452 0.0029750 -0.0186150 -0.0239192 0.0021988 -0.0119630 -0.0073439 -0.0211050 0.0024366 0.0056663 -0.0004622 -0.0128548 0.0117981 -0.0027291 -0.0033657 -0.0185790 -0.0072359 -0.0254047 -0.0248838 -0.0333813 -0.0160700 0.0073300 -0.0225821 -0.0140817 -0.0029775 -0.0268458 0.0035613 -0.0038462 0.0064491 0.0002915 0.0048283 -0.0086535 0.0103887 -0.0268533 -0.0133725 -0.0035321 -0.0131077
-0.0124615 -0.0104850 -0.0044803 -0.0127924 -0.0002195 -0.0055482 -0.0010181 -0.0060551 -0.0008008 -0.0100259 0.0058394 -0.0119370 -0.0084588 -0.0103677 -0.0063467 -0.0068388 0.0070772 0.0085299 -0.0013575 -0.0156872 0.0023370 0.0063674 -0.0176076 -0.0131167 -0.0129015 -0.0218710 0.0009463 1.0557717 -0.0149529 0.0031443 -0.0224982 -0.0066297 -0.0063915 -0.0100803 0.0064753 0.0026008 -0.0054060 0.0070114 -0.0073300 0.0032474 -0.0139222 -0.0180985 -0.0057425 0.0014495 -0.0052287 0.0033796 -0.0101079 -0.0117605 0.0013183 -0.0039124 -0.0036849 -0.0064867 -0.0011639 0.0030064 -0.0010503 -0.0072754 0.0007623 -0.0006394 0.0007732 -0.0113278 -0.0039144 -0.0133557 -0.0148767 -0.0125374 -0.0086952 0.0023130 -0.0128220 -0.0038555 -0.0002421 -0.0161218 -0.0043334 -0.0044009 0.0013123 -0.0018266 0.0051919 -0.0010414 -0.0021833 -0.0135808 -0.0072468 -0.0034815 -0.0126404
-0.0300789 -0.0095829 -0.0089290 -0.0318731 -0.0110903 -0.0113521 -0.0265585 -0.0169807 -0.0029657 -0.0047909 -0.0120502 -0.0084251 -0.0067032 -0.0078631 0.0006574 -0.0233833 0.0026666 -0.0029875 -0.0132223 -0.0109605 -0.0097045 -0.0176357 -0.0221503 -0.0110506 -0.0168772 -0.0108010 -0.0158450 -0.0149529 1.0525588 -0.0159439 -0.0064851 -0.0120340 -0.0116491 -0.0099490 -0.0166085 -0.0029201 -0.0060067 -0.0057317 -0.0112647 -0.0055087 0.0041108 -0.0093718 -0.0237505 -0.0128030 -0.0179844 -0.0167378 -0.0035322 -0.0082450 -0.0090638 -0.0156378 -0.0029836 -0.0238178 0.0039397 0.0016998 -0.0029611 -0.0052151 0.0073500 -0.0074337 -0.0135590 -0.0063215 -0.0076655 -0.0055946 -0.0140422 -0.0132091 -0.0099012 -0.0052900 -0.0075521 -0.0145277 -0.0054572 -0.0090440 0.0073135 -0.0086648 0.0003452 -0.0039193 -0.0130930 -0.0159836 0.0022909 -0.0126738 -0.0052623 -0.0059996 0.0045854
-0.0860768 -0.0201778 -0.0025849 -0.0864989 0.0446714 -0.0031134 -0.0184969 -0.0531515 0.0270569 0.0112699 0.0682810 -0.0757390 -0.0134945 -0.0178303 0.0158973 -0.0572658 0.0790838 0.0861740 0.0438032 -0.0763152 0.0208663 0.0603810 -0.0964361 -0.0301964 -0.0686538 -0.0975771 0.0096275 0.0031443 -0.0159439 1.0771090 -0.0551116 -0.0124142 -0.0501234 -0.0609931 0.0489185 0.0678238 -0.0122756 0.0809998 -0.0089351 0.0590604 -0.0225764 -0.0969814 -0.0646622 0.0179716 -0.0343101 0.0432131 -0.0303226 -0.0762311 0.0167138 -0.0208497 -0.0100932 -0.0779261 0.0208221 0.0619627 0.0082615 -0.0176552 0.0774552 0.0062062 0.0321921 -0.0332467 -0.0122737 -0.0329129 -0.0877632 -0.0980641 -0.0591893 0.0534795 -0.0780573 -0.0192460 0.0084573 -0.0795626 0.0596371 -0.0090256 0.0636234 0.0098617 0.0219230 -0.0134104 0.0596684 -0.0863277 -0.0112878 0.0311515 -0.0086196
0.0170787 -0.0097077 -0.0243620 0.0178340 -0.0558278 -0.0184098 -0.0200110 0.0303628 -0.0001586 -0.0443261 -0.0578325 0.0275572 -0.0173496 -0.0155712 -0.0062700 0.0375347 -0.0664908 -0.0606048 -0.0484146 0.0326076 -0.0209626 -0.0751682 0.0134905 -0.0110657 0.0298831 0.0337893 -0.0159155 -0.0224982 -0.0064851 -0.0551116 1.0540010 -0.0104306 0.0283339 0.0239127 -0.0612334 -0.0597129 -0.0123042 -0.0612089 -0.0052973 -0.0571276 0.0017040 0.0408884 0.0146437 -0.0160688 -0.0036967 -0.0522233 -0.0030735 0.0332700 -0.0165182 -0.0200001 -0.0072892 0.0299348 -0.0184932 -0.0555543 -0.0153644 -0.0065566 -0.0537747 -0.0187533 -0.0442081 -0.0018548 -0.0032835 -0.0027149 0.0462199 0.0415729 0.0228870 -0.0453360 0.0339731 -0.0189669 -0.0188946 0.0322246 -0.0417239 -0.0057066 -0.0572787 -0.0225200 -0.0204405 -0.0117739 -0.0380341 0.0461351 -0.0102111 -0.0363620 -0.0003235
-0.0053530 -0.0154608 -0.0180459 -0.0105857 -0.0182812 -0.0195478 -0.0089095 -0.0093949 0.0035725 -0.0144399 -0.0074665 -0.0107516 -0.0097427 -0.0118415 -0.0060268 -0.0040514 -0.0078721 -0.0060547 -0.0105867 -0.0112040 -0.0075451 -0.0133424 -0.0174392 -0.0134146 -0.0104636 -0.0136925 -0.0083919 -0.0066297 -0.0120340 -0.0124142 -0.0104306 1.0623012 -0.0058692 -0.0109044 -0.0043920 -0.0132655 -0.0075637 -0.0058973 -0.0088587 -0.0085678 -0.0064536 -0.0089307 -0.0161646 -0.0071215 -0.0039017 -0.0091122 -0.0079604 -0.0082709 -0.0065150 -0.0081915 -0.0053813 -0.0080652 -0.0079094 -0.0057211 -0.0082867 -0.0101420 -0.0082792 -0.0107351 -0.0051014 -0.0103368 -0.0071761 -0.0105388 -0.0047557 -0.0066463 -0.0119616 -0.0055015 -0.0106354 -0.0122963 -0.0111540 -0.0119237 -0.0033444 -0.0059223 -0.0077895 -0.0120070 -0.0022999 -0.0057371 -0.0038740 -0.0034590 -0.0099265 -0.0048528 -0.0103731
0.0412894 -0.0091553 -0.0127911 0.0410309 -0.0510649 -0.0070240 0.0017852 0.0328890 -0.0145286 -0.0458245 -0.0559798 0.0363746 -0.0091165 -0.0079266 -0.0150081 0.0380856 -0.0580289 -0.0588041 -0.0494233 0.0366181 -0.0134253 -0.0533042 0.0419776 -0.0071394 0.0382389 0.0422288 -0.0098624 -0.0063915 -0.0116491 -0.0501234 0.0283339 -0.0058692 1.0406170 0.0340481 -0.0436416 -0.0528249 -0.0051478 -0.0567952 -0.0013472 -0.0553246 -0.0042618 0.0433958 0.0365632 -0.0131582 0.0076903 -0.0383700 -0.0019007 0.0382186 -0.0124055 0.0008625 -0.0025853 0.0437447 -0.0196328 -0.0518609 -0.0101959 -0.0045982 -0.0579053 -0.0097046 -0.0354588 0.0029071 0.0005210 -0.0036097 0.0443425 0.0486702 0.0325145 -0.0462867 0.0382657 -0.0026016 -0.0129442 0.0386467 -0.0528710 -0.0016918 -0.0537791 -0.0125987 -0.0112184 0.0011766 -0.0489403 0.0445103 -0.0036636 -0.0366820 -0.0066129
0.0384829 -0.0063528 -0.0080296 0.0350955 -0.0495615 -0.0034186 -0.0018062 0.0332612 -0.0253964 -0.0493940 -0.0649892 0.0418917 -0.0075989 -0.0048024 -0.0217737 0.0315369 -0.0648978 -0.0683636 -0.0607725 0.0433062 -0.0179328 -0.0543715 0.0441523 -0.0028439 0.0362285 0.0509791 -0.0172821 -0.0100803 -0.0099490 -0.0609931 0.0239127 -0.0109044 0.0340481 1.0574356 -0.0555569 -0.0593334 -0.0025203 -0.0661552 -0.0075023 -0.0631103 -0.0029995 0.0524481 0.0421383 -0.0169833 0.0060504 -0.0483165 0.0007422 0.0453464 -0.0165775 0.0020936 -0.0024489 0.0472486 -0.0202337 -0.0566656 -0.0103494 -0.0015264 -0.0608859 -0.0083450 -0.0441014 0.0040701 -0.0024168 -0.0024809 0.0459381 0.0571176 0.0402944 -0.0552254 0.0462917 0.0004340 -0.0130924 0.0466347 -0.0621209 -0.0042108 -0.0575174 -0.0136324 -0.0190856 -0.0032283 -0.0581023 0.0479015 -0.0035445 -0.0441476 -0.0087904
-0.0586039 -0.0168931 -0.0062158 -0.0580291 0.0328326 -0.0120950 -0.0076221 -0.0506085 0.0037607 0.0245251 0.0586720 -0.0604765 -0.0100870 -0.0130806 -0.0012857 -0.0524287 0.0601098 0.0655880 0.0421608 -0.0644716 0.0085240 0.0543304 -0.0660961 -0.0207559 -0.0579531 -0.0743081 0.0048397 0.0064753 -0.0166085 0.0489185 -0.0612334 -0.0043920 -0.0436416 -0.0555569 1.0553105 0.0559307 -0.0107299 0.0631861 -0.0088172 0.0550355 -0.0168613 -0.0721943 -0.0526100 0.0075438 -0.0163080 0.0437481 -0.0178036 -0.0598704 0.0105827 -0.0087805 -0.0067621 -0.0579189 0.0101916 0.0539060 0.0026840 -0.0121774 0.0542183 0.0002388 0.0384189 -0.0217947 -0.0090787 -0.0165782 -0.0645003 -0.0694373 -0.0516257 0.0500121 -0.0618991 -0.0051534 0.0014254 -0.0633430 0.0482119 -0.0074693 0.0529866 0.0047523 0.0178969 -0.0025090 0.0446809 -0.0633290 -0.0101965 0.0335194 -0.0121956
-0.0982261 -0.0095954 0.0108371 -0.0963116 0.0655365 0.0019879 -0.0212470 -0.0567980 0.0145371 0.0276135 0.0728610 -0.0715574 -0.0058596 -0.0086624 0.0170258 -0.0774019 0.0853820 0.0882273 0.0515731 -0.0744573 0.0142915 0.0719449 -0.0918999 -0.0134902 -0.0776686 -0.0937982 0.0105013 0.0026008 -0.0029201 0.0678238 -0.0597129 -0.0132655 -0.0528249 -0.0593334 0.0559307 1.0684049 -0.0072954 0.0858337 -0.0081037 0.0705242 -0.0171482 -0.0943064 -0.0624126 0.0167832 -0.0362354 0.0426662 -0.0235084 -0.0723076 0.0179385 -0.0160368 -0.0050761 -0.0834807 0.0278322 0.0718832 0.0142045 -0.0108638 0.0851620 0.0111788 0.0358584 -0.0248308 -0.0118561 -0.0230369 -0.0903838 -0.0948748 -0.0569969 0.0567156 -0.0709294 -0.0122707 0.0152623 -0.0741903 0.0639467 -0.0103825 0.0708573 0.0162384 0.0148895 -0.0140978 0.0647196 -0.0874918 -0.0080006 0.0331337 0.0009113
-0.0076469 -0.0069166 -0.0072038 -0.0100080 -0.0058275 -0.0086977 -0.0118743 -0.0115955 -0.0136471 -0.0077026 -0.0120952 -0.0030626 -0.0048150 -0.0051743 -0.0116045 -0.0145935 -0.0046931 -0.0072137 -0.0110581 -0.0049268 -0.0092580 -0.0077385 -0.0041186 -0.0082980 -0.0119811 -0.0007827 -0.0116283 -0.0054060 -0.0060067 -0.0122756 -0.0123042 -0.0075637 -0.0051478 -0.0025203 -0.0107299 -0.0072954 1.0298697 -0.0090822 -0.0098123 -0.0076200 -0.0034655 -0.0011120 -0.0060937 -0.0082270 -0.0059697 -0.0090848 -0.0026698 -0.0021605 -0.0076348 -0.0017496 -0.0011913 -0.0069073 -0.0043577 -0.0043260 -0.0029959 -0.0050114 -0.0048820 -0.0035646 -0.0065922 -0.0034401 -0.0063767 -0.0034360 -0.0078426 0.0008436 -0.0028652 -0.0102901 -0.0031034 -0.0056153 -0.0041230 -0.0022230 -0.0059041 -0.0049886 -0.0036514 -0.0066190 -0.0061987 -0.0041542 -0.0094470 -0.0029508 -0.0056899 -0.0069383 -0.0033631
-0.1005601 -0.0135860 0.0060948 -0.0989222 0.0629906 -0.0014223 -0.0184414 -0.0594973 0.0293524 0.0299824 0.0876395 -0.0795520 -0.0088529 -0.0135484 0.0268079 -0.0713965 0.0942581 0.0986066 0.0628478 -0.0847201 0.0222096 0.0744999 -0.1078801 -0.0208765 -0.0783985 -0.1062224 0.0158925 0.0070114 -0.0057317 0.0809998 -0.0612089 -0.0058973 -0.0567952 -0.0661552 0.0631861 0.0858337 -0.0090822 1.0894649 -0.0082725 0.0774824 -0.0186727 -0.1051622 -0.0694638 0.0206545 -0.0361725 0.0537723 -0.0252760 -0.0821895 0.0240264 -0.0195616 -0.0067934 -0.0880438 0.0298276 0.0750296 0.0115370 -0.0139518 0.0939282 0.0099078 0.0419764 -0.0300107 -0.0115118 -0.0269409 -0.0941030 -0.1063232 -0.0651982 0.0678816 -0.0813913 -0.0153556 0.0128954 -0.0849800 0.0750326 -0.0094357 0.0761905 0.0164993 0.0242150 -0.0103849 0.0747854 -0.0936935 -0.0096657 0.0417151 -0.0016667
-0.0051786 -0.0106687 -0.0144356 -0.0038741 -0.0121846 -0.0131391 -0.0059612 -0.0043959 -0.0048669 -0.0116224 -0.0120753 -0.0077338 -0.0114326 -0.0122356 -0.0073951 -0.0017362 -0.0094472 -0.0076738 -0.0103350 -0.0081806 -0.0084145 -0.0138556 -0.0086470 -0.0092523 -0.0057673 -0.0065611 -0.0081709 -0.0073300 -0.0112647 -0.0089351 -0.0052973 -0.0088587 -0.0013472 -0.0075023 -0.0088172 -0.0081037 -0.0098123 -0.0082725 1.0262079 -0.0114593 -0.0071021 -0.0051967 -0.0091328 -0.0064542 -0.0036439 -0.0054948 -0.0080115 -0.0048360 -0.0062747 -0.0103680 -0.0064265 -0.0015576 -0.0073881 -0.0084206 -0.0048079 -0.0094549 -0.0109775 -0.0095289 -0.0021399 -0.0046493 -0.0013587 -0.0090292 -0.0005723 -0.0030398 -0.0068117 -0.0067883 -0.0034792 -0.0081649 -0.0095239 -0.0057111 -0.0083342 -0.0049567 -0.0104565 -0.0069838 -0.0018502 -0.0055085 -0.0057897 -0.0002279 -0.0088856 -0.0053828 -0.0067110
-0.0819688 -0.0116398 -0.0042788 -0.0797130 0.0451816 -0.0112832 -0.0200464 -0.0580260 0.0134297 0.0328190 0.0683974 -0.0704529 -0.0086700 -0.0092251 0.0104192 -0.0629307 0.0767867 0.0819842 0.0538766 -0.0723466 0.0108935 0.0596651 -0.0877397 -0.0166736 -0.0716101 -0.0867009 0.0055634 0.0032474 -0.0055087 0.0590604 -0.0571276 -0.0085678 -0.0553246 -0.0631103 0.0550355 0.0705242 -0.0076200 0.0774824 -0.0114593 1.0775610 -0.0123821 -0.0846864 -0.0677898 0.0132636 -0.0261903 0.0448995 -0.0175864 -0.0697444 0.0130463 -0.0159435 -0.0061797 -0.0772975 0.0214798 0.0671044 0.0057591 -0.0099208 0.0763301 0.0039533 0.0392324 -0.0219733 -0.0101427 -0.0179591 -0.0786213 -0.0884633 -0.0598427 0.0588482 -0.0716433 -0.0116579 0.0066442 -0.0732532 0.0669351 -0.0069354 0.0678122 0.0104746 0.0150989 -0.0115291 0.0620364 -0.0783852 -0.0076854 0.0388910 -0.0038476
-0.0010227 -0.0040285 -0.0134310 -0.0010605 -0.0191109 -0.0116133 -0.0154456 -0.0096087 -0.0107158 0.0012018 -0.0225873 0.0024029 -0.0031675 -0.0026353 -0.0091857 -0.0066034 -0.0152075 -0.0185520 -0.0146953 0.0050028 -0.0138092 -0.0239259 0.0021927 -0.0049304 -0.0031754 0.0114230 -0.0172596 -0.0139222 0.0041108 -0.0225764 0.0017040 -0.0064536 -0.0042618 -0.0029995 -0.0168613 -0.0171482 -0.0034655 -0.0186727 -0.0071021 -0.0123821 1.0261101 0.0112524 -0.0104518 -0.0144170 -0.0029388 -0.0168962 0.0043412 0.0054618 -0.0122699 -0.0068841 -0.0010478 -0.0029342 -0.0036887 -0.0068340 -0.0069013 -0.0031088 -0.0099914 -0.0099967 -0.0099448 0.0035852 -0.0037387 0.0062691 0.0077808 0.0070963 -0.0024559 -0.0119611 0.0061646 -0.0117466 -0.0077036 0.0050037 -0.0038717 -0.0027376 -0.0091457 -0.0107473 -0.0131770 -0.0070165 -0.0064195 0.0089850 -0.0006624 -0.0058585 0.0036305
0.0812482 0.0004804 -0.0264268 0.0793967 -0.0815657 -0.0159332 -0.0006068 0.0393539 -0.0441277 -0.0420272 -0.1007307 0.0643125 -0.0033473 -0.0025144 -0.0409147 0.0504343 -0.0991755 -0.1046374 -0.0781200 0.0678885 -0.0334941 -0.0887802 0.0884856 0.0041263 0.0606544 0.0906464 -0.0331868 -0.0180985 -0.0093718 -0.0969814 0.0408884 -0.0089307 0.0433958 0.0524481 -0.0721943 -0.0943064 -0.0011120 -0.1051622 -0.0051967 -0.0846864 0.0112524 1.0892718 0.0532644 -0.0343943 0.0238943 -0.0628159 0.0177959 0.0680539 -0.0306897 0.0080855 0.0014913 0.0722767 -0.0358783 -0.0792324 -0.0193581 0.0008322 -0.0978668 -0.0224109 -0.0484107 0.0194720 0.0003270 0.0178209 0.0840528 0.0990822 0.0490318 -0.0767959 0.0715743 0.0038064 -0.0234771 0.0723061 -0.0787040 -0.0020295 -0.0813503 -0.0279708 -0.0324809 0.0010838 -0.0804096 0.0830467 -0.0017442 -0.0500127 -0.0063267
0.0490446 -0.0068579 -0.0119178 0.0477761 -0.0523374 -0.0034402 0.0028695 0.0359587 -0.0360792 -0.0516978 -0.0681803 0.0422626 -0.0095238 -0.0076415 -0.0305139 0.0288794 -0.0688481 -0.0732296 -0.0622208 0.0465453 -0.0197525 -0.0471458 0.0581233 -0.0052484 0.0354862 0.0481823 -0.0190768 -0.0057425 -0.0237505 -0.0646622 0.0146437 -0.0161646 0.0365632 0.0421383 -0.0526100 -0.0624126 -0.0060937 -0.0694638 -0.0091328 -0.0677898 -0.0104518 0.0532644 1.0459396 -0.0183342 0.0113396 -0.0431789 -0.0031809 0.0475917 -0.0179545 0.0089478 -0.0016221 0.0547876 -0.0256191 -0.0611961 -0.0082299 -0.0028287 -0.0726882 -0.0085275 -0.0415239 0.0034135 -0.0025405 -0.0028069 0.0472683 0.0641576 0.0422917 -0.0588575 0.0489449 0.0057837 -0.0115060 0.0462098 -0.0748139 -0.0054714 -0.0624088 -0.0138138 -0.0155197 0.0010274 -0.0684791 0.0491735 -0.0063227 -0.0502245 -0.0154643
-0.0325652 -0.0078295 -0.0045257 -0.0339391 0.0084457 -0.0034302 -0.0102407 -0.0135938 0.0089908 -0.0093152 0.0181902 -0.0254642 -0.0113850 -0.0105718 0.0051988 -0.0150721 0.0194233 0.0241297 0.0061695 -0.0262989 0.0033462 0.0117285 -0.0385385 -0.0134123 -0.0225999 -0.0357762 0.0031708 0.0014495 -0.0128030 0.0179716 -0.0160688 -0.0071215 -0.0131582 -0.0169833 0.0075438 0.0167832 -0.0082270 0.0206545 -0.0064542 0.0132636 -0.0144170 -0.0343943 -0.0183342 1.0208021 -0.0146006 0.0097730 -0.0159677 -0.0235081 0.0054061 -0.0118841 -0.0056360 -0.0245380 0.0050030 0.0107056 0.0009997 -0.0102116 0.0215064 0.0001228 0.0036322 -0.0175311 -0.0036755 -0.0167512 -0.0280596 -0.0309352 -0.0151241 0.0112919 -0.0227486 -0.0110909 -0.0010788 -0.0235303 0.0109481 -0.0040628 0.0097738 0.0020132 0.0074856 -0.0051824 0.0130378 -0.0264177 -0.0089723 0.0020288 -0.0064962
0.0337308 -0.0107884 -0.0205140 0.0342836 -0.0361170 -0.0211632 0.0063591 0.0037759 -0.0224841 -0.0146134 -0.0338501 0.0119679 -0.0085616 -0.0087240 -0.0281543 0.0154324 -0.0358499 -0.0352136 -0.0230844 0.0119133 -0.0155111 -0.0293453 0.0293818 -0.0089160 0.0123623 0.0219567 -0.0184452 -0.0052287 -0.0179844 -0.0343101 -0.0036967 -0.0039017 0.0076903 0.0060504 -0.0163080 -0.0362354 -0.0059697 -0.0361725 -0.0036439 -0.0261903 -0.0029388 0.0238943 0.0113396 -0.0146006 1.0261936 -0.0156138 0.0048501 0.0150168 -0.0148550 0.0026359 -0.0027705 0.0247724 -0.0202474 -0.0260980 -0.0111405 -0.0044415 -0.0396485 -0.0152390 -0.0072689 0.0035187 -0.0020981 0.0025599 0.0257782 0.0317812 0.0059797 -0.0232780 0.0150178 0.0023965 -0.0151058 0.0145087 -0.0249589 -0.0019252 -0.0281250 -0.0174525 -0.0072593 0.0037406 -0.0297993 0.0248129 -0.0063620 -0.0110047 -0.0140714
-0.0501622 -0.0110000 -0.0074757 -0.0493285 0.0342672 -0.0079942 -0.0033955 -0.0448946 0.0015793 0.0204869 0.0424139 -0.0548084 -0.0120414 -0.0135488 -0.0014949 -0.0417436 0.0521681 0.0545761 0.0360870 -0.0584340 0.0056187 0.0454649 -0.0581793 -0.0144124 -0.0529278 -0.0659084 0.0029750 0.0033796 -0.0167378 0.0432131 -0.0522233 -0.0091122 -0.0383700 -0.0483165 0.0437481 0.0426662 -0.0090848 0.0537723 -0.0054948 0.0448995 -0.0168962 -0.0628159 -0.0431789 0.0097730 -0.0156138 1.0612814 -0.0155599 -0.0524208 0.0063542 -0.0097998 -0.0072240 -0.0484928 0.0081652 0.0422415 0.0013126 -0.0108316 0.0455527 -0.0015269 0.0326244 -0.0169327 -0.0081689 -0.0160810 -0.0580269 -0.0587532 -0.0459729 0.0393081 -0.0537110 -0.0038523 0.0008627 -0.0543799 0.0382671 -0.0056929 0.0427708 0.0029580 0.0144505 -0.0006718 0.0368480 -0.0542008 -0.0096878 0.0299294 -0.0089264
