1.1213019 -0.0155153 -0.0414570 0.1086699 -0.1064314 -0.0347178 0.0229910 0.0456531 -0.0498067 -0.0575476 -0.1125472 0.0685385 -0.0174814 -0.0192506 -0.0630753 0.0703931 -0.1261508 -0.1247738 -0.0814049 0.0658977 -0.0390495 -0.0962002 0.1075618 -0.0110118 0.0672624 0.0970198 -0.0383609 -0.0102084 -0.0355900 -0.1099119 0.0266909 -0.0062588 0.0578218 0.0573749 -0.0724510 -0.1198771 -0.0102097 -0.1260982 -0.0042090 -0.1043942 -0.0070896 0.1053478 0.0714091 -0.0370687 0.0428324 -0.0581183 0.0104243 0.0774470 -0.0388310 0.0158261 -0.0114418 0.1024662 -0.0586245 -0.1079787 -0.0273774 -0.0056098 -0.1366786 -0.0376534 -0.0518996 0.0142793 0.0048626 0.0083195 0.1030924 0.1218203 0.0571590 -0.0891522 0.0787721 0.0079158 -0.0372758 0.0784548 -0.1068917 0.0004034 -0.1117566 -0.0387253 -0.0239526 0.0106696 -0.1043538 0.1047977 -0.0091238 -0.0555278 -0.0266238
-0.0155153 1.0509424 -0.0014839 -0.0153755 -0.0133134 -0.0063800 -0.0155946 -0.0171406 -0.0221960 -0.0071627 -0.0210351 -0.0010736 -0.0089962 -0.0084333 -0.0154362 -0.0189228 -0.0120735 -0.0128126 -0.0130498 -0.0021584 -0.0158022 -0.0116035 -0.0086511 -0.0012803 -0.0077032 -0.0046148 -0.0172947 -0.0097774 -0.0069219 -0.0220614 -0.0103692 -0.0155363 -0.0098414 -0.0063189 -0.0166700 -0.0088738 -0.0072799 -0.0147062 -0.0121302 -0.0123027 -0.0005147 0.0015453 -0.0077031 -0.0089843 -0.0121929 -0.0136389 -0.0063679 -0.0050849 -0.0130048 -0.0076765 -0.0025555 -0.0073605 -0.0040699 -0.0080703 -0.0025542 -0.0042713 -0.0071626 -0.0066384 -0.0123881 -0.0036279 -0.0090503 -0.0020718 -0.0056413 -0.0016404 -0.0055691 -0.0131541 -0.0035452 -0.0080443 -0.0071951 0.0002710 -0.0111905 -0.0104832 -0.0089801 -0.0090292 -0.0102744 -0.0085852 -0.0093781 -0.0048648 -0.0072441 -0.0149637 -0.0010075
-0.0414570 -0.0014839 1.0354264 -0.0409898 0.0106520 0.0021093 -0.0188707 -0.0140562 -0.0096669 -0.0168552 -0.0010765 -0.0155746 -0.0109500 -0.0113776 -0.0051928 -0.0332081 0.0144047 0.0080765 -0.0129038 -0.0164644 -0.0053052 0.0096357 -0.0310279 -0.0124220 -0.0282720 -0.0233991 -0.0028214 -0.0042375 -0.0078325 -0.0007075 -0.0249846 -0.0179475 -0.0138064 -0.0065585 -0.0076412 0.0145742 -0.0079041 0.0074198 -0.0158856 -0.0056723 -0.0133031 -0.0296552 -0.0098745 -0.0025603 -0.0232747 -0.0095586 -0.0159166 -0.0158515 -0.0005295 -0.0101565 -0.0063986 -0.0255094 0.0063082 0.0043018 0.0002950 -0.0098450 0.0137974 0.0050801 -0.0111454 -0.0162221 -0.0116840 -0.0196807 -0.0307711 -0.0242891 -0.0035848 -0.0073077 -0.0161046 -0.0084450 0.0020987 -0.0161544 -0.0061507 -0.0135339 0.0045178 0.0033330 -0.0036610 -0.0151626 -0.0026633 -0.0267372 -0.0070023 -0.0117423 -0.0037574
0.1086699 -0.0153755 -0.0409898 1.1125866 -0.1023276 -0.0355625 0.0246352 0.0451288 -0.0534759 -0.0500363 -0.1122116 0.0659332 -0.0197009 -0.0164059 -0.0603918 0.0708397 -0.1240725 -0.1260414 -0.0799588 0.0683042 -0.0427794 -0.0963973 0.1056899 -0.0102276 0.0660596 0.0953493 -0.0354226 -0.0121606 -0.0380063 -0.1087940 0.0276050 -0.0102348 0.0578574 0.0521706 -0.0714547 -0.1206907 -0.0107487 -0.1244852 -0.0035015 -0.0995310 -0.0024519 0.1020838 0.0703122 -0.0373305 0.0425493 -0.0580051 0.0119420 0.0766929 -0.0382013 0.0138813 -0.0130487 0.0987450 -0.0567406 -0.1036854 -0.0275987 -0.0065361 -0.1388064 -0.0340748 -0.0466561 0.0181777 0.0053637 0.0106156 0.1039323 0.1189932 0.0494218 -0.0866066 0.0768158 0.0095210 -0.0373102 0.0746664 -0.1095245 0.0006399 -0.1100072 -0.0390261 -0.0242456 0.0066909 -0.0981906 0.1061178 -0.0103168 -0.0538625 -0.0286180
-0.1064314 -0.0133134 0.0106520 -0.1023276 1.0771363 0.0041001 -0.0239738 -0.0704795 0.0035475 0.0273603 0.0620089 -0.0752594 -0.0076290 -0.0057553 0.0094096 -0.0914669 0.0872291 0.0844472 0.0465290 -0.0793245 0.0066283 0.0710117 -0.0997195 -0.0074649 -0.0847090 -0.0970558 -0.0017189 -0.0009783 -0.0073305 0.0648818 -0.0686492 -0.0170141 -0.0653772 -0.0626993 0.0493200 0.0830957 -0.0038469 0.0838307 -0.0127240 0.0619971 -0.0195967 -0.0987130 -0.0658558 0.0121810 -0.0403968 0.0439769 -0.0237804 -0.0781607 0.0137214 -0.0189252 -0.0063188 -0.0911724 0.0250189 0.0715768 0.0140729 -0.0095453 0.0905028 0.0107618 0.0355283 -0.0212549 -0.0142779 -0.0281426 -0.1011457 -0.1010371 -0.0578892 0.0532244 -0.0751793 -0.0146214 0.0140847 -0.0805719 0.0611622 -0.0121346 0.0726934 0.0142112 0.0118093 -0.0178686 0.0634315 -0.0954195 -0.0078555 0.0329338 0.0013058
-0.0347178 -0.0063800 0.0021093 -0.0355625 0.0041001 1.0612276 -0.0136922 -0.0052158 -0.0104656 -0.0265058 -0.0085897 -0.0088712 -0.0107909 -0.0101717 -0.0018053 -0.0205860 0.0056629 -0.0002002 -0.0223967 -0.0110769 -0.0064322 -0.0007194 -0.0271304 -0.0123165 -0.0125782 -0.0211393 -0.0058617 -0.0044702 -0.0091965 -0.0037396 -0.0169147 -0.0210147 -0.0041676 -0.0000992 -0.0153671 0.0023510 -0.0102325 -0.0030817 -0.0129006 -0.0125811 -0.0128117 -0.0156487 0.0019264 -0.0026508 -0.0241323 -0.0114431 -0.0154146 -0.0062630 -0.0024602 -0.0100114 -0.0065372 -0.0143493 0.0022724 -0.0045863 0.0013378 -0.0083431 0.0044292 0.0004802 -0.0206608 -0.0140955 -0.0074921 -0.0165040 -0.0201935 -0.0154770 0.0012732 -0.0111920 -0.0090215 -0.0089616 0.0004240 -0.0052978 -0.0142136 -0.0096413 -0.0049800 0.0016805 -0.0038107 -0.0135523 -0.0090736 -0.0164968 -0.0076928 -0.0198248 -0.0026820
0.0229910 -0.0155946 -0.0188707 0.0246352 -0.0239738 -0.0136922 1.0801350 -0.0004389 -0.0219707 -0.0198970 -0.0273931 -0.0023793 -0.0160920 -0.0171092 -0.0319369 0.0129124 -0.0259950 -0.0273910 -0.0175663 -0.0037121 -0.0094934 -0.0156593 0.0102986 -0.0176557 0.0008569 0.0007483 -0.0144362 0.0017991 -0.0341780 -0.0230477 -0.0239190 -0.0095721 0.0052581 0.0010096 -0.0057249 -0.0273802 -0.0138606 -0.0235614 -0.0043227 -0.0233618 -0.0195858 0.0034484 0.0102045 -0.0105687 0.0132078 -0.0015607 -0.0115406 0.0031261 -0.0109986 0.0006445 -0.0075214 0.0186673 -0.0245582 -0.0238877 -0.0097411 -0.0091630 -0.0392572 -0.0146003 -0.0041341 -0.0073248 -0.0033899 -0.0137233 0.0084166 0.0193247 -0.0005627 -0.0191805 0.0033665 -0.0007246 -0.0147863 0.0004254 -0.0336002 -0.0026477 -0.0276123 -0.0144226 -0.0013592 0.0035088 -0.0300505 0.0098531 -0.0077522 -0.0112644 -0.0250490
0.0456531 -0.0171406 -0.0140562 0.0451288 -0.0704795 -0.0052158 -0.0004389 1.1132182 -0.0084722 -0.0736957 -0.0755062 0.0502531 -0.0183008 -0.0156747 -0.0119730 0.0563606 -0.0809365 -0.0793549 -0.0699059 0.0492981 -0.0135311 -0.0682984 0.0453126 -0.0123115 0.0520006 0.0485059 -0.0087912 -0.0048785 -0.0179441 -0.0679898 0.0463974 -0.0076889 0.0501174 0.0511126 -0.0694275 -0.0738034 -0.0131684 -0.0787237 -0.0023064 -0.0787771 -0.0123330 0.0551644 0.0560095 -0.0146274 0.0053722 -0.0568077 -0.0093407 0.0523057 -0.0133068 -0.0046499 -0.0110838 0.0630663 -0.0241059 -0.0757826 -0.0099968 -0.0045954 -0.0815656 -0.0173716 -0.0606700 -0.0017488 0.0013784 -0.0146666 0.0600410 0.0653090 0.0497980 -0.0647887 0.0528483 -0.0097545 -0.0167884 0.0528723 -0.0852080 -0.0007406 -0.0796522 -0.0170624 -0.0141022 -0.0043951 -0.0688551 0.0636699 -0.0116358 -0.0570221 -0.0147191
-0.0498067 -0.0221960 -0.0096669 -0.0534759 0.0035475 -0.0104656 -0.0219707 -0.0084722 1.1093580 -0.0201060 0.0356466 -0.0379120 -0.0189203 -0.0197071 0.0327300 -0.0002509 0.0240068 0.0374755 0.0175900 -0.0400579 0.0107820 -0.0055133 -0.0770204 -0.0272904 -0.0190137 -0.0552601 0.0154874 -0.0013631 0.0004585 0.0364019 0.0075064 0.0071443 -0.0144530 -0.0303600 0.0037319 0.0174813 -0.0140974 0.0375661 -0.0034001 0.0183230 -0.0079457 -0.0506343 -0.0451562 0.0126177 -0.0268457 0.0005175 -0.0253355 -0.0376264 0.0141442 -0.0325396 -0.0088837 -0.0390997 0.0129631 0.0154193 -0.0013309 -0.0196879 0.0331031 -0.0038120 -0.0010548 -0.0272208 -0.0050607 -0.0277993 -0.0342476 -0.0563465 -0.0252824 0.0228986 -0.0373156 -0.0319594 -0.0058115 -0.0386291 0.0353275 -0.0026207 0.0170719 -0.0004788 0.0118356 -0.0127879 0.0355410 -0.0338510 -0.0166861 0.0075781 0.0000310
-0.0575476 -0.0071627 -0.0168552 -0.0500363 0.0273603 -0.0265058 -0.0198970 -0.0736957 -0.0201060 1.0863699 0.0221747 -0.0546732 -0.0028900 -0.0029797 -0.0177287 -0.0696273 0.0506874 0.0486719 0.0393110 -0.0569889 -0.0104008 0.0360451 -0.0479818 -0.0098701 -0.0687558 -0.0517658 -0.0250965 -0.0121887 -0.0029149 0.0230936 -0.0589364 -0.0161703 -0.0617235 -0.0667624 0.0404119 0.0438470 -0.0059787 0.0444838 -0.0102032 0.0521528 0.0075876 -0.0550962 -0.0691739 -0.0100954 -0.0147913 0.0314537 0.0017879 -0.0559564 -0.0089747 -0.0106809 -0.0024897 -0.0681803 0.0069829 0.0548809 -0.0043280 -0.0081421 0.0519663 -0.0085140 0.0418696 0.0004750 -0.0129669 0.0020372 -0.0566767 -0.0614933 -0.0631589 0.0431092 -0.0581690 -0.0066167 -0.0075366 -0.0569215 0.0612629 -0.0129738 0.0530738 -0.0034927 -0.0009870 -0.0138900 0.0437358 -0.0572315 -0.0038726 0.0424761 -0.0000348
-0.1125472 -0.0210351 -0.0010765 -0.1122116 0.0620089 -0.0085897 -0.0273931 -0.0755062 0.0356466 0.0221747 1.1176651 -0.0896362 -0.0111125 -0.0105652 0.0227735 -0.0796459 0.1080779 0.1196310 0.0698470 -0.1040389 0.0236821 0.0814039 -0.1307758 -0.0307044 -0.0926498 -0.1312349 0.0185642 0.0072959 -0.0110159 0.0968091 -0.0738254 -0.0066208 -0.0764712 -0.0864440 0.0797000 0.0990830 -0.0107310 0.1185160 -0.0105044 0.0935348 -0.0234679 -0.1249074 -0.0903163 0.0231144 -0.0372632 0.0571189 -0.0295143 -0.1003059 0.0256790 -0.0251008 -0.0051023 -0.1096710 0.0324017 0.0926187 0.0073500 -0.0196776 0.1126880 0.0099197 0.0541958 -0.0412171 -0.0156920 -0.0329399 -0.1147503 -0.1304282 -0.0798893 0.0824139 -0.1030107 -0.0211032 0.0110450 -0.1058437 0.0967146 -0.0151469 0.0952911 0.0165293 0.0288323 -0.0102394 0.0840917 -0.1154794 -0.0159372 0.0511973 -0.0102644
0.0685385 -0.0010736 -0.0155746 0.0659332 -0.0752594 -0.0088712 -0.0023793 0.0502531 -0.0379120 -0.0546732 -0.0896362 1.1027800 -0.0087365 -0.0063251 -0.0343912 0.0464423 -0.0924085 -0.1021381 -0.0796250 0.0699657 -0.0267112 -0.0812673 0.0805153 -0.0009553 0.0557945 0.0791416 -0.0262496 -0.0126233 -0.0080625 -0.0949338 0.0426670 -0.0126333 0.0527339 0.0611653 -0.0779064 -0.0909812 -0.0036294 -0.1032115 -0.0079043 -0.0899237 0.0004035 0.0828249 0.0606676 -0.0302759 0.0153357 -0.0672566 0.0060285 0.0688046 -0.0285302 0.0046053 -0.0040548 0.0711941 -0.0305783 -0.0834273 -0.0136172 0.0009577 -0.0934565 -0.0129376 -0.0586020 0.0107384 0.0008330 0.0056894 0.0739868 0.0896466 0.0584116 -0.0827544 0.0678692 0.0026302 -0.0181742 0.0732430 -0.0891945 -0.0020812 -0.0861702 -0.0184794 -0.0283167 -0.0031008 -0.0806247 0.0780959 0.0001191 -0.0590597 -0.0108674
-0.0174814 -0.0089962 -0.0109500 -0.0197009 -0.0076290 -0.0107909 -0.0160920 -0.0183008 -0.0189203 -0.0028900 -0.0111125 -0.0087365 1.0710317 -0.0059072 -0.0134053 -0.0234309 -0.0058519 -0.0087355 -0.0119487 -0.0092507 -0.0092147 -0.0054726 -0.0077810 -0.0090160 -0.0155633 -0.0083154 -0.0200948 -0.0088132 -0.0068829 -0.0117051 -0.0182505 -0.0105514 -0.0101372 -0.0089605 -0.0079534 -0.0054161 -0.0043278 -0.0090423 -0.0130983 -0.0078547 -0.0014333 -0.0044564 -0.0094184 -0.0106536 -0.0097514 -0.0123086 -0.0030293 -0.0056653 -0.0115410 -0.0055746 -0.0044121 -0.0104578 -0.0036909 -0.0020625 -0.0052922 -0.0046175 -0.0044719 -0.0060449 -0.0054164 -0.0057945 -0.0084019 -0.0046234 -0.0093156 -0.0032303 -0.0101134 -0.0067384 -0.0074355 -0.0036011 -0.0042332 -0.0056793 -0.0053193 -0.0094785 -0.0003819 -0.0023785 -0.0064962 -0.0083770 -0.0087286 -0.0057860 -0.0069759 -0.0067541 -0.0058882
-0.0192506 -0.0084333 -0.0113776 -0.0164059 -0.0057553 -0.0101717 -0.0171092 -0.0156747 -0.0197071 -0.0029797 -0.0105652 -0.0063251 -0.0059072 1.0631270 -0.0166066 -0.0262761 -0.0049496 -0.0075806 -0.0128209 -0.0079991 -0.0134632 -0.0073109 -0.0065707 -0.0121541 -0.0192719 -0.0033761 -0.0175625 -0.0114578 -0.0059131 -0.0157017 -0.0159660 -0.0110024 -0.0113252 -0.0068747 -0.0126302 -0.0042656 -0.0058419 -0.0106522 -0.0141166 -0.0065202 -0.0016232 -0.0036271 -0.0094474 -0.0097548 -0.0089874 -0.0116077 -0.0059589 -0.0079627 -0.0121674 -0.0071443 -0.0023367 -0.0125822 -0.0038661 -0.0022553 -0.0042007 -0.0067503 -0.0041815 -0.0056144 -0.0089684 -0.0036481 -0.0098203 -0.0025661 -0.0147918 -0.0038541 -0.0055707 -0.0096688 -0.0060255 -0.0048830 -0.0051815 -0.0066758 -0.0034857 -0.0106006 -0.0044757 -0.0050587 -0.0104377 -0.0103127 -0.0073054 -0.0079127 -0.0047942 -0.0078317 -0.0078182
-0.0630753 -0.0154362 -0.0051928 -0.0603918 0.0094096 -0.0018053 -0.0319369 -0.0119730 0.0327300 -0.0177287 0.0227735 -0.0343912 -0.0134053 -0.0166066 1.0815347 -0.0153858 0.0290299 0.0316986 0.0096466 -0.0361209 0.0079823 -0.0026617 -0.0718099 -0.0207677 -0.0233436 -0.0526189 0.0079797 -0.0092487 0.0037176 0.0223024 0.0016683 -0.0042018 -0.0172328 -0.0240666 -0.0052429 0.0219778 -0.0128228 0.0339679 -0.0077465 0.0156022 -0.0059645 -0.0451193 -0.0397637 0.0092179 -0.0352849 -0.0041119 -0.0246216 -0.0357260 0.0080676 -0.0327564 -0.0083866 -0.0447465 0.0192789 0.0195759 -0.0005733 -0.0151612 0.0391510 0.0027782 -0.0070666 -0.0210517 -0.0041408 -0.0236401 -0.0387723 -0.0552251 -0.0226208 0.0169151 -0.0322440 -0.0295014 0.0007610 -0.0347184 0.0272215 -0.0041909 0.0165674 0.0016601 0.0030062 -0.0177828 0.0301423 -0.0354784 -0.0153361 0.0007621 0.0029503
0.0703931 -0.0189228 -0.0332081 0.0708397 -0.0914669 -0.0205860 0.0129124 0.0563606 -0.0002509 -0.0696273 -0.0796459 0.0464423 -0.0234309 -0.0262761 -0.0153858 1.1152378 -0.0963699 -0.0885956 -0.0622902 0.0488298 -0.0177627 -0.0958813 0.0493015 -0.0209635 0.0682341 0.0583932 -0.0152753 -0.0066287 -0.0246018 -0.0713897 0.0556678 -0.0038011 0.0553466 0.0461029 -0.0682516 -0.0982314 -0.0170719 -0.0893811 0.0030892 -0.0825696 -0.0087034 0.0647449 0.0426568 -0.0166687 0.0177776 -0.0531696 -0.0049428 0.0548632 -0.0167646 -0.0084440 -0.0125458 0.0736299 -0.0388286 -0.0872728 -0.0201174 -0.0152560 -0.0997251 -0.0268718 -0.0513887 -0.0013516 0.0065015 -0.0068975 0.0776499 0.0771936 0.0412720 -0.0677019 0.0574564 -0.0108792 -0.0316456 0.0534717 -0.0814983 0.0041515 -0.0903426 -0.0307266 -0.0108070 0.0043326 -0.0722197 0.0803930 -0.0144890 -0.0505532 -0.0199290
-0.1261508 -0.0120735 0.0144047 -0.1240725 0.0872291 0.0056629 -0.0259950 -0.0809365 0.0240068 0.0506874 0.1080779 -0.0924085 -0.0058519 -0.0049496 0.0290299 -0.0963699 1.1495913 0.1190757 0.0829699 -0.0993250 0.0216597 0.0953167 -0.1292654 -0.0145418 -0.1006311 -0.1248369 0.0139098 0.0078229 0.0035073 0.1017138 -0.0823034 -0.0094878 -0.0757559 -0.0856479 0.0787626 0.1105933 -0.0023884 0.1197681 -0.0107613 0.0981499 -0.0132015 -0.1229462 -0.0906659 0.0235550 -0.0405996 0.0656860 -0.0230739 -0.0950144 0.0252782 -0.0200214 -0.0021063 -0.1091481 0.0383518 0.0989975 0.0148841 -0.0104216 0.1215929 0.0157797 0.0582391 -0.0276994 -0.0160464 -0.0237206 -0.1160140 -0.1232190 -0.0783315 0.0853027 -0.0968219 -0.0125140 0.0192085 -0.0989166 0.0997027 -0.0131268 0.1040462 0.0211376 0.0229090 -0.0120755 0.0905847 -0.1141291 -0.0056437 0.0559929 0.0034314
-0.1247738 -0.0128126 0.0080765 -0.1260414 0.0844472 -0.0002002 -0.0273910 -0.0793549 0.0374755 0.0486719 0.1196310 -0.1021381 -0.0087355 -0.0075806 0.0316986 -0.0885956 0.1190757 1.1564245 0.0871209 -0.1081925 0.0276802 0.0986143 -0.1375362 -0.0210442 -0.0971193 -0.1357228 0.0217854 0.0092247 -0.0055100 0.1102838 -0.0776392 -0.0045914 -0.0786152 -0.0893196 0.0869453 0.1129972 -0.0046379 0.1271397 -0.0068582 0.1078059 -0.0182758 -0.1308075 -0.0970807 0.0290735 -0.0392868 0.0689292 -0.0286669 -0.1028361 0.0281088 -0.0214737 -0.0037850 -0.1137849 0.0362891 0.1043647 0.0109650 -0.0163625 0.1252025 0.0134080 0.0607343 -0.0334565 -0.0155638 -0.0280137 -0.1205589 -0.1327408 -0.0861558 0.0940087 -0.1059276 -0.0184930 0.0165445 -0.1076669 0.1107140 -0.0096538 0.1071473 0.0175467 0.0272712 -0.0087742 0.0972480 -0.1182228 -0.0123103 0.0625116 -0.0015052
-0.0814049 -0.0130498 -0.0129038 -0.0799588 0.0465290 -0.0223967 -0.0175663 -0.0699059 0.0175900 0.0393110 0.0698470 -0.0796250 -0.0119487 -0.0128209 0.0096466 -0.0622902 0.0829699 0.0871209 1.0963845 -0.0856422 0.0070570 0.0547932 -0.0921293 -0.0258366 -0.0743580 -0.0977323 -0.0033497 -0.0021487 -0.0134163 0.0619316 -0.0601414 -0.0110298 -0.0670443 -0.0800106 0.0603189 0.0713557 -0.0100197 0.0841494 -0.0099440 0.0736065 -0.0131030 -0.0980460 -0.0821747 0.0104436 -0.0260777 0.0490915 -0.0222882 -0.0821504 0.0110935 -0.0186775 -0.0059492 -0.0854431 0.0163997 0.0733582 0.0018603 -0.0154377 0.0819695 -0.0029617 0.0513569 -0.0209081 -0.0128741 -0.0184855 -0.0833239 -0.0981644 -0.0760602 0.0678132 -0.0845009 -0.0174250 0.0007028 -0.0856050 0.0806819 -0.0091679 0.0738090 0.0004744 0.0196944 -0.0088703 0.0697490 -0.0858772 -0.0129248 0.0507827 -0.0086152
0.0658977 -0.0021584 -0.0164644 0.0683042 -0.0793245 -0.0110769 -0.0037121 0.0492981 -0.0400579 -0.0569889 -0.1040389 0.0699657 -0.0092507 -0.0079991 -0.0361209 0.0488298 -0.0993250 -0.1081925 -0.0856422 1.1175787 -0.0310656 -0.0856010 0.0838664 -0.0013237 0.0572067 0.0843673 -0.0308723 -0.0171246 -0.0109596 -0.0982781 0.0483679 -0.0104095 0.0537987 0.0636654 -0.0837843 -0.0939691 -0.0065129 -0.1070685 -0.0087871 -0.0948254 0.0049954 0.0884391 0.0670235 -0.0304970 0.0146969 -0.0745438 0.0076571 0.0734224 -0.0322262 0.0059002 -0.0047381 0.0743194 -0.0315992 -0.0888432 -0.0149472 0.0035143 -0.1035568 -0.0196551 -0.0648367 0.0115808 0.0004294 0.0044340 0.0804749 0.0945407 0.0592085 -0.0857423 0.0744736 0.0032073 -0.0191715 0.0742434 -0.0934806 -0.0035765 -0.0895579 -0.0229862 -0.0318089 -0.0043015 -0.0846251 0.0839604 -0.0026630 -0.0623586 -0.0084125
-0.0390495 -0.0158022 -0.0053052 -0.0427794 0.0066283 -0.0064322 -0.0094934 -0.0135311 0.0107820 -0.0104008 0.0236821 -0.0267112 -0.0092147 -0.0134632 0.0079823 -0.0177627 0.0216597 0.0276802 0.0070570 -0.0310656 1.0868256 0.0168517 -0.0466586 -0.0206801 -0.0240879 -0.0416699 0.0012627 0.0029879 -0.0101546 0.0264517 -0.0218736 -0.0077003 -0.0139939 -0.0196887 0.0102008 0.0159578 -0.0094639 0.0270435 -0.0086702 0.0127152 -0.0145461 -0.0381282 -0.0209208 0.0053961 -0.0173949 0.0072849 -0.0184268 -0.0246080 0.0059028 -0.0137058 -0.0058801 -0.0290840 0.0086227 0.0141714 -0.0001835 -0.0109212 0.0243938 -0.0001492 0.0027776 -0.0174176 -0.0082404 -0.0213498 -0.0334078 -0.0371165 -0.0191803 0.0121339 -0.0290694 -0.0110441 0.0013895 -0.0279803 0.0134636 -0.0066351 0.0157769 0.0035598 0.0070004 -0.0069592 0.0152524 -0.0299302 -0.0108329 0.0031900 -0.0072354
-0.0962002 -0.0116035 0.0096357 -0.0963973 0.0710117 -0.0007194 -0.0156593 -0.0682984 -0.0055133 0.0360451 0.0814039 -0.0812673 -0.0054726 -0.0073109 -0.0026617 -0.0958813 0.0953167 0.0986143 0.0547932 -0.0856010 0.0168517 1.1134183 -0.0931854 -0.0141417 -0.0883747 -0.1099501 0.0070392 0.0096866 -0.0211792 0.0779266 -0.0956522 -0.0127004 -0.0679320 -0.0716370 0.0750316 0.0907625 -0.0060728 0.0953732 -0.0156276 0.0782077 -0.0261122 -0.1065074 -0.0581840 0.0132377 -0.0310428 0.0594734 -0.0230402 -0.0835249 0.0167432 -0.0054659 -0.0052004 -0.0857809 0.0230373 0.0821191 0.0095146 -0.0109678 0.0888869 0.0111434 0.0547887 -0.0266391 -0.0182805 -0.0239854 -0.1065691 -0.1010351 -0.0681293 0.0654266 -0.0866773 -0.0006856 0.0148845 -0.0857408 0.0665956 -0.0127457 0.0854856 0.0183335 0.0207870 -0.0052619 0.0568770 -0.1013780 -0.0093338 0.0384780 -0.0153065
0.1075618 -0.0086511 -0.0310279 0.1056899 -0.0997195 -0.0271304 0.0102986 0.0453126 -0.0770204 -0.0479818 -0.1307758 0.0805153 -0.0077810 -0.0065707 -0.0718099 0.0493015 -0.1292654 -0.1375362 -0.0921293 0.0838664 -0.0466586 -0.0931854 1.1251221 -0.0005742 0.0607125 0.1065592 -0.0454799 -0.0159151 -0.0228791 -0.1225609 0.0205204 -0.0201184 0.0553498 0.0647302 -0.0804176 -0.1157582 -0.0057731 -0.1357437 -0.0089528 -0.1097162 -0.0007781 0.1139135 0.0808283 -0.0446253 0.0373745 -0.0671841 0.0212233 0.0862664 -0.0428694 0.0208801 -0.0065714 0.1007278 -0.0537401 -0.1046556 -0.0233439 -0.0021309 -0.1382251 -0.0292856 -0.0564754 0.0200690 -0.0004651 0.0169153 0.1012855 0.1295442 0.0633803 -0.0985950 0.0864132 0.0158990 -0.0319810 0.0882549 -0.1140039 -0.0060846 -0.1100772 -0.0319137 -0.0319657 0.0089468 -0.1137671 0.1065922 -0.0005028 -0.0657396 -0.0193801
-0.0110118 -0.0012803 -0.0124220 -0.0102276 -0.0074649 -0.0123165 -0.0176557 -0.0123115 -0.0272904 -0.0098701 -0.0307044 -0.0009553 -0.0090160 -0.0121541 -0.0207677 -0.0209635 -0.0145418 -0.0210442 -0.0258366 -0.0013237 -0.0206801 -0.0141417 -0.0005742 1.0257274 -0.0129068 0.0053322 -0.0216478 -0.0146578 -0.0074339 -0.0341423 -0.0093134 -0.0144556 -0.0054007 0.0001446 -0.0223762 -0.0156302 -0.0082519 -0.0239557 -0.0088528 -0.0176241 -0.0032862 0.0058750 -0.0031895 -0.0143638 -0.0106491 -0.0165382 -0.0015736 0.0047903 -0.0164945 -0.0082442 -0.0045771 -0.0065506 -0.0061387 -0.0094064 -0.0047386 -0.0060161 -0.0149869 -0.0087269 -0.0136770 -0.0021818 -0.0081449 -0.0046809 -0.0004589 0.0034323 -0.0024196 -0.0203801 0.0040786 -0.0068408 -0.0077011 0.0007906 -0.0162040 -0.0071139 -0.0148827 -0.0091131 -0.0163247 -0.0121039 -0.0156236 0.0006628 -0.0040209 -0.0120807 -0.0027498
0.0672624 -0.0077032 -0.0282720 0.0660596 -0.0847090 -0.0125782 0.0008569 0.0520006 -0.0190137 -0.0687558 -0.0926498 0.0557945 -0.0155633 -0.0192719 -0.0233436 0.0682341 -0.1006311 -0.0971193 -0.0743580 0.0572067 -0.0240879 -0.0883747 0.0607125 -0.0129068 1.0960733 0.0725139 -0.0185860 -0.0134731 -0.0183933 -0.0845913 0.0474618 -0.0115825 0.0558487 0.0543961 -0.0763410 -0.0968061 -0.0131142 -0.0989247 -0.0041136 -0.0910497 -0.0046980 0.0781402 0.0536263 -0.0261211 0.0152532 -0.0656374 0.0018316 0.0646891 -0.0277388 -0.0033071 -0.0101160 0.0741054 -0.0344579 -0.0914934 -0.0199111 -0.0062803 -0.1019178 -0.0209872 -0.0587993 0.0040038 0.0058227 -0.0044087 0.0785456 0.0847189 0.0512745 -0.0786537 0.0656530 -0.0073103 -0.0258406 0.0643108 -0.0881925 -0.0021084 -0.0951880 -0.0287338 -0.0205533 -0.0000855 -0.0773553 0.0804981 -0.0120405 -0.0565856 -0.0161722
0.0970198 -0.0046148 -0.0233991 0.0953493 -0.0970558 -0.0211393 0.0007483 0.0485059 -0.0552601 -0.0517658 -0.1312349 0.0791416 -0.0083154 -0.0033761 -0.0526189 0.0583932 -0.1248369 -0.1357228 -0.0977323 0.0843673 -0.0416699 -0.1099501 0.1065592 0.0053322 0.0725139 1.1320809 -0.0463695 -0.0255940 -0.0094296 -0.1221447 0.0534471 -0.0156230 0.0591357 0.0719346 -0.0963047 -0.1183684 -0.0014195 -0.1337231 -0.0051644 -0.1110572 0.0154386 0.1155141 0.0667556 -0.0432198 0.0273162 -0.0801522 0.0186360 0.0884930 -0.0436498 0.0095962 -0.0033973 0.0926690 -0.0465326 -0.1037636 -0.0231021 0.0015164 -0.1247998 -0.0283641 -0.0684847 0.0208512 0.0039065 0.0187193 0.1054498 0.1229130 0.0636206 -0.0998100 0.0903047 0.0044023 -0.0276180 0.0934933 -0.1050326 -0.0042661 -0.1089116 -0.0350744 -0.0410550 -0.0055105 -0.1021049 0.1087151 0.0011163 -0.0650608 -0.0060197
-0.0383609 -0.0172947 -0.0028214 -0.0354226 -0.0017189 -0.0058617 -0.0144362 -0.0087912 0.0154874 -0.0250965 0.0185642 -0.0262496 -0.0200948 -0.0175625 0.0079797 -0.0152753 0.0139098 0.0217854 -0.0033497 -0.0308723 0.0012627 0.0070392 -0.0454799 -0.0216478 -0.0185860 -0.0463695 1.0568933 0.0014528 -0.0190095 0.0148498 -0.0172193 -0.0077097 -0.0088338 -0.0205059 0.0078901 0.0145066 -0.0122748 0.0204423 -0.0064141 0.0063452 -0.0204776 -0.0373986 -0.0210786 0.0061377 -0.0199149 0.0031317 -0.0209750 -0.0263323 0.0051087 -0.0128754 -0.0071503 -0.0217898 0.0040567 0.0078781 0.0002576 -0.0156762 0.0149783 -0.0006994 -0.0034424 -0.0211622 -0.0078902 -0.0286729 -0.0275833 -0.0372273 -0.0182575 0.0084704 -0.0241476 -0.0158830 -0.0023376 -0.0298787 0.0060814 -0.0030681 0.0081732 -0.0001396 0.0069417 -0.0071139 0.0126056 -0.0296350 -0.0142450 -0.0026102 -0.0145719
-0.0102084 -0.0097774 -0.0042375 -0.0121606 -0.0009783 -0.0044702 0.0017991 -0.0048785 -0.0013631 -0.0121887 0.0072959 -0.0126233 -0.0088132 -0.0114578 -0.0092487 -0.0066287 0.0078229 0.0092247 -0.0021487 -0.0171246 0.0029879 0.0096866 -0.0159151 -0.0146578 -0.0134731 -0.0255940 0.0014528 1.0778694 -0.0195109 0.0041914 -0.0265505 -0.0066133 -0.0064533 -0.0116348 0.0094545 0.0019977 -0.0054787 0.0074589 -0.0076040 0.0031044 -0.0171498 -0.0188960 -0.0016862 0.0021575 -0.0046168 0.0080288 -0.0108533 -0.0121888 0.0002239 -0.0016063 -0.0040742 -0.0057435 -0.0034248 0.0032217 -0.0010860 -0.0088814 -0.0004674 -0.0000071 0.0006412 -0.0121186 -0.0043587 -0.0141480 -0.0150924 -0.0119556 -0.0082631 0.0023245 -0.0132243 -0.0026715 0.0000758 -0.0166299 -0.0061842 -0.0059058 0.0000707 -0.0021722 0.0074271 0.0016764 -0.0057183 -0.0146668 -0.0073980 -0.0040051 -0.0157075
-0.0355900 -0.0069219 -0.0078325 -0.0380063 -0.0073305 -0.0091965 -0.0341780 -0.0179441 0.0004585 -0.0029149 -0.0110159 -0.0080625 -0.0068829 -0.0059131 0.0037176 -0.0246018 0.0035073 -0.0055100 -0.0134163 -0.0109596 -0.0101546 -0.0211792 -0.0228791 -0.0074339 -0.0183933 -0.0094296 -0.0190095 -0.0195109 1.0662321 -0.0170807 0.0015703 -0.0137402 -0.0122542 -0.0097578 -0.0207570 -0.0027815 -0.0056368 -0.0046840 -0.0102712 -0.0045335 0.0091502 -0.0079090 -0.0278845 -0.0150812 -0.0220938 -0.0215642 -0.0023720 -0.0091123 -0.0103088 -0.0210680 -0.0019125 -0.0296346 0.0075811 0.0035415 -0.0014611 -0.0053850 0.0103081 -0.0081984 -0.0159089 -0.0053138 -0.0083214 -0.0018759 -0.0130794 -0.0152561 -0.0093774 -0.0051626 -0.0056423 -0.0178459 -0.0037734 -0.0091998 0.0125936 -0.0079774 0.0014157 -0.0035205 -0.0163070 -0.0195980 0.0076369 -0.0136325 -0.0049967 -0.0075041 0.0119453
-0.1099119 -0.0220614 -0.0007075 -0.1087940 0.0648818 -0.0037396 -0.0230477 -0.0679898 0.0364019 0.0230936 0.0968091 -0.0949338 -0.0117051 -0.0157017 0.0223024 -0.0713897 0.1017138 0.1102838 0.0619316 -0.0982781 0.0264517 0.0779266 -0.1225609 -0.0341423 -0.0845913 -0.1221447 0.0148498 0.0041914 -0.0170807 1.0855597 -0.0691296 -0.0106268 -0.0668642 -0.0787588 0.0697311 0.0899250 -0.0114609 0.1065230 -0.0099885 0.0819535 -0.0243314 -0.1195650 -0.0841033 0.0264737 -0.0372808 0.0559505 -0.0325629 -0.0936793 0.0240096 -0.0223636 -0.0063820 -0.0981623 0.0274611 0.0831430 0.0082203 -0.0193537 0.1026787 0.0084877 0.0484440 -0.0354835 -0.0157113 -0.0351932 -0.1089222 -0.1180271 -0.0761812 0.0720313 -0.0978617 -0.0226808 0.0086612 -0.0999697 0.0861479 -0.0101370 0.0882573 0.0141768 0.0267129 -0.0125687 0.0761825 -0.1076505 -0.0118972 0.0446411 -0.0101809
0.0266909 -0.0103692 -0.0249846 0.0276050 -0.0686492 -0.0169147 -0.0239190 0.0463974 0.0075064 -0.0589364 -0.0738254 0.0426670 -0.0182505 -0.0159660 0.0016683 0.0556678 -0.0823034 -0.0776392 -0.0601414 0.0483679 -0.0218736 -0.0956522 0.0205204 -0.0093134 0.0474618 0.0534471 -0.0172193 -0.0265505 0.0015703 -0.0691296 1.0517817 -0.0104201 0.0430928 0.0393659 -0.0809219 -0.0760496 -0.0137660 -0.0773414 -0.0026297 -0.0735991 0.0065655 0.0578689 0.0251313 -0.0182299 -0.0061341 -0.0681983 -0.0024137 0.0473156 -0.0199900 -0.0258941 -0.0115980 0.0411413 -0.0187920 -0.0712178 -0.0149706 -0.0049783 -0.0673206 -0.0184336 -0.0610984 -0.0010262 -0.0012026 -0.0020107 0.0626844 0.0531846 0.0372510 -0.0582862 0.0486894 -0.0254609 -0.0189648 0.0472552 -0.0544655 -0.0017166 -0.0730195 -0.0226572 -0.0253412 -0.0169812 -0.0432540 0.0616373 -0.0104017 -0.0468136 0.0038896
-0.0062588 -0.0155363 -0.0179475 -0.0102348 -0.0170141 -0.0210147 -0.0095721 -0.0076889 0.0071443 -0.0161703 -0.0066208 -0.0126333 -0.0105514 -0.0110024 -0.0042018 -0.0038011 -0.0094878 -0.0045914 -0.0110298 -0.0104095 -0.0077003 -0.0127004 -0.0201184 -0.0144556 -0.0115825 -0.0156230 -0.0077097 -0.0066133 -0.0137402 -0.0106268 -0.0104201 1.0776569 -0.0056822 -0.0134280 -0.0019969 -0.0130627 -0.0073799 -0.0042734 -0.0072470 -0.0079575 -0.0060729 -0.0109733 -0.0191159 -0.0063055 -0.0042675 -0.0078893 -0.0099010 -0.0081953 -0.0048369 -0.0101861 -0.0059155 -0.0077749 -0.0081499 -0.0058574 -0.0088992 -0.0120559 -0.0073602 -0.0124997 -0.0049971 -0.0097933 -0.0057308 -0.0120709 -0.0062772 -0.0078621 -0.0130822 -0.0048909 -0.0116935 -0.0131213 -0.0133275 -0.0143191 -0.0005686 -0.0056775 -0.0075615 -0.0111729 -0.0014053 -0.0061309 -0.0009092 -0.0046995 -0.0095854 -0.0039420 -0.0105563
0.0578218 -0.0098414 -0.0138064 0.0578574 -0.0653772 -0.0041676 0.0052581 0.0501174 -0.0144530 -0.0617235 -0.0764712 0.0527339 -0.0101372 -0.0113252 -0.0172328 0.0553466 -0.0757559 -0.0786152 -0.0670443 0.0537987 -0.0139939 -0.0679320 0.0553498 -0.0054007 0.0558487 0.0591357 -0.0088338 -0.0064533 -0.0122542 -0.0668642 0.0430928 -0.0056822 1.0484071 0.0492810 -0.0593187 -0.0694510 -0.0070496 -0.0761812 -0.0006020 -0.0750965 -0.0061222 0.0605267 0.0547103 -0.0157226 0.0107195 -0.0498211 -0.0033221 0.0533015 -0.0159050 0.0035825 -0.0042305 0.0608174 -0.0245046 -0.0713099 -0.0093017 -0.0038325 -0.0777084 -0.0106107 -0.0514934 0.0038183 0.0037936 -0.0050629 0.0606105 0.0656031 0.0493687 -0.0625850 0.0541581 -0.0013616 -0.0150258 0.0547787 -0.0743565 -0.0000891 -0.0735415 -0.0133829 -0.0128058 0.0009136 -0.0646944 0.0626507 -0.0037935 -0.0505868 -0.0066664
0.0573749 -0.0063189 -0.0065585 0.0521706 -0.0626993 -0.0000992 0.0010096 0.0511126 -0.0303600 -0.0667624 -0.0864440 0.0611653 -0.0089605 -0.0068747 -0.0240666 0.0461029 -0.0856479 -0.0893196 -0.0800106 0.0636654 -0.0196887 -0.0716370 0.0647302 0.0001446 0.0543961 0.0719346 -0.0205059 -0.0116348 -0.0097578 -0.0787588 0.0393659 -0.0134280 0.0492810 1.0730842 -0.0760936 -0.0768585 -0.0038244 -0.0884754 -0.0071797 -0.0856167 -0.0040647 0.0721894 0.0619090 -0.0198986 0.0082016 -0.0614614 -0.0009921 0.0638469 -0.0213006 0.0034945 -0.0056329 0.0668073 -0.0256600 -0.0784930 -0.0101498 -0.0006936 -0.0814017 -0.0097229 -0.0618807 0.0041452 -0.0004238 -0.0029130 0.0643019 0.0776988 0.0586759 -0.0709938 0.0643358 0.0035117 -0.0144629 0.0650810 -0.0863288 -0.0022219 -0.0798324 -0.0152072 -0.0237830 -0.0043698 -0.0758774 0.0677292 -0.0031371 -0.0603043 -0.0065949
-0.0724510 -0.0166700 -0.0076412 -0.0714547 0.0493200 -0.0153671 -0.0057249 -0.0694275 0.0037319 0.0404119 0.0797000 -0.0779064 -0.0079534 -0.0126302 -0.0052429 -0.0682516 0.0787626 0.0869453 0.0603189 -0.0837843 0.0102008 0.0750316 -0.0804176 -0.0223762 -0.0763410 -0.0963047 0.0078901 0.0094545 -0.0207570 0.0697311 -0.0809219 -0.0019969 -0.0593187 -0.0760936 1.0652264 0.0766926 -0.0109613 0.0858888 -0.0091841 0.0770402 -0.0186904 -0.0905444 -0.0698960 0.0099540 -0.0148156 0.0602473 -0.0170547 -0.0766534 0.0143630 -0.0081908 -0.0030956 -0.0738410 0.0118645 0.0744809 0.0031620 -0.0141007 0.0728137 0.0009074 0.0571260 -0.0245404 -0.0133034 -0.0173702 -0.0828173 -0.0860766 -0.0685074 0.0703904 -0.0799920 -0.0031540 0.0029784 -0.0843785 0.0703206 -0.0093775 0.0730195 0.0051597 0.0231732 0.0019056 0.0595266 -0.0817817 -0.0082912 0.0484128 -0.0146771
-0.1198771 -0.0088738 0.0145742 -0.1206907 0.0830957 0.0023510 -0.0273802 -0.0738034 0.0174813 0.0438470 0.0990830 -0.0909812 -0.0054161 -0.0042656 0.0219778 -0.0982314 0.1105933 0.1129972 0.0713557 -0.0939691 0.0159578 0.0907625 -0.1157582 -0.0156302 -0.0968061 -0.1183684 0.0145066 0.0019977 -0.0027815 0.0899250 -0.0760496 -0.0130627 -0.0694510 -0.0768585 0.0766926 1.0826364 -0.0061169 0.1118406 -0.0090536 0.0930591 -0.0170283 -0.1165407 -0.0822322 0.0216177 -0.0406329 0.0568144 -0.0236978 -0.0914824 0.0237675 -0.0183279 -0.0002324 -0.1048610 0.0343287 0.0945367 0.0137070 -0.0142993 0.1125580 0.0142196 0.0517059 -0.0261808 -0.0155169 -0.0241900 -0.1131854 -0.1172678 -0.0750771 0.0772434 -0.0897766 -0.0131971 0.0188689 -0.0946062 0.0907846 -0.0143084 0.0969475 0.0201884 0.0184024 -0.0134571 0.0831915 -0.1098182 -0.0082784 0.0485355 0.0026256
-0.0102097 -0.0072799 -0.0079041 -0.0107487 -0.0038469 -0.0102325 -0.0138606 -0.0131684 -0.0140974 -0.0059787 -0.0107310 -0.0036294 -0.0043278 -0.0058419 -0.0128228 -0.0170719 -0.0023884 -0.0046379 -0.0100197 -0.0065129 -0.0094639 -0.0060728 -0.0057731 -0.0082519 -0.0131142 -0.0014195 -0.0122748 -0.0054787 -0.0056368 -0.0114609 -0.0137660 -0.0073799 -0.0070496 -0.0038244 -0.0109613 -0.0061169 1.0392916 -0.0073913 -0.0118374 -0.0067109 -0.0044323 -0.0014697 -0.0067123 -0.0072768 -0.0067188 -0.0062230 -0.0026262 -0.0038313 -0.0084116 -0.0015338 -0.0010471 -0.0083355 -0.0041926 -0.0026501 -0.0018021 -0.0049142 -0.0006362 -0.0021507 -0.0063454 -0.0043679 -0.0077500 -0.0023582 -0.0081981 -0.0000089 -0.0048718 -0.0086311 -0.0048398 -0.0060223 -0.0040763 -0.0018489 -0.0031722 -0.0060590 -0.0006177 -0.0066418 -0.0069679 -0.0038379 -0.0087867 -0.0049240 -0.0055454 -0.0062829 -0.0017949
-0.1260982 -0.0147062 0.0074198 -0.1244852 0.0838307 -0.0030817 -0.0235614 -0.0787237 0.0375661 0.0444838 0.1185160 -0.1032115 -0.0090423 -0.0106522 0.0339679 -0.0893811 0.1197681 0.1271397 0.0841494 -0.1070685 0.0270435 0.0953732 -0.1357437 -0.0239557 -0.0989247 -0.1337231 0.0204423 0.0074589 -0.0046840 0.1065230 -0.0773414 -0.0042734 -0.0761812 -0.0884754 0.0858888 0.1118406 -0.0073913 1.1070864 -0.0084921 0.1036317 -0.0163143 -0.1302800 -0.0929049 0.0269497 -0.0400365 0.0684577 -0.0262719 -0.1025593 0.0306522 -0.0238000 -0.0026414 -0.1104292 0.0379550 0.1014766 0.0112818 -0.0168675 0.1242540 0.0126203 0.0595208 -0.0326499 -0.0153892 -0.0288846 -0.1175156 -0.1327532 -0.0862006 0.0915409 -0.1022452 -0.0187642 0.0161658 -0.1058906 0.1039421 -0.0122566 0.1035060 0.0196125 0.0283931 -0.0082327 0.0956374 -0.1178061 -0.0117823 0.0574385 -0.0011037
-0.0042090 -0.0121302 -0.0158856 -0.0035015 -0.0127240 -0.0129006 -0.0043227 -0.0023064 -0.0034001 -0.0102032 -0.0105044 -0.0079043 -0.0130983 -0.0141166 -0.0077465 0.0030892 -0.0107613 -0.0068582 -0.0099440 -0.0087871 -0.0086702 -0.0156276 -0.0089528 -0.0088528 -0.0041136 -0.0051644 -0.0064141 -0.0076040 -0.0102712 -0.0099885 -0.0026297 -0.0072470 -0.0006020 -0.0071797 -0.0091841 -0.0090536 -0.0118374 -0.0084921 1.0265520 -0.0124011 -0.0077277 -0.0047174 -0.0088220 -0.0059740 -0.0040022 -0.0060427 -0.0084234 -0.0044864 -0.0055195 -0.0115616 -0.0073132 -0.0016666 -0.0081203 -0.0099085 -0.0051102 -0.0111799 -0.0116356 -0.0100804 -0.0019464 -0.0039871 -0.0018850 -0.0088506 0.0012450 -0.0027808 -0.0086861 -0.0060713 -0.0031245 -0.0079351 -0.0102940 -0.0074857 -0.0086902 -0.0045354 -0.0120045 -0.0067815 -0.0027733 -0.0052457 -0.0053998 0.0008871 -0.0068905 -0.0038388 -0.0070551
-0.1043942 -0.0123027 -0.0056723 -0.0995310 0.0619971 -0.0125811 -0.0233618 -0.0787771 0.0183230 0.0521528 0.0935348 -0.0899237 -0.0078547 -0.0065202 0.0156022 -0.0825696 0.0981499 0.1078059 0.0736065 -0.0948254 0.0127152 0.0782077 -0.1097162 -0.0176241 -0.0910497 -0.1110572 0.0063452 0.0031044 -0.0045335 0.0819535 -0.0735991 -0.0079575 -0.0750965 -0.0856167 0.0770402 0.0930591 -0.0067109 0.1036317 -0.0124011 1.0985445 -0.0110585 -0.1058169 -0.0912468 0.0172468 -0.0282132 0.0612519 -0.0168888 -0.0900757 0.0193038 -0.0173031 -0.0020801 -0.0991673 0.0282294 0.0901318 0.0050935 -0.0107104 0.1025760 0.0048387 0.0579813 -0.0212740 -0.0146695 -0.0169515 -0.0996298 -0.1116686 -0.0786448 0.0808032 -0.0907305 -0.0117764 0.0077222 -0.0932920 0.0954246 -0.0092729 0.0932473 0.0115842 0.0185196 -0.0098967 0.0835246 -0.1010289 -0.0088087 0.0547909 -0.0050686
-0.0070896 -0.0005147 -0.0133031 -0.0024519 -0.0195967 -0.0128117 -0.0195858 -0.0123330 -0.0079457 0.0075876 -0.0234679 0.0004035 -0.0014333 -0.0016232 -0.0059645 -0.0087034 -0.0132015 -0.0182758 -0.0131030 0.0049954 -0.0145461 -0.0261122 -0.0007781 -0.0032862 -0.0046980 0.0154386 -0.0204776 -0.0171498 0.0091502 -0.0243314 0.0065655 -0.0060729 -0.0061222 -0.0040647 -0.0186904 -0.0170283 -0.0044323 -0.0163143 -0.0077277 -0.0110585 1.0352086 0.0123283 -0.0158727 -0.0143047 -0.0058888 -0.0192644 0.0053951 0.0053422 -0.0133834 -0.0097845 -0.0004061 -0.0081229 -0.0014328 -0.0051002 -0.0078688 -0.0032878 -0.0068232 -0.0099772 -0.0104114 0.0044224 -0.0048440 0.0092430 0.0074415 0.0039842 -0.0038265 -0.0100380 0.0058030 -0.0129841 -0.0072529 0.0048920 0.0023767 -0.0022526 -0.0065441 -0.0121517 -0.0156057 -0.0094819 -0.0023693 0.0068899 -0.0003547 -0.0023457 0.0077886
0.1053478 0.0015453 -0.0296552 0.1020838 -0.0987130 -0.0156487 0.0034484 0.0551644 -0.0506343 -0.0550962 -0.1249074 0.0828249 -0.0044564 -0.0036271 -0.0451193 0.0647449 -0.1229462 -0.1308075 -0.0980460 0.0884391 -0.0381282 -0.1065074 0.1139135 0.0058750 0.0781402 0.1155141 -0.0373986 -0.0188960 -0.0079090 -0.1195650 0.0578689 -0.0109733 0.0605267 0.0721894 -0.0905444 -0.1165407 -0.0014697 -0.1302800 -0.0047174 -0.1058169 0.0123283 1.1051821 0.0724783 -0.0400025 0.0282746 -0.0746131 0.0189349 0.0880211 -0.0379293 0.0106040 -0.0020693 0.0926670 -0.0423862 -0.1023240 -0.0209199 0.0041462 -0.1227478 -0.0267435 -0.0644290 0.0217097 0.0061793 0.0201331 0.1062147 0.1216018 0.0679068 -0.0961823 0.0903844 0.0068024 -0.0277439 0.0913893 -0.1048872 -0.0009175 -0.1059376 -0.0305252 -0.0367178 -0.0008218 -0.0993050 0.1043377 -0.0020130 -0.0634684 -0.0060206
0.0714091 -0.0077031 -0.0098745 0.0703122 -0.0658558 0.0019264 0.0102045 0.0560095 -0.0451562 -0.0691739 -0.0903163 0.0606676 -0.0094184 -0.0094474 -0.0397637 0.0426568 -0.0906659 -0.0970807 -0.0821747 0.0670235 -0.0209208 -0.0581840 0.0808283 -0.0031895 0.0536263 0.0667556 -0.0210786 -0.0016862 -0.0278845 -0.0841033 0.0251313 -0.0191159 0.0547103 0.0619090 -0.0698960 -0.0822322 -0.0067123 -0.0929049 -0.0088220 -0.0912468 -0.0158727 0.0724783 1.0601922 -0.0208187 0.0163646 -0.0540114 -0.0029422 0.0643973 -0.0214228 0.0152874 -0.0042910 0.0768879 -0.0325588 -0.0834443 -0.0075658 -0.0019010 -0.0972744 -0.0085762 -0.0582946 0.0028200 0.0000218 -0.0032640 0.0652043 0.0878454 0.0614261 -0.0800624 0.0675693 0.0100625 -0.0115862 0.0653097 -0.1057836 -0.0040339 -0.0872610 -0.0140807 -0.0164163 0.0020389 -0.0894588 0.0692822 -0.0049459 -0.0677096 -0.0197934
-0.0370687 -0.0089843 -0.0025603 -0.0373305 0.0121810 -0.0026508 -0.0105687 -0.0146274 0.0126177 -0.0100954 0.0231144 -0.0302759 -0.0106536 -0.0097548 0.0092179 -0.0166687 0.0235550 0.0290735 0.0104436 -0.0304970 0.0053961 0.0132377 -0.0446253 -0.0143638 -0.0261211 -0.0432198 0.0061377 0.0021575 -0.0150812 0.0264737 -0.0182299 -0.0063055 -0.0157226 -0.0198986 0.0099540 0.0216177 -0.0072768 0.0269497 -0.0059740 0.0172468 -0.0143047 -0.0400025 -0.0208187 1.0183387 -0.0162009 0.0118407 -0.0178276 -0.0273046 0.0081034 -0.0125359 -0.0048169 -0.0278150 0.0057297 0.0146060 0.0016924 -0.0110223 0.0268610 0.0018383 0.0061612 -0.0189604 -0.0046259 -0.0181009 -0.0317202 -0.0368355 -0.0180263 0.0153911 -0.0261883 -0.0108641 -0.0009473 -0.0271785 0.0145173 -0.0037236 0.0131468 0.0030303 0.0082364 -0.0047738 0.0173346 -0.0306469 -0.0100246 0.0047337 -0.0056863
0.0428324 -0.0121929 -0.0232747 0.0425493 -0.0403968 -0.0241323 0.0132078 0.0053722 -0.0268457 -0.0147913 -0.0372632 0.0153357 -0.0097514 -0.0089874 -0.0352849 0.0177776 -0.0405996 -0.0392868 -0.0260777 0.0146969 -0.0173949 -0.0310428 0.0373745 -0.0106491 0.0152532 0.0273162 -0.0199149 -0.0046168 -0.0220938 -0.0372808 -0.0061341 -0.0042675 0.0107195 0.0082016 -0.0148156 -0.0406329 -0.0067188 -0.0400365 -0.0040022 -0.0282132 -0.0058888 0.0282746 0.0163646 -0.0162009 1.0281291 -0.0141455 0.0061491 0.0180416 -0.0166408 0.0049376 -0.0048952 0.0330183 -0.0246534 -0.0288982 -0.0117267 -0.0051270 -0.0463236 -0.0175084 -0.0071282 0.0054220 -0.0003153 0.0012239 0.0296651 0.0375363 0.0076190 -0.0269943 0.0180626 0.0056597 -0.0167063 0.0187937 -0.0308504 -0.0011787 -0.0334891 -0.0185931 -0.0072907 0.0067982 -0.0338351 0.0296447 -0.0058729 -0.0112550 -0.0169087
-0.0581183 -0.0136389 -0.0095586 -0.0580051 0.0439769 -0.0114431 -0.0015607 -0.0568077 0.0005175 0.0314537 0.0571189 -0.0672566 -0.0123086 -0.0116077 -0.0041119 -0.0531696 0.0656860 0.0689292 0.0490915 -0.0745438 0.0072849 0.0594734 -0.0671841 -0.0165382 -0.0656374 -0.0801522 0.0031317 0.0080288 -0.0215642 0.0559505 -0.0681983 -0.0078893 -0.0498211 -0.0614614 0.0602473 0.0568144 -0.0062230 0.0684577 -0.0060427 0.0612519 -0.0192644 -0.0746131 -0.0540114 0.0118407 -0.0141455 1.0687906 -0.0139941 -0.0643795 0.0083507 -0.0079069 -0.0053524 -0.0589402 0.0083991 0.0559842 -0.0001802 -0.0129491 0.0575596 -0.0009154 0.0473973 -0.0180949 -0.0112261 -0.0143701 -0.0707679 -0.0695027 -0.0576533 0.0528980 -0.0659665 -0.0024095 0.0019765 -0.0669826 0.0542979 -0.0068830 0.0572018 0.0039895 0.0184871 0.0010908 0.0473982 -0.0672966 -0.0096446 0.0399028 -0.0112896
