1.1052735 -0.0169905 -0.0371520 0.0775845 -0.0823471 -0.0301059 0.0096092 0.0311642 -0.0410667 -0.0468882 -0.0870999 0.0510101 -0.0150057 -0.0152559 -0.0506120 0.0495395 -0.1004774 -0.0996961 -0.0655187 0.0486668 -0.0353632 -0.0788979 0.0761625 -0.0097375 0.0473798 0.0690667 -0.0314601 -0.0130975 -0.0271014 -0.0834371 0.0172265 -0.0053515 0.0413386 0.0398604 -0.0565885 -0.0974833 -0.0072210 -0.0994135 -0.0058830 -0.0809477 -0.0020887 0.0802892 0.0472314 -0.0332427 0.0316972 -0.0514880 0.0077205 0.0599110 -0.0333947 0.0084261 -0.0080957 0.0744017 -0.0446591 -0.0849275 -0.0270768 -0.0079265 -0.1064081 -0.0291788 -0.0402586 0.0097919 0.0013265 0.0056061 0.0791891 0.0954862 0.0382190 -0.0692189 0.0607205 0.0037006 -0.0303793 0.0594838 -0.0773236 -0.0016126 -0.0837806 -0.0341207 -0.0209516 0.0057829 -0.0827190 0.0822401 -0.0102794 -0.0463357 -0.0232460
-0.0169905 1.0489881 -0.0047785 -0.0158809 -0.0138459 -0.0059549 -0.0142134 -0.0150997 -0.0202687 -0.0047434 -0.0191096 -0.0060641 -0.0079467 -0.0095865 -0.0182678 -0.0147628 -0.0091686 -0.0078157 -0.0149252 -0.0056742 -0.0139913 -0.0092794 -0.0080469 -0.0030975 -0.0103537 -0.0066668 -0.0182898 -0.0108233 -0.0109791 -0.0199633 -0.0111056 -0.0145779 -0.0096410 -0.0082443 -0.0154397 -0.0098899 -0.0067815 -0.0127542 -0.0138895 -0.0106840 -0.0039497 -0.0003090 -0.0085888 -0.0093452 -0.0099397 -0.0102887 -0.0057744 -0.0051479 -0.0118142 -0.0083818 -0.0043240 -0.0095762 -0.0048245 -0.0064540 -0.0041503 -0.0068935 -0.0053904 -0.0069993 -0.0109039 -0.0047430 -0.0085376 -0.0016514 -0.0081903 -0.0026436 -0.0065309 -0.0113093 -0.0044365 -0.0081030 -0.0084535 -0.0029072 -0.0099797 -0.0102369 -0.0087087 -0.0077382 -0.0097175 -0.0079023 -0.0090850 -0.0055934 -0.0076055 -0.0113691 -0.0021838
-0.0371520 -0.0047785 1.0392362 -0.0371537 0.0084860 -0.0006604 -0.0196571 -0.0163328 -0.0100677 -0.0155733 -0.0012771 -0.0162759 -0.0102689 -0.0117300 -0.0068892 -0.0299835 0.0139583 0.0063481 -0.0120446 -0.0180933 -0.0051380 0.0069190 -0.0303186 -0.0132458 -0.0250836 -0.0252408 -0.0066494 -0.0045853 -0.0097681 -0.0022572 -0.0251059 -0.0176702 -0.0126788 -0.0091024 -0.0079826 0.0097617 -0.0064466 0.0076221 -0.0154797 -0.0028987 -0.0122966 -0.0272957 -0.0104919 -0.0034639 -0.0208320 -0.0074116 -0.0148743 -0.0169627 -0.0026669 -0.0088132 -0.0059272 -0.0234508 0.0049904 0.0043999 0.0008038 -0.0093502 0.0115350 0.0010796 -0.0086875 -0.0157796 -0.0124078 -0.0172696 -0.0285146 -0.0227054 -0.0088938 -0.0050456 -0.0170298 -0.0104736 0.0008501 -0.0190918 -0.0055906 -0.0118364 0.0045397 -0.0007116 -0.0040411 -0.0126961 -0.0015625 -0.0245046 -0.0083881 -0.0095439 -0.0071337
0.0775845 -0.0158809 -0.0371537 1.0977929 -0.0804619 -0.0307252 0.0109757 0.0294926 -0.0419613 -0.0425363 -0.0871805 0.0488821 -0.0142316 -0.0151412 -0.0511689 0.0483488 -0.0983052 -0.0991209 -0.0647720 0.0487464 -0.0371959 -0.0768300 0.0753258 -0.0106229 0.0481060 0.0690175 -0.0292918 -0.0126811 -0.0295047 -0.0858206 0.0190088 -0.0101286 0.0403595 0.0359439 -0.0548866 -0.0948552 -0.0095015 -0.0978598 -0.0048833 -0.0774744 -0.0034740 0.0782968 0.0469049 -0.0329663 0.0309575 -0.0509112 0.0087284 0.0597686 -0.0319536 0.0071197 -0.0080237 0.0729931 -0.0450721 -0.0815920 -0.0265876 -0.0080731 -0.1081013 -0.0296790 -0.0392337 0.0122249 0.0005704 0.0075781 0.0803038 0.0940888 0.0345009 -0.0671221 0.0614613 0.0042802 -0.0317126 0.0580573 -0.0780112 -0.0021708 -0.0832821 -0.0328684 -0.0203411 0.0041744 -0.0791622 0.0816327 -0.0103694 -0.0458106 -0.0231761
-0.0823471 -0.0138459 0.0084860 -0.0804619 1.0684091 0.0020277 -0.0176955 -0.0530082 0.0008283 0.0142252 0.0424185 -0.0586806 -0.0111107 -0.0101658 0.0049017 -0.0717174 0.0692513 0.0644286 0.0348924 -0.0624722 0.0046707 0.0510081 -0.0783468 -0.0111547 -0.0662794 -0.0763306 -0.0047555 0.0000711 -0.0117889 0.0442676 -0.0561420 -0.0176927 -0.0508678 -0.0495643 0.0317744 0.0657854 -0.0075933 0.0617147 -0.0121187 0.0455805 -0.0191068 -0.0810746 -0.0533098 0.0086628 -0.0361571 0.0337092 -0.0232681 -0.0625422 0.0087808 -0.0163009 -0.0070184 -0.0727186 0.0183215 0.0542605 0.0130171 -0.0103908 0.0675630 0.0047127 0.0270363 -0.0200711 -0.0117598 -0.0263736 -0.0820571 -0.0825870 -0.0448149 0.0362516 -0.0636189 -0.0152906 0.0096777 -0.0651363 0.0417108 -0.0125202 0.0526027 0.0084897 0.0076329 -0.0165910 0.0477176 -0.0774814 -0.0064859 0.0240068 -0.0011859
-0.0301059 -0.0059549 -0.0006604 -0.0307252 0.0020277 1.0501728 -0.0140419 -0.0094086 -0.0104423 -0.0193600 -0.0090681 -0.0104364 -0.0096793 -0.0115424 -0.0080922 -0.0223097 0.0038680 0.0010930 -0.0176531 -0.0112989 -0.0057230 -0.0012132 -0.0253729 -0.0096056 -0.0144957 -0.0206870 -0.0097077 -0.0049588 -0.0107639 -0.0063575 -0.0190545 -0.0177471 -0.0076001 -0.0039934 -0.0117060 0.0016142 -0.0074174 -0.0009166 -0.0131997 -0.0100952 -0.0119842 -0.0164117 -0.0041540 -0.0036394 -0.0192021 -0.0074285 -0.0137382 -0.0089717 -0.0046946 -0.0098550 -0.0056906 -0.0155720 0.0015578 -0.0024763 0.0002348 -0.0084716 0.0053019 -0.0010454 -0.0139965 -0.0120813 -0.0081787 -0.0143902 -0.0206083 -0.0160163 -0.0033681 -0.0100699 -0.0106168 -0.0100704 -0.0015611 -0.0086777 -0.0119409 -0.0094878 -0.0033547 -0.0016669 -0.0049537 -0.0099707 -0.0074152 -0.0166226 -0.0087295 -0.0138777 -0.0045202
0.0096092 -0.0142134 -0.0196571 0.0109757 -0.0176955 -0.0140419 1.0681046 -0.0048100 -0.0179812 -0.0172807 -0.0205368 -0.0043279 -0.0147151 -0.0153827 -0.0257083 0.0042336 -0.0181518 -0.0193257 -0.0172869 -0.0075880 -0.0077162 -0.0125662 0.0035571 -0.0160090 -0.0042546 -0.0049005 -0.0118437 -0.0009205 -0.0261422 -0.0164524 -0.0203794 -0.0105947 0.0001010 -0.0052397 -0.0062209 -0.0217340 -0.0117190 -0.0182478 -0.0063200 -0.0194331 -0.0148224 0.0004623 0.0016763 -0.0102146 0.0041256 -0.0027996 -0.0096628 -0.0007181 -0.0093460 -0.0041563 -0.0081610 0.0069757 -0.0185628 -0.0178029 -0.0092731 -0.0099843 -0.0274713 -0.0125224 -0.0036122 -0.0076429 -0.0040250 -0.0108155 0.0032713 0.0098526 -0.0052195 -0.0143967 -0.0009087 -0.0034813 -0.0138119 -0.0032841 -0.0218715 -0.0046537 -0.0200361 -0.0134464 -0.0012727 0.0003278 -0.0205199 0.0065935 -0.0085590 -0.0090860 -0.0198556
0.0311642 -0.0150997 -0.0163328 0.0294926 -0.0530082 -0.0094086 -0.0048100 1.0840857 -0.0087804 -0.0552952 -0.0561448 0.0324438 -0.0136951 -0.0123019 -0.0135410 0.0375683 -0.0589223 -0.0611234 -0.0534627 0.0342670 -0.0137994 -0.0541301 0.0315312 -0.0122296 0.0354207 0.0316320 -0.0090167 -0.0058661 -0.0154062 -0.0518661 0.0294403 -0.0097458 0.0345032 0.0331105 -0.0504922 -0.0584146 -0.0108729 -0.0595444 -0.0049709 -0.0590904 -0.0085818 0.0414788 0.0355434 -0.0146428 0.0020160 -0.0459608 -0.0078070 0.0373933 -0.0139088 -0.0055593 -0.0070796 0.0430827 -0.0204000 -0.0572354 -0.0120719 -0.0069750 -0.0622112 -0.0140148 -0.0444948 -0.0032599 -0.0010255 -0.0113772 0.0433521 0.0483718 0.0331250 -0.0488817 0.0382172 -0.0073047 -0.0156495 0.0360152 -0.0591543 -0.0034650 -0.0580710 -0.0129402 -0.0107093 -0.0044403 -0.0524803 0.0451127 -0.0114832 -0.0453779 -0.0132323
-0.0410667 -0.0202687 -0.0100677 -0.0419613 0.0008283 -0.0104423 -0.0179812 -0.0087804 1.0823706 -0.0178467 0.0256042 -0.0330115 -0.0190218 -0.0207278 0.0244661 -0.0011953 0.0195918 0.0319203 0.0129195 -0.0345447 0.0104227 -0.0030103 -0.0615363 -0.0247118 -0.0200398 -0.0466667 0.0106076 -0.0013475 -0.0059723 0.0255443 -0.0007592 0.0024446 -0.0146307 -0.0262476 0.0051419 0.0148044 -0.0141494 0.0287784 -0.0044992 0.0155547 -0.0121441 -0.0441732 -0.0364227 0.0085775 -0.0227142 0.0030286 -0.0230512 -0.0321616 0.0097649 -0.0244438 -0.0085802 -0.0325420 0.0080428 0.0134823 -0.0017275 -0.0169408 0.0248457 -0.0053973 -0.0010423 -0.0234847 -0.0044387 -0.0266117 -0.0319007 -0.0472461 -0.0240353 0.0170496 -0.0332445 -0.0257377 -0.0050336 -0.0343266 0.0242417 -0.0032293 0.0122013 -0.0014441 0.0086859 -0.0116289 0.0269778 -0.0301478 -0.0145768 0.0072502 -0.0039864
-0.0468882 -0.0047434 -0.0155733 -0.0425363 0.0142252 -0.0193600 -0.0172807 -0.0552952 -0.0178467 1.0729063 0.0123675 -0.0430273 -0.0065124 -0.0073348 -0.0150936 -0.0535226 0.0360923 0.0335757 0.0225692 -0.0442283 -0.0083345 0.0237903 -0.0375043 -0.0112650 -0.0525018 -0.0396783 -0.0234655 -0.0110738 -0.0057059 0.0127043 -0.0449410 -0.0138431 -0.0459029 -0.0490509 0.0230697 0.0290116 -0.0076994 0.0303680 -0.0103846 0.0323346 -0.0000788 -0.0436948 -0.0502098 -0.0090860 -0.0142234 0.0227668 -0.0035639 -0.0444668 -0.0086010 -0.0096156 -0.0033106 -0.0515014 0.0031967 0.0376654 -0.0022402 -0.0055589 0.0353981 -0.0084061 0.0274895 -0.0051780 -0.0111003 -0.0033530 -0.0440102 -0.0470680 -0.0462309 0.0279941 -0.0438971 -0.0094434 -0.0047628 -0.0444607 0.0388546 -0.0113922 0.0351313 -0.0053247 -0.0033373 -0.0105775 0.0297171 -0.0456360 -0.0050007 0.0288309 -0.0017214
-0.0870999 -0.0191096 -0.0012771 -0.0871805 0.0424185 -0.0090681 -0.0205368 -0.0561448 0.0256042 0.0123675 1.0947593 -0.0666949 -0.0154200 -0.0128406 0.0187507 -0.0603592 0.0816163 0.0909870 0.0467026 -0.0815490 0.0204603 0.0574386 -0.0990484 -0.0293067 -0.0713437 -0.0993737 0.0120455 0.0053259 -0.0135326 0.0659381 -0.0569444 -0.0081774 -0.0550452 -0.0644452 0.0550705 0.0717709 -0.0122083 0.0875857 -0.0111115 0.0661976 -0.0241886 -0.1015712 -0.0678963 0.0169312 -0.0332280 0.0424895 -0.0277600 -0.0810456 0.0195001 -0.0207285 -0.0070028 -0.0824006 0.0237534 0.0686922 0.0085173 -0.0172149 0.0816408 0.0061522 0.0368597 -0.0337920 -0.0130119 -0.0317620 -0.0905881 -0.1038226 -0.0624934 0.0572720 -0.0808841 -0.0186760 0.0094918 -0.0834780 0.0639281 -0.0123698 0.0661878 0.0109663 0.0208090 -0.0095672 0.0624612 -0.0905411 -0.0133487 0.0382301 -0.0099204
0.0510101 -0.0060641 -0.0162759 0.0488821 -0.0586806 -0.0104364 -0.0043279 0.0324438 -0.0330115 -0.0430273 -0.0666949 1.0819093 -0.0063697 -0.0049455 -0.0309793 0.0314038 -0.0717526 -0.0796565 -0.0623087 0.0502752 -0.0269086 -0.0645979 0.0591313 -0.0026479 0.0398304 0.0596074 -0.0242774 -0.0119182 -0.0078073 -0.0737317 0.0274835 -0.0111627 0.0364353 0.0430854 -0.0585413 -0.0713431 -0.0029279 -0.0799828 -0.0090424 -0.0691611 0.0026352 0.0633520 0.0420439 -0.0241628 0.0112439 -0.0538944 0.0060228 0.0522268 -0.0249263 0.0023180 -0.0023804 0.0525391 -0.0247577 -0.0639325 -0.0149831 -0.0020079 -0.0735121 -0.0122799 -0.0458687 0.0078798 -0.0017640 0.0049464 0.0568529 0.0695933 0.0406954 -0.0616143 0.0527970 -0.0001239 -0.0168715 0.0533346 -0.0647625 -0.0035823 -0.0636701 -0.0162072 -0.0219291 -0.0031281 -0.0632852 0.0598229 -0.0046546 -0.0454693 -0.0089064
-0.0150057 -0.0079467 -0.0102689 -0.0142316 -0.0111107 -0.0096793 -0.0147151 -0.0136951 -0.0190218 -0.0065124 -0.0154200 -0.0063697 1.0505620 -0.0064584 -0.0150145 -0.0203409 -0.0060923 -0.0092740 -0.0139240 -0.0059075 -0.0072605 -0.0060333 -0.0081315 -0.0095185 -0.0140349 -0.0068696 -0.0162768 -0.0081986 -0.0053814 -0.0161639 -0.0166530 -0.0110004 -0.0081748 -0.0073289 -0.0109338 -0.0054645 -0.0055840 -0.0104985 -0.0112757 -0.0095475 -0.0040723 -0.0038911 -0.0066802 -0.0112286 -0.0088124 -0.0122005 -0.0048313 -0.0040799 -0.0102542 -0.0061926 -0.0038443 -0.0086976 -0.0048607 -0.0033576 -0.0043702 -0.0070154 -0.0060775 -0.0055805 -0.0076658 -0.0053905 -0.0076712 -0.0041278 -0.0075931 -0.0027617 -0.0079977 -0.0099016 -0.0041073 -0.0057423 -0.0053995 -0.0055258 -0.0080454 -0.0084519 -0.0043705 -0.0045944 -0.0080318 -0.0077636 -0.0101620 -0.0048738 -0.0067526 -0.0086183 -0.0059030
-0.0152559 -0.0095865 -0.0117300 -0.0151412 -0.0101658 -0.0115424 -0.0153827 -0.0123019 -0.0207278 -0.0073348 -0.0128406 -0.0049455 -0.0064584 1.0521662 -0.0153270 -0.0208724 -0.0068626 -0.0102599 -0.0162814 -0.0079163 -0.0126136 -0.0082713 -0.0042425 -0.0097276 -0.0148226 -0.0041245 -0.0163817 -0.0097658 -0.0082046 -0.0188476 -0.0162186 -0.0128945 -0.0084227 -0.0044927 -0.0114197 -0.0084911 -0.0052093 -0.0123179 -0.0131308 -0.0111339 -0.0029476 -0.0034180 -0.0079109 -0.0110433 -0.0087460 -0.0131475 -0.0047670 -0.0046998 -0.0105076 -0.0059231 -0.0035138 -0.0101262 -0.0044906 -0.0053354 -0.0051959 -0.0051186 -0.0068189 -0.0061990 -0.0101493 -0.0053495 -0.0082148 -0.0061017 -0.0074512 -0.0013363 -0.0055886 -0.0115572 -0.0034535 -0.0059235 -0.0062469 -0.0055382 -0.0084175 -0.0080303 -0.0067443 -0.0063062 -0.0096385 -0.0092446 -0.0108033 -0.0051803 -0.0050863 -0.0092483 -0.0071079
-0.0506120 -0.0182678 -0.0068892 -0.0511689 0.0049017 -0.0080922 -0.0257083 -0.0135410 0.0244661 -0.0150936 0.0187507 -0.0309793 -0.0150145 -0.0153270 1.0678185 -0.0177311 0.0246896 0.0264088 0.0056232 -0.0318176 0.0050706 -0.0000940 -0.0596393 -0.0196336 -0.0253020 -0.0452115 0.0047309 -0.0055617 0.0004670 0.0173223 -0.0075971 -0.0049562 -0.0167528 -0.0232930 0.0001825 0.0181479 -0.0122469 0.0279694 -0.0083294 0.0131393 -0.0100712 -0.0431846 -0.0320450 0.0055681 -0.0277859 -0.0012287 -0.0218229 -0.0313089 0.0065017 -0.0244554 -0.0079039 -0.0373662 0.0119618 0.0155492 0.0007709 -0.0132808 0.0298032 -0.0014369 -0.0035944 -0.0214893 -0.0068467 -0.0220531 -0.0353060 -0.0475793 -0.0210249 0.0126776 -0.0312291 -0.0232196 -0.0007070 -0.0323728 0.0196171 -0.0074108 0.0130040 0.0000067 0.0030846 -0.0148609 0.0224526 -0.0333972 -0.0123996 0.0012686 -0.0018657
0.0495395 -0.0147628 -0.0299835 0.0483488 -0.0717174 -0.0223097 0.0042336 0.0375683 -0.0011953 -0.0535226 -0.0603592 0.0314038 -0.0203409 -0.0208724 -0.0177311 1.0942639 -0.0762261 -0.0680301 -0.0514053 0.0321671 -0.0179457 -0.0738462 0.0347936 -0.0191013 0.0484810 0.0411141 -0.0119237 -0.0071611 -0.0209956 -0.0566158 0.0381780 -0.0044547 0.0386412 0.0293002 -0.0503232 -0.0764277 -0.0148775 -0.0693700 -0.0023436 -0.0623276 -0.0070841 0.0505151 0.0279256 -0.0151808 0.0135836 -0.0413015 -0.0053270 0.0402882 -0.0174373 -0.0094927 -0.0093642 0.0517054 -0.0304184 -0.0682396 -0.0210408 -0.0144441 -0.0757352 -0.0245536 -0.0395444 -0.0027643 0.0032731 -0.0064788 0.0584821 0.0578551 0.0293887 -0.0512052 0.0418211 -0.0101739 -0.0280214 0.0395389 -0.0577957 -0.0000472 -0.0683681 -0.0264416 -0.0089239 -0.0003983 -0.0565696 0.0593086 -0.0128096 -0.0394043 -0.0166606
-0.1004774 -0.0091686 0.0139583 -0.0983052 0.0692513 0.0038680 -0.0181518 -0.0589223 0.0195918 0.0360923 0.0816163 -0.0717526 -0.0060923 -0.0068626 0.0246896 -0.0762261 1.1124980 0.0925541 0.0613500 -0.0773489 0.0205169 0.0754976 -0.1025310 -0.0132369 -0.0801670 -0.0967444 0.0094524 0.0065255 0.0000492 0.0770795 -0.0650474 -0.0078593 -0.0586637 -0.0644331 0.0579421 0.0861044 -0.0064285 0.0936772 -0.0086565 0.0744808 -0.0156455 -0.0988633 -0.0679083 0.0183863 -0.0348572 0.0525060 -0.0227234 -0.0777921 0.0192040 -0.0164445 -0.0039129 -0.0854866 0.0294629 0.0756520 0.0153894 -0.0082325 0.0926543 0.0123215 0.0433088 -0.0244474 -0.0122895 -0.0225126 -0.0939848 -0.1006725 -0.0600331 0.0626165 -0.0784634 -0.0134428 0.0160657 -0.0796717 0.0701846 -0.0103760 0.0754417 0.0163239 0.0167995 -0.0104950 0.0700292 -0.0910711 -0.0049426 0.0425416 0.0018183
-0.0996961 -0.0078157 0.0063481 -0.0991209 0.0644286 0.0010930 -0.0193257 -0.0611234 0.0319203 0.0335757 0.0909870 -0.0796565 -0.0092740 -0.0102599 0.0264088 -0.0680301 0.0925541 1.1191640 0.0661227 -0.0850264 0.0245177 0.0751398 -0.1091838 -0.0178760 -0.0759502 -0.1060613 0.0153790 0.0083671 -0.0042640 0.0836604 -0.0597374 -0.0049640 -0.0592973 -0.0693336 0.0622183 0.0872816 -0.0092093 0.0984544 -0.0072893 0.0793186 -0.0188225 -0.1036720 -0.0730459 0.0240067 -0.0336608 0.0562091 -0.0264277 -0.0828878 0.0229670 -0.0184968 -0.0046727 -0.0888181 0.0270979 0.0784743 0.0131205 -0.0131946 0.0957416 0.0094614 0.0455388 -0.0288268 -0.0114642 -0.0256317 -0.0964675 -0.1068625 -0.0655822 0.0683027 -0.0855987 -0.0162379 0.0136860 -0.0854074 0.0765730 -0.0087024 0.0776541 0.0141909 0.0207482 -0.0080114 0.0747728 -0.0939604 -0.0095328 0.0471455 -0.0003347
-0.0655187 -0.0149252 -0.0120446 -0.0647720 0.0348924 -0.0176531 -0.0172869 -0.0534627 0.0129195 0.0225692 0.0467026 -0.0623087 -0.0139240 -0.0162814 0.0056232 -0.0514053 0.0613500 0.0661227 1.0833814 -0.0660284 0.0071412 0.0398540 -0.0749917 -0.0209415 -0.0597882 -0.0752760 -0.0047860 -0.0001411 -0.0157260 0.0447071 -0.0482120 -0.0103945 -0.0493008 -0.0617112 0.0421625 0.0533790 -0.0119646 0.0633696 -0.0086624 0.0542252 -0.0153140 -0.0791947 -0.0642325 0.0072517 -0.0233023 0.0383110 -0.0208337 -0.0663860 0.0093802 -0.0181893 -0.0079545 -0.0676347 0.0119936 0.0537314 0.0037952 -0.0136933 0.0611791 -0.0042830 0.0380536 -0.0201679 -0.0091811 -0.0206373 -0.0681773 -0.0808044 -0.0590303 0.0473225 -0.0682088 -0.0164539 0.0002886 -0.0681174 0.0559572 -0.0081401 0.0520493 -0.0000794 0.0132300 -0.0100417 0.0535904 -0.0692869 -0.0108099 0.0365150 -0.0081909
0.0486668 -0.0056742 -0.0180933 0.0487464 -0.0624722 -0.0112989 -0.0075880 0.0342670 -0.0345447 -0.0442283 -0.0815490 0.0502752 -0.0059075 -0.0079163 -0.0318176 0.0321671 -0.0773489 -0.0850264 -0.0660284 1.0927073 -0.0290930 -0.0686511 0.0599433 -0.0028543 0.0397941 0.0618299 -0.0246105 -0.0148517 -0.0086533 -0.0763690 0.0317783 -0.0120042 0.0370064 0.0439973 -0.0633413 -0.0756534 -0.0042129 -0.0853656 -0.0087136 -0.0728894 0.0040784 0.0683770 0.0450816 -0.0263519 0.0127063 -0.0571232 0.0055806 0.0559731 -0.0261251 0.0022207 -0.0029412 0.0544692 -0.0262474 -0.0686226 -0.0155084 -0.0008743 -0.0782101 -0.0158674 -0.0497550 0.0082321 -0.0017207 0.0029649 0.0611760 0.0744662 0.0432413 -0.0649909 0.0571108 0.0023231 -0.0178037 0.0553634 -0.0687076 -0.0047885 -0.0668177 -0.0186867 -0.0240813 -0.0057245 -0.0682283 0.0635155 -0.0040443 -0.0505950 -0.0080403
-0.0353632 -0.0139913 -0.0051380 -0.0371959 0.0046707 -0.0057230 -0.0077162 -0.0137994 0.0104227 -0.0083345 0.0204603 -0.0269086 -0.0072605 -0.0126136 0.0050706 -0.0179457 0.0205169 0.0245177 0.0071412 -0.0290930 1.0649658 0.0146917 -0.0410048 -0.0176056 -0.0253896 -0.0394347 0.0019353 0.0016165 -0.0105443 0.0218528 -0.0217378 -0.0073533 -0.0163456 -0.0208238 0.0107294 0.0177168 -0.0099602 0.0234933 -0.0093602 0.0126227 -0.0140625 -0.0370527 -0.0213307 0.0039783 -0.0161729 0.0070879 -0.0171956 -0.0267434 0.0052989 -0.0121521 -0.0054058 -0.0258356 0.0053423 0.0145812 0.0012355 -0.0119948 0.0213586 -0.0006442 0.0027621 -0.0179177 -0.0070660 -0.0195631 -0.0318431 -0.0348147 -0.0191533 0.0111856 -0.0269300 -0.0105792 -0.0002652 -0.0290788 0.0120093 -0.0066113 0.0133962 -0.0000349 0.0057930 -0.0069783 0.0130633 -0.0291053 -0.0096593 0.0040436 -0.0073824
-0.0788979 -0.0092794 0.0069190 -0.0768300 0.0510081 -0.0012132 -0.0125662 -0.0541301 -0.0030103 0.0237903 0.0574386 -0.0645979 -0.0060333 -0.0082713 -0.0000940 -0.0738462 0.0754976 0.0751398 0.0398540 -0.0686511 0.0146917 1.0889467 -0.0750825 -0.0149470 -0.0709758 -0.0857626 0.0027267 0.0067280 -0.0183472 0.0568082 -0.0746958 -0.0134664 -0.0523292 -0.0540732 0.0508281 0.0712344 -0.0089229 0.0740478 -0.0121285 0.0570056 -0.0235396 -0.0883134 -0.0471105 0.0109455 -0.0285307 0.0442089 -0.0231846 -0.0681349 0.0123508 -0.0088032 -0.0058576 -0.0698332 0.0175512 0.0622893 0.0111556 -0.0094531 0.0691010 0.0080540 0.0370115 -0.0238386 -0.0150726 -0.0229309 -0.0857040 -0.0834463 -0.0520574 0.0473347 -0.0698612 -0.0045235 0.0113216 -0.0710274 0.0452950 -0.0119082 0.0599468 0.0125060 0.0149764 -0.0069314 0.0471458 -0.0820872 -0.0066440 0.0287860 -0.0098706
0.0761625 -0.0080469 -0.0303186 0.0753258 -0.0783468 -0.0253729 0.0035571 0.0315312 -0.0615363 -0.0375043 -0.0990484 0.0591313 -0.0081315 -0.0042425 -0.0596393 0.0347936 -0.1025310 -0.1091838 -0.0749917 0.0599433 -0.0410048 -0.0750825 1.1064200 -0.0021273 0.0436939 0.0796666 -0.0384203 -0.0173280 -0.0224464 -0.0962087 0.0152087 -0.0171283 0.0431838 0.0466982 -0.0652321 -0.0951479 -0.0047804 -0.1085986 -0.0100179 -0.0864115 0.0028021 0.0902257 0.0562661 -0.0376412 0.0278938 -0.0588639 0.0160235 0.0675238 -0.0372061 0.0118071 -0.0031934 0.0746337 -0.0433358 -0.0836959 -0.0238743 -0.0037979 -0.1083670 -0.0243617 -0.0462360 0.0168747 -0.0029860 0.0115076 0.0792370 0.1036575 0.0458654 -0.0769523 0.0670118 0.0095579 -0.0267728 0.0663562 -0.0848595 -0.0053428 -0.0838815 -0.0284913 -0.0289258 0.0030066 -0.0906955 0.0836682 -0.0050922 -0.0520478 -0.0197336
-0.0097375 -0.0030975 -0.0132458 -0.0106229 -0.0111547 -0.0096056 -0.0160090 -0.0122296 -0.0247118 -0.0112650 -0.0293067 -0.0026479 -0.0095185 -0.0097276 -0.0196336 -0.0191013 -0.0132369 -0.0178760 -0.0209415 -0.0028543 -0.0176056 -0.0149470 -0.0021273 1.0327466 -0.0104317 -0.0023210 -0.0217195 -0.0138984 -0.0112312 -0.0268248 -0.0120859 -0.0128347 -0.0066902 -0.0024463 -0.0202043 -0.0139450 -0.0078989 -0.0223897 -0.0080754 -0.0181787 -0.0046242 0.0043096 -0.0054245 -0.0135777 -0.0094554 -0.0157458 -0.0057474 0.0003826 -0.0155057 -0.0077288 -0.0049392 -0.0066036 -0.0074652 -0.0116280 -0.0064389 -0.0068288 -0.0138394 -0.0097356 -0.0113725 -0.0032682 -0.0079234 -0.0058813 -0.0023225 0.0033929 -0.0031762 -0.0198863 0.0010762 -0.0063177 -0.0093921 0.0007256 -0.0167772 -0.0082542 -0.0135500 -0.0101590 -0.0138248 -0.0109457 -0.0140814 0.0007221 -0.0056061 -0.0140727 -0.0052567
0.0473798 -0.0103537 -0.0250836 0.0481060 -0.0662794 -0.0144957 -0.0042546 0.0354207 -0.0200398 -0.0525018 -0.0713437 0.0398304 -0.0140349 -0.0148226 -0.0253020 0.0484810 -0.0801670 -0.0759502 -0.0597882 0.0397941 -0.0253896 -0.0709758 0.0436939 -0.0104317 1.0829520 0.0498342 -0.0184374 -0.0126965 -0.0178422 -0.0679142 0.0306348 -0.0096302 0.0378025 0.0362640 -0.0568583 -0.0771607 -0.0104604 -0.0790246 -0.0066423 -0.0693362 -0.0030824 0.0617043 0.0360913 -0.0215927 0.0119606 -0.0516667 -0.0008027 0.0482507 -0.0226342 -0.0049754 -0.0078543 0.0529260 -0.0291031 -0.0704482 -0.0206091 -0.0077521 -0.0791739 -0.0198500 -0.0467415 0.0021781 0.0001255 -0.0034946 0.0606247 0.0676194 0.0355928 -0.0600959 0.0498758 -0.0065192 -0.0240794 0.0492775 -0.0643827 -0.0030186 -0.0706337 -0.0228086 -0.0174819 -0.0028210 -0.0633270 0.0613852 -0.0120614 -0.0469972 -0.0125900
0.0690667 -0.0066668 -0.0252408 0.0690175 -0.0763306 -0.0206870 -0.0049005 0.0316320 -0.0466667 -0.0396783 -0.0993737 0.0596074 -0.0068696 -0.0041245 -0.0452115 0.0411141 -0.0967444 -0.1060613 -0.0752760 0.0618299 -0.0394347 -0.0857626 0.0796666 -0.0023210 0.0498342 1.1063963 -0.0387096 -0.0210861 -0.0084247 -0.0947649 0.0324197 -0.0138868 0.0420013 0.0503847 -0.0724410 -0.0940093 -0.0006454 -0.1049563 -0.0083771 -0.0834903 0.0119353 0.0895742 0.0460674 -0.0364760 0.0209118 -0.0664433 0.0144191 0.0680548 -0.0361327 0.0048688 -0.0016382 0.0669757 -0.0364113 -0.0796821 -0.0235826 -0.0007678 -0.0970882 -0.0230146 -0.0528778 0.0171202 0.0001404 0.0146493 0.0806040 0.0972552 0.0459928 -0.0757899 0.0689702 0.0016403 -0.0253503 0.0696130 -0.0764957 -0.0035875 -0.0815866 -0.0284038 -0.0320631 -0.0039978 -0.0809009 0.0823487 -0.0012978 -0.0517646 -0.0082105
-0.0314601 -0.0182898 -0.0066494 -0.0292918 -0.0047555 -0.0097077 -0.0118437 -0.0090167 0.0106076 -0.0234655 0.0120455 -0.0242774 -0.0162768 -0.0163817 0.0047309 -0.0119237 0.0094524 0.0153790 -0.0047860 -0.0246105 0.0019353 0.0027267 -0.0384203 -0.0217195 -0.0184374 -0.0387096 1.0477699 0.0000659 -0.0143294 0.0074114 -0.0148359 -0.0092346 -0.0103724 -0.0169559 0.0025516 0.0069933 -0.0126896 0.0141751 -0.0080157 0.0050466 -0.0167300 -0.0317561 -0.0175625 0.0015890 -0.0173659 0.0000714 -0.0197708 -0.0222593 0.0019233 -0.0125608 -0.0076140 -0.0200306 0.0026555 0.0046292 -0.0009088 -0.0122204 0.0108513 -0.0030552 -0.0039522 -0.0175466 -0.0076937 -0.0249427 -0.0248411 -0.0292927 -0.0158557 0.0062846 -0.0222027 -0.0145361 -0.0036923 -0.0246146 0.0021045 -0.0060782 0.0039082 -0.0014289 0.0042412 -0.0083451 0.0080030 -0.0234492 -0.0128110 -0.0047058 -0.0123490
-0.0130975 -0.0108233 -0.0045853 -0.0126811 0.0000711 -0.0049588 -0.0009205 -0.0058661 -0.0013475 -0.0110738 0.0053259 -0.0119182 -0.0081986 -0.0097658 -0.0055617 -0.0071611 0.0065255 0.0083671 -0.0001411 -0.0148517 0.0016165 0.0067280 -0.0173280 -0.0138984 -0.0126965 -0.0210861 0.0000659 1.0534762 -0.0149638 0.0035245 -0.0192412 -0.0055510 -0.0061614 -0.0092148 0.0060611 0.0032898 -0.0063041 0.0070905 -0.0063825 0.0008120 -0.0145099 -0.0186698 -0.0054462 0.0010886 -0.0052798 0.0041216 -0.0113952 -0.0121185 0.0010266 -0.0034534 -0.0039660 -0.0070293 -0.0024646 0.0017960 -0.0008590 -0.0079165 0.0008463 -0.0019813 0.0001286 -0.0114566 -0.0039200 -0.0132875 -0.0152616 -0.0130844 -0.0081446 0.0021660 -0.0128138 -0.0035693 -0.0003469 -0.0146343 -0.0037446 -0.0047500 0.0012763 -0.0018479 0.0045163 -0.0019651 -0.0022106 -0.0133568 -0.0071397 -0.0033558 -0.0117453
-0.0271014 -0.0109791 -0.0097681 -0.0295047 -0.0117889 -0.0107639 -0.0261422 -0.0154062 -0.0059723 -0.0057059 -0.0135326 -0.0078073 -0.0053814 -0.0082046 0.0004670 -0.0209956 0.0000492 -0.0042640 -0.0157260 -0.0086533 -0.0105443 -0.0183472 -0.0224464 -0.0112312 -0.0178422 -0.0084247 -0.0143294 -0.0149638 1.0521657 -0.0173103 -0.0038601 -0.0131200 -0.0108545 -0.0081543 -0.0175670 -0.0035528 -0.0054886 -0.0082116 -0.0116366 -0.0075333 0.0044325 -0.0071752 -0.0207450 -0.0112219 -0.0160323 -0.0177347 -0.0039017 -0.0075773 -0.0102005 -0.0147865 -0.0030478 -0.0216350 0.0031919 -0.0004148 -0.0034342 -0.0065659 0.0061393 -0.0070872 -0.0149325 -0.0064710 -0.0077166 -0.0051783 -0.0122040 -0.0118096 -0.0080115 -0.0069675 -0.0075447 -0.0139841 -0.0065337 -0.0076279 0.0042851 -0.0100392 -0.0025113 -0.0045209 -0.0134257 -0.0166103 0.0005371 -0.0094778 -0.0053397 -0.0077027 0.0037745
-0.0834371 -0.0199633 -0.0022572 -0.0858206 0.0442676 -0.0063575 -0.0164524 -0.0518661 0.0255443 0.0127043 0.0659381 -0.0737317 -0.0161639 -0.0188476 0.0173223 -0.0566158 0.0770795 0.0836604 0.0447071 -0.0763690 0.0218528 0.0568082 -0.0962087 -0.0268248 -0.0679142 -0.0947649 0.0074114 0.0035245 -0.0173103 1.0801936 -0.0550405 -0.0112023 -0.0523265 -0.0619756 0.0464640 0.0675831 -0.0145386 0.0814608 -0.0087579 0.0586544 -0.0234888 -0.0963118 -0.0635613 0.0160350 -0.0333916 0.0436622 -0.0305789 -0.0766183 0.0176632 -0.0211977 -0.0080790 -0.0765877 0.0192290 0.0634091 0.0093393 -0.0175186 0.0753134 0.0045937 0.0356950 -0.0304144 -0.0122829 -0.0323198 -0.0869255 -0.0990078 -0.0597831 0.0536296 -0.0785353 -0.0198803 0.0082881 -0.0788283 0.0586168 -0.0098879 0.0597356 0.0088717 0.0191685 -0.0107956 0.0597756 -0.0866810 -0.0118680 0.0348398 -0.0083402
0.0172265 -0.0111056 -0.0251059 0.0190088 -0.0561420 -0.0190545 -0.0203794 0.0294403 -0.0007592 -0.0449410 -0.0569444 0.0274835 -0.0166530 -0.0162186 -0.0075971 0.0381780 -0.0650474 -0.0597374 -0.0482120 0.0317783 -0.0217378 -0.0746958 0.0152087 -0.0120859 0.0306348 0.0324197 -0.0148359 -0.0192412 -0.0038601 -0.0550405 1.0487170 -0.0110286 0.0297804 0.0258855 -0.0597927 -0.0613626 -0.0119961 -0.0614917 -0.0062381 -0.0562686 0.0028052 0.0436218 0.0134413 -0.0162727 -0.0035516 -0.0521768 -0.0041403 0.0357538 -0.0184581 -0.0191639 -0.0074405 0.0288779 -0.0174311 -0.0551550 -0.0161319 -0.0098671 -0.0537256 -0.0184526 -0.0452061 -0.0023429 -0.0016783 -0.0034947 0.0448211 0.0415250 0.0246278 -0.0464574 0.0343939 -0.0186445 -0.0204347 0.0338143 -0.0421473 -0.0046574 -0.0578321 -0.0216648 -0.0182432 -0.0123775 -0.0387051 0.0463947 -0.0124493 -0.0379397 -0.0007030
-0.0053515 -0.0145779 -0.0176702 -0.0101286 -0.0176927 -0.0177471 -0.0105947 -0.0097458 0.0024446 -0.0138431 -0.0081774 -0.0111627 -0.0110004 -0.0128945 -0.0049562 -0.0044547 -0.0078593 -0.0049640 -0.0103945 -0.0120042 -0.0073533 -0.0134664 -0.0171283 -0.0128347 -0.0096302 -0.0138868 -0.0092346 -0.0055510 -0.0131200 -0.0112023 -0.0110286 1.0623096 -0.0051523 -0.0114932 -0.0056475 -0.0111666 -0.0090959 -0.0052674 -0.0081142 -0.0086736 -0.0067378 -0.0101518 -0.0146939 -0.0071576 -0.0042579 -0.0087623 -0.0097179 -0.0088130 -0.0068240 -0.0107881 -0.0061600 -0.0074935 -0.0077239 -0.0062985 -0.0077065 -0.0115850 -0.0075788 -0.0109788 -0.0049272 -0.0102386 -0.0058065 -0.0103416 -0.0052223 -0.0075934 -0.0108461 -0.0050752 -0.0093638 -0.0115686 -0.0106226 -0.0110976 -0.0026474 -0.0060126 -0.0068540 -0.0115249 -0.0023978 -0.0064095 -0.0047608 -0.0046567 -0.0103866 -0.0046705 -0.0102661
0.0413386 -0.0096410 -0.0126788 0.0403595 -0.0508678 -0.0076001 0.0001010 0.0345032 -0.0146307 -0.0459029 -0.0550452 0.0364353 -0.0081748 -0.0084227 -0.0167528 0.0386412 -0.0586637 -0.0592973 -0.0493008 0.0370064 -0.0163456 -0.0523292 0.0431838 -0.0066902 0.0378025 0.0420013 -0.0103724 -0.0061614 -0.0108545 -0.0523265 0.0297804 -0.0051523 1.0403174 0.0356352 -0.0437902 -0.0541588 -0.0048204 -0.0578879 -0.0019309 -0.0541989 -0.0035781 0.0455610 0.0366692 -0.0129406 0.0083918 -0.0392981 -0.0010738 0.0402045 -0.0137296 0.0006946 -0.0039729 0.0441439 -0.0184354 -0.0525751 -0.0112398 -0.0047935 -0.0580941 -0.0106389 -0.0369732 0.0017174 0.0008820 -0.0036436 0.0446148 0.0499619 0.0335755 -0.0454890 0.0404573 -0.0017985 -0.0125787 0.0400058 -0.0530147 -0.0006775 -0.0536822 -0.0128240 -0.0109605 -0.0006108 -0.0489316 0.0458915 -0.0047180 -0.0382744 -0.0081287
0.0398604 -0.0082443 -0.0091024 0.0359439 -0.0495643 -0.0039934 -0.0052397 0.0331105 -0.0262476 -0.0490509 -0.0644452 0.0430854 -0.0073289 -0.0044927 -0.0232930 0.0293002 -0.0644331 -0.0693336 -0.0617112 0.0439973 -0.0208238 -0.0540732 0.0466982 -0.0024463 0.0362640 0.0503847 -0.0169559 -0.0092148 -0.0081543 -0.0619756 0.0258855 -0.0114932 0.0356352 1.0582011 -0.0553662 -0.0605954 -0.0025409 -0.0681033 -0.0085851 -0.0639493 -0.0018127 0.0546164 0.0434137 -0.0162904 0.0060309 -0.0489636 0.0001909 0.0473466 -0.0179011 0.0028198 -0.0032135 0.0475352 -0.0194654 -0.0575904 -0.0114851 -0.0017487 -0.0613150 -0.0084398 -0.0466017 0.0032991 -0.0025742 -0.0025598 0.0470937 0.0587994 0.0421176 -0.0562345 0.0481633 0.0010776 -0.0119650 0.0480967 -0.0625720 -0.0041675 -0.0572112 -0.0130070 -0.0168465 -0.0042730 -0.0590558 0.0494448 -0.0036030 -0.0469657 -0.0077677
-0.0565885 -0.0154397 -0.0079826 -0.0548866 0.0317744 -0.0117060 -0.0062209 -0.0504922 0.0051419 0.0230697 0.0550705 -0.0585413 -0.0109338 -0.0114197 0.0001825 -0.0503232 0.0579421 0.0622183 0.0421625 -0.0633413 0.0107294 0.0508281 -0.0652321 -0.0202043 -0.0568583 -0.0724410 0.0025516 0.0060611 -0.0175670 0.0464640 -0.0597927 -0.0056475 -0.0437902 -0.0553662 1.0515063 0.0529344 -0.0094285 0.0620592 -0.0070126 0.0536710 -0.0170149 -0.0705738 -0.0500523 0.0078288 -0.0145169 0.0429950 -0.0178606 -0.0600176 0.0112015 -0.0080917 -0.0051908 -0.0561160 0.0087108 0.0520344 0.0048676 -0.0115738 0.0519401 -0.0007118 0.0390526 -0.0201976 -0.0091023 -0.0159363 -0.0631381 -0.0679552 -0.0515550 0.0473495 -0.0605809 -0.0071035 0.0011694 -0.0627230 0.0469833 -0.0071702 0.0509597 0.0044337 0.0155684 -0.0011512 0.0425971 -0.0624502 -0.0089518 0.0338179 -0.0113039
-0.0974833 -0.0098899 0.0097617 -0.0948552 0.0657854 0.0016142 -0.0217340 -0.0584146 0.0148044 0.0290116 0.0717709 -0.0713431 -0.0054645 -0.0084911 0.0181479 -0.0764277 0.0861044 0.0872816 0.0533790 -0.0756534 0.0177168 0.0712344 -0.0951479 -0.0139450 -0.0771607 -0.0940093 0.0069933 0.0032898 -0.0035528 0.0675831 -0.0613626 -0.0111666 -0.0541588 -0.0605954 0.0529344 1.0680516 -0.0068772 0.0868114 -0.0075501 0.0694857 -0.0161305 -0.0953616 -0.0622606 0.0161382 -0.0350875 0.0445621 -0.0224199 -0.0742005 0.0185548 -0.0142046 -0.0030803 -0.0831597 0.0277742 0.0730751 0.0153194 -0.0098507 0.0860348 0.0111538 0.0398176 -0.0233098 -0.0117861 -0.0225654 -0.0908616 -0.0964912 -0.0583683 0.0573514 -0.0741901 -0.0121019 0.0146178 -0.0764454 0.0636292 -0.0114980 0.0701177 0.0152446 0.0144586 -0.0116328 0.0648133 -0.0883703 -0.0060367 0.0352308 0.0005882
-0.0072210 -0.0067815 -0.0064466 -0.0095015 -0.0075933 -0.0074174 -0.0117190 -0.0108729 -0.0141494 -0.0076994 -0.0122083 -0.0029279 -0.0055840 -0.0052093 -0.0122469 -0.0148775 -0.0064285 -0.0092093 -0.0119646 -0.0042129 -0.0099602 -0.0089229 -0.0047804 -0.0078989 -0.0104604 -0.0006454 -0.0126896 -0.0063041 -0.0054886 -0.0145386 -0.0119961 -0.0090959 -0.0048204 -0.0025409 -0.0094285 -0.0068772 1.0271844 -0.0099674 -0.0093377 -0.0080294 -0.0020407 -0.0012704 -0.0058785 -0.0079132 -0.0051638 -0.0095195 -0.0018213 -0.0016639 -0.0082099 -0.0022684 -0.0018141 -0.0058915 -0.0038928 -0.0046990 -0.0034047 -0.0044674 -0.0038173 -0.0037040 -0.0067252 -0.0027329 -0.0064426 -0.0040870 -0.0058552 0.0012979 -0.0019544 -0.0089270 -0.0017408 -0.0048071 -0.0036922 -0.0016103 -0.0063784 -0.0056959 -0.0046245 -0.0059066 -0.0071114 -0.0056384 -0.0082403 -0.0019156 -0.0041460 -0.0072534 -0.0036224
-0.0994135 -0.0127542 0.0076221 -0.0978598 0.0617147 -0.0009166 -0.0182478 -0.0595444 0.0287784 0.0303680 0.0875857 -0.0799828 -0.0104985 -0.0123179 0.0279694 -0.0693700 0.0936772 0.0984544 0.0633696 -0.0853656 0.0234933 0.0740478 -0.1085986 -0.0223897 -0.0790246 -0.1049563 0.0141751 0.0070905 -0.0082116 0.0814608 -0.0614917 -0.0052674 -0.0578879 -0.0681033 0.0620592 0.0868114 -0.0099674 1.0874230 -0.0062989 0.0776361 -0.0186572 -0.1050125 -0.0711422 0.0218839 -0.0346234 0.0549065 -0.0245691 -0.0827059 0.0232151 -0.0183585 -0.0052335 -0.0864269 0.0275128 0.0764849 0.0137857 -0.0129913 0.0938343 0.0102121 0.0446961 -0.0286388 -0.0115841 -0.0263736 -0.0949538 -0.1067203 -0.0649441 0.0661478 -0.0839090 -0.0167287 0.0132435 -0.0855759 0.0742680 -0.0093147 0.0750260 0.0144674 0.0224174 -0.0081222 0.0741114 -0.0937190 -0.0098143 0.0433025 -0.0016785
-0.0058830 -0.0138895 -0.0154797 -0.0048833 -0.0121187 -0.0131997 -0.0063200 -0.0049709 -0.0044992 -0.0103846 -0.0111115 -0.0090424 -0.0112757 -0.0131308 -0.0083294 -0.0023436 -0.0086565 -0.0072893 -0.0086624 -0.0087136 -0.0093602 -0.0121285 -0.0100179 -0.0080754 -0.0066423 -0.0083771 -0.0080157 -0.0063825 -0.0116366 -0.0087579 -0.0062381 -0.0081142 -0.0019309 -0.0085851 -0.0070126 -0.0075501 -0.0093377 -0.0062989 1.0247697 -0.0091773 -0.0069217 -0.0049218 -0.0094807 -0.0059428 -0.0042343 -0.0047811 -0.0077677 -0.0060625 -0.0062238 -0.0106420 -0.0059337 -0.0027718 -0.0061859 -0.0066766 -0.0049396 -0.0093400 -0.0091934 -0.0101698 -0.0018512 -0.0051381 -0.0021208 -0.0095777 -0.0018104 -0.0032935 -0.0085141 -0.0050671 -0.0047565 -0.0084439 -0.0101284 -0.0065276 -0.0056723 -0.0036520 -0.0084766 -0.0079915 -0.0017374 -0.0049837 -0.0034873 -0.0012773 -0.0081580 -0.0033506 -0.0069871
-0.0809477 -0.0106840 -0.0028987 -0.0774744 0.0455805 -0.0100952 -0.0194331 -0.0590904 0.0155547 0.0323346 0.0661976 -0.0691611 -0.0095475 -0.0111339 0.0131393 -0.0623276 0.0744808 0.0793186 0.0542252 -0.0728894 0.0126227 0.0570056 -0.0864115 -0.0181787 -0.0693362 -0.0834903 0.0050466 0.0008120 -0.0075333 0.0586544 -0.0562686 -0.0086736 -0.0541989 -0.0639493 0.0536710 0.0694857 -0.0080294 0.0776361 -0.0091773 1.0745534 -0.0123052 -0.0853299 -0.0672501 0.0133377 -0.0249343 0.0438382 -0.0175319 -0.0710798 0.0140068 -0.0142274 -0.0041637 -0.0757945 0.0198093 0.0661901 0.0083790 -0.0097563 0.0753436 0.0029857 0.0413763 -0.0208191 -0.0110749 -0.0174817 -0.0771543 -0.0875990 -0.0603420 0.0565037 -0.0718748 -0.0132267 0.0067277 -0.0739296 0.0657799 -0.0077028 0.0653058 0.0084342 0.0137760 -0.0085959 0.0612297 -0.0768229 -0.0071553 0.0408322 -0.0038877
-0.0020887 -0.0039497 -0.0122966 -0.0034740 -0.0191068 -0.0119842 -0.0148224 -0.0085818 -0.0121441 -0.0000788 -0.0241886 0.0026352 -0.0040723 -0.0029476 -0.0100712 -0.0070841 -0.0156455 -0.0188225 -0.0153140 0.0040784 -0.0140625 -0.0235396 0.0028021 -0.0046242 -0.0030824 0.0119353 -0.0167300 -0.0145099 0.0044325 -0.0234888 0.0028052 -0.0067378 -0.0035781 -0.0018127 -0.0170149 -0.0161305 -0.0020407 -0.0186572 -0.0069217 -0.0123052 1.0253614 0.0111607 -0.0096991 -0.0124484 -0.0023228 -0.0175893 0.0048781 0.0058641 -0.0115043 -0.0070772 -0.0009135 -0.0025610 -0.0038665 -0.0083872 -0.0070781 -0.0028842 -0.0108280 -0.0088492 -0.0098426 0.0028105 -0.0034506 0.0053952 0.0079282 0.0081926 -0.0009829 -0.0118746 0.0061073 -0.0088968 -0.0076682 0.0056633 -0.0026595 -0.0031280 -0.0096218 -0.0093651 -0.0126907 -0.0080008 -0.0073072 0.0084756 -0.0008441 -0.0063302 0.0033102
0.0802892 -0.0003090 -0.0272957 0.0782968 -0.0810746 -0.0164117 0.0004623 0.0414788 -0.0441732 -0.0436948 -0.1015712 0.0633520 -0.0038911 -0.0034180 -0.0431846 0.0505151 -0.0988633 -0.1036720 -0.0791947 0.0683770 -0.0370527 -0.0883134 0.0902257 0.0043096 0.0617043 0.0895742 -0.0317561 -0.0186698 -0.0071752 -0.0963118 0.0436218 -0.0101518 0.0455610 0.0546164 -0.0705738 -0.0953616 -0.0012704 -0.1050125 -0.0049218 -0.0853299 0.0111607 1.0892862 0.0540241 -0.0321508 0.0231195 -0.0637475 0.0163875 0.0704809 -0.0327067 0.0066369 -0.0010198 0.0731948 -0.0347772 -0.0811039 -0.0212498 0.0011684 -0.0978231 -0.0216188 -0.0518388 0.0181867 0.0013980 0.0177693 0.0845310 0.0986563 0.0510016 -0.0760061 0.0729033 0.0048037 -0.0249163 0.0733999 -0.0784412 -0.0005831 -0.0809417 -0.0263288 -0.0288312 -0.0009170 -0.0797896 0.0845151 -0.0020975 -0.0526570 -0.0068174
0.0472314 -0.0085888 -0.0104919 0.0469049 -0.0533098 -0.0041540 0.0016763 0.0355434 -0.0364227 -0.0502098 -0.0678963 0.0420439 -0.0066802 -0.0079109 -0.0320450 0.0279256 -0.0679083 -0.0730459 -0.0642325 0.0450816 -0.0213307 -0.0471105 0.0562661 -0.0054245 0.0360913 0.0460674 -0.0175625 -0.0054462 -0.0207450 -0.0635613 0.0134413 -0.0146939 0.0366692 0.0434137 -0.0500523 -0.0622606 -0.0058785 -0.0711422 -0.0094807 -0.0672501 -0.0096991 0.0540241 1.0460513 -0.0180919 0.0099037 -0.0440925 -0.0010932 0.0482424 -0.0185727 0.0080585 -0.0027131 0.0536865 -0.0244733 -0.0613103 -0.0105967 -0.0028873 -0.0721958 -0.0082217 -0.0431691 0.0034677 -0.0026663 -0.0027372 0.0475686 0.0646463 0.0424724 -0.0592434 0.0507970 0.0065810 -0.0118689 0.0484679 -0.0746489 -0.0056202 -0.0604223 -0.0126322 -0.0143788 -0.0005120 -0.0671848 0.0511799 -0.0054600 -0.0514867 -0.0161364
-0.0332427 -0.0093452 -0.0034639 -0.0329663 0.0086628 -0.0036394 -0.0102146 -0.0146428 0.0085775 -0.0090860 0.0169312 -0.0241628 -0.0112286 -0.0110433 0.0055681 -0.0151808 0.0183863 0.0240067 0.0072517 -0.0263519 0.0039783 0.0109455 -0.0376412 -0.0135777 -0.0215927 -0.0364760 0.0015890 0.0010886 -0.0112219 0.0160350 -0.0162727 -0.0071576 -0.0129406 -0.0162904 0.0078288 0.0161382 -0.0079132 0.0218839 -0.0059428 0.0133377 -0.0124484 -0.0321508 -0.0180919 1.0174487 -0.0147670 0.0091250 -0.0153802 -0.0240428 0.0049127 -0.0116344 -0.0056831 -0.0237495 0.0043750 0.0122602 0.0016609 -0.0095233 0.0204224 -0.0005480 0.0042624 -0.0161455 -0.0047251 -0.0162001 -0.0278356 -0.0304536 -0.0161923 0.0118929 -0.0234345 -0.0112926 -0.0011594 -0.0234316 0.0106190 -0.0051759 0.0114807 0.0018706 0.0063908 -0.0047174 0.0125833 -0.0260143 -0.0089193 0.0024197 -0.0063850
0.0316972 -0.0099397 -0.0208320 0.0309575 -0.0361571 -0.0192021 0.0041256 0.0020160 -0.0227142 -0.0142234 -0.0332280 0.0112439 -0.0088124 -0.0087460 -0.0277859 0.0135836 -0.0348572 -0.0336608 -0.0233023 0.0127063 -0.0161729 -0.0285307 0.0278938 -0.0094554 0.0119606 0.0209118 -0.0173659 -0.0052798 -0.0160323 -0.0333916 -0.0035516 -0.0042579 0.0083918 0.0060309 -0.0145169 -0.0350875 -0.0051638 -0.0346234 -0.0042343 -0.0249343 -0.0023228 0.0231195 0.0099037 -0.0147670 1.0249543 -0.0124741 0.0043427 0.0147892 -0.0148144 0.0025718 -0.0042598 0.0235175 -0.0199238 -0.0257928 -0.0110318 -0.0054383 -0.0396086 -0.0138312 -0.0088733 0.0031847 -0.0020024 0.0032347 0.0247408 0.0310922 0.0054652 -0.0220104 0.0152522 0.0029044 -0.0150860 0.0137851 -0.0243620 -0.0015218 -0.0267639 -0.0163951 -0.0069580 0.0026793 -0.0287374 0.0251334 -0.0064143 -0.0111164 -0.0122510
-0.0514880 -0.0102887 -0.0074116 -0.0509112 0.0337092 -0.0074285 -0.0027996 -0.0459608 0.0030286 0.0227668 0.0424895 -0.0538944 -0.0122005 -0.0131475 -0.0012287 -0.0413015 0.0525060 0.0562091 0.0383110 -0.0571232 0.0070879 0.0442089 -0.0588639 -0.0157458 -0.0516667 -0.0664433 0.0000714 0.0041216 -0.0177347 0.0436622 -0.0521768 -0.0087623 -0.0392981 -0.0489636 0.0429950 0.0445621 -0.0095195 0.0549065 -0.0047811 0.0438382 -0.0175893 -0.0637475 -0.0440925 0.0091250 -0.0124741 1.0589647 -0.0158048 -0.0540940 0.0076346 -0.0096414 -0.0055917 -0.0494506 0.0063388 0.0431948 0.0035867 -0.0099241 0.0456655 -0.0007938 0.0346248 -0.0166445 -0.0084419 -0.0161054 -0.0583818 -0.0602043 -0.0468120 0.0387828 -0.0548883 -0.0065201 0.0015760 -0.0552861 0.0387406 -0.0058877 0.0424545 0.0017823 0.0132606 -0.0006925 0.0382042 -0.0556317 -0.0078211 0.0311339 -0.0087703
