1.1309425 -0.0194928 -0.0421187 0.1373161 -0.1250252 -0.0367966 0.0279121 0.0626417 -0.0586086 -0.0730106 -0.1352517 0.0915686 -0.0163678 -0.0185351 -0.0760306 0.0886289 -0.1468790 -0.1484378 -0.1055128 0.0883376 -0.0442488 -0.1142802 0.1353308 -0.0080931 0.0859612 0.1170660 -0.0407696 -0.0060084 -0.0373583 -0.1299343 0.0361725 -0.0064610 0.0759261 0.0763077 -0.0869205 -0.1446639 -0.0086368 -0.1480394 -0.0034612 -0.1254052 -0.0095437 0.1281096 0.0952669 -0.0392906 0.0482975 -0.0750237 0.0103261 0.0985591 -0.0428842 0.0177546 -0.0139764 0.1231962 -0.0609664 -0.1300805 -0.0288500 -0.0073224 -0.1630753 -0.0340374 -0.0693199 0.0143398 0.0037343 0.0095223 0.1229129 0.1454576 0.0726686 -0.1086283 0.1020712 0.0125034 -0.0358593 0.1007513 -0.1320534 0.0017771 -0.1295797 -0.0410535 -0.0180556 0.0120583 -0.1290632 0.1261723 -0.0114223 -0.0765805 -0.0321945
-0.0194928 1.0569351 -0.0053655 -0.0165623 -0.0159046 -0.0085596 -0.0151413 -0.0167093 -0.0195758 -0.0023267 -0.0163058 -0.0078427 -0.0095590 -0.0096607 -0.0167217 -0.0198665 -0.0069958 -0.0066961 -0.0114267 -0.0070873 -0.0136802 -0.0079683 -0.0111067 -0.0044502 -0.0124942 -0.0087464 -0.0182776 -0.0109185 -0.0086608 -0.0192437 -0.0109949 -0.0130513 -0.0115947 -0.0100223 -0.0139047 -0.0060640 -0.0073672 -0.0101834 -0.0133973 -0.0084039 -0.0036455 -0.0027886 -0.0117256 -0.0084900 -0.0112919 -0.0103662 -0.0056916 -0.0078708 -0.0113087 -0.0099601 -0.0043737 -0.0115975 -0.0031254 -0.0031586 -0.0040480 -0.0074313 -0.0007269 -0.0061687 -0.0092997 -0.0029839 -0.0094764 -0.0017382 -0.0090790 -0.0071412 -0.0094950 -0.0084046 -0.0054373 -0.0076286 -0.0080794 -0.0035600 -0.0069811 -0.0110019 -0.0062710 -0.0063915 -0.0099729 -0.0086473 -0.0032448 -0.0070361 -0.0071257 -0.0082539 -0.0010229
-0.0421187 -0.0053655 1.0282397 -0.0428881 0.0147247 0.0054954 -0.0212097 -0.0115367 -0.0040380 -0.0215219 0.0031787 -0.0179900 -0.0104213 -0.0104121 -0.0013692 -0.0317715 0.0169574 0.0082065 -0.0115235 -0.0182895 -0.0030512 0.0094274 -0.0363812 -0.0154579 -0.0256927 -0.0294615 -0.0038009 -0.0042225 -0.0092868 0.0035181 -0.0201277 -0.0173179 -0.0123581 -0.0079016 -0.0098474 0.0132763 -0.0067991 0.0111736 -0.0142757 -0.0040144 -0.0140870 -0.0312116 -0.0077562 -0.0017693 -0.0245514 -0.0087376 -0.0170926 -0.0178875 0.0005935 -0.0105489 -0.0074247 -0.0233748 0.0073564 0.0042822 0.0007577 -0.0101306 0.0146622 0.0040999 -0.0093368 -0.0184152 -0.0122436 -0.0224390 -0.0314423 -0.0256272 -0.0049538 -0.0048572 -0.0167828 -0.0115690 0.0012069 -0.0196229 -0.0062765 -0.0113984 0.0052193 0.0008380 -0.0031918 -0.0137797 0.0005916 -0.0264007 -0.0083469 -0.0116278 -0.0059602
0.1373161 -0.0165623 -0.0428881 1.1226341 -0.1207817 -0.0368493 0.0300254 0.0621587 -0.0596535 -0.0678794 -0.1339047 0.0875580 -0.0167596 -0.0187843 -0.0729727 0.0859045 -0.1429222 -0.1475158 -0.1012464 0.0898627 -0.0482265 -0.1090703 0.1333046 -0.0099429 0.0843468 0.1150775 -0.0390675 -0.0070578 -0.0454690 -0.1295209 0.0382393 -0.0113087 0.0749934 0.0705219 -0.0839620 -0.1418681 -0.0109012 -0.1455949 -0.0049232 -0.1177001 -0.0089538 0.1235331 0.0936143 -0.0397677 0.0482637 -0.0762153 0.0103325 0.0975293 -0.0393337 0.0152319 -0.0139338 0.1212076 -0.0630093 -0.1263644 -0.0285087 -0.0068916 -0.1633416 -0.0332686 -0.0645056 0.0172096 0.0041657 0.0100138 0.1235975 0.1425900 0.0678593 -0.1063246 0.1021046 0.0122673 -0.0364654 0.0981519 -0.1309872 -0.0005399 -0.1270589 -0.0407531 -0.0170521 0.0110924 -0.1218199 0.1237817 -0.0107841 -0.0769085 -0.0337999
-0.1250252 -0.0159046 0.0147247 -0.1207817 1.0838895 0.0045204 -0.0222438 -0.0839123 0.0073460 0.0394016 0.0848450 -0.0944056 -0.0109037 -0.0072533 0.0156835 -0.1025371 0.1089307 0.1065073 0.0702387 -0.0984018 0.0115858 0.0870811 -0.1201622 -0.0128693 -0.0979230 -0.1168391 0.0037191 -0.0004763 -0.0078790 0.0838579 -0.0833997 -0.0167433 -0.0810260 -0.0803454 0.0658010 0.1060131 -0.0080454 0.1040856 -0.0132251 0.0833715 -0.0184550 -0.1207924 -0.0845344 0.0150992 -0.0452450 0.0620770 -0.0239250 -0.0955008 0.0150106 -0.0160693 -0.0025833 -0.1093070 0.0271646 0.0932074 0.0139297 -0.0119177 0.1112790 0.0074533 0.0569418 -0.0235189 -0.0133116 -0.0291194 -0.1190816 -0.1209270 -0.0760885 0.0716129 -0.0985094 -0.0161281 0.0122302 -0.1001415 0.0830255 -0.0148044 0.0909922 0.0141213 0.0083382 -0.0189122 0.0812102 -0.1142531 -0.0043086 0.0525130 0.0006534
-0.0367966 -0.0085596 0.0054954 -0.0368493 0.0045204 1.0651239 -0.0144770 -0.0043076 -0.0046144 -0.0281181 -0.0072421 -0.0092497 -0.0128398 -0.0128479 -0.0035708 -0.0219584 0.0039872 -0.0000162 -0.0212099 -0.0090235 -0.0050992 -0.0011880 -0.0273852 -0.0098676 -0.0123315 -0.0253133 -0.0046616 -0.0039764 -0.0117429 -0.0049791 -0.0158906 -0.0183224 -0.0044524 0.0003237 -0.0132486 0.0037187 -0.0066931 -0.0001349 -0.0136563 -0.0123649 -0.0138434 -0.0179763 0.0010394 0.0002751 -0.0241233 -0.0094457 -0.0150886 -0.0059968 -0.0009509 -0.0109198 -0.0046422 -0.0152866 0.0036743 -0.0037236 0.0019239 -0.0091405 0.0058361 0.0020157 -0.0188440 -0.0154337 -0.0076555 -0.0192990 -0.0217387 -0.0175735 0.0006998 -0.0118919 -0.0098902 -0.0120881 0.0011043 -0.0082027 -0.0158115 -0.0098150 -0.0056090 0.0020718 -0.0043063 -0.0118395 -0.0087694 -0.0169340 -0.0098821 -0.0195511 -0.0039920
0.0279121 -0.0151413 -0.0212097 0.0300254 -0.0222438 -0.0144770 1.0832636 -0.0008761 -0.0280032 -0.0203969 -0.0271853 0.0003257 -0.0171165 -0.0172170 -0.0391280 0.0113167 -0.0266646 -0.0279675 -0.0231796 -0.0015196 -0.0103366 -0.0087529 0.0198313 -0.0165277 0.0015185 0.0009712 -0.0132180 0.0034475 -0.0373780 -0.0255637 -0.0296607 -0.0109675 0.0035311 -0.0011582 -0.0022293 -0.0284200 -0.0147739 -0.0268087 -0.0051654 -0.0242493 -0.0217406 0.0060456 0.0153994 -0.0097847 0.0119291 -0.0004158 -0.0108185 0.0056215 -0.0137054 0.0029755 -0.0080615 0.0192491 -0.0259106 -0.0258916 -0.0101861 -0.0120599 -0.0410856 -0.0136775 -0.0035834 -0.0082829 -0.0038749 -0.0098881 0.0082337 0.0217210 -0.0003943 -0.0201400 0.0051378 0.0034062 -0.0159682 0.0018042 -0.0362940 -0.0049469 -0.0267909 -0.0148264 0.0017931 0.0068228 -0.0349453 0.0128281 -0.0075629 -0.0134693 -0.0295519
0.0626417 -0.0167093 -0.0115367 0.0621587 -0.0839123 -0.0043076 -0.0008761 1.1292228 -0.0080139 -0.0930103 -0.0960111 0.0700912 -0.0149656 -0.0150002 -0.0148871 0.0724124 -0.0986202 -0.1025982 -0.0928203 0.0738676 -0.0168078 -0.0898624 0.0651407 -0.0085629 0.0728895 0.0670486 -0.0084177 -0.0028557 -0.0163074 -0.0850811 0.0621917 -0.0108219 0.0730196 0.0739083 -0.0905868 -0.0981689 -0.0145240 -0.1006586 -0.0054635 -0.1030075 -0.0151754 0.0787476 0.0776502 -0.0180224 0.0038491 -0.0791707 -0.0135491 0.0731668 -0.0162269 -0.0053649 -0.0131747 0.0842785 -0.0259900 -0.1001630 -0.0110199 -0.0055049 -0.1042248 -0.0138820 -0.0828259 -0.0030168 -0.0008112 -0.0177132 0.0803301 0.0872264 0.0717722 -0.0855728 0.0767960 -0.0065823 -0.0158238 0.0744272 -0.1068008 -0.0014239 -0.1029265 -0.0153207 -0.0104678 -0.0060778 -0.0891424 0.0821485 -0.0134487 -0.0817466 -0.0153111
-0.0586086 -0.0195758 -0.0040380 -0.0596535 0.0073460 -0.0046144 -0.0280032 -0.0080139 1.1075449 -0.0197290 0.0329016 -0.0362932 -0.0176713 -0.0210838 0.0400530 -0.0013572 0.0235234 0.0364882 0.0142544 -0.0400041 0.0147561 -0.0073717 -0.0787219 -0.0253463 -0.0217531 -0.0520606 0.0161225 -0.0067142 0.0052195 0.0312233 0.0104567 0.0031332 -0.0158620 -0.0274691 0.0003249 0.0199362 -0.0132759 0.0346743 -0.0044525 0.0192924 -0.0046534 -0.0496312 -0.0454310 0.0099369 -0.0312237 -0.0032044 -0.0227197 -0.0351507 0.0119223 -0.0325877 -0.0069833 -0.0417406 0.0143177 0.0162021 -0.0007337 -0.0171148 0.0354469 -0.0032087 -0.0059909 -0.0239481 -0.0039140 -0.0264865 -0.0352333 -0.0557003 -0.0239653 0.0186523 -0.0361672 -0.0334221 -0.0040309 -0.0356066 0.0347257 -0.0038874 0.0162109 0.0017102 0.0054556 -0.0174673 0.0397269 -0.0340612 -0.0138301 0.0066450 0.0039059
-0.0730106 -0.0023267 -0.0215219 -0.0678794 0.0394016 -0.0281181 -0.0203969 -0.0930103 -0.0197290 1.0969927 0.0446387 -0.0771314 -0.0059798 -0.0028533 -0.0150297 -0.0828052 0.0699055 0.0699213 0.0598624 -0.0791677 -0.0095186 0.0516249 -0.0653456 -0.0122044 -0.0856770 -0.0669737 -0.0242101 -0.0156522 -0.0036366 0.0417611 -0.0703350 -0.0130650 -0.0789468 -0.0868394 0.0569466 0.0625350 -0.0062543 0.0652266 -0.0105029 0.0737333 0.0063944 -0.0737427 -0.0898603 -0.0092381 -0.0129924 0.0532089 0.0039010 -0.0752321 -0.0073375 -0.0097816 0.0009414 -0.0859699 0.0087667 0.0767518 -0.0036142 -0.0043994 0.0703362 -0.0104400 0.0629287 -0.0004570 -0.0151127 0.0043823 -0.0746083 -0.0802337 -0.0826065 0.0638391 -0.0767445 -0.0084909 -0.0058467 -0.0780387 0.0847687 -0.0124872 0.0739356 -0.0051766 -0.0051002 -0.0105445 0.0627313 -0.0753733 -0.0042049 0.0638640 0.0020129
-0.1352517 -0.0163058 0.0031787 -0.1339047 0.0848450 -0.0072421 -0.0271853 -0.0960111 0.0329016 0.0446387 1.1246098 -0.1077003 -0.0110977 -0.0097871 0.0292461 -0.0977330 0.1278448 0.1419456 0.0859928 -0.1232435 0.0285010 0.1022438 -0.1493355 -0.0330715 -0.1123571 -0.1463173 0.0194719 0.0047350 -0.0105156 0.1121469 -0.0903522 -0.0084169 -0.0936405 -0.1032820 0.0949843 0.1197946 -0.0091202 0.1372781 -0.0108187 0.1119994 -0.0243198 -0.1463736 -0.1107119 0.0223105 -0.0413654 0.0772890 -0.0280176 -0.1205766 0.0271046 -0.0229482 -0.0018504 -0.1278118 0.0343370 0.1165913 0.0093876 -0.0191225 0.1331917 0.0077533 0.0742547 -0.0378415 -0.0156255 -0.0346426 -0.1339792 -0.1499740 -0.0985671 0.1001244 -0.1233042 -0.0189826 0.0122133 -0.1258974 0.1143777 -0.0162267 0.1138208 0.0179265 0.0212907 -0.0106566 0.1015851 -0.1343603 -0.0113793 0.0736239 -0.0054518
0.0915686 -0.0078427 -0.0179900 0.0875580 -0.0944056 -0.0092497 0.0003257 0.0700912 -0.0362932 -0.0771314 -0.1077003 1.1233330 -0.0081961 -0.0064541 -0.0367555 0.0678891 -0.1140115 -0.1251496 -0.0999946 0.0893056 -0.0320124 -0.1034546 0.0974939 0.0004639 0.0769185 0.0999194 -0.0264657 -0.0105519 -0.0090397 -0.1122071 0.0620691 -0.0128177 0.0717359 0.0821373 -0.0965441 -0.1133955 -0.0044827 -0.1244072 -0.0072590 -0.1122371 0.0007461 0.1042748 0.0815750 -0.0292211 0.0174004 -0.0870449 0.0043373 0.0888063 -0.0307110 0.0010387 -0.0075618 0.0933320 -0.0337630 -0.1086125 -0.0144392 -0.0020006 -0.1172972 -0.0137572 -0.0821520 0.0107280 0.0003418 0.0035058 0.0947607 0.1107536 0.0751647 -0.1015432 0.0910113 0.0012608 -0.0184929 0.0937706 -0.1115384 -0.0005925 -0.1079301 -0.0202603 -0.0244558 -0.0024259 -0.0980968 0.0993050 -0.0052759 -0.0799289 -0.0113384
-0.0163678 -0.0095590 -0.0104213 -0.0167596 -0.0109037 -0.0128398 -0.0171165 -0.0149656 -0.0176713 -0.0059798 -0.0110977 -0.0081961 1.0730387 -0.0050549 -0.0142885 -0.0223447 -0.0052437 -0.0072548 -0.0118145 -0.0108538 -0.0054332 -0.0055631 -0.0119477 -0.0102493 -0.0159681 -0.0095096 -0.0159499 -0.0079133 -0.0032578 -0.0157931 -0.0165450 -0.0104921 -0.0095021 -0.0086570 -0.0085659 -0.0016985 -0.0057261 -0.0092908 -0.0125115 -0.0089323 -0.0027767 -0.0064652 -0.0108811 -0.0116799 -0.0089025 -0.0086891 -0.0042887 -0.0062296 -0.0095342 -0.0062416 -0.0051528 -0.0109878 -0.0047867 -0.0026262 -0.0056816 -0.0067847 -0.0042327 -0.0065234 -0.0054447 -0.0052927 -0.0080856 -0.0037912 -0.0079523 -0.0052665 -0.0106990 -0.0064183 -0.0063023 -0.0059014 -0.0058676 -0.0069158 -0.0043976 -0.0090212 -0.0021445 -0.0040474 -0.0078448 -0.0069161 -0.0079292 -0.0059285 -0.0069755 -0.0068304 -0.0058923
-0.0185351 -0.0096607 -0.0104121 -0.0187843 -0.0072533 -0.0128479 -0.0172170 -0.0150002 -0.0210838 -0.0028533 -0.0097871 -0.0064541 -0.0050549 1.0656215 -0.0152309 -0.0238253 -0.0040668 -0.0062415 -0.0132615 -0.0100405 -0.0132346 -0.0076160 -0.0082052 -0.0112446 -0.0178360 -0.0066096 -0.0160213 -0.0103646 -0.0056364 -0.0152677 -0.0162400 -0.0136059 -0.0111072 -0.0077013 -0.0097296 -0.0048282 -0.0049563 -0.0090618 -0.0126673 -0.0078939 -0.0007853 -0.0054607 -0.0117267 -0.0108609 -0.0097121 -0.0091921 -0.0039765 -0.0080145 -0.0107782 -0.0074609 -0.0042387 -0.0142694 -0.0039698 -0.0029168 -0.0048546 -0.0052105 -0.0019645 -0.0056300 -0.0076465 -0.0044225 -0.0089895 -0.0068789 -0.0129522 -0.0037817 -0.0060542 -0.0090062 -0.0058659 -0.0072533 -0.0070366 -0.0085504 -0.0025177 -0.0094067 -0.0033836 -0.0071411 -0.0108524 -0.0091872 -0.0079742 -0.0083553 -0.0059614 -0.0055163 -0.0070538
-0.0760306 -0.0167217 -0.0013692 -0.0729727 0.0156835 -0.0035708 -0.0391280 -0.0148871 0.0400530 -0.0150297 0.0292461 -0.0367555 -0.0142885 -0.0152309 1.0878583 -0.0178136 0.0325019 0.0368253 0.0092463 -0.0368995 0.0095351 -0.0026716 -0.0830530 -0.0190847 -0.0269608 -0.0533754 0.0097618 -0.0122952 0.0133489 0.0266862 0.0071379 -0.0042242 -0.0204923 -0.0257391 -0.0067289 0.0275347 -0.0125930 0.0378234 -0.0091686 0.0191168 -0.0049287 -0.0493355 -0.0449630 0.0086463 -0.0394541 -0.0069072 -0.0219598 -0.0374834 0.0097960 -0.0333149 -0.0070474 -0.0512094 0.0219606 0.0219094 0.0009027 -0.0137530 0.0461762 0.0016597 -0.0079803 -0.0223871 -0.0067324 -0.0227729 -0.0417110 -0.0595642 -0.0213138 0.0197444 -0.0371475 -0.0322233 0.0005670 -0.0366113 0.0339276 -0.0065828 0.0185846 0.0019191 -0.0003787 -0.0201176 0.0366573 -0.0398788 -0.0126304 0.0029069 0.0100103
0.0886289 -0.0198665 -0.0317715 0.0859045 -0.1025371 -0.0219584 0.0113167 0.0724124 -0.0013572 -0.0828052 -0.0977330 0.0678891 -0.0223447 -0.0238253 -0.0178136 1.1160350 -0.1156698 -0.1112052 -0.0875580 0.0703043 -0.0216928 -0.1120962 0.0699870 -0.0168081 0.0847530 0.0781315 -0.0141829 -0.0056022 -0.0228414 -0.0943343 0.0709726 -0.0057482 0.0725066 0.0660432 -0.0866529 -0.1163485 -0.0156422 -0.1091059 0.0003224 -0.1030353 -0.0076570 0.0872321 0.0655445 -0.0183452 0.0163787 -0.0732752 -0.0057616 0.0752958 -0.0208590 -0.0082715 -0.0141027 0.0881300 -0.0388395 -0.1100566 -0.0204957 -0.0135536 -0.1172123 -0.0262321 -0.0747057 -0.0018478 0.0062171 -0.0077573 0.0958963 0.0965512 0.0634575 -0.0880759 0.0794805 -0.0110345 -0.0297846 0.0768069 -0.1015763 0.0040704 -0.1111365 -0.0309323 -0.0088380 -0.0008126 -0.0910202 0.0967419 -0.0153760 -0.0708473 -0.0198179
-0.1468790 -0.0069958 0.0169574 -0.1429222 0.1089307 0.0039872 -0.0266646 -0.0986202 0.0235234 0.0699055 0.1278448 -0.1140115 -0.0052437 -0.0040668 0.0325019 -0.1156698 1.1729945 0.1420948 0.1013432 -0.1210256 0.0254703 0.1179830 -0.1499298 -0.0150526 -0.1203744 -0.1430873 0.0164668 0.0051069 0.0027903 0.1200907 -0.0977922 -0.0087044 -0.0973002 -0.1056993 0.0983565 0.1334797 -0.0052601 0.1412112 -0.0107382 0.1213163 -0.0132452 -0.1447383 -0.1122203 0.0229113 -0.0426056 0.0868715 -0.0212533 -0.1175340 0.0240079 -0.0180402 0.0008883 -0.1292031 0.0393882 0.1250309 0.0153118 -0.0098003 0.1431343 0.0134848 0.0808545 -0.0260457 -0.0163348 -0.0224785 -0.1376673 -0.1463612 -0.0995674 0.1055230 -0.1207186 -0.0134621 0.0184148 -0.1216443 0.1213670 -0.0142687 0.1232883 0.0219542 0.0162150 -0.0104778 0.1087171 -0.1343664 -0.0037509 0.0773270 0.0058423
-0.1484378 -0.0066961 0.0082065 -0.1475158 0.1065073 -0.0000162 -0.0279675 -0.1025982 0.0364882 0.0699213 0.1419456 -0.1251496 -0.0072548 -0.0062415 0.0368253 -0.1112052 0.1420948 1.1774684 0.1107474 -0.1324345 0.0312259 0.1207561 -0.1590702 -0.0215781 -0.1210116 -0.1556829 0.0208337 0.0049405 -0.0014696 0.1301193 -0.0963880 -0.0041446 -0.1016041 -0.1133174 0.1062312 0.1386591 -0.0058335 0.1520824 -0.0084269 0.1288951 -0.0170051 -0.1531554 -0.1194342 0.0282615 -0.0413106 0.0929124 -0.0239664 -0.1259722 0.0290745 -0.0191242 0.0008743 -0.1358568 0.0380182 0.1308991 0.0132315 -0.0144363 0.1502718 0.0112961 0.0854659 -0.0323701 -0.0152046 -0.0254177 -0.1437901 -0.1561142 -0.1068056 0.1135407 -0.1317581 -0.0166319 0.0168044 -0.1305994 0.1317984 -0.0113841 0.1288135 0.0198132 0.0206161 -0.0089094 0.1175497 -0.1408010 -0.0077459 0.0854802 0.0017321
-0.1055128 -0.0114267 -0.0115235 -0.1012464 0.0702387 -0.0212099 -0.0231796 -0.0928203 0.0142544 0.0598624 0.0859928 -0.0999946 -0.0118145 -0.0132615 0.0092463 -0.0875580 0.1013432 0.1107474 1.1082270 -0.1043126 0.0099737 0.0767162 -0.1097658 -0.0230802 -0.0961709 -0.1146198 -0.0046522 -0.0023481 -0.0140564 0.0831201 -0.0791096 -0.0084218 -0.0865600 -0.1028038 0.0807807 0.0952142 -0.0107962 0.1062680 -0.0083363 0.0976790 -0.0101264 -0.1176964 -0.1052410 0.0118614 -0.0264281 0.0710381 -0.0184782 -0.1029668 0.0126271 -0.0183753 -0.0030094 -0.1054264 0.0198182 0.0984423 0.0029263 -0.0121252 0.1044890 -0.0051860 0.0745561 -0.0180844 -0.0114308 -0.0163586 -0.1049677 -0.1213477 -0.0961266 0.0876748 -0.1062855 -0.0170893 0.0004887 -0.1053525 0.1032298 -0.0118931 0.0952377 0.0031744 0.0139022 -0.0099767 0.0901218 -0.1071793 -0.0088636 0.0721669 -0.0043953
0.0883376 -0.0070873 -0.0182895 0.0898627 -0.0984018 -0.0090235 -0.0015196 0.0738676 -0.0400041 -0.0791677 -0.1232435 0.0893056 -0.0108538 -0.0100405 -0.0368995 0.0703043 -0.1210256 -0.1324345 -0.1043126 1.1390216 -0.0325153 -0.1086172 0.1021370 -0.0013449 0.0787358 0.1050757 -0.0278615 -0.0140601 -0.0110285 -0.1159426 0.0679170 -0.0122901 0.0739913 0.0832881 -0.1028868 -0.1196081 -0.0043982 -0.1285002 -0.0087151 -0.1181468 0.0029261 0.1088072 0.0842905 -0.0307551 0.0179720 -0.0925343 0.0031067 0.0932904 -0.0298786 0.0019310 -0.0068256 0.0945552 -0.0346223 -0.1138020 -0.0151359 -0.0014887 -0.1237804 -0.0171439 -0.0869227 0.0095338 0.0020761 0.0016440 0.1014275 0.1153361 0.0795111 -0.1054045 0.0969859 0.0028089 -0.0199214 0.0958972 -0.1176033 -0.0036838 -0.1111895 -0.0236782 -0.0255217 -0.0073806 -0.1051405 0.1036706 -0.0055935 -0.0851476 -0.0112971
-0.0442488 -0.0136802 -0.0030512 -0.0482265 0.0115858 -0.0050992 -0.0103366 -0.0168078 0.0147561 -0.0095186 0.0285010 -0.0320124 -0.0054332 -0.0132346 0.0095351 -0.0216928 0.0254703 0.0312259 0.0099737 -0.0325153 1.0977787 0.0202657 -0.0516389 -0.0189169 -0.0288434 -0.0464269 0.0025679 0.0014883 -0.0088991 0.0269813 -0.0246980 -0.0067026 -0.0190423 -0.0239848 0.0147272 0.0225791 -0.0097281 0.0307529 -0.0109412 0.0170539 -0.0155663 -0.0441815 -0.0249882 0.0049514 -0.0188061 0.0100636 -0.0184694 -0.0309836 0.0071398 -0.0126311 -0.0054519 -0.0322211 0.0073641 0.0192395 0.0014054 -0.0123435 0.0284195 -0.0002037 0.0055007 -0.0190925 -0.0067891 -0.0215417 -0.0374406 -0.0407576 -0.0233058 0.0148268 -0.0317266 -0.0123936 0.0000478 -0.0324536 0.0167551 -0.0057266 0.0184045 0.0000878 0.0053762 -0.0070890 0.0180541 -0.0346251 -0.0101772 0.0060845 -0.0063229
-0.1142802 -0.0079683 0.0094274 -0.1090703 0.0870811 -0.0011880 -0.0087529 -0.0898624 -0.0073717 0.0516249 0.1022438 -0.1034546 -0.0055631 -0.0076160 -0.0026716 -0.1120962 0.1179830 0.1207561 0.0767162 -0.1086172 0.0202657 1.1337267 -0.1096778 -0.0193681 -0.1104468 -0.1298232 0.0085622 0.0119178 -0.0271009 0.1005504 -0.1183772 -0.0129170 -0.0866627 -0.0927077 0.0971526 0.1150228 -0.0080662 0.1166831 -0.0141089 0.0981364 -0.0308765 -0.1315108 -0.0765434 0.0173093 -0.0313620 0.0826245 -0.0247676 -0.1047159 0.0197311 -0.0024203 -0.0012522 -0.1022139 0.0217088 0.1065678 0.0126192 -0.0108716 0.1098358 0.0105292 0.0771022 -0.0274141 -0.0196136 -0.0251603 -0.1276418 -0.1213631 -0.0861778 0.0858078 -0.1087840 0.0016941 0.0142612 -0.1116087 0.0835538 -0.0158577 0.1053638 0.0181749 0.0190780 -0.0014040 0.0758668 -0.1222347 -0.0072610 0.0602781 -0.0148230
0.1353308 -0.0111067 -0.0363812 0.1333046 -0.1201622 -0.0273852 0.0198313 0.0651407 -0.0787219 -0.0653456 -0.1493355 0.0974939 -0.0119477 -0.0082052 -0.0830530 0.0699870 -0.1499298 -0.1590702 -0.1097658 0.1021370 -0.0516389 -0.1096778 1.1397256 0.0022867 0.0833400 0.1264201 -0.0499817 -0.0115821 -0.0354220 -0.1421524 0.0343575 -0.0173217 0.0792809 0.0844070 -0.0950664 -0.1416937 -0.0062272 -0.1569477 -0.0091247 -0.1300264 -0.0041939 0.1368082 0.1038557 -0.0447950 0.0454212 -0.0838478 0.0171974 0.1061621 -0.0436033 0.0187271 -0.0099259 0.1240531 -0.0596809 -0.1305177 -0.0249174 -0.0025913 -0.1640558 -0.0290706 -0.0742007 0.0196926 -0.0016799 0.0133293 0.1247859 0.1536863 0.0802995 -0.1169217 0.1070178 0.0182865 -0.0308585 0.1071176 -0.1380019 -0.0031861 -0.1298099 -0.0360175 -0.0263647 0.0095488 -0.1351733 0.1270588 -0.0057729 -0.0832875 -0.0301164
-0.0080931 -0.0044502 -0.0154579 -0.0099429 -0.0128693 -0.0098676 -0.0165277 -0.0085629 -0.0253463 -0.0122044 -0.0330715 0.0004639 -0.0102493 -0.0112446 -0.0190847 -0.0168081 -0.0150526 -0.0215781 -0.0230802 -0.0013449 -0.0189169 -0.0193681 0.0022867 1.0169990 -0.0083538 0.0022208 -0.0218542 -0.0149174 -0.0076077 -0.0301065 -0.0087636 -0.0141371 -0.0047235 0.0002272 -0.0225265 -0.0153961 -0.0064405 -0.0262747 -0.0078119 -0.0188822 -0.0029608 0.0055126 -0.0041095 -0.0131084 -0.0084148 -0.0175319 -0.0035533 0.0045566 -0.0164377 -0.0088955 -0.0042716 -0.0042120 -0.0067352 -0.0131338 -0.0062831 -0.0053761 -0.0155643 -0.0094753 -0.0138143 -0.0037635 -0.0064386 -0.0044226 0.0016181 0.0062872 -0.0000834 -0.0208114 0.0051940 -0.0065789 -0.0074851 0.0041681 -0.0183478 -0.0076377 -0.0163789 -0.0101662 -0.0153857 -0.0118096 -0.0167135 0.0039371 -0.0068026 -0.0141675 -0.0032338
0.0859612 -0.0124942 -0.0256927 0.0843468 -0.0979230 -0.0123315 0.0015185 0.0728895 -0.0217531 -0.0856770 -0.1123571 0.0769185 -0.0159681 -0.0178360 -0.0269608 0.0847530 -0.1203744 -0.1210116 -0.0961709 0.0787358 -0.0288434 -0.1104468 0.0833400 -0.0083538 1.1042135 0.0903631 -0.0220208 -0.0117795 -0.0198398 -0.1054205 0.0663085 -0.0106519 0.0731576 0.0742706 -0.0948004 -0.1180878 -0.0129983 -0.1221536 -0.0051828 -0.1108846 -0.0051515 0.1004950 0.0760677 -0.0267731 0.0170431 -0.0846158 -0.0020860 0.0850322 -0.0271733 -0.0052436 -0.0127898 0.0923933 -0.0365719 -0.1135969 -0.0205001 -0.0066003 -0.1219604 -0.0196454 -0.0829289 0.0041164 0.0030496 -0.0047778 0.0998182 0.1063091 0.0718543 -0.1000747 0.0884120 -0.0065372 -0.0241915 0.0868198 -0.1083001 -0.0017321 -0.1134817 -0.0264503 -0.0177801 -0.0027287 -0.0981598 0.0994981 -0.0150811 -0.0812250 -0.0147861
0.1170660 -0.0087464 -0.0294615 0.1150775 -0.1168391 -0.0253133 0.0009712 0.0670486 -0.0520606 -0.0669737 -0.1463173 0.0999194 -0.0095096 -0.0066096 -0.0533754 0.0781315 -0.1430873 -0.1556829 -0.1146198 0.1050757 -0.0464269 -0.1298232 0.1264201 0.0022208 0.0903631 1.1465058 -0.0468325 -0.0230122 -0.0084390 -0.1390935 0.0719379 -0.0130892 0.0777746 0.0891966 -0.1124388 -0.1417853 -0.0013014 -0.1533279 -0.0074260 -0.1279364 0.0151967 0.1357720 0.0844993 -0.0438295 0.0288734 -0.1003273 0.0170328 0.1055273 -0.0436894 0.0039812 -0.0065347 0.1084067 -0.0464700 -0.1270816 -0.0251458 -0.0000190 -0.1465939 -0.0260962 -0.0888424 0.0205113 0.0034658 0.0166247 0.1258167 0.1416854 0.0808727 -0.1155941 0.1107401 0.0002081 -0.0284040 0.1112409 -0.1209119 -0.0008810 -0.1283432 -0.0349036 -0.0344878 -0.0049863 -0.1173319 0.1261574 -0.0011478 -0.0830513 -0.0089230
-0.0407696 -0.0182776 -0.0038009 -0.0390675 0.0037191 -0.0046616 -0.0132180 -0.0084177 0.0161225 -0.0242101 0.0194719 -0.0264657 -0.0159499 -0.0160213 0.0097618 -0.0141829 0.0164668 0.0208337 -0.0046522 -0.0278615 0.0025679 0.0085622 -0.0499817 -0.0218542 -0.0220208 -0.0468325 1.0523933 -0.0004917 -0.0147783 0.0146712 -0.0185273 -0.0106239 -0.0101959 -0.0180799 0.0045543 0.0126480 -0.0124750 0.0204347 -0.0079217 0.0088959 -0.0186768 -0.0384400 -0.0189131 0.0039254 -0.0199164 0.0022418 -0.0228257 -0.0246680 0.0049818 -0.0151860 -0.0075267 -0.0241135 0.0058495 0.0080081 0.0000710 -0.0127905 0.0167896 0.0008185 -0.0050997 -0.0205707 -0.0072860 -0.0278684 -0.0298678 -0.0353308 -0.0154337 0.0085644 -0.0251821 -0.0136508 -0.0015267 -0.0271772 0.0038896 -0.0063556 0.0071928 0.0034419 0.0046191 -0.0083249 0.0122609 -0.0288058 -0.0130621 -0.0080151 -0.0129411
-0.0060084 -0.0109185 -0.0042225 -0.0070578 -0.0004763 -0.0039764 0.0034475 -0.0028557 -0.0067142 -0.0156522 0.0047350 -0.0105519 -0.0079133 -0.0103646 -0.0122952 -0.0056022 0.0051069 0.0049405 -0.0023481 -0.0140601 0.0014883 0.0119178 -0.0115821 -0.0149174 -0.0117795 -0.0230122 -0.0004917 1.0897146 -0.0238683 0.0053517 -0.0250683 -0.0057651 -0.0042638 -0.0077264 0.0086610 0.0023464 -0.0074327 0.0053765 -0.0072774 -0.0034368 -0.0208501 -0.0190582 0.0022977 0.0006010 -0.0024736 0.0075444 -0.0132510 -0.0095448 0.0003002 0.0015528 -0.0045392 -0.0022507 -0.0061293 -0.0003951 -0.0014155 -0.0092693 -0.0045431 -0.0024098 0.0004244 -0.0131927 -0.0048585 -0.0161851 -0.0152199 -0.0087117 -0.0065764 -0.0003014 -0.0112249 0.0014747 -0.0004575 -0.0134344 -0.0129633 -0.0045462 -0.0015474 -0.0025651 0.0066790 0.0014726 -0.0089919 -0.0129410 -0.0088464 -0.0062213 -0.0173344
-0.0373583 -0.0086608 -0.0092868 -0.0454690 -0.0078790 -0.0117429 -0.0373780 -0.0163074 0.0052195 -0.0036366 -0.0105156 -0.0090397 -0.0032578 -0.0056364 0.0133489 -0.0228414 0.0027903 -0.0014696 -0.0140564 -0.0110285 -0.0088991 -0.0271009 -0.0354220 -0.0076077 -0.0198398 -0.0084390 -0.0147783 -0.0238683 1.0702647 -0.0142915 0.0136006 -0.0115859 -0.0113155 -0.0109222 -0.0233666 -0.0016542 -0.0044419 -0.0052123 -0.0092938 -0.0035259 0.0139016 -0.0078554 -0.0323001 -0.0109140 -0.0225768 -0.0231228 -0.0019600 -0.0092562 -0.0088965 -0.0246859 -0.0025519 -0.0310804 0.0105852 0.0023351 -0.0019953 -0.0069841 0.0165224 -0.0070077 -0.0195496 -0.0065171 -0.0084822 -0.0019032 -0.0123041 -0.0193834 -0.0097995 -0.0039388 -0.0096051 -0.0215040 -0.0048101 -0.0087967 0.0154625 -0.0112162 0.0013068 -0.0042584 -0.0199497 -0.0224827 0.0125893 -0.0117081 -0.0060095 -0.0049004 0.0153262
-0.1299343 -0.0192437 0.0035181 -0.1295209 0.0838579 -0.0049791 -0.0255637 -0.0850811 0.0312233 0.0417611 0.1121469 -0.1122071 -0.0157931 -0.0152677 0.0266862 -0.0943343 0.1200907 0.1301193 0.0831201 -0.1159426 0.0269813 0.1005504 -0.1421524 -0.0301065 -0.1054205 -0.1390935 0.0146712 0.0053517 -0.0142915 1.0926148 -0.0907951 -0.0116458 -0.0871929 -0.0975659 0.0855130 0.1134037 -0.0119605 0.1279635 -0.0081643 0.1021108 -0.0242380 -0.1394156 -0.1008545 0.0242296 -0.0403840 0.0744732 -0.0306005 -0.1114306 0.0249094 -0.0198209 -0.0014843 -0.1168293 0.0308988 0.1092385 0.0112406 -0.0178116 0.1234646 0.0071548 0.0693178 -0.0340988 -0.0153999 -0.0333614 -0.1284160 -0.1407300 -0.0947057 0.0911220 -0.1169120 -0.0212939 0.0113529 -0.1172979 0.1042447 -0.0133477 0.1044953 0.0166462 0.0209083 -0.0109893 0.0949787 -0.1279966 -0.0094577 0.0685175 -0.0050137
0.0361725 -0.0109949 -0.0201277 0.0382393 -0.0833997 -0.0158906 -0.0296607 0.0621917 0.0104567 -0.0703350 -0.0903522 0.0620691 -0.0165450 -0.0162400 0.0071379 0.0709726 -0.0977922 -0.0963880 -0.0791096 0.0679170 -0.0246980 -0.1183772 0.0343575 -0.0087636 0.0663085 0.0719379 -0.0185273 -0.0250683 0.0136006 -0.0907951 1.0517840 -0.0116159 0.0613883 0.0611658 -0.1034934 -0.0966629 -0.0122301 -0.0978004 -0.0034613 -0.0898181 0.0143599 0.0787254 0.0351028 -0.0183269 -0.0095352 -0.0897511 -0.0037749 0.0656658 -0.0208808 -0.0291604 -0.0112127 0.0532574 -0.0154655 -0.0898939 -0.0162955 -0.0079668 -0.0807644 -0.0185673 -0.0829208 0.0016719 0.0004925 -0.0029552 0.0801004 0.0692282 0.0572452 -0.0779646 0.0682590 -0.0290881 -0.0216414 0.0691200 -0.0697228 -0.0007063 -0.0925504 -0.0229755 -0.0241183 -0.0208089 -0.0564891 0.0797695 -0.0128395 -0.0650655 0.0097259
-0.0064610 -0.0130513 -0.0173179 -0.0113087 -0.0167433 -0.0183224 -0.0109675 -0.0108219 0.0031332 -0.0130650 -0.0084169 -0.0128177 -0.0104921 -0.0136059 -0.0042242 -0.0057482 -0.0087044 -0.0041446 -0.0084218 -0.0122901 -0.0067026 -0.0129170 -0.0173217 -0.0141371 -0.0106519 -0.0130892 -0.0106239 -0.0057651 -0.0115859 -0.0116458 -0.0116159 1.0795745 -0.0057413 -0.0131754 -0.0055463 -0.0107625 -0.0084565 -0.0041561 -0.0080597 -0.0075325 -0.0057757 -0.0098189 -0.0170410 -0.0068530 -0.0051267 -0.0087036 -0.0096589 -0.0079391 -0.0070093 -0.0129357 -0.0065870 -0.0089365 -0.0081192 -0.0055448 -0.0089724 -0.0113661 -0.0062595 -0.0124424 -0.0057947 -0.0107478 -0.0062514 -0.0098748 -0.0056102 -0.0077518 -0.0112185 -0.0052843 -0.0102185 -0.0110964 -0.0113536 -0.0126047 -0.0003148 -0.0057605 -0.0068729 -0.0119509 -0.0035768 -0.0061441 -0.0026120 -0.0060236 -0.0092301 -0.0029126 -0.0107589
0.0759261 -0.0115947 -0.0123581 0.0749934 -0.0810260 -0.0044524 0.0035311 0.0730196 -0.0158620 -0.0789468 -0.0936405 0.0717359 -0.0095021 -0.0111072 -0.0204923 0.0725066 -0.0973002 -0.1016041 -0.0865600 0.0739913 -0.0190423 -0.0866627 0.0792809 -0.0047235 0.0731576 0.0777746 -0.0101959 -0.0042638 -0.0113155 -0.0871929 0.0613883 -0.0057413 1.0606735 0.0732779 -0.0791885 -0.0918090 -0.0071834 -0.0983742 -0.0013206 -0.0948952 -0.0070372 0.0828730 0.0756808 -0.0162048 0.0125882 -0.0699741 -0.0039335 0.0749787 -0.0178520 0.0020534 -0.0081310 0.0825998 -0.0268101 -0.0940394 -0.0106273 -0.0047578 -0.0996151 -0.0094083 -0.0710030 0.0028448 0.0037140 -0.0070919 0.0804895 0.0868554 0.0684661 -0.0817303 0.0769759 -0.0009823 -0.0130037 0.0762286 -0.0978558 0.0024140 -0.0950827 -0.0159976 -0.0114082 -0.0002017 -0.0841660 0.0820416 -0.0068945 -0.0717167 -0.0100577
0.0763077 -0.0100223 -0.0079016 0.0705219 -0.0803454 0.0003237 -0.0011582 0.0739083 -0.0274691 -0.0868394 -0.1032820 0.0821373 -0.0086570 -0.0077013 -0.0257391 0.0660432 -0.1056993 -0.1133174 -0.1028038 0.0832881 -0.0239848 -0.0927077 0.0844070 0.0002272 0.0742706 0.0891966 -0.0180799 -0.0077264 -0.0109222 -0.0975659 0.0611658 -0.0131754 0.0732779 1.0925936 -0.0953636 -0.1009330 -0.0043882 -0.1115502 -0.0091729 -0.1101089 -0.0057559 0.0926825 0.0852146 -0.0191421 0.0083638 -0.0825027 -0.0041031 0.0851834 -0.0216944 0.0022038 -0.0085458 0.0878577 -0.0266547 -0.1012809 -0.0115311 -0.0007295 -0.1044778 -0.0070643 -0.0843323 0.0019431 0.0006566 -0.0067042 0.0849327 0.0989260 0.0800683 -0.0943327 0.0863463 0.0029588 -0.0131885 0.0868343 -0.1099125 -0.0018037 -0.1015609 -0.0159100 -0.0179533 -0.0039511 -0.0949754 0.0872189 -0.0046651 -0.0819101 -0.0093874
-0.0869205 -0.0139047 -0.0098474 -0.0839620 0.0658010 -0.0132486 -0.0022293 -0.0905868 0.0003249 0.0569466 0.0949843 -0.0965441 -0.0085659 -0.0097296 -0.0067289 -0.0866529 0.0983565 0.1062312 0.0807807 -0.1028868 0.0147272 0.0971526 -0.0950664 -0.0225265 -0.0948004 -0.1124388 0.0045543 0.0086610 -0.0233666 0.0855130 -0.1034934 -0.0055463 -0.0791885 -0.0953636 1.0762148 0.0952186 -0.0082716 0.1053500 -0.0079057 0.0971728 -0.0209028 -0.1093458 -0.0838652 0.0100193 -0.0139269 0.0837206 -0.0147779 -0.0951438 0.0155976 -0.0035811 -0.0009324 -0.0903529 0.0120252 0.0966662 0.0053764 -0.0122137 0.0902504 0.0002467 0.0800386 -0.0219612 -0.0119403 -0.0140604 -0.1021951 -0.1045404 -0.0886493 0.0874247 -0.1003449 -0.0017222 0.0003300 -0.1025897 0.0876822 -0.0096765 0.0941254 0.0084101 0.0193912 0.0042351 0.0738098 -0.1003567 -0.0070637 0.0681509 -0.0148716
-0.1446639 -0.0060640 0.0132763 -0.1418681 0.1060131 0.0037187 -0.0284200 -0.0981689 0.0199362 0.0625350 0.1197946 -0.1133955 -0.0016985 -0.0048282 0.0275347 -0.1163485 0.1334797 0.1386591 0.0952142 -0.1196081 0.0225791 0.1150228 -0.1416937 -0.0153961 -0.1180878 -0.1417853 0.0126480 0.0023464 -0.0016542 0.1134037 -0.0966629 -0.0107625 -0.0918090 -0.1009330 0.0952186 1.1003275 -0.0045076 0.1373207 -0.0086536 0.1160920 -0.0144054 -0.1412745 -0.1040320 0.0225823 -0.0432706 0.0809135 -0.0209452 -0.1154378 0.0241274 -0.0154147 0.0023219 -0.1274646 0.0387706 0.1212775 0.0156829 -0.0124508 0.1379786 0.0134780 0.0786537 -0.0251315 -0.0142822 -0.0233086 -0.1356551 -0.1425095 -0.0970979 0.0999569 -0.1180090 -0.0133262 0.0174939 -0.1203313 0.1145236 -0.0141414 0.1183852 0.0216334 0.0153759 -0.0123714 0.1051080 -0.1329333 -0.0060600 0.0713706 0.0040205
-0.0086368 -0.0073672 -0.0067991 -0.0109012 -0.0080454 -0.0066931 -0.0147739 -0.0145240 -0.0132759 -0.0062543 -0.0091202 -0.0044827 -0.0057261 -0.0049563 -0.0125930 -0.0156422 -0.0052601 -0.0058335 -0.0107962 -0.0043982 -0.0097281 -0.0080662 -0.0062272 -0.0064405 -0.0129983 -0.0013014 -0.0124750 -0.0074327 -0.0044419 -0.0119605 -0.0122301 -0.0084565 -0.0071834 -0.0043882 -0.0082716 -0.0045076 1.0399939 -0.0091718 -0.0104169 -0.0048517 -0.0007650 -0.0024177 -0.0070884 -0.0067098 -0.0059765 -0.0079445 -0.0032794 -0.0035429 -0.0090953 -0.0018375 -0.0015623 -0.0087028 -0.0038024 -0.0033089 -0.0030789 -0.0045455 -0.0016614 -0.0036067 -0.0053501 -0.0036995 -0.0065054 -0.0034536 -0.0074150 -0.0001000 -0.0038005 -0.0065032 -0.0032917 -0.0064439 -0.0036402 -0.0020081 -0.0022232 -0.0056412 -0.0025912 -0.0071607 -0.0077989 -0.0055988 -0.0074967 -0.0032426 -0.0051457 -0.0058120 -0.0030048
-0.1480394 -0.0101834 0.0111736 -0.1455949 0.1040856 -0.0001349 -0.0268087 -0.1006586 0.0346743 0.0652266 0.1372781 -0.1244072 -0.0092908 -0.0090618 0.0378234 -0.1091059 0.1412112 0.1520824 0.1062680 -0.1285002 0.0307529 0.1166831 -0.1569477 -0.0262747 -0.1221536 -0.1533279 0.0204347 0.0053765 -0.0052123 0.1279635 -0.0978004 -0.0041561 -0.0983742 -0.1115502 0.1053500 0.1373207 -0.0091718 1.1240441 -0.0074033 0.1273357 -0.0162814 -0.1528715 -0.1167479 0.0276617 -0.0427940 0.0908446 -0.0219728 -0.1239244 0.0299636 -0.0183572 0.0007225 -0.1318231 0.0391019 0.1281889 0.0149889 -0.0154356 0.1471959 0.0129578 0.0838545 -0.0306739 -0.0155045 -0.0251115 -0.1410170 -0.1546043 -0.1045675 0.1103876 -0.1291194 -0.0177537 0.0158241 -0.1292577 0.1261837 -0.0134554 0.1246605 0.0201041 0.0223918 -0.0077220 0.1157366 -0.1392091 -0.0079888 0.0807718 0.0022617
-0.0034612 -0.0133973 -0.0142757 -0.0049232 -0.0132251 -0.0136563 -0.0051654 -0.0054635 -0.0044525 -0.0105029 -0.0108187 -0.0072590 -0.0125115 -0.0126673 -0.0091686 0.0003224 -0.0107382 -0.0084269 -0.0083363 -0.0087151 -0.0109412 -0.0141089 -0.0091247 -0.0078119 -0.0051828 -0.0074260 -0.0079217 -0.0072774 -0.0092938 -0.0081643 -0.0034613 -0.0080597 -0.0013206 -0.0091729 -0.0079057 -0.0086536 -0.0104169 -0.0074033 1.0253150 -0.0092188 -0.0056210 -0.0045530 -0.0092954 -0.0059958 -0.0037222 -0.0065635 -0.0065175 -0.0050590 -0.0062543 -0.0107140 -0.0058917 -0.0032794 -0.0066142 -0.0075747 -0.0050101 -0.0103257 -0.0091659 -0.0103691 -0.0009987 -0.0048307 -0.0022388 -0.0086254 0.0005966 -0.0031537 -0.0095836 -0.0054200 -0.0039786 -0.0093745 -0.0113004 -0.0068208 -0.0038761 -0.0049114 -0.0087806 -0.0084032 -0.0025375 -0.0050279 -0.0029473 -0.0003091 -0.0068999 -0.0021304 -0.0068987
-0.1254052 -0.0084039 -0.0040144 -0.1177001 0.0833715 -0.0123649 -0.0242493 -0.1030075 0.0192924 0.0737333 0.1119994 -0.1122371 -0.0089323 -0.0078939 0.0191168 -0.1030353 0.1213163 0.1288951 0.0976790 -0.1181468 0.0170539 0.0981364 -0.1300264 -0.0188822 -0.1108846 -0.1279364 0.0088959 -0.0034368 -0.0035259 0.1021108 -0.0898181 -0.0075325 -0.0948952 -0.1101089 0.0971728 0.1160920 -0.0048517 0.1273357 -0.0092188 1.1129189 -0.0073320 -0.1300279 -0.1140618 0.0170510 -0.0312019 0.0819987 -0.0138627 -0.1120325 0.0193189 -0.0154203 0.0011865 -0.1211025 0.0289233 0.1157165 0.0074341 -0.0093312 0.1253654 0.0035528 0.0817635 -0.0218173 -0.0136222 -0.0131037 -0.1200614 -0.1346141 -0.1017762 0.1018552 -0.1150990 -0.0141216 0.0074662 -0.1181290 0.1195520 -0.0099859 0.1163253 0.0128328 0.0136595 -0.0075412 0.1023970 -0.1202871 -0.0056298 0.0798253 -0.0016761
-0.0095437 -0.0036455 -0.0140870 -0.0089538 -0.0184550 -0.0138434 -0.0217406 -0.0151754 -0.0046534 0.0063944 -0.0243198 0.0007461 -0.0027767 -0.0007853 -0.0049287 -0.0076570 -0.0132452 -0.0170051 -0.0101264 0.0029261 -0.0155663 -0.0308765 -0.0041939 -0.0029608 -0.0051515 0.0151967 -0.0186768 -0.0208501 0.0139016 -0.0242380 0.0143599 -0.0057757 -0.0070372 -0.0057559 -0.0209028 -0.0144054 -0.0007650 -0.0162814 -0.0056210 -0.0073320 1.0373753 0.0127588 -0.0207121 -0.0124944 -0.0059569 -0.0210190 0.0070573 0.0036942 -0.0122035 -0.0131757 -0.0001411 -0.0107042 -0.0003865 -0.0056573 -0.0078552 -0.0026468 -0.0027556 -0.0104340 -0.0095532 0.0048398 -0.0032802 0.0085156 0.0077727 0.0026552 -0.0057224 -0.0088996 0.0035356 -0.0134697 -0.0091513 0.0037875 0.0103417 -0.0015252 -0.0057635 -0.0110377 -0.0159845 -0.0119718 0.0026263 0.0068328 0.0004119 0.0001885 0.0102119
0.1281096 -0.0027886 -0.0312116 0.1235331 -0.1207924 -0.0179763 0.0060456 0.0787476 -0.0496312 -0.0737427 -0.1463736 0.1042748 -0.0064652 -0.0054607 -0.0493355 0.0872321 -0.1447383 -0.1531554 -0.1176964 0.1088072 -0.0441815 -0.1315108 0.1368082 0.0055126 0.1004950 0.1357720 -0.0384400 -0.0190582 -0.0078554 -0.1394156 0.0787254 -0.0098189 0.0828730 0.0926825 -0.1093458 -0.1412745 -0.0024177 -0.1528715 -0.0045530 -0.1300279 0.0127588 1.1221534 0.0936348 -0.0388866 0.0320668 -0.0974703 0.0159811 0.1087848 -0.0391071 0.0065518 -0.0069584 0.1147314 -0.0462098 -0.1267297 -0.0217969 0.0039293 -0.1467521 -0.0256214 -0.0881368 0.0209314 0.0048685 0.0183492 0.1282332 0.1426544 0.0883644 -0.1157324 0.1128652 0.0060951 -0.0295832 0.1140463 -0.1245072 0.0024907 -0.1273111 -0.0323351 -0.0293066 -0.0013664 -0.1169098 0.1275973 -0.0035009 -0.0831445 -0.0089320
0.0952669 -0.0117256 -0.0077562 0.0936143 -0.0845344 0.0010394 0.0153994 0.0776502 -0.0454310 -0.0898603 -0.1107119 0.0815750 -0.0108811 -0.0117267 -0.0449630 0.0655445 -0.1122203 -0.1194342 -0.1052410 0.0842905 -0.0249882 -0.0765434 0.1038557 -0.0041095 0.0760677 0.0844993 -0.0189131 0.0022977 -0.0323001 -0.1008545 0.0351028 -0.0170410 0.0756808 0.0852146 -0.0838652 -0.1040320 -0.0070884 -0.1167479 -0.0092954 -0.1140618 -0.0207121 0.0936348 1.0780786 -0.0218962 0.0199300 -0.0720022 -0.0056502 0.0856053 -0.0218454 0.0150286 -0.0078733 0.1019594 -0.0381879 -0.1075626 -0.0104735 -0.0033312 -0.1224828 -0.0066194 -0.0783701 0.0021715 -0.0006715 -0.0076076 0.0855224 0.1113418 0.0816365 -0.1015346 0.0916331 0.0120754 -0.0117835 0.0878462 -0.1328655 -0.0037278 -0.1087149 -0.0156825 -0.0114800 0.0046437 -0.1113374 0.0901141 -0.0069002 -0.0897657 -0.0256051
-0.0392906 -0.0084900 -0.0017693 -0.0397677 0.0150992 0.0002751 -0.0097847 -0.0180224 0.0099369 -0.0092381 0.0223105 -0.0292211 -0.0116799 -0.0108609 0.0086463 -0.0183452 0.0229113 0.0282615 0.0118614 -0.0307551 0.0049514 0.0173093 -0.0447950 -0.0131084 -0.0267731 -0.0438295 0.0039254 0.0006010 -0.0109140 0.0242296 -0.0183269 -0.0068530 -0.0162048 -0.0191421 0.0100193 0.0225823 -0.0067098 0.0276617 -0.0059958 0.0170510 -0.0124944 -0.0388866 -0.0218962 1.0147890 -0.0174649 0.0121081 -0.0172388 -0.0269731 0.0061506 -0.0113395 -0.0036918 -0.0272193 0.0062551 0.0179378 0.0029329 -0.0106978 0.0271812 0.0001170 0.0075976 -0.0173010 -0.0059439 -0.0172214 -0.0337180 -0.0359977 -0.0181121 0.0165912 -0.0278578 -0.0120293 -0.0003693 -0.0277772 0.0135478 -0.0054557 0.0166372 0.0039177 0.0057012 -0.0039807 0.0168190 -0.0311837 -0.0077506 0.0049637 -0.0043635
0.0482975 -0.0112919 -0.0245514 0.0482637 -0.0452450 -0.0241233 0.0119291 0.0038491 -0.0312237 -0.0129924 -0.0413654 0.0174004 -0.0089025 -0.0097121 -0.0394541 0.0163787 -0.0426056 -0.0413106 -0.0264281 0.0179720 -0.0188061 -0.0313620 0.0454212 -0.0084148 0.0170431 0.0288734 -0.0199164 -0.0024736 -0.0225768 -0.0403840 -0.0095352 -0.0051267 0.0125882 0.0083638 -0.0139269 -0.0432706 -0.0059765 -0.0427940 -0.0037222 -0.0312019 -0.0059569 0.0320668 0.0199300 -0.0174649 1.0246354 -0.0115369 0.0060431 0.0205067 -0.0182364 0.0075054 -0.0059672 0.0341545 -0.0273170 -0.0319623 -0.0116102 -0.0040331 -0.0522374 -0.0161910 -0.0085298 0.0049241 -0.0021346 0.0059530 0.0322670 0.0410007 0.0086958 -0.0267970 0.0219384 0.0081540 -0.0161573 0.0207736 -0.0344089 -0.0004877 -0.0330947 -0.0179037 -0.0051862 0.0064215 -0.0389143 0.0324343 -0.0059718 -0.0132957 -0.0176756
-0.0750237 -0.0103662 -0.0087376 -0.0762153 0.0620770 -0.0094457 -0.0004158 -0.0791707 -0.0032044 0.0532089 0.0772890 -0.0870449 -0.0086891 -0.0091921 -0.0069072 -0.0732752 0.0868715 0.0929124 0.0710381 -0.0925343 0.0100636 0.0826245 -0.0838478 -0.0175319 -0.0846158 -0.1003273 0.0022418 0.0075444 -0.0231228 0.0744732 -0.0897511 -0.0087036 -0.0699741 -0.0825027 0.0837206 0.0809135 -0.0079445 0.0908446 -0.0065635 0.0819987 -0.0210190 -0.0974703 -0.0720022 0.0121081 -0.0115369 1.0830920 -0.0133404 -0.0840669 0.0109326 -0.0037912 -0.0027266 -0.0774572 0.0074893 0.0797621 0.0020707 -0.0114324 0.0771762 -0.0006562 0.0697964 -0.0172784 -0.0118648 -0.0150893 -0.0913952 -0.0907232 -0.0774836 0.0724975 -0.0867034 -0.0011722 0.0036289 -0.0887568 0.0741220 -0.0090615 0.0795313 0.0044276 0.0151049 0.0026827 0.0637221 -0.0875611 -0.0076016 0.0606491 -0.0128968
