1.4879882 -0.0246458 -0.0412260 0.0370929 -0.0483647 -0.0327712 -0.0136848 0.0180751 -0.0415897 -0.0460151 -0.0514935 0.0365331 -0.0276010 -0.0260484 -0.0447241 0.0221085 -0.0540452 -0.0629764 -0.0493376 0.0401939 -0.0466469 -0.0510546 0.0470334 -0.0197694 0.0198479 0.0363484 -0.0351517 -0.0406711 -0.0293514 -0.0537855 -0.0056891 -0.0214011 0.0016080 0.0003834 -0.0256243 -0.0320431 -0.0114042 -0.0340263 -0.0121125 -0.0289494 -0.0073797 0.0158305 -0.0002408 -0.0195562 0.0007145 -0.0244949 -0.0055420 0.0082643 -0.0193671 -0.0082430 -0.0095976 0.0110939 -0.0222531 -0.0305961 -0.0166406 -0.0121010 -0.0339808 -0.0183958 -0.0183435 -0.0052311 -0.0084415 -0.0084895 0.0158244 0.0255642 -0.0004908 -0.0274073 0.0100255 -0.0091651 -0.0197146 0.0062818 -0.0280560 -0.0100128 -0.0295302 -0.0196374 -0.0153199 -0.0076150 -0.0306136 0.0203693 -0.0123794 -0.0210222 -0.0155851
-0.0246458 1.5580989 -0.0209302 -0.0271154 -0.0246087 -0.0214198 -0.0246692 -0.0250775 -0.0239204 -0.0240371 -0.0251959 -0.0220882 -0.0236896 -0.0225594 -0.0248735 -0.0238231 -0.0154046 -0.0171361 -0.0240713 -0.0241787 -0.0195381 -0.0215505 -0.0268517 -0.0236247 -0.0245220 -0.0243269 -0.0236176 -0.0177112 -0.0238455 -0.0261939 -0.0251346 -0.0228645 -0.0120125 -0.0129418 -0.0142164 -0.0134526 -0.0124160 -0.0130851 -0.0147678 -0.0137019 -0.0112714 -0.0120623 -0.0148895 -0.0123621 -0.0120683 -0.0136545 -0.0124256 -0.0117802 -0.0121979 -0.0130611 -0.0088748 -0.0129333 -0.0092722 -0.0091432 -0.0082836 -0.0129597 -0.0109302 -0.0122037 -0.0113985 -0.0123587 -0.0105542 -0.0144461 -0.0122929 -0.0090966 -0.0127479 -0.0131842 -0.0106470 -0.0131535 -0.0123984 -0.0128138 -0.0114670 -0.0119823 -0.0120502 -0.0119487 -0.0084650 -0.0110979 -0.0121526 -0.0089775 -0.0128277 -0.0128468 -0.0126269
-0.0412260 -0.0209302 1.5299647 -0.0460411 -0.0118785 -0.0190705 -0.0288692 -0.0398176 -0.0153909 -0.0175758 -0.0104511 -0.0421843 -0.0226194 -0.0249625 -0.0166129 -0.0429560 0.0042955 0.0048318 -0.0142034 -0.0459113 -0.0099892 -0.0071622 -0.0483811 -0.0258469 -0.0413265 -0.0432555 -0.0176376 -0.0079450 -0.0216219 -0.0109482 -0.0322878 -0.0235873 -0.0149011 -0.0160932 -0.0085991 -0.0044470 -0.0116179 -0.0027267 -0.0141852 -0.0070394 -0.0122491 -0.0224651 -0.0177210 -0.0082022 -0.0154323 -0.0086595 -0.0145504 -0.0176786 -0.0076398 -0.0132536 -0.0077781 -0.0201569 -0.0033245 -0.0003751 -0.0041661 -0.0129570 -0.0002472 -0.0084854 -0.0076948 -0.0150678 -0.0107628 -0.0168710 -0.0217471 -0.0210738 -0.0151479 -0.0069253 -0.0174220 -0.0132702 -0.0081455 -0.0189578 -0.0051426 -0.0114871 -0.0042656 -0.0080012 -0.0046211 -0.0120336 -0.0047721 -0.0192622 -0.0118540 -0.0087024 -0.0117926
0.0370929 -0.0271154 -0.0460411 1.7280689 -0.0541987 -0.0369233 -0.0119327 0.0310523 -0.0480462 -0.0510993 -0.0578993 0.0543621 -0.0294637 -0.0269433 -0.0517478 0.0346272 -0.0618381 -0.0711652 -0.0561263 0.0616883 -0.0534315 -0.0590533 0.0686370 -0.0203738 0.0332350 0.0551716 -0.0393522 -0.0466039 -0.0326550 -0.0600768 -0.0022138 -0.0273202 0.0023804 0.0004488 -0.0327270 -0.0392348 -0.0149694 -0.0417165 -0.0155374 -0.0361680 -0.0098425 0.0210721 -0.0000033 -0.0254984 0.0002429 -0.0317941 -0.0070308 0.0112794 -0.0250327 -0.0109255 -0.0123535 0.0143579 -0.0291503 -0.0378666 -0.0217669 -0.0155027 -0.0421670 -0.0237295 -0.0246055 -0.0060908 -0.0110145 -0.0102893 0.0210065 0.0340685 -0.0003867 -0.0345567 0.0137389 -0.0117542 -0.0251777 0.0082645 -0.0353740 -0.0128964 -0.0368439 -0.0250775 -0.0201782 -0.0102976 -0.0377571 0.0272438 -0.0160222 -0.0277416 -0.0197793
-0.0483647 -0.0246087 -0.0118785 -0.0541987 1.4128195 -0.0133025 -0.0294677 -0.0469527 -0.0069886 -0.0057716 0.0050040 -0.0499548 -0.0200022 -0.0229117 -0.0072963 -0.0499709 0.0237645 0.0316645 0.0028044 -0.0547539 0.0013341 0.0092012 -0.0585536 -0.0243693 -0.0475125 -0.0521412 -0.0121662 0.0025330 -0.0188933 0.0067798 -0.0363823 -0.0211776 -0.0182973 -0.0188903 -0.0001223 0.0068632 -0.0092079 0.0091395 -0.0116249 0.0026489 -0.0118059 -0.0296685 -0.0212674 -0.0031980 -0.0169577 -0.0002977 -0.0141779 -0.0230243 -0.0026711 -0.0122852 -0.0059507 -0.0262036 0.0024783 0.0104110 0.0006057 -0.0102329 0.0117109 -0.0044905 -0.0013175 -0.0143265 -0.0085156 -0.0165933 -0.0290783 -0.0306367 -0.0179591 0.0016043 -0.0230819 -0.0120478 -0.0038021 -0.0236886 0.0038145 -0.0094036 0.0050875 -0.0033121 -0.0003508 -0.0109319 0.0057634 -0.0278498 -0.0093865 -0.0019668 -0.0081294
-0.0327712 -0.0214198 -0.0190705 -0.0369233 -0.0133025 1.3007040 -0.0235921 -0.0299505 -0.0161415 -0.0184974 -0.0144875 -0.0319409 -0.0201676 -0.0220855 -0.0175426 -0.0333358 -0.0046483 -0.0059510 -0.0164496 -0.0346892 -0.0131038 -0.0117570 -0.0411926 -0.0212005 -0.0305929 -0.0342004 -0.0165818 -0.0107194 -0.0184460 -0.0136277 -0.0255694 -0.0206241 -0.0094856 -0.0099610 -0.0066086 -0.0041452 -0.0079140 -0.0036075 -0.0098878 -0.0062068 -0.0084426 -0.0137052 -0.0109825 -0.0060263 -0.0103683 -0.0063032 -0.0096885 -0.0107992 -0.0057265 -0.0089874 -0.0054056 -0.0123625 -0.0030169 -0.0017728 -0.0031888 -0.0085108 -0.0016091 -0.0059612 -0.0062719 -0.0100768 -0.0070091 -0.0117749 -0.0134914 -0.0126463 -0.0095287 -0.0058137 -0.0105089 -0.0089294 -0.0062070 -0.0114286 -0.0050218 -0.0075137 -0.0040782 -0.0056015 -0.0038024 -0.0081254 -0.0047109 -0.0115827 -0.0080708 -0.0065142 -0.0077633
-0.0136848 -0.0246692 -0.0288692 -0.0119327 -0.0294677 -0.0235921 1.5062468 -0.0136150 -0.0274146 -0.0295765 -0.0330717 -0.0108720 -0.0236120 -0.0250963 -0.0298365 -0.0141344 -0.0267614 -0.0343358 -0.0321137 -0.0114200 -0.0245680 -0.0298126 -0.0116088 -0.0233061 -0.0153909 -0.0122791 -0.0240429 -0.0209104 -0.0247944 -0.0322055 -0.0207488 -0.0227730 -0.0077235 -0.0095805 -0.0141456 -0.0166087 -0.0117045 -0.0165483 -0.0124378 -0.0159081 -0.0104633 -0.0063592 -0.0101996 -0.0123481 -0.0075576 -0.0130686 -0.0105462 -0.0068765 -0.0119676 -0.0108981 -0.0083984 -0.0066071 -0.0118532 -0.0132456 -0.0093189 -0.0120911 -0.0158959 -0.0126307 -0.0107690 -0.0104229 -0.0089546 -0.0130922 -0.0053764 -0.0010708 -0.0094231 -0.0144560 -0.0059277 -0.0109469 -0.0131094 -0.0083775 -0.0144635 -0.0098775 -0.0148033 -0.0127615 -0.0083011 -0.0092860 -0.0155415 -0.0021330 -0.0114730 -0.0123146 -0.0134504
0.0180751 -0.0250775 -0.0398176 0.0310523 -0.0469527 -0.0299505 -0.0136150 1.6222945 -0.0392590 -0.0479854 -0.0511277 0.0299177 -0.0265281 -0.0243299 -0.0420129 0.0193996 -0.0493527 -0.0595893 -0.0498881 0.0358416 -0.0447003 -0.0499158 0.0411098 -0.0209436 0.0176439 0.0305657 -0.0321893 -0.0372739 -0.0270078 -0.0517614 -0.0027778 -0.0243925 0.0000627 -0.0016374 -0.0260909 -0.0299679 -0.0130448 -0.0321056 -0.0134065 -0.0285153 -0.0096266 0.0092698 -0.0026737 -0.0182189 -0.0043536 -0.0249638 -0.0089608 0.0043169 -0.0178093 -0.0108921 -0.0099302 0.0057995 -0.0195672 -0.0284206 -0.0150420 -0.0131437 -0.0315723 -0.0171948 -0.0199918 -0.0082773 -0.0094412 -0.0118482 0.0094394 0.0179912 -0.0019357 -0.0264921 0.0057512 -0.0112270 -0.0185364 0.0020672 -0.0273753 -0.0109944 -0.0279074 -0.0177308 -0.0142948 -0.0098068 -0.0288404 0.0139100 -0.0135767 -0.0220592 -0.0154481
-0.0415897 -0.0239204 -0.0153909 -0.0480462 -0.0069886 -0.0161415 -0.0274146 -0.0392590 1.4295275 -0.0120247 -0.0012739 -0.0449278 -0.0209717 -0.0239921 -0.0075287 -0.0402388 0.0084650 0.0146252 -0.0040476 -0.0477113 -0.0032313 -0.0021234 -0.0549785 -0.0242476 -0.0416126 -0.0465191 -0.0118210 -0.0034877 -0.0181182 -0.0000707 -0.0284050 -0.0155357 -0.0126153 -0.0150825 -0.0039359 -0.0006425 -0.0096290 0.0025673 -0.0102573 -0.0019512 -0.0101045 -0.0220571 -0.0176339 -0.0041020 -0.0132821 -0.0045406 -0.0128241 -0.0172565 -0.0033910 -0.0122875 -0.0060268 -0.0187412 -0.0005856 0.0030132 -0.0024187 -0.0108290 0.0037541 -0.0062700 -0.0044516 -0.0135134 -0.0075903 -0.0152034 -0.0198760 -0.0222625 -0.0143904 -0.0016044 -0.0170144 -0.0123037 -0.0060540 -0.0179759 0.0007013 -0.0079700 -0.0007379 -0.0053283 -0.0012639 -0.0096836 0.0013012 -0.0185198 -0.0098176 -0.0041843 -0.0082743
-0.0460151 -0.0240371 -0.0175758 -0.0510993 -0.0057716 -0.0184974 -0.0295765 -0.0479854 -0.0120247 1.5741357 -0.0021853 -0.0499223 -0.0216457 -0.0245877 -0.0127399 -0.0476723 0.0140065 0.0203456 -0.0033484 -0.0523989 -0.0045956 0.0013199 -0.0548297 -0.0267404 -0.0462146 -0.0494001 -0.0169102 -0.0037287 -0.0204292 -0.0006130 -0.0363470 -0.0222752 -0.0189998 -0.0206063 -0.0039092 -0.0005481 -0.0112620 0.0023419 -0.0138029 -0.0019359 -0.0110915 -0.0264887 -0.0224421 -0.0076668 -0.0155904 -0.0034265 -0.0135064 -0.0217754 -0.0071584 -0.0132110 -0.0070828 -0.0247231 -0.0018151 0.0055524 -0.0033269 -0.0119024 0.0049679 -0.0084600 -0.0033407 -0.0140030 -0.0101887 -0.0156839 -0.0253798 -0.0267302 -0.0197204 -0.0018874 -0.0217214 -0.0130186 -0.0075526 -0.0225336 0.0013023 -0.0111635 0.0007743 -0.0072194 -0.0035822 -0.0119724 0.0006401 -0.0240108 -0.0110248 -0.0030794 -0.0104102
-0.0514935 -0.0251959 -0.0104511 -0.0578993 0.0050040 -0.0144875 -0.0330717 -0.0511277 -0.0012739 -0.0021853 1.5477768 -0.0527900 -0.0208923 -0.0242285 -0.0024533 -0.0523893 0.0333265 0.0474897 0.0086447 -0.0608839 0.0084257 0.0172150 -0.0643155 -0.0289001 -0.0525823 -0.0590895 -0.0080253 0.0062599 -0.0191309 0.0162064 -0.0396234 -0.0205096 -0.0207103 -0.0227853 0.0025062 0.0081271 -0.0108772 0.0139733 -0.0126987 0.0053145 -0.0136735 -0.0345072 -0.0249251 -0.0025356 -0.0186041 0.0004217 -0.0163925 -0.0279522 -0.0015728 -0.0142759 -0.0065797 -0.0301586 0.0038559 0.0135954 0.0004802 -0.0121059 0.0149357 -0.0043696 -0.0005591 -0.0178472 -0.0096471 -0.0189663 -0.0326716 -0.0356881 -0.0218772 0.0042228 -0.0279557 -0.0134265 -0.0034703 -0.0284465 0.0069855 -0.0105563 0.0071274 -0.0032066 0.0014576 -0.0113370 0.0082977 -0.0322862 -0.0110473 -0.0004715 -0.0099026
0.0365331 -0.0220882 -0.0421843 0.0543621 -0.0499548 -0.0319409 -0.0108720 0.0299177 -0.0449278 -0.0499223 -0.0527900 1.6970019 -0.0254389 -0.0230376 -0.0474720 0.0329099 -0.0545498 -0.0653652 -0.0531295 0.0569330 -0.0492552 -0.0537949 0.0704797 -0.0175735 0.0329575 0.0517507 -0.0367362 -0.0419590 -0.0274424 -0.0578807 0.0025466 -0.0241855 0.0010520 0.0005561 -0.0292010 -0.0333174 -0.0126368 -0.0361512 -0.0140561 -0.0319281 -0.0082733 0.0151479 -0.0007766 -0.0209750 -0.0025758 -0.0280597 -0.0069876 0.0078322 -0.0207080 -0.0102225 -0.0100405 0.0092823 -0.0225012 -0.0319224 -0.0170531 -0.0130270 -0.0348089 -0.0181803 -0.0217394 -0.0063413 -0.0098897 -0.0096739 0.0141773 0.0244814 -0.0002617 -0.0302518 0.0096711 -0.0109146 -0.0203097 0.0056354 -0.0304467 -0.0113505 -0.0311600 -0.0198242 -0.0169252 -0.0099101 -0.0325041 0.0190671 -0.0135435 -0.0237456 -0.0158803
-0.0276010 -0.0236896 -0.0226194 -0.0294637 -0.0200022 -0.0201676 -0.0236120 -0.0265281 -0.0209717 -0.0216457 -0.0208923 -0.0254389 1.5092530 -0.0219166 -0.0224754 -0.0287171 -0.0121055 -0.0144572 -0.0216168 -0.0280343 -0.0148086 -0.0170162 -0.0315856 -0.0220712 -0.0268526 -0.0269113 -0.0207354 -0.0147187 -0.0210575 -0.0202846 -0.0250009 -0.0215303 -0.0110239 -0.0119785 -0.0111087 -0.0100497 -0.0106237 -0.0098051 -0.0126436 -0.0108938 -0.0098665 -0.0127445 -0.0135247 -0.0104198 -0.0112077 -0.0114692 -0.0111453 -0.0112361 -0.0098801 -0.0113187 -0.0074050 -0.0126021 -0.0072700 -0.0060640 -0.0065806 -0.0115600 -0.0078466 -0.0099999 -0.0091791 -0.0114634 -0.0093408 -0.0132715 -0.0123706 -0.0100027 -0.0118564 -0.0104821 -0.0105712 -0.0113569 -0.0102101 -0.0123625 -0.0089822 -0.0103492 -0.0089649 -0.0094574 -0.0067988 -0.0103469 -0.0096886 -0.0097097 -0.0111561 -0.0102520 -0.0112378
-0.0260484 -0.0225594 -0.0249625 -0.0269433 -0.0229117 -0.0220855 -0.0250963 -0.0243299 -0.0239921 -0.0245877 -0.0242285 -0.0230376 -0.0219166 1.5463406 -0.0214291 -0.0230142 -0.0135235 -0.0179164 -0.0212708 -0.0256213 -0.0200152 -0.0217320 -0.0261716 -0.0232261 -0.0259103 -0.0240251 -0.0226157 -0.0173282 -0.0227632 -0.0247462 -0.0244776 -0.0225683 -0.0112887 -0.0121054 -0.0130121 -0.0125346 -0.0117326 -0.0125083 -0.0139997 -0.0132011 -0.0107142 -0.0121144 -0.0142108 -0.0119549 -0.0115260 -0.0134650 -0.0117358 -0.0114129 -0.0113719 -0.0122087 -0.0082940 -0.0126307 -0.0087614 -0.0082959 -0.0079618 -0.0123637 -0.0101322 -0.0115163 -0.0108089 -0.0120936 -0.0102539 -0.0142822 -0.0118852 -0.0087861 -0.0121278 -0.0125325 -0.0103399 -0.0122141 -0.0116392 -0.0127547 -0.0107527 -0.0112219 -0.0111304 -0.0111161 -0.0078801 -0.0101342 -0.0115003 -0.0087934 -0.0120677 -0.0117795 -0.0123990
-0.0447241 -0.0248735 -0.0166129 -0.0517478 -0.0072963 -0.0175426 -0.0298365 -0.0420129 -0.0075287 -0.0127399 -0.0024533 -0.0474720 -0.0224754 -0.0214291 1.5002505 -0.0406759 0.0137422 0.0174756 -0.0044803 -0.0502221 -0.0031741 -0.0021691 -0.0568231 -0.0257048 -0.0438438 -0.0489146 -0.0132963 -0.0036803 -0.0183498 -0.0020228 -0.0323457 -0.0175457 -0.0154334 -0.0171920 -0.0051974 -0.0005242 -0.0111197 0.0027211 -0.0125376 -0.0028744 -0.0115702 -0.0253464 -0.0197808 -0.0055766 -0.0160865 -0.0059717 -0.0145793 -0.0199472 -0.0049400 -0.0141192 -0.0070559 -0.0223208 -0.0007471 0.0037559 -0.0026139 -0.0119969 0.0047516 -0.0069973 -0.0057075 -0.0152519 -0.0090954 -0.0168577 -0.0235960 -0.0257747 -0.0165955 -0.0029317 -0.0196445 -0.0137935 -0.0065718 -0.0206890 -0.0002524 -0.0100950 -0.0010619 -0.0061229 -0.0022692 -0.0106395 0.0006890 -0.0218304 -0.0111507 -0.0058189 -0.0098840
0.0221085 -0.0238231 -0.0429560 0.0346272 -0.0499709 -0.0333358 -0.0141344 0.0193996 -0.0402388 -0.0476723 -0.0523893 0.0329099 -0.0287171 -0.0230142 -0.0406759 1.6304417 -0.0522377 -0.0618021 -0.0481036 0.0398778 -0.0460507 -0.0535376 0.0441457 -0.0231057 0.0213378 0.0335368 -0.0337816 -0.0405154 -0.0296678 -0.0538589 -0.0038236 -0.0248098 0.0004734 -0.0019320 -0.0283046 -0.0341798 -0.0145033 -0.0352213 -0.0140395 -0.0312750 -0.0100213 0.0122162 -0.0035894 -0.0202932 -0.0028938 -0.0265320 -0.0092789 0.0054254 -0.0200791 -0.0121977 -0.0111592 0.0080737 -0.0230269 -0.0325172 -0.0177824 -0.0149919 -0.0352745 -0.0202456 -0.0213715 -0.0084790 -0.0098254 -0.0122284 0.0129607 0.0219290 -0.0024761 -0.0293763 0.0075342 -0.0128215 -0.0216347 0.0031192 -0.0297728 -0.0116162 -0.0316561 -0.0212375 -0.0155254 -0.0090118 -0.0315511 0.0181217 -0.0148863 -0.0234953 -0.0172461
-0.0540452 -0.0154046 0.0042955 -0.0618381 0.0237645 -0.0046483 -0.0267614 -0.0493527 0.0084650 0.0140065 0.0333265 -0.0545498 -0.0121055 -0.0135235 0.0137422 -0.0522377 1.5066639 0.0522199 0.0268651 -0.0587341 0.0174459 0.0310924 -0.0675447 -0.0204782 -0.0531510 -0.0566113 -0.0009078 0.0114558 -0.0084250 0.0362878 -0.0387902 -0.0132801 -0.0160358 -0.0172816 0.0030444 0.0087439 -0.0073643 0.0124628 -0.0091872 0.0057548 -0.0095277 -0.0278233 -0.0192205 -0.0010081 -0.0144493 0.0025735 -0.0120455 -0.0213266 -0.0007173 -0.0101224 -0.0044050 -0.0240162 0.0041093 0.0114417 0.0012943 -0.0080578 0.0132138 -0.0021753 0.0004051 -0.0126180 -0.0070802 -0.0137056 -0.0267163 -0.0287324 -0.0164527 0.0046823 -0.0213213 -0.0097343 -0.0013066 -0.0216256 0.0066776 -0.0075165 0.0073674 -0.0011559 0.0013229 -0.0080822 0.0082076 -0.0254238 -0.0071699 0.0004570 -0.0059886
-0.0629764 -0.0171361 0.0048318 -0.0711652 0.0316645 -0.0059510 -0.0343358 -0.0595893 0.0146252 0.0203456 0.0474897 -0.0653652 -0.0144572 -0.0179164 0.0174756 -0.0618021 0.0522199 1.8481966 0.0369124 -0.0695710 0.0288982 0.0433605 -0.0779606 -0.0262724 -0.0616791 -0.0682689 0.0006350 0.0174423 -0.0122696 0.0501675 -0.0457417 -0.0155181 -0.0228610 -0.0250892 0.0032864 0.0107488 -0.0114399 0.0167411 -0.0132517 0.0072792 -0.0143736 -0.0376697 -0.0277245 -0.0019098 -0.0206895 0.0022057 -0.0180232 -0.0305370 -0.0013308 -0.0150807 -0.0067616 -0.0336977 0.0047198 0.0156659 0.0008245 -0.0127861 0.0178710 -0.0044373 0.0000256 -0.0185719 -0.0102820 -0.0197879 -0.0362767 -0.0388653 -0.0238074 0.0059319 -0.0309148 -0.0144798 -0.0027582 -0.0310680 0.0092124 -0.0109329 0.0093578 -0.0025882 0.0017275 -0.0118319 0.0108384 -0.0354650 -0.0114622 0.0001341 -0.0094203
-0.0493376 -0.0240713 -0.0142034 -0.0561263 0.0028044 -0.0164496 -0.0321137 -0.0498881 -0.0040476 -0.0033484 0.0086447 -0.0531295 -0.0216168 -0.0212708 -0.0044803 -0.0481036 0.0268651 0.0369124 1.5401864 -0.0568781 0.0039279 0.0107469 -0.0617213 -0.0274936 -0.0503171 -0.0551267 -0.0125671 0.0031485 -0.0198809 0.0097997 -0.0377435 -0.0207529 -0.0191749 -0.0219845 0.0001800 0.0048800 -0.0109132 0.0091307 -0.0123306 0.0029776 -0.0122772 -0.0313209 -0.0238041 -0.0042104 -0.0166473 -0.0003823 -0.0151247 -0.0250604 -0.0034320 -0.0136267 -0.0067369 -0.0272392 0.0012371 0.0100876 -0.0009687 -0.0118959 0.0106115 -0.0063237 -0.0008152 -0.0157603 -0.0091053 -0.0172294 -0.0293302 -0.0321119 -0.0208748 0.0022103 -0.0250260 -0.0131249 -0.0053797 -0.0254878 0.0049333 -0.0099375 0.0044670 -0.0049713 -0.0000136 -0.0103548 0.0060471 -0.0284329 -0.0106843 -0.0012686 -0.0099726
0.0401939 -0.0241787 -0.0459113 0.0616883 -0.0547539 -0.0346892 -0.0114200 0.0358416 -0.0477113 -0.0523989 -0.0608839 0.0569330 -0.0280343 -0.0256213 -0.0502221 0.0398778 -0.0587341 -0.0695710 -0.0568781 1.8179686 -0.0529881 -0.0589225 0.0785858 -0.0190749 0.0375896 0.0600710 -0.0404805 -0.0471922 -0.0293733 -0.0613459 0.0034309 -0.0267036 0.0017075 0.0009497 -0.0329486 -0.0370246 -0.0143188 -0.0400273 -0.0156690 -0.0354924 -0.0090239 0.0182690 -0.0003939 -0.0239331 -0.0021612 -0.0315986 -0.0074963 0.0099326 -0.0234419 -0.0111015 -0.0113074 0.0112242 -0.0257630 -0.0361324 -0.0193252 -0.0144291 -0.0386659 -0.0214306 -0.0246407 -0.0065967 -0.0109986 -0.0108249 0.0172741 0.0293608 0.0004201 -0.0340813 0.0119266 -0.0115887 -0.0228119 0.0074184 -0.0343021 -0.0127659 -0.0347246 -0.0225079 -0.0194429 -0.0109952 -0.0362296 0.0228895 -0.0149760 -0.0273493 -0.0176775
-0.0466469 -0.0195381 -0.0099892 -0.0534315 0.0013341 -0.0131038 -0.0245680 -0.0447003 -0.0032313 -0.0045956 0.0084257 -0.0492552 -0.0148086 -0.0200152 -0.0031741 -0.0460507 0.0174459 0.0288982 0.0039279 -0.0529881 1.5429209 0.0107871 -0.0590214 -0.0238707 -0.0464862 -0.0512605 -0.0100213 0.0006960 -0.0169699 0.0121411 -0.0349050 -0.0165628 -0.0150576 -0.0166966 -0.0024834 0.0014715 -0.0098853 0.0046016 -0.0114081 -0.0008084 -0.0112650 -0.0251418 -0.0185449 -0.0044012 -0.0145261 -0.0034105 -0.0135866 -0.0195922 -0.0038254 -0.0121507 -0.0061669 -0.0211951 -0.0000928 0.0051934 -0.0017104 -0.0109344 0.0057975 -0.0058427 -0.0036587 -0.0141310 -0.0084719 -0.0160349 -0.0236398 -0.0250948 -0.0160089 -0.0011966 -0.0194182 -0.0116487 -0.0053369 -0.0203109 0.0008345 -0.0091065 0.0009347 -0.0049772 -0.0011490 -0.0098290 0.0016925 -0.0219106 -0.0100499 -0.0040175 -0.0091163
-0.0510546 -0.0215505 -0.0071622 -0.0590533 0.0092012 -0.0117570 -0.0298126 -0.0499158 -0.0021234 0.0013199 0.0172150 -0.0537949 -0.0170162 -0.0217320 -0.0021691 -0.0535376 0.0310924 0.0433605 0.0107469 -0.0589225 0.0107871 1.5511450 -0.0625805 -0.0250968 -0.0517482 -0.0565100 -0.0090637 0.0063344 -0.0177462 0.0190039 -0.0413547 -0.0196524 -0.0196566 -0.0207958 0.0016425 0.0077512 -0.0101712 0.0114106 -0.0123998 0.0038636 -0.0130942 -0.0324729 -0.0217529 -0.0032750 -0.0175523 0.0004137 -0.0153227 -0.0252178 -0.0025489 -0.0123992 -0.0062953 -0.0279688 0.0025914 0.0117020 0.0004177 -0.0111505 0.0126790 -0.0043587 -0.0007469 -0.0158887 -0.0096729 -0.0173986 -0.0314793 -0.0326749 -0.0199988 0.0027635 -0.0255459 -0.0118083 -0.0034636 -0.0260634 0.0045046 -0.0099497 0.0061146 -0.0031673 0.0004178 -0.0106784 0.0060539 -0.0304257 -0.0099928 -0.0017260 -0.0094393
0.0470334 -0.0268517 -0.0483811 0.0686370 -0.0585536 -0.0411926 -0.0116088 0.0411098 -0.0549785 -0.0548297 -0.0643155 0.0704797 -0.0315856 -0.0261716 -0.0568231 0.0441457 -0.0675447 -0.0779606 -0.0617213 0.0785858 -0.0590214 -0.0625805 1.8987982 -0.0218002 0.0421851 0.0704370 -0.0449682 -0.0520202 -0.0354581 -0.0653178 -0.0000744 -0.0305067 0.0046836 0.0026131 -0.0380264 -0.0439739 -0.0165538 -0.0477882 -0.0181437 -0.0415031 -0.0102823 0.0270085 0.0019011 -0.0301941 0.0006435 -0.0372502 -0.0070238 0.0152080 -0.0298560 -0.0116511 -0.0135334 0.0177929 -0.0339895 -0.0426943 -0.0251678 -0.0171713 -0.0472657 -0.0270722 -0.0293543 -0.0060940 -0.0129108 -0.0108883 0.0254862 0.0424179 0.0018455 -0.0400044 0.0176221 -0.0124353 -0.0287848 0.0114644 -0.0406964 -0.0150684 -0.0413669 -0.0286111 -0.0246287 -0.0115016 -0.0435691 0.0330852 -0.0176778 -0.0330446 -0.0223149
-0.0197694 -0.0236247 -0.0258469 -0.0203738 -0.0243693 -0.0212005 -0.0233061 -0.0209436 -0.0242476 -0.0267404 -0.0289001 -0.0175735 -0.0220712 -0.0232261 -0.0257048 -0.0231057 -0.0204782 -0.0262724 -0.0274936 -0.0190749 -0.0238707 -0.0250968 -0.0218002 1.3369272 -0.0205830 -0.0187912 -0.0229932 -0.0195208 -0.0223484 -0.0291598 -0.0217199 -0.0196420 -0.0082165 -0.0088060 -0.0121315 -0.0114842 -0.0093713 -0.0129286 -0.0106750 -0.0122482 -0.0082550 -0.0070570 -0.0102512 -0.0103409 -0.0085694 -0.0116838 -0.0090062 -0.0072144 -0.0099064 -0.0097785 -0.0066130 -0.0083947 -0.0080775 -0.0087324 -0.0069443 -0.0101071 -0.0105500 -0.0100804 -0.0088706 -0.0091274 -0.0081167 -0.0112790 -0.0072461 -0.0042102 -0.0085711 -0.0118356 -0.0063663 -0.0097044 -0.0102921 -0.0080775 -0.0107164 -0.0089183 -0.0105851 -0.0099790 -0.0076797 -0.0091065 -0.0110426 -0.0044459 -0.0095064 -0.0104516 -0.0099751
0.0198479 -0.0245220 -0.0413265 0.0332350 -0.0475125 -0.0305929 -0.0153909 0.0176439 -0.0416126 -0.0462146 -0.0525823 0.0329575 -0.0268526 -0.0259103 -0.0438438 0.0213378 -0.0531510 -0.0616791 -0.0503171 0.0375896 -0.0464862 -0.0517482 0.0421851 -0.0205830 1.5909218 0.0331685 -0.0343577 -0.0407695 -0.0288314 -0.0539990 -0.0050489 -0.0254327 0.0004694 -0.0009525 -0.0275582 -0.0324585 -0.0132096 -0.0345337 -0.0136365 -0.0305112 -0.0089187 0.0126630 -0.0023838 -0.0197754 -0.0027927 -0.0264496 -0.0080188 0.0061208 -0.0195664 -0.0109940 -0.0103463 0.0076940 -0.0217119 -0.0309728 -0.0168504 -0.0135995 -0.0337627 -0.0186786 -0.0207018 -0.0074802 -0.0096258 -0.0111351 0.0127345 0.0220157 -0.0013190 -0.0285168 0.0083008 -0.0113842 -0.0202322 0.0041031 -0.0287318 -0.0110026 -0.0301945 -0.0195527 -0.0158242 -0.0097735 -0.0308881 0.0175780 -0.0140105 -0.0230076 -0.0158521
0.0363484 -0.0243269 -0.0432555 0.0551716 -0.0521412 -0.0342004 -0.0122791 0.0305657 -0.0465191 -0.0494001 -0.0590895 0.0517507 -0.0269113 -0.0240251 -0.0489146 0.0335368 -0.0566113 -0.0682689 -0.0551267 0.0600710 -0.0512605 -0.0565100 0.0704370 -0.0187912 0.0331685 1.6606565 -0.0398267 -0.0453679 -0.0288255 -0.0600987 0.0006494 -0.0260828 0.0023586 0.0016068 -0.0310088 -0.0355119 -0.0126004 -0.0388071 -0.0143001 -0.0332311 -0.0071479 0.0199227 -0.0000121 -0.0231622 -0.0005614 -0.0301528 -0.0056936 0.0108039 -0.0228058 -0.0098079 -0.0103087 0.0120033 -0.0251361 -0.0341312 -0.0188803 -0.0132170 -0.0372229 -0.0205421 -0.0228169 -0.0051598 -0.0098191 -0.0084457 0.0185128 0.0303493 0.0007802 -0.0321300 0.0126240 -0.0105146 -0.0220088 0.0086089 -0.0320278 -0.0114816 -0.0331991 -0.0218981 -0.0190440 -0.0097405 -0.0345386 0.0237739 -0.0132317 -0.0250321 -0.0161860
-0.0351517 -0.0236176 -0.0176376 -0.0393522 -0.0121662 -0.0165818 -0.0240429 -0.0321893 -0.0118210 -0.0169102 -0.0080253 -0.0367362 -0.0207354 -0.0226157 -0.0132963 -0.0337816 -0.0009078 0.0006350 -0.0125671 -0.0404805 -0.0100213 -0.0090637 -0.0449682 -0.0229932 -0.0343577 -0.0398267 1.2881533 -0.0075022 -0.0186052 -0.0093540 -0.0259381 -0.0192041 -0.0095278 -0.0109388 -0.0043708 -0.0027126 -0.0079187 -0.0008195 -0.0087953 -0.0035974 -0.0085425 -0.0156431 -0.0119195 -0.0044063 -0.0100167 -0.0050019 -0.0102502 -0.0121873 -0.0042144 -0.0087476 -0.0051998 -0.0128915 -0.0019270 0.0001212 -0.0025700 -0.0085650 0.0000983 -0.0053760 -0.0045898 -0.0105397 -0.0065683 -0.0123999 -0.0142097 -0.0147765 -0.0106396 -0.0031777 -0.0118752 -0.0090942 -0.0053999 -0.0129975 -0.0026636 -0.0066637 -0.0025819 -0.0048105 -0.0022342 -0.0075715 -0.0020849 -0.0128934 -0.0081480 -0.0052459 -0.0081045
-0.0406711 -0.0177112 -0.0079450 -0.0466039 0.0025330 -0.0107194 -0.0209104 -0.0372739 -0.0034877 -0.0037287 0.0062599 -0.0419590 -0.0147187 -0.0173282 -0.0036803 -0.0405154 0.0114558 0.0174423 0.0031485 -0.0471922 0.0006960 0.0063344 -0.0520202 -0.0195208 -0.0407695 -0.0453679 -0.0075022 1.4682016 -0.0138189 0.0074321 -0.0284086 -0.0145483 -0.0113291 -0.0125532 -0.0020886 0.0000363 -0.0077691 0.0022989 -0.0090525 -0.0014293 -0.0091678 -0.0186845 -0.0135304 -0.0036970 -0.0106103 -0.0028165 -0.0104801 -0.0145566 -0.0034993 -0.0088805 -0.0049754 -0.0154967 -0.0009056 0.0029109 -0.0017851 -0.0085445 0.0028111 -0.0048956 -0.0029844 -0.0108869 -0.0066303 -0.0123222 -0.0174702 -0.0180692 -0.0121771 -0.0014882 -0.0144553 -0.0087725 -0.0043796 -0.0152794 -0.0006220 -0.0072786 -0.0001569 -0.0042187 -0.0012217 -0.0076100 -0.0000820 -0.0161059 -0.0078180 -0.0038450 -0.0078647
-0.0293514 -0.0238455 -0.0216219 -0.0326550 -0.0188933 -0.0184460 -0.0247944 -0.0270078 -0.0181182 -0.0204292 -0.0191309 -0.0274424 -0.0210575 -0.0227632 -0.0183498 -0.0296678 -0.0084250 -0.0122696 -0.0198809 -0.0293733 -0.0169699 -0.0177462 -0.0354581 -0.0223484 -0.0288314 -0.0288255 -0.0186052 -0.0138189 1.3337550 -0.0201479 -0.0232322 -0.0210676 -0.0095962 -0.0101521 -0.0090471 -0.0068682 -0.0082688 -0.0070286 -0.0104379 -0.0077143 -0.0068448 -0.0112834 -0.0125384 -0.0079623 -0.0096809 -0.0092320 -0.0087403 -0.0098060 -0.0074784 -0.0100032 -0.0056191 -0.0122061 -0.0043017 -0.0036216 -0.0046920 -0.0090737 -0.0039935 -0.0077660 -0.0076054 -0.0098543 -0.0074933 -0.0110239 -0.0111452 -0.0100273 -0.0099591 -0.0073644 -0.0093411 -0.0100306 -0.0077805 -0.0105554 -0.0052748 -0.0081795 -0.0061031 -0.0072768 -0.0057789 -0.0093507 -0.0057555 -0.0092660 -0.0084995 -0.0074349 -0.0076382
-0.0537855 -0.0261939 -0.0109482 -0.0600768 0.0067798 -0.0136277 -0.0322055 -0.0517614 -0.0000707 -0.0006130 0.0162064 -0.0578807 -0.0202846 -0.0247462 -0.0020228 -0.0538589 0.0362878 0.0501675 0.0097997 -0.0613459 0.0121411 0.0190039 -0.0653178 -0.0291598 -0.0539990 -0.0600987 -0.0093540 0.0074321 -0.0201479 1.5679759 -0.0392997 -0.0211526 -0.0218440 -0.0239976 0.0018605 0.0089401 -0.0117004 0.0149468 -0.0132121 0.0052813 -0.0143331 -0.0360415 -0.0260431 -0.0022622 -0.0199312 0.0012824 -0.0176842 -0.0292867 -0.0016033 -0.0149110 -0.0069898 -0.0316526 0.0037993 0.0143636 0.0007289 -0.0127894 0.0159340 -0.0045338 -0.0003067 -0.0182360 -0.0101031 -0.0200380 -0.0343127 -0.0374166 -0.0229122 0.0048429 -0.0296326 -0.0145408 -0.0037291 -0.0296947 0.0075760 -0.0107144 0.0073965 -0.0031395 0.0014319 -0.0122236 0.0092136 -0.0340438 -0.0112056 -0.0003199 -0.0099864
-0.0056891 -0.0251346 -0.0322878 -0.0022138 -0.0363823 -0.0255694 -0.0207488 -0.0027778 -0.0284050 -0.0363470 -0.0396234 0.0025466 -0.0250009 -0.0244776 -0.0323457 -0.0038236 -0.0387902 -0.0457417 -0.0377435 0.0034309 -0.0349050 -0.0413547 -0.0000744 -0.0217199 -0.0050489 0.0006494 -0.0259381 -0.0284086 -0.0232322 -0.0392997 1.2501377 -0.0224568 -0.0016690 -0.0029603 -0.0182792 -0.0203418 -0.0094515 -0.0216722 -0.0096553 -0.0188131 -0.0060773 0.0038235 -0.0050124 -0.0118335 -0.0048155 -0.0172887 -0.0067070 0.0010828 -0.0117339 -0.0095280 -0.0070527 0.0008099 -0.0120687 -0.0180021 -0.0098353 -0.0098078 -0.0197850 -0.0119485 -0.0133156 -0.0069864 -0.0069417 -0.0088344 0.0043190 0.0083041 -0.0035090 -0.0170315 0.0018515 -0.0097502 -0.0129177 -0.0004450 -0.0161229 -0.0077041 -0.0182972 -0.0125913 -0.0099417 -0.0081780 -0.0173905 0.0071313 -0.0098835 -0.0140365 -0.0092202
-0.0214011 -0.0228645 -0.0235873 -0.0273202 -0.0211776 -0.0206241 -0.0227730 -0.0243925 -0.0155357 -0.0222752 -0.0205096 -0.0241855 -0.0215303 -0.0225683 -0.0175457 -0.0248098 -0.0132801 -0.0155181 -0.0207529 -0.0267036 -0.0165628 -0.0196524 -0.0305067 -0.0196420 -0.0254327 -0.0260828 -0.0192041 -0.0145483 -0.0210676 -0.0211526 -0.0224568 1.4309070 -0.0089713 -0.0105626 -0.0093009 -0.0095879 -0.0095811 -0.0085970 -0.0105845 -0.0094624 -0.0087939 -0.0109608 -0.0122154 -0.0086679 -0.0086923 -0.0097767 -0.0099187 -0.0097874 -0.0082848 -0.0101452 -0.0065968 -0.0103769 -0.0066603 -0.0060384 -0.0060630 -0.0103903 -0.0073542 -0.0092357 -0.0075893 -0.0103631 -0.0078033 -0.0121493 -0.0097585 -0.0084039 -0.0103225 -0.0087072 -0.0091648 -0.0104028 -0.0093377 -0.0106735 -0.0075057 -0.0085692 -0.0081415 -0.0092040 -0.0054551 -0.0087146 -0.0081611 -0.0075785 -0.0098543 -0.0082679 -0.0099571
0.0016080 -0.0120125 -0.0149011 0.0023804 -0.0182973 -0.0094856 -0.0077235 0.0000627 -0.0126153 -0.0189998 -0.0207103 0.0010520 -0.0110239 -0.0112887 -0.0154334 0.0004734 -0.0160358 -0.0228610 -0.0191749 0.0017075 -0.0150576 -0.0196566 0.0046836 -0.0082165 0.0004694 0.0023586 -0.0095278 -0.0113291 -0.0095962 -0.0218440 -0.0016690 -0.0089713 0.7546936 0.0042507 -0.0003040 -0.0007156 0.0017929 -0.0022515 0.0021270 -0.0010584 0.0015777 0.0053704 0.0049228 0.0013577 0.0030164 -0.0003473 0.0021715 0.0046604 0.0011145 0.0024694 0.0011450 0.0052602 0.0000971 -0.0022445 0.0004860 0.0015817 -0.0021503 0.0009955 0.0001760 0.0013925 0.0015719 0.0015244 0.0053176 0.0054967 0.0039769 -0.0006936 0.0045874 0.0019814 0.0002343 0.0050119 -0.0017591 0.0020940 -0.0016134 0.0006802 0.0002205 0.0018064 -0.0015873 0.0050649 0.0017035 -0.0001338 0.0016170
0.0003834 -0.0129418 -0.0160932 0.0004488 -0.0188903 -0.0099610 -0.0095805 -0.0016374 -0.0150825 -0.0206063 -0.0227853 0.0005561 -0.0119785 -0.0121054 -0.0171920 -0.0019320 -0.0172816 -0.0250892 -0.0219845 0.0009497 -0.0166966 -0.0207958 0.0026131 -0.0088060 -0.0009525 0.0016068 -0.0109388 -0.0125532 -0.0101521 -0.0239976 -0.0029603 -0.0105626 0.0042507 0.7081341 -0.0006641 -0.0008118 0.0023261 -0.0026103 0.0016574 -0.0012823 0.0022798 0.0064021 0.0058052 0.0015979 0.0031303 -0.0005894 0.0027106 0.0052544 0.0012076 0.0028679 0.0014987 0.0057149 0.0003632 -0.0019718 0.0008808 0.0024255 -0.0016419 0.0017557 -0.0002967 0.0017819 0.0015250 0.0020581 0.0054978 0.0060767 0.0049895 -0.0011441 0.0053807 0.0029495 0.0006788 0.0058223 -0.0020134 0.0020539 -0.0011480 0.0012295 0.0000049 0.0017298 -0.0020168 0.0051888 0.0022192 -0.0003823 0.0021525
-0.0256243 -0.0142164 -0.0085991 -0.0327270 -0.0001223 -0.0066086 -0.0141456 -0.0260909 -0.0039359 -0.0039092 0.0025062 -0.0292010 -0.0111087 -0.0130121 -0.0051974 -0.0283046 0.0030444 0.0032864 0.0001800 -0.0329486 -0.0024834 0.0016425 -0.0380264 -0.0121315 -0.0275582 -0.0310088 -0.0043708 -0.0020886 -0.0090471 0.0018605 -0.0182792 -0.0093009 -0.0003040 -0.0006641 0.6505988 0.0087083 0.0029569 0.0087698 0.0030873 0.0084166 0.0017386 -0.0035207 0.0001018 0.0051126 0.0021595 0.0078869 0.0020828 -0.0021191 0.0052759 0.0030850 0.0024435 -0.0015149 0.0044072 0.0074115 0.0039134 0.0028854 0.0076610 0.0040478 0.0065765 0.0005088 0.0023032 0.0018722 -0.0028475 -0.0044664 -0.0006644 0.0079237 -0.0021520 0.0029617 0.0035238 -0.0015691 0.0067565 0.0032769 0.0075728 0.0042184 0.0040098 0.0028564 0.0071977 -0.0035480 0.0029842 0.0067232 0.0032417
-0.0320431 -0.0134526 -0.0044470 -0.0392348 0.0068632 -0.0041452 -0.0166087 -0.0299679 -0.0006425 -0.0005481 0.0081271 -0.0333174 -0.0100497 -0.0125346 -0.0005242 -0.0341798 0.0087439 0.0107488 0.0048800 -0.0370246 0.0014715 0.0077512 -0.0439739 -0.0114842 -0.0324585 -0.0355119 -0.0027126 0.0000363 -0.0068682 0.0089401 -0.0203418 -0.0095879 -0.0007156 -0.0008118 0.0087083 0.6595429 0.0033224 0.0110717 0.0028927 0.0096665 0.0018645 -0.0058518 -0.0004733 0.0061606 -0.0000591 0.0077953 0.0016004 -0.0030354 0.0060002 0.0027869 0.0028564 -0.0038969 0.0067484 0.0093920 0.0054616 0.0032758 0.0110178 0.0056879 0.0064716 0.0002333 0.0021391 0.0011041 -0.0056916 -0.0072088 -0.0009938 0.0087390 -0.0031358 0.0026248 0.0052595 -0.0022943 0.0080443 0.0028706 0.0092006 0.0056525 0.0039720 0.0017744 0.0092885 -0.0060098 0.0036179 0.0065537 0.0045952
-0.0114042 -0.0124160 -0.0116179 -0.0149694 -0.0092079 -0.0079140 -0.0117045 -0.0130448 -0.0096290 -0.0112620 -0.0108772 -0.0126368 -0.0106237 -0.0117326 -0.0111197 -0.0145033 -0.0073643 -0.0114399 -0.0109132 -0.0143188 -0.0098853 -0.0101712 -0.0165538 -0.0093713 -0.0132096 -0.0126004 -0.0079187 -0.0077691 -0.0082688 -0.0117004 -0.0094515 -0.0095811 0.0017929 0.0023261 0.0029569 0.0033224 0.6941145 0.0021474 0.0019257 0.0030665 0.0026927 0.0020268 0.0025654 0.0026699 0.0023802 0.0028193 0.0032462 0.0020394 0.0024281 0.0029269 0.0021403 0.0017354 0.0022616 0.0024041 0.0023243 0.0026952 0.0028696 0.0028070 0.0027921 0.0016813 0.0016943 0.0023334 0.0013831 0.0014345 0.0021133 0.0028551 0.0020111 0.0025656 0.0022631 0.0025675 0.0023938 0.0025033 0.0030170 0.0023362 0.0012445 0.0017311 0.0023913 0.0013156 0.0027075 0.0028515 0.0029926
-0.0340263 -0.0130851 -0.0027267 -0.0417165 0.0091395 -0.0036075 -0.0165483 -0.0321056 0.0025673 0.0023419 0.0139733 -0.0361512 -0.0098051 -0.0125083 0.0027211 -0.0352213 0.0124628 0.0167411 0.0091307 -0.0400273 0.0046016 0.0114106 -0.0477882 -0.0129286 -0.0345337 -0.0388071 -0.0008195 0.0022989 -0.0070286 0.0149468 -0.0216722 -0.0085970 -0.0022515 -0.0026103 0.0087698 0.0110717 0.0021474 0.7389716 0.0021831 0.0096607 0.0006322 -0.0083402 -0.0026434 0.0059528 -0.0012675 0.0081548 0.0001449 -0.0051796 0.0058638 0.0011554 0.0019447 -0.0055889 0.0062587 0.0093377 0.0047666 0.0019084 0.0114391 0.0046841 0.0059122 -0.0014305 0.0014924 -0.0004690 -0.0074007 -0.0096253 -0.0025198 0.0087670 -0.0053105 0.0011829 0.0044469 -0.0046210 0.0084687 0.0021461 0.0090293 0.0048328 0.0045834 0.0013937 0.0097427 -0.0077605 0.0022979 0.0065099 0.0033132
-0.0121125 -0.0147678 -0.0141852 -0.0155374 -0.0116249 -0.0098878 -0.0124378 -0.0134065 -0.0102573 -0.0138029 -0.0126987 -0.0140561 -0.0126436 -0.0139997 -0.0125376 -0.0140395 -0.0091872 -0.0132517 -0.0123306 -0.0156690 -0.0114081 -0.0123998 -0.0181437 -0.0106750 -0.0136365 -0.0143001 -0.0087953 -0.0090525 -0.0104379 -0.0132121 -0.0096553 -0.0105845 0.0021270 0.0016574 0.0030873 0.0028927 0.0019257 0.0021831 0.6860842 0.0026778 0.0020862 0.0017935 0.0021324 0.0027669 0.0024437 0.0029402 0.0021685 0.0015889 0.0025732 0.0019761 0.0015944 0.0022642 0.0019035 0.0020802 0.0019344 0.0021012 0.0019630 0.0019535 0.0031919 0.0011906 0.0020574 0.0017146 0.0020113 0.0010546 0.0015377 0.0029303 0.0016542 0.0019520 0.0013136 0.0021820 0.0021380 0.0025950 0.0021922 0.0018976 0.0015132 0.0017682 0.0027560 0.0014705 0.0021275 0.0033401 0.0025181
-0.0289494 -0.0137019 -0.0070394 -0.0361680 0.0026489 -0.0062068 -0.0159081 -0.0285153 -0.0019512 -0.0019359 0.0053145 -0.0319281 -0.0108938 -0.0132011 -0.0028744 -0.0312750 0.0057548 0.0072792 0.0029776 -0.0354924 -0.0008084 0.0038636 -0.0415031 -0.0122482 -0.0305112 -0.0332311 -0.0035974 -0.0014293 -0.0077143 0.0052813 -0.0188131 -0.0094624 -0.0010584 -0.0012823 0.0084166 0.0096665 0.0030665 0.0096607 0.0026778 0.6650733 0.0021998 -0.0046990 -0.0011328 0.0055902 0.0009539 0.0075244 0.0018589 -0.0027942 0.0052476 0.0026080 0.0026328 -0.0030698 0.0054332 0.0084024 0.0043006 0.0030321 0.0094931 0.0044062 0.0063707 0.0003986 0.0020772 0.0014577 -0.0039357 -0.0062179 -0.0011229 0.0084875 -0.0028928 0.0024482 0.0041638 -0.0022511 0.0080292 0.0031176 0.0083283 0.0045755 0.0037199 0.0020088 0.0084988 -0.0046080 0.0031044 0.0069308 0.0038389
-0.0073797 -0.0112714 -0.0122491 -0.0098425 -0.0118059 -0.0084426 -0.0104633 -0.0096266 -0.0101045 -0.0110915 -0.0136735 -0.0082733 -0.0098665 -0.0107142 -0.0115702 -0.0100213 -0.0095277 -0.0143736 -0.0122772 -0.0090239 -0.0112650 -0.0130942 -0.0102823 -0.0082550 -0.0089187 -0.0071479 -0.0085425 -0.0091678 -0.0068448 -0.0143331 -0.0060773 -0.0087939 0.0015777 0.0022798 0.0017386 0.0018645 0.0026927 0.0006322 0.0020862 0.0021998 0.7106351 0.0035775 0.0020325 0.0017216 0.0025687 0.0014751 0.0038160 0.0027763 0.0017479 0.0022685 0.0020066 0.0022764 0.0018697 0.0016807 0.0014967 0.0026964 0.0016952 0.0018960 0.0022219 0.0022986 0.0018212 0.0033605 0.0031643 0.0025607 0.0022324 0.0021380 0.0028820 0.0018788 0.0013509 0.0034248 0.0025518 0.0025292 0.0019792 0.0015937 0.0002309 0.0014781 0.0020104 0.0026452 0.0027128 0.0029016 0.0035279
0.0158305 -0.0120623 -0.0224651 0.0210721 -0.0296685 -0.0137052 -0.0063592 0.0092698 -0.0220571 -0.0264887 -0.0345072 0.0151479 -0.0127445 -0.0121144 -0.0253464 0.0122162 -0.0278233 -0.0376697 -0.0313209 0.0182690 -0.0251418 -0.0324729 0.0270085 -0.0070570 0.0126630 0.0199227 -0.0156431 -0.0186845 -0.0112834 -0.0360415 0.0038235 -0.0109608 0.0053704 0.0064021 -0.0035207 -0.0058518 0.0020268 -0.0083402 0.0017935 -0.0046990 0.0035775 0.7365255 0.0071188 -0.0013968 0.0052516 -0.0032166 0.0045522 0.0082845 -0.0014694 0.0030106 0.0012516 0.0092273 -0.0027782 -0.0059837 -0.0012587 0.0022145 -0.0072990 -0.0009217 -0.0013807 0.0035872 0.0014309 0.0043677 0.0108677 0.0122049 0.0056824 -0.0043371 0.0086492 0.0026631 -0.0018594 0.0090940 -0.0046485 0.0020608 -0.0048456 -0.0014300 -0.0022673 0.0018777 -0.0055798 0.0104266 0.0017508 -0.0017208 0.0016269
-0.0002408 -0.0148895 -0.0177210 -0.0000033 -0.0212674 -0.0109825 -0.0101996 -0.0026737 -0.0176339 -0.0224421 -0.0249251 -0.0007766 -0.0135247 -0.0142108 -0.0197808 -0.0035894 -0.0192205 -0.0277245 -0.0238041 -0.0003939 -0.0185449 -0.0217529 0.0019011 -0.0102512 -0.0023838 -0.0000121 -0.0119195 -0.0135304 -0.0125384 -0.0260431 -0.0050124 -0.0122154 0.0049228 0.0058052 0.0001018 -0.0004733 0.0025654 -0.0026434 0.0021324 -0.0011328 0.0020325 0.0071188 0.6480660 0.0018923 0.0040858 0.0004556 0.0033460 0.0059996 0.0017345 0.0042238 0.0019800 0.0070774 0.0000714 -0.0019851 0.0013873 0.0028222 -0.0024211 0.0024005 0.0005837 0.0023494 0.0018956 0.0027642 0.0063177 0.0072474 0.0057124 -0.0007991 0.0063789 0.0037182 0.0010891 0.0067298 -0.0028093 0.0026108 -0.0009862 0.0017934 0.0005471 0.0026244 -0.0022760 0.0060149 0.0027282 -0.0002239 0.0020141
-0.0195562 -0.0123621 -0.0082022 -0.0254984 -0.0031980 -0.0060263 -0.0123481 -0.0182189 -0.0041020 -0.0076668 -0.0025356 -0.0209750 -0.0104198 -0.0119549 -0.0055766 -0.0202932 -0.0010081 -0.0019098 -0.0042104 -0.0239331 -0.0044012 -0.0032750 -0.0301941 -0.0103409 -0.0197754 -0.0231622 -0.0044063 -0.0036970 -0.0079623 -0.0022622 -0.0118335 -0.0086679 0.0013577 0.0015979 0.0051126 0.0061606 0.0026699 0.0059528 0.0027669 0.0055902 0.0017216 -0.0013968 0.0018923 0.6751050 0.0013599 0.0048972 0.0016559 -0.0001632 0.0044831 0.0022519 0.0019363 0.0001131 0.0038987 0.0044798 0.0033758 0.0025432 0.0058374 0.0037130 0.0038212 0.0003447 0.0022547 0.0010430 -0.0009758 -0.0023277 0.0011321 0.0053229 -0.0000926 0.0021755 0.0031009 0.0007355 0.0043450 0.0028701 0.0047077 0.0038516 0.0031764 0.0020911 0.0051541 -0.0015110 0.0025800 0.0041499 0.0032878
0.0007145 -0.0120683 -0.0154323 0.0002429 -0.0169577 -0.0103683 -0.0075576 -0.0043536 -0.0132821 -0.0155904 -0.0186041 -0.0025758 -0.0112077 -0.0115260 -0.0160865 -0.0028938 -0.0144493 -0.0206895 -0.0166473 -0.0021612 -0.0145261 -0.0175523 0.0006435 -0.0085694 -0.0027927 -0.0005614 -0.0100167 -0.0106103 -0.0096809 -0.0199312 -0.0048155 -0.0086923 0.0030164 0.0031303 0.0021595 -0.0000591 0.0023802 -0.0012675 0.0024437 0.0009539 0.0025687 0.0052516 0.0040858 0.0013599 0.7002639 0.0023499 0.0038459 0.0038845 0.0012133 0.0032995 0.0015945 0.0052201 -0.0003167 -0.0004677 0.0007860 0.0022750 -0.0015603 0.0011072 0.0025081 0.0023729 0.0019106 0.0033707 0.0054996 0.0055806 0.0027019 0.0010906 0.0039228 0.0031564 0.0003068 0.0043624 0.0003818 0.0027016 0.0000884 0.0006181 0.0006300 0.0026451 -0.0002297 0.0049195 0.0022162 0.0024757 0.0018224
-0.0244949 -0.0136545 -0.0086595 -0.0317941 -0.0002977 -0.0063032 -0.0130686 -0.0249638 -0.0045406 -0.0034265 0.0004217 -0.0280597 -0.0114692 -0.0134650 -0.0059717 -0.0265320 0.0025735 0.0022057 -0.0003823 -0.0315986 -0.0034105 0.0004137 -0.0372502 -0.0116838 -0.0264496 -0.0301528 -0.0050019 -0.0028165 -0.0092320 0.0012824 -0.0172887 -0.0097767 -0.0003473 -0.0005894 0.0078869 0.0077953 0.0028193 0.0081548 0.0029402 0.0075244 0.0014751 -0.0032166 0.0004556 0.0048972 0.0023499 0.6696002 0.0019606 -0.0018416 0.0047099 0.0028021 0.0022412 -0.0012529 0.0041108 0.0066265 0.0037691 0.0030530 0.0071152 0.0039032 0.0062413 0.0009775 0.0022517 0.0013057 -0.0027777 -0.0041212 -0.0005909 0.0073097 -0.0020134 0.0027860 0.0033420 -0.0010443 0.0060496 0.0031280 0.0067904 0.0038681 0.0036401 0.0027172 0.0067770 -0.0032198 0.0033824 0.0068901 0.0032771
