1.1391131 -0.0158309 -0.0430638 0.1370495 -0.1293393 -0.0408087 0.0295946 0.0661232 -0.0580399 -0.0733933 -0.1378079 0.0878504 -0.0169200 -0.0205574 -0.0762477 0.0928669 -0.1485556 -0.1496051 -0.1040024 0.0870770 -0.0444472 -0.1132079 0.1364097 -0.0084673 0.0865990 0.1209682 -0.0431013 -0.0047987 -0.0414649 -0.1364399 0.0368076 -0.0060245 0.0767057 0.0764304 -0.0886094 -0.1429403 -0.0081805 -0.1489586 -0.0020741 -0.1267753 -0.0123372 0.1282853 0.0987504 -0.0379040 0.0507128 -0.0711731 0.0112066 0.0969956 -0.0410591 0.0181630 -0.0113739 0.1271050 -0.0653926 -0.1302917 -0.0246001 -0.0072080 -0.1638823 -0.0380821 -0.0714298 0.0162644 -0.0003623 0.0099992 0.1247833 0.1485820 0.0760189 -0.1123591 0.0984994 0.0142581 -0.0392614 0.1031928 -0.1343485 0.0042199 -0.1360434 -0.0394722 -0.0205027 0.0155019 -0.1294705 0.1297067 -0.0110551 -0.0755114 -0.0298677
-0.0158309 1.0596635 -0.0009222 -0.0169103 -0.0156174 -0.0077200 -0.0177284 -0.0154465 -0.0201274 -0.0052111 -0.0162859 -0.0037510 -0.0080964 -0.0099896 -0.0147964 -0.0195286 -0.0117594 -0.0112943 -0.0106543 -0.0066605 -0.0133734 -0.0079181 -0.0120647 -0.0041446 -0.0060895 -0.0071618 -0.0162288 -0.0093237 -0.0084635 -0.0197799 -0.0093378 -0.0159654 -0.0118395 -0.0073264 -0.0162356 -0.0056763 -0.0089801 -0.0099128 -0.0102652 -0.0078294 0.0008067 -0.0007738 -0.0104883 -0.0083397 -0.0127579 -0.0143149 -0.0071145 -0.0093259 -0.0115841 -0.0098347 -0.0032297 -0.0077751 -0.0028013 -0.0063962 -0.0031419 -0.0067409 -0.0020702 -0.0075997 -0.0101034 -0.0055604 -0.0102393 -0.0036285 -0.0087375 -0.0052448 -0.0061342 -0.0116144 -0.0051230 -0.0083626 -0.0058498 -0.0007095 -0.0094266 -0.0117711 -0.0071646 -0.0088972 -0.0086916 -0.0092406 -0.0050490 -0.0062347 -0.0093196 -0.0127346 -0.0013953
-0.0430638 -0.0009222 1.0344253 -0.0403331 0.0115348 0.0011988 -0.0190617 -0.0086441 -0.0038146 -0.0213221 0.0007007 -0.0179135 -0.0120195 -0.0120688 -0.0007701 -0.0306409 0.0128129 0.0086850 -0.0112297 -0.0177851 -0.0030793 0.0103891 -0.0329254 -0.0149230 -0.0274836 -0.0271982 -0.0030855 -0.0043446 -0.0085478 0.0007719 -0.0181185 -0.0182391 -0.0131058 -0.0069118 -0.0082329 0.0153127 -0.0098064 0.0109325 -0.0126419 -0.0079004 -0.0141502 -0.0296869 -0.0092035 -0.0011677 -0.0218779 -0.0106117 -0.0171578 -0.0162546 0.0016734 -0.0116738 -0.0080308 -0.0258296 0.0056965 0.0029233 0.0000344 -0.0118887 0.0122213 0.0054726 -0.0107388 -0.0177620 -0.0092773 -0.0249876 -0.0320000 -0.0246944 -0.0028130 -0.0052250 -0.0173167 -0.0090125 0.0020165 -0.0177834 -0.0057049 -0.0111401 0.0035160 0.0027565 -0.0032234 -0.0151376 -0.0030176 -0.0262333 -0.0095940 -0.0122709 -0.0035742
0.1370495 -0.0169103 -0.0403331 1.1310089 -0.1251367 -0.0384007 0.0285010 0.0641361 -0.0616054 -0.0651186 -0.1348400 0.0872185 -0.0207334 -0.0185732 -0.0701336 0.0915962 -0.1429927 -0.1485760 -0.1003660 0.0924124 -0.0479577 -0.1121975 0.1319026 -0.0095896 0.0857159 0.1177189 -0.0424176 -0.0059016 -0.0457878 -0.1317685 0.0365709 -0.0128010 0.0784795 0.0694812 -0.0874022 -0.1399440 -0.0130290 -0.1483979 -0.0037296 -0.1194530 -0.0066137 0.1261979 0.0978055 -0.0390502 0.0513126 -0.0744131 0.0127276 0.0958401 -0.0405358 0.0181929 -0.0128027 0.1229342 -0.0662204 -0.1265581 -0.0241655 -0.0045029 -0.1637521 -0.0340053 -0.0629612 0.0180564 0.0028837 0.0094587 0.1242034 0.1419036 0.0695955 -0.1079524 0.0968084 0.0134214 -0.0395532 0.0978869 -0.1361992 0.0012298 -0.1317158 -0.0438755 -0.0208650 0.0110942 -0.1185714 0.1287141 -0.0126322 -0.0740987 -0.0332584
-0.1293393 -0.0156174 0.0115348 -0.1251367 1.0874851 0.0031102 -0.0235407 -0.0857866 0.0076856 0.0415484 0.0850062 -0.0951449 -0.0080424 -0.0032652 0.0153421 -0.1064364 0.1091935 0.1105276 0.0679089 -0.1012388 0.0097203 0.0914987 -0.1235974 -0.0100966 -0.1032465 -0.1200535 0.0059384 -0.0044216 -0.0106327 0.0889437 -0.0820630 -0.0149387 -0.0831435 -0.0825155 0.0689833 0.1037684 -0.0046644 0.1077793 -0.0132476 0.0831393 -0.0208176 -0.1186306 -0.0830823 0.0147774 -0.0454304 0.0621835 -0.0221964 -0.0979300 0.0166970 -0.0174482 -0.0063019 -0.1125581 0.0300471 0.0929534 0.0114015 -0.0124854 0.1128582 0.0119281 0.0534990 -0.0240341 -0.0118154 -0.0296987 -0.1205534 -0.1228962 -0.0765834 0.0725865 -0.0949732 -0.0120122 0.0121276 -0.1027907 0.0857445 -0.0141401 0.0929721 0.0174055 0.0120412 -0.0209071 0.0815914 -0.1176066 -0.0046898 0.0531094 0.0002240
-0.0408087 -0.0077200 0.0011988 -0.0384007 0.0031102 1.0691190 -0.0145761 -0.0028754 -0.0040708 -0.0286219 -0.0043954 -0.0113840 -0.0113142 -0.0135486 0.0019893 -0.0178501 0.0057784 -0.0008998 -0.0201989 -0.0120300 -0.0067439 -0.0006549 -0.0285878 -0.0152658 -0.0112743 -0.0247587 -0.0042387 -0.0024567 -0.0118695 -0.0033682 -0.0141578 -0.0220021 -0.0001824 0.0006957 -0.0136606 0.0018851 -0.0093802 0.0001948 -0.0112751 -0.0154574 -0.0155079 -0.0155032 0.0042972 -0.0013144 -0.0256131 -0.0113502 -0.0150320 -0.0064452 0.0003397 -0.0101957 -0.0065316 -0.0136984 0.0012361 -0.0053033 0.0005320 -0.0087485 0.0047146 0.0021619 -0.0214818 -0.0154027 -0.0077864 -0.0163708 -0.0212496 -0.0176126 0.0016001 -0.0122582 -0.0109855 -0.0117566 0.0022966 -0.0078330 -0.0156013 -0.0089418 -0.0055198 0.0039186 -0.0044865 -0.0130069 -0.0071651 -0.0169059 -0.0070532 -0.0203439 -0.0026780
0.0295946 -0.0177284 -0.0190617 0.0285010 -0.0235407 -0.0145761 1.0855817 -0.0008488 -0.0257545 -0.0213277 -0.0288078 -0.0013680 -0.0171378 -0.0170905 -0.0378713 0.0140145 -0.0274396 -0.0279001 -0.0189399 -0.0007556 -0.0093933 -0.0102817 0.0197491 -0.0190617 0.0003898 0.0006081 -0.0141476 0.0035078 -0.0380788 -0.0281013 -0.0317152 -0.0133907 0.0066758 0.0019354 -0.0037468 -0.0307715 -0.0145570 -0.0252333 -0.0035887 -0.0249545 -0.0226949 0.0013063 0.0165095 -0.0103237 0.0171493 0.0029386 -0.0111280 0.0052327 -0.0115665 0.0059054 -0.0078841 0.0229634 -0.0285905 -0.0264918 -0.0089197 -0.0099648 -0.0430242 -0.0126065 -0.0016159 -0.0061444 -0.0048147 -0.0128635 0.0087240 0.0241008 0.0018999 -0.0224174 0.0048524 0.0039677 -0.0157298 0.0024634 -0.0389703 -0.0032130 -0.0276222 -0.0115591 -0.0004550 0.0054158 -0.0369770 0.0108045 -0.0072298 -0.0130594 -0.0295823
0.0661232 -0.0154465 -0.0086441 0.0641361 -0.0857866 -0.0028754 -0.0008488 1.1333375 -0.0101064 -0.0942811 -0.0991840 0.0704726 -0.0194907 -0.0172591 -0.0154083 0.0745797 -0.1042643 -0.1027519 -0.0950055 0.0756441 -0.0161605 -0.0905257 0.0668305 -0.0102531 0.0730212 0.0702427 -0.0114374 -0.0025406 -0.0180527 -0.0894786 0.0625354 -0.0091793 0.0739725 0.0759001 -0.0917486 -0.0983934 -0.0142873 -0.1034386 -0.0017578 -0.1031200 -0.0169423 0.0748461 0.0802304 -0.0167206 0.0076822 -0.0779600 -0.0105959 0.0729214 -0.0137952 -0.0048594 -0.0106483 0.0879694 -0.0255272 -0.0999225 -0.0071024 -0.0027100 -0.1028538 -0.0178012 -0.0833014 -0.0015613 -0.0022408 -0.0181498 0.0812663 0.0887755 0.0727906 -0.0858427 0.0736823 -0.0092069 -0.0137695 0.0769209 -0.1120863 0.0002831 -0.1032878 -0.0179201 -0.0127505 -0.0064465 -0.0888233 0.0860844 -0.0141278 -0.0800559 -0.0162191
-0.0580399 -0.0201274 -0.0038146 -0.0616054 0.0076856 -0.0040708 -0.0257545 -0.0101064 1.1116376 -0.0189004 0.0348372 -0.0372729 -0.0158210 -0.0174469 0.0408553 -0.0066578 0.0247731 0.0352064 0.0126972 -0.0403028 0.0109373 -0.0083742 -0.0820257 -0.0256016 -0.0218223 -0.0531097 0.0159440 -0.0043624 0.0101916 0.0359705 0.0120192 0.0037217 -0.0159321 -0.0275071 -0.0016677 0.0184389 -0.0143626 0.0363628 -0.0046130 0.0195932 -0.0032955 -0.0494850 -0.0481708 0.0107711 -0.0325756 -0.0035622 -0.0229957 -0.0389453 0.0135252 -0.0362976 -0.0073527 -0.0442258 0.0177510 0.0145921 -0.0008433 -0.0169365 0.0373387 -0.0037435 -0.0058748 -0.0247258 -0.0047455 -0.0246277 -0.0347159 -0.0583894 -0.0217636 0.0206250 -0.0346762 -0.0334654 -0.0036961 -0.0362350 0.0367586 -0.0034085 0.0192070 0.0012214 0.0069022 -0.0174064 0.0391431 -0.0333748 -0.0172554 0.0053115 0.0057966
-0.0733933 -0.0052111 -0.0213221 -0.0651186 0.0415484 -0.0286219 -0.0213277 -0.0942811 -0.0189004 1.0976368 0.0413430 -0.0742727 -0.0017735 -0.0013617 -0.0151188 -0.0831433 0.0713482 0.0688902 0.0601385 -0.0783637 -0.0099650 0.0525063 -0.0643432 -0.0111222 -0.0882439 -0.0689731 -0.0229692 -0.0155613 -0.0043202 0.0421919 -0.0742333 -0.0162925 -0.0777982 -0.0907126 0.0619307 0.0607882 -0.0070298 0.0627970 -0.0092052 0.0770362 0.0077506 -0.0740426 -0.0927821 -0.0133083 -0.0155424 0.0512872 0.0043096 -0.0755778 -0.0081257 -0.0106023 -0.0028427 -0.0861906 0.0095591 0.0770141 -0.0069151 -0.0085612 0.0714138 -0.0089167 0.0627396 0.0037559 -0.0134453 0.0051440 -0.0743051 -0.0803519 -0.0836446 0.0647978 -0.0769065 -0.0065196 -0.0109118 -0.0783619 0.0880559 -0.0148365 0.0774454 -0.0056556 -0.0014630 -0.0110251 0.0645504 -0.0756098 -0.0032552 0.0636135 0.0013156
-0.1378079 -0.0162859 0.0007007 -0.1348400 0.0850062 -0.0043954 -0.0288078 -0.0991840 0.0348372 0.0413430 1.1306407 -0.1048315 -0.0100708 -0.0064869 0.0250182 -0.1018940 0.1302023 0.1429891 0.0861670 -0.1235385 0.0252738 0.1059356 -0.1533571 -0.0290646 -0.1168588 -0.1527185 0.0200030 0.0013210 -0.0084134 0.1198057 -0.0911537 -0.0095583 -0.0982240 -0.1043691 0.0969291 0.1226168 -0.0096614 0.1415620 -0.0152082 0.1148712 -0.0208873 -0.1447837 -0.1101746 0.0220948 -0.0418095 0.0765414 -0.0290539 -0.1204822 0.0272089 -0.0252347 -0.0060686 -0.1332125 0.0372916 0.1192931 0.0042704 -0.0183502 0.1331044 0.0098867 0.0735537 -0.0397573 -0.0140446 -0.0314701 -0.1381995 -0.1511204 -0.0984329 0.1036376 -0.1212222 -0.0190305 0.0120526 -0.1274322 0.1200478 -0.0171487 0.1189704 0.0191750 0.0254711 -0.0112044 0.1021176 -0.1385560 -0.0111838 0.0715546 -0.0077998
0.0878504 -0.0037510 -0.0179135 0.0872185 -0.0951449 -0.0113840 -0.0013680 0.0704726 -0.0372729 -0.0742727 -0.1048315 1.1231227 -0.0097148 -0.0070043 -0.0375357 0.0687397 -0.1129527 -0.1230149 -0.0987754 0.0881793 -0.0272350 -0.1024458 0.0957012 -0.0010747 0.0767045 0.0990116 -0.0248920 -0.0096318 -0.0091500 -0.1143063 0.0613679 -0.0142433 0.0730439 0.0815715 -0.0965695 -0.1104790 -0.0039939 -0.1214356 -0.0051615 -0.1123854 -0.0024198 0.1024985 0.0799311 -0.0308590 0.0175887 -0.0838713 0.0050654 0.0871493 -0.0284993 0.0043964 -0.0047163 0.0907861 -0.0360753 -0.1058994 -0.0113827 -0.0011432 -0.1136175 -0.0140599 -0.0791813 0.0092160 -0.0028166 0.0030806 0.0929742 0.1077519 0.0737938 -0.1020221 0.0859938 0.0034923 -0.0160103 0.0931265 -0.1100599 0.0001220 -0.1062477 -0.0195239 -0.0266903 -0.0007651 -0.0964942 0.0979343 -0.0012366 -0.0796293 -0.0112597
-0.0169200 -0.0080964 -0.0120195 -0.0207334 -0.0080424 -0.0113142 -0.0171378 -0.0194907 -0.0158210 -0.0017735 -0.0100708 -0.0097148 1.0740271 -0.0041906 -0.0117287 -0.0219748 -0.0069020 -0.0076789 -0.0077295 -0.0133328 -0.0078159 -0.0069540 -0.0102285 -0.0075820 -0.0160628 -0.0083203 -0.0191451 -0.0087464 -0.0042618 -0.0101612 -0.0197723 -0.0077212 -0.0089084 -0.0108231 -0.0056567 -0.0045080 -0.0021691 -0.0087334 -0.0137154 -0.0080070 0.0004006 -0.0063771 -0.0119727 -0.0092473 -0.0082171 -0.0116321 -0.0050722 -0.0063372 -0.0112812 -0.0064615 -0.0062478 -0.0128839 -0.0050189 -0.0020564 -0.0053611 -0.0045121 -0.0059387 -0.0078634 -0.0037073 -0.0060158 -0.0072530 -0.0044250 -0.0093157 -0.0033780 -0.0118921 -0.0045031 -0.0101935 -0.0053026 -0.0056984 -0.0061498 -0.0028517 -0.0099179 -0.0009819 -0.0030497 -0.0061820 -0.0075835 -0.0078593 -0.0076207 -0.0063326 -0.0058078 -0.0052489
-0.0205574 -0.0099896 -0.0120688 -0.0185732 -0.0032652 -0.0135486 -0.0170905 -0.0172591 -0.0174469 -0.0013617 -0.0064869 -0.0070043 -0.0041906 1.0685972 -0.0145467 -0.0274326 -0.0039819 -0.0027654 -0.0098444 -0.0104409 -0.0128028 -0.0061973 -0.0104017 -0.0160154 -0.0198369 -0.0068186 -0.0160502 -0.0106088 -0.0054254 -0.0136282 -0.0180432 -0.0094876 -0.0117636 -0.0092495 -0.0102350 -0.0013853 -0.0090952 -0.0085903 -0.0128750 -0.0030498 -0.0007710 -0.0049434 -0.0125737 -0.0084218 -0.0086742 -0.0087972 -0.0071035 -0.0110218 -0.0119843 -0.0085158 -0.0023014 -0.0139076 -0.0035042 -0.0016856 -0.0040028 -0.0071032 -0.0004646 -0.0062192 -0.0067687 -0.0031840 -0.0109775 -0.0038154 -0.0183363 -0.0077092 -0.0067904 -0.0066783 -0.0073555 -0.0059814 -0.0067563 -0.0101152 0.0005918 -0.0104525 -0.0031863 -0.0070886 -0.0088079 -0.0109048 -0.0050765 -0.0107524 -0.0052335 -0.0046533 -0.0084513
-0.0762477 -0.0147964 -0.0007701 -0.0701336 0.0153421 0.0019893 -0.0378713 -0.0154083 0.0408553 -0.0151188 0.0250182 -0.0375357 -0.0117287 -0.0145467 1.0882415 -0.0179203 0.0322270 0.0335748 0.0105547 -0.0359692 0.0083857 -0.0055949 -0.0829604 -0.0195698 -0.0237942 -0.0518193 0.0103716 -0.0160580 0.0145113 0.0228837 0.0088853 -0.0046853 -0.0204563 -0.0233451 -0.0097260 0.0264432 -0.0130148 0.0361466 -0.0103034 0.0150118 -0.0011666 -0.0454292 -0.0460854 0.0094568 -0.0400723 -0.0075770 -0.0229247 -0.0360331 0.0095890 -0.0381134 -0.0105103 -0.0501964 0.0240447 0.0213534 -0.0001205 -0.0148799 0.0440140 0.0038179 -0.0095887 -0.0204369 -0.0045395 -0.0221331 -0.0410864 -0.0593705 -0.0200187 0.0188808 -0.0323801 -0.0344749 0.0005853 -0.0348200 0.0317100 -0.0043900 0.0179848 0.0011743 -0.0003083 -0.0228344 0.0374214 -0.0378453 -0.0142316 0.0009383 0.0108646
0.0928669 -0.0195286 -0.0306409 0.0915962 -0.1064364 -0.0178501 0.0140145 0.0745797 -0.0066578 -0.0831433 -0.1018940 0.0687397 -0.0219748 -0.0274326 -0.0179203 1.1192993 -0.1188457 -0.1135014 -0.0856933 0.0730132 -0.0203160 -0.1138785 0.0691388 -0.0179767 0.0847913 0.0803396 -0.0183255 -0.0036536 -0.0234503 -0.0969242 0.0695637 -0.0063302 0.0726456 0.0696779 -0.0887364 -0.1175125 -0.0160166 -0.1101496 0.0042458 -0.1048221 -0.0094326 0.0849442 0.0658409 -0.0196938 0.0191574 -0.0735121 -0.0022794 0.0757569 -0.0198176 -0.0078988 -0.0113218 0.0938070 -0.0415523 -0.1091927 -0.0180828 -0.0131857 -0.1192217 -0.0274489 -0.0730946 -0.0008105 0.0041034 -0.0074963 0.0952874 0.0975933 0.0634440 -0.0907519 0.0800254 -0.0103566 -0.0288171 0.0773101 -0.1061798 0.0051432 -0.1117907 -0.0329878 -0.0098810 0.0032940 -0.0916177 0.1012402 -0.0148383 -0.0722155 -0.0197289
-0.1485556 -0.0117594 0.0128129 -0.1429927 0.1091935 0.0057784 -0.0274396 -0.1042643 0.0247731 0.0713482 0.1302023 -0.1129527 -0.0069020 -0.0039819 0.0322270 -0.1188457 1.1739480 0.1431367 0.1029188 -0.1228351 0.0226587 0.1184465 -0.1538659 -0.0173763 -0.1225763 -0.1469140 0.0186487 0.0058286 0.0042459 0.1245794 -0.0991207 -0.0084702 -0.0991843 -0.1093245 0.0999842 0.1318416 -0.0022768 0.1421593 -0.0133381 0.1210729 -0.0093373 -0.1439470 -0.1140445 0.0219288 -0.0443760 0.0861103 -0.0221636 -0.1152223 0.0237761 -0.0182851 -0.0023899 -0.1300095 0.0429972 0.1237251 0.0117072 -0.0108090 0.1452709 0.0169387 0.0802765 -0.0255585 -0.0130204 -0.0218644 -0.1363800 -0.1447233 -0.0998901 0.1066682 -0.1161541 -0.0110330 0.0177274 -0.1216842 0.1248383 -0.0138793 0.1256844 0.0219206 0.0196753 -0.0115798 0.1112460 -0.1380752 -0.0040104 0.0789106 0.0051874
-0.1496051 -0.0112943 0.0086850 -0.1485760 0.1105276 -0.0008998 -0.0279001 -0.1027519 0.0352064 0.0688902 0.1429891 -0.1230149 -0.0076789 -0.0027654 0.0335748 -0.1135014 0.1431367 1.1777865 0.1097853 -0.1341860 0.0285641 0.1227397 -0.1606339 -0.0217324 -0.1218079 -0.1569168 0.0228847 0.0046567 -0.0035263 0.1339814 -0.0977176 -0.0032119 -0.1029234 -0.1134095 0.1076058 0.1377508 -0.0017981 0.1541366 -0.0084356 0.1306350 -0.0140025 -0.1534637 -0.1218786 0.0273968 -0.0453071 0.0873733 -0.0268270 -0.1235246 0.0262124 -0.0202884 -0.0036749 -0.1394877 0.0415475 0.1319090 0.0072243 -0.0170749 0.1506669 0.0125204 0.0815493 -0.0322429 -0.0123673 -0.0263923 -0.1427566 -0.1554573 -0.1063886 0.1178225 -0.1279885 -0.0182968 0.0176307 -0.1307340 0.1384531 -0.0111554 0.1334450 0.0185759 0.0246880 -0.0096567 0.1174736 -0.1431048 -0.0085453 0.0872198 -0.0001694
-0.1040024 -0.0106543 -0.0112297 -0.1003660 0.0679089 -0.0201989 -0.0189399 -0.0950055 0.0126972 0.0601385 0.0861670 -0.0987754 -0.0077295 -0.0098444 0.0105547 -0.0856933 0.1029188 0.1097853 1.1101087 -0.1077586 0.0079344 0.0726942 -0.1090779 -0.0236663 -0.0944591 -0.1160126 -0.0033177 -0.0057622 -0.0116911 0.0823698 -0.0788190 -0.0116657 -0.0900564 -0.1009992 0.0757115 0.0926390 -0.0113912 0.1054614 -0.0104713 0.0963529 -0.0054502 -0.1185156 -0.1039334 0.0097114 -0.0295274 0.0677188 -0.0194140 -0.0989873 0.0101222 -0.0171593 -0.0054971 -0.1065168 0.0225936 0.0944488 -0.0004807 -0.0124755 0.1044770 -0.0037934 0.0701963 -0.0188545 -0.0111768 -0.0151451 -0.1031797 -0.1170812 -0.0946490 0.0881014 -0.1032869 -0.0176114 0.0015021 -0.1040393 0.1049341 -0.0098288 0.0955834 0.0013931 0.0171576 -0.0088803 0.0896882 -0.1078553 -0.0082774 0.0719220 -0.0053202
0.0870770 -0.0066605 -0.0177851 0.0924124 -0.1012388 -0.0120300 -0.0007556 0.0756441 -0.0403028 -0.0783637 -0.1235385 0.0881793 -0.0133328 -0.0104409 -0.0359692 0.0730132 -0.1228351 -0.1341860 -0.1077586 1.1384879 -0.0303313 -0.1081131 0.1068151 -0.0028286 0.0803510 0.1066912 -0.0313323 -0.0146481 -0.0121030 -0.1212653 0.0685350 -0.0105687 0.0750463 0.0864718 -0.1050518 -0.1174113 -0.0045423 -0.1308586 -0.0074840 -0.1168637 0.0035872 0.1094697 0.0878289 -0.0317268 0.0187010 -0.0943827 0.0076458 0.0943413 -0.0307298 0.0061808 -0.0045413 0.0971250 -0.0362725 -0.1128835 -0.0104645 0.0017810 -0.1273513 -0.0179308 -0.0874056 0.0098492 -0.0007388 0.0031718 0.1031978 0.1163837 0.0796239 -0.1087038 0.0949722 0.0019059 -0.0183909 0.0961040 -0.1199937 -0.0033909 -0.1137036 -0.0242144 -0.0313707 -0.0044213 -0.1056648 0.1087342 -0.0045969 -0.0839910 -0.0123285
-0.0444472 -0.0133734 -0.0030793 -0.0479577 0.0097203 -0.0067439 -0.0093933 -0.0161605 0.0109373 -0.0099650 0.0252738 -0.0272350 -0.0078159 -0.0128028 0.0083857 -0.0203160 0.0226587 0.0285641 0.0079344 -0.0303313 1.0976636 0.0166763 -0.0504266 -0.0231904 -0.0257327 -0.0417638 0.0015638 0.0028228 -0.0090596 0.0267023 -0.0230538 -0.0079826 -0.0142388 -0.0204996 0.0114323 0.0168808 -0.0090073 0.0302576 -0.0079489 0.0109770 -0.0170468 -0.0397550 -0.0206170 0.0047057 -0.0183080 0.0084862 -0.0167574 -0.0257231 0.0045276 -0.0140475 -0.0055855 -0.0293680 0.0088299 0.0154439 0.0005376 -0.0133000 0.0250551 0.0003421 0.0035392 -0.0173824 -0.0059139 -0.0188947 -0.0350720 -0.0363885 -0.0204862 0.0122187 -0.0283339 -0.0097480 0.0005903 -0.0282959 0.0119980 -0.0046490 0.0171228 0.0021624 0.0044638 -0.0075220 0.0165710 -0.0324517 -0.0092898 0.0048153 -0.0067544
-0.1132079 -0.0079181 0.0103891 -0.1121975 0.0914987 -0.0006549 -0.0102817 -0.0905257 -0.0083742 0.0525063 0.1059356 -0.1024458 -0.0069540 -0.0061973 -0.0055949 -0.1138785 0.1184465 0.1227397 0.0726942 -0.1081131 0.0166763 1.1367780 -0.1093951 -0.0177730 -0.1090072 -0.1331777 0.0088974 0.0104290 -0.0286567 0.1040525 -0.1197570 -0.0110998 -0.0886469 -0.0936435 0.1017990 0.1125281 -0.0078520 0.1171432 -0.0193467 0.0988578 -0.0282635 -0.1295795 -0.0752770 0.0168877 -0.0324245 0.0805221 -0.0245356 -0.1022699 0.0171540 -0.0007785 -0.0047784 -0.1022032 0.0243832 0.1054971 0.0068752 -0.0089668 0.1071996 0.0113036 0.0781313 -0.0279471 -0.0153220 -0.0260753 -0.1282603 -0.1197222 -0.0869939 0.0862112 -0.1064635 0.0023789 0.0150080 -0.1085161 0.0862085 -0.0131807 0.1075623 0.0203797 0.0213805 -0.0021372 0.0686175 -0.1246011 -0.0076841 0.0599907 -0.0187876
0.1364097 -0.0120647 -0.0329254 0.1319026 -0.1235974 -0.0285878 0.0197491 0.0668305 -0.0820257 -0.0643432 -0.1533571 0.0957012 -0.0102285 -0.0104017 -0.0829604 0.0691388 -0.1538659 -0.1606339 -0.1090779 0.1068151 -0.0504266 -0.1093951 1.1427310 0.0004631 0.0814933 0.1311324 -0.0516374 -0.0082414 -0.0318820 -0.1446350 0.0298878 -0.0213034 0.0771776 0.0860023 -0.0931310 -0.1365986 -0.0049167 -0.1572591 -0.0070174 -0.1294880 -0.0086617 0.1334637 0.1063985 -0.0455484 0.0472835 -0.0808755 0.0202905 0.1042657 -0.0420777 0.0224600 -0.0066343 0.1281766 -0.0614007 -0.1281247 -0.0207301 -0.0047912 -0.1628560 -0.0308074 -0.0707461 0.0189842 -0.0047933 0.0123678 0.1238187 0.1509884 0.0783191 -0.1190388 0.1038136 0.0194495 -0.0311302 0.1079895 -0.1394395 -0.0023669 -0.1315667 -0.0343995 -0.0273070 0.0137734 -0.1345776 0.1272845 -0.0014777 -0.0860881 -0.0238404
-0.0084673 -0.0041446 -0.0149230 -0.0095896 -0.0100966 -0.0152658 -0.0190617 -0.0102531 -0.0256016 -0.0111222 -0.0290646 -0.0010747 -0.0075820 -0.0160154 -0.0195698 -0.0179767 -0.0173763 -0.0217324 -0.0236663 -0.0028286 -0.0231904 -0.0177730 0.0004631 1.0225642 -0.0088449 0.0055966 -0.0203298 -0.0158214 -0.0069018 -0.0325095 -0.0055933 -0.0148285 -0.0063801 -0.0011742 -0.0224634 -0.0151918 -0.0072440 -0.0258674 -0.0083494 -0.0163535 -0.0025157 0.0074259 -0.0038519 -0.0138712 -0.0095267 -0.0182502 -0.0022438 0.0072402 -0.0159872 -0.0089149 -0.0030384 -0.0057820 -0.0054300 -0.0097000 -0.0060868 -0.0044416 -0.0147170 -0.0088842 -0.0132188 -0.0046222 -0.0047962 -0.0024242 0.0017346 0.0027986 -0.0026729 -0.0194185 0.0054488 -0.0078363 -0.0075718 0.0017193 -0.0154228 -0.0094518 -0.0169507 -0.0098261 -0.0162991 -0.0125864 -0.0169444 0.0031710 -0.0043381 -0.0110551 -0.0030352
0.0865990 -0.0060895 -0.0274836 0.0857159 -0.1032465 -0.0112743 0.0003898 0.0730212 -0.0218223 -0.0882439 -0.1168588 0.0767045 -0.0160628 -0.0198369 -0.0237942 0.0847913 -0.1225763 -0.1218079 -0.0944591 0.0803510 -0.0257327 -0.1090072 0.0814933 -0.0088449 1.1071815 0.0954883 -0.0207475 -0.0103060 -0.0189825 -0.1077359 0.0685191 -0.0116763 0.0751737 0.0752981 -0.0980550 -0.1160529 -0.0132009 -0.1221892 -0.0030652 -0.1112920 -0.0076415 0.0970707 0.0749477 -0.0267085 0.0184938 -0.0847257 0.0006476 0.0859591 -0.0274827 -0.0009908 -0.0112977 0.0945535 -0.0379752 -0.1136728 -0.0169200 -0.0049573 -0.1232277 -0.0191385 -0.0797040 0.0036107 0.0032612 -0.0049797 0.0976031 0.1040702 0.0710869 -0.0998526 0.0837867 -0.0083880 -0.0238149 0.0851238 -0.1090670 -0.0026770 -0.1166419 -0.0287598 -0.0207417 0.0005267 -0.0950718 0.1013257 -0.0147038 -0.0783764 -0.0156304
0.1209682 -0.0071618 -0.0271982 0.1177189 -0.1200535 -0.0247587 0.0006081 0.0702427 -0.0531097 -0.0689731 -0.1527185 0.0990116 -0.0083203 -0.0068186 -0.0518193 0.0803396 -0.1469140 -0.1569168 -0.1160126 0.1066912 -0.0417638 -0.1331777 0.1311324 0.0055966 0.0954883 1.1494173 -0.0480764 -0.0222901 -0.0107807 -0.1450420 0.0752266 -0.0149177 0.0802727 0.0925175 -0.1149404 -0.1430219 -0.0032936 -0.1589320 -0.0041225 -0.1321622 0.0125998 0.1368070 0.0884944 -0.0439343 0.0326362 -0.0966769 0.0178980 0.1076416 -0.0426446 0.0055335 -0.0042209 0.1141427 -0.0513070 -0.1280803 -0.0217122 0.0004923 -0.1489152 -0.0312662 -0.0870570 0.0198780 0.0002019 0.0165468 0.1291388 0.1439230 0.0835287 -0.1198233 0.1098594 0.0020422 -0.0272140 0.1165758 -0.1269839 -0.0014107 -0.1303327 -0.0393532 -0.0392785 -0.0039213 -0.1186392 0.1303942 -0.0011732 -0.0852633 -0.0090650
-0.0431013 -0.0162288 -0.0030855 -0.0424176 0.0059384 -0.0042387 -0.0141476 -0.0114374 0.0159440 -0.0229692 0.0200030 -0.0248920 -0.0191451 -0.0160502 0.0103716 -0.0183255 0.0186487 0.0228847 -0.0033177 -0.0313323 0.0015638 0.0088974 -0.0516374 -0.0203298 -0.0207475 -0.0480764 1.0552009 -0.0006129 -0.0170440 0.0168207 -0.0217170 -0.0116224 -0.0094386 -0.0199077 0.0084362 0.0164026 -0.0106048 0.0224357 -0.0067772 0.0075173 -0.0201326 -0.0399175 -0.0216525 0.0061971 -0.0228383 0.0043944 -0.0239488 -0.0264515 0.0037793 -0.0126048 -0.0077397 -0.0253506 0.0078445 0.0106718 0.0010480 -0.0136563 0.0174635 0.0017874 -0.0039558 -0.0204055 -0.0063697 -0.0280616 -0.0334282 -0.0387737 -0.0168501 0.0093285 -0.0254715 -0.0128830 -0.0005503 -0.0308641 0.0073288 -0.0027050 0.0097630 0.0027361 0.0043394 -0.0083395 0.0137016 -0.0319914 -0.0131487 -0.0040285 -0.0147163
-0.0047987 -0.0093237 -0.0043446 -0.0059016 -0.0044216 -0.0024567 0.0035078 -0.0025406 -0.0043624 -0.0155613 0.0013210 -0.0096318 -0.0087464 -0.0106088 -0.0160580 -0.0036536 0.0058286 0.0046567 -0.0057622 -0.0146481 0.0028228 0.0104290 -0.0082414 -0.0158214 -0.0103060 -0.0222901 -0.0006129 1.0880638 -0.0240366 0.0017513 -0.0284790 -0.0066701 -0.0053004 -0.0092597 0.0080511 -0.0015808 -0.0066301 0.0053294 -0.0076383 -0.0030015 -0.0201239 -0.0144699 0.0051880 0.0014533 -0.0020244 0.0077907 -0.0100132 -0.0097205 -0.0015312 0.0019792 -0.0031308 -0.0006984 -0.0058067 -0.0007171 -0.0011804 -0.0076262 -0.0059998 -0.0001843 -0.0003636 -0.0114225 -0.0040580 -0.0138362 -0.0114286 -0.0055483 -0.0054650 -0.0043312 -0.0114407 0.0006146 -0.0001150 -0.0137985 -0.0135562 -0.0048348 -0.0040731 -0.0034680 0.0073569 0.0038445 -0.0108928 -0.0122880 -0.0077682 -0.0081042 -0.0194951
-0.0414649 -0.0084635 -0.0085478 -0.0457878 -0.0106327 -0.0118695 -0.0380788 -0.0180527 0.0101916 -0.0043202 -0.0084134 -0.0091500 -0.0042618 -0.0054254 0.0145113 -0.0234503 0.0042459 -0.0035263 -0.0116911 -0.0121030 -0.0090596 -0.0286567 -0.0318820 -0.0069018 -0.0189825 -0.0107807 -0.0170440 -0.0240366 1.0724083 -0.0141087 0.0123471 -0.0101672 -0.0102642 -0.0100070 -0.0225268 -0.0025299 -0.0055984 -0.0022140 -0.0066929 -0.0019227 0.0138379 -0.0071558 -0.0352810 -0.0143015 -0.0245896 -0.0237442 -0.0002197 -0.0108964 -0.0091085 -0.0267073 -0.0036941 -0.0312600 0.0103962 0.0033009 -0.0020623 -0.0070390 0.0165441 -0.0079063 -0.0185718 -0.0081492 -0.0072371 0.0005840 -0.0142434 -0.0199767 -0.0107121 -0.0031731 -0.0070493 -0.0228628 -0.0017250 -0.0108088 0.0185576 -0.0082433 0.0031801 -0.0062049 -0.0205184 -0.0223290 0.0124534 -0.0138394 -0.0082184 -0.0046629 0.0183725
-0.1364399 -0.0197799 0.0007719 -0.1317685 0.0889437 -0.0033682 -0.0281013 -0.0894786 0.0359705 0.0421919 0.1198057 -0.1143063 -0.0101612 -0.0136282 0.0228837 -0.0969242 0.1245794 0.1339814 0.0823698 -0.1212653 0.0267023 0.1040525 -0.1446350 -0.0325095 -0.1077359 -0.1450420 0.0168207 0.0017513 -0.0141087 1.0973786 -0.0910793 -0.0110600 -0.0889334 -0.1006119 0.0915065 0.1151233 -0.0094229 0.1309512 -0.0131660 0.1034290 -0.0227894 -0.1402993 -0.1032350 0.0279016 -0.0430267 0.0733147 -0.0307022 -0.1133558 0.0226361 -0.0200875 -0.0048639 -0.1195012 0.0351583 0.1094596 0.0067663 -0.0168301 0.1285674 0.0088054 0.0690792 -0.0352086 -0.0137595 -0.0332429 -0.1312683 -0.1387911 -0.0926654 0.0921091 -0.1161848 -0.0226451 0.0105118 -0.1221243 0.1088413 -0.0124635 0.1108337 0.0163271 0.0234194 -0.0137304 0.0942495 -0.1328551 -0.0088085 0.0674169 -0.0062285
0.0368076 -0.0093378 -0.0181185 0.0365709 -0.0820630 -0.0141578 -0.0317152 0.0625354 0.0120192 -0.0742333 -0.0911537 0.0613679 -0.0197723 -0.0180432 0.0088853 0.0695637 -0.0991207 -0.0977176 -0.0788190 0.0685350 -0.0230538 -0.1197570 0.0298878 -0.0055933 0.0685191 0.0752266 -0.0217170 -0.0284790 0.0123471 -0.0910793 1.0588118 -0.0116870 0.0604161 0.0620026 -0.1023041 -0.0940519 -0.0117904 -0.0950295 -0.0026306 -0.0912580 0.0115345 0.0773629 0.0365077 -0.0173649 -0.0093293 -0.0898574 -0.0041508 0.0648437 -0.0190830 -0.0327179 -0.0102837 0.0546881 -0.0176551 -0.0892698 -0.0139869 -0.0028589 -0.0803415 -0.0209298 -0.0837068 0.0021258 -0.0034519 -0.0015157 0.0810443 0.0682611 0.0571303 -0.0766593 0.0662823 -0.0303066 -0.0190323 0.0691174 -0.0687030 -0.0012616 -0.0887403 -0.0225732 -0.0282762 -0.0227002 -0.0538297 0.0826954 -0.0109138 -0.0651752 0.0082417
-0.0060245 -0.0159654 -0.0182391 -0.0128010 -0.0149387 -0.0220021 -0.0133907 -0.0091793 0.0037217 -0.0162925 -0.0095583 -0.0142433 -0.0077212 -0.0094876 -0.0046853 -0.0063302 -0.0084702 -0.0032119 -0.0116657 -0.0105687 -0.0079826 -0.0110998 -0.0213034 -0.0148285 -0.0116763 -0.0149177 -0.0116224 -0.0066701 -0.0101672 -0.0110600 -0.0116870 1.0800471 -0.0075578 -0.0144828 -0.0026580 -0.0084302 -0.0057307 -0.0040202 -0.0085082 -0.0094225 -0.0045736 -0.0092804 -0.0184937 -0.0066292 -0.0065024 -0.0058974 -0.0061018 -0.0056749 -0.0054190 -0.0107105 -0.0061679 -0.0104770 -0.0075312 -0.0058698 -0.0087147 -0.0086962 -0.0074560 -0.0126706 -0.0071222 -0.0100578 -0.0059738 -0.0110318 -0.0068276 -0.0070187 -0.0118710 -0.0074175 -0.0121139 -0.0126895 -0.0132509 -0.0151863 0.0025159 -0.0045905 -0.0057300 -0.0112488 -0.0032523 -0.0054655 0.0007314 -0.0055934 -0.0077986 -0.0028979 -0.0108360
0.0767057 -0.0118395 -0.0131058 0.0784795 -0.0831435 -0.0001824 0.0066758 0.0739725 -0.0159321 -0.0777982 -0.0982240 0.0730439 -0.0089084 -0.0117636 -0.0204563 0.0726456 -0.0991843 -0.1029234 -0.0900564 0.0750463 -0.0142388 -0.0886469 0.0771776 -0.0063801 0.0751737 0.0802727 -0.0094386 -0.0053004 -0.0102642 -0.0889334 0.0604161 -0.0075578 1.0605023 0.0728217 -0.0805295 -0.0905741 -0.0067966 -0.1011820 -0.0012224 -0.0956067 -0.0087390 0.0832437 0.0788433 -0.0167895 0.0129944 -0.0693890 -0.0041005 0.0745567 -0.0154200 0.0022804 -0.0047737 0.0834381 -0.0275053 -0.0946240 -0.0068234 -0.0035245 -0.0991952 -0.0094533 -0.0722166 0.0043732 0.0030161 -0.0083215 0.0824862 0.0863328 0.0691499 -0.0849957 0.0742077 -0.0016590 -0.0128051 0.0775591 -0.1000028 0.0010149 -0.0988577 -0.0147389 -0.0139745 0.0008037 -0.0869134 0.0844094 -0.0065722 -0.0718055 -0.0062605
0.0764304 -0.0073264 -0.0069118 0.0694812 -0.0825155 0.0006957 0.0019354 0.0759001 -0.0275071 -0.0907126 -0.1043691 0.0815715 -0.0108231 -0.0092495 -0.0233451 0.0696779 -0.1093245 -0.1134095 -0.1009992 0.0864718 -0.0204996 -0.0936435 0.0860023 -0.0011742 0.0752981 0.0925175 -0.0199077 -0.0092597 -0.0100070 -0.1006119 0.0620026 -0.0144828 0.0728217 1.0915500 -0.0955183 -0.0990470 -0.0030958 -0.1104547 -0.0042347 -0.1095880 -0.0080990 0.0922589 0.0839130 -0.0200849 0.0111612 -0.0809465 -0.0053623 0.0846431 -0.0204697 0.0027791 -0.0068288 0.0881666 -0.0302488 -0.1020779 -0.0086954 -0.0003331 -0.1024995 -0.0096746 -0.0827707 0.0025654 -0.0015024 -0.0065993 0.0865999 0.0992820 0.0773166 -0.0912171 0.0836679 0.0040010 -0.0173958 0.0868528 -0.1126922 0.0010956 -0.1038160 -0.0160114 -0.0215924 -0.0030853 -0.0956777 0.0900402 -0.0052797 -0.0823705 -0.0089271
-0.0886094 -0.0162356 -0.0082329 -0.0874022 0.0689833 -0.0136606 -0.0037468 -0.0917486 -0.0016677 0.0619307 0.0969291 -0.0965695 -0.0056567 -0.0102350 -0.0097260 -0.0887364 0.0999842 0.1076058 0.0757115 -0.1050518 0.0114323 0.1017990 -0.0931310 -0.0224634 -0.0980550 -0.1149404 0.0084362 0.0080511 -0.0225268 0.0915065 -0.1023041 -0.0026580 -0.0805295 -0.0955183 1.0754818 0.0960030 -0.0106142 0.1055297 -0.0110695 0.0974579 -0.0204421 -0.1113243 -0.0876027 0.0069094 -0.0149972 0.0806403 -0.0179257 -0.0936869 0.0142228 -0.0045202 -0.0012813 -0.0911787 0.0143045 0.0981723 0.0007613 -0.0122852 0.0922970 0.0035541 0.0780845 -0.0234759 -0.0104154 -0.0150148 -0.1026019 -0.1037867 -0.0865253 0.0893100 -0.1005588 0.0009975 0.0027239 -0.1055903 0.0910287 -0.0113890 0.0942343 0.0065822 0.0227441 0.0050080 0.0756584 -0.1030034 -0.0057768 0.0693167 -0.0172432
-0.1429403 -0.0056763 0.0153127 -0.1399440 0.1037684 0.0018851 -0.0307715 -0.0983934 0.0184389 0.0607882 0.1226168 -0.1104790 -0.0045080 -0.0013853 0.0264432 -0.1175125 0.1318416 0.1377508 0.0926390 -0.1174113 0.0168808 0.1125281 -0.1365986 -0.0151918 -0.1160529 -0.1430219 0.0164026 -0.0015808 -0.0025299 0.1151233 -0.0940519 -0.0084302 -0.0905741 -0.0990470 0.0960030 1.0966555 -0.0054685 0.1354533 -0.0088536 0.1144886 -0.0146388 -0.1379639 -0.1037240 0.0230756 -0.0446898 0.0768922 -0.0229979 -0.1147070 0.0227688 -0.0161786 -0.0027471 -0.1261678 0.0381688 0.1181857 0.0107480 -0.0151590 0.1344788 0.0155445 0.0724379 -0.0242114 -0.0114618 -0.0242725 -0.1329526 -0.1389134 -0.0941440 0.0987771 -0.1111237 -0.0135890 0.0190756 -0.1179514 0.1157793 -0.0161740 0.1188642 0.0255727 0.0174446 -0.0124166 0.1036709 -0.1331887 -0.0087530 0.0694036 0.0039059
-0.0081805 -0.0089801 -0.0098064 -0.0130290 -0.0046644 -0.0093802 -0.0145570 -0.0142873 -0.0143626 -0.0070298 -0.0096614 -0.0039939 -0.0021691 -0.0090952 -0.0130148 -0.0160166 -0.0022768 -0.0017981 -0.0113912 -0.0045423 -0.0090073 -0.0078520 -0.0049167 -0.0072440 -0.0132009 -0.0032936 -0.0106048 -0.0066301 -0.0055984 -0.0094229 -0.0117904 -0.0057307 -0.0067966 -0.0030958 -0.0106142 -0.0054685 1.0414506 -0.0079945 -0.0144209 -0.0036391 -0.0032057 -0.0013139 -0.0069417 -0.0077628 -0.0072713 -0.0038052 -0.0045732 -0.0031028 -0.0102117 -0.0011392 -0.0003080 -0.0078155 -0.0043094 -0.0038423 -0.0018349 -0.0082446 -0.0009612 -0.0016009 -0.0043605 -0.0038844 -0.0068272 -0.0036664 -0.0078367 0.0000437 -0.0051167 -0.0081040 -0.0041965 -0.0072586 -0.0053438 -0.0029256 -0.0012152 -0.0067979 -0.0005944 -0.0079574 -0.0061911 -0.0034256 -0.0086456 -0.0052122 -0.0064255 -0.0070486 -0.0022984
-0.1489586 -0.0099128 0.0109325 -0.1483979 0.1077793 0.0001948 -0.0252333 -0.1034386 0.0363628 0.0627970 0.1415620 -0.1214356 -0.0087334 -0.0085903 0.0361466 -0.1101496 0.1421593 0.1541366 0.1054614 -0.1308586 0.0302576 0.1171432 -0.1572591 -0.0258674 -0.1221892 -0.1589320 0.0224357 0.0053294 -0.0022140 0.1309512 -0.0950295 -0.0040202 -0.1011820 -0.1104547 0.1055297 0.1354533 -0.0079945 1.1217068 -0.0102359 0.1284427 -0.0124748 -0.1526506 -0.1163662 0.0263467 -0.0444465 0.0886032 -0.0235932 -0.1240800 0.0297896 -0.0194215 -0.0021923 -0.1336858 0.0432310 0.1270104 0.0076602 -0.0155586 0.1487200 0.0132866 0.0809833 -0.0317435 -0.0136460 -0.0268086 -0.1422934 -0.1543079 -0.1060442 0.1118793 -0.1229447 -0.0193943 0.0162521 -0.1283594 0.1272505 -0.0154890 0.1263823 0.0204317 0.0245483 -0.0114074 0.1158087 -0.1425346 -0.0086939 0.0822926 0.0030641
-0.0020741 -0.0102652 -0.0126419 -0.0037296 -0.0132476 -0.0112751 -0.0035887 -0.0017578 -0.0046130 -0.0092052 -0.0152082 -0.0051615 -0.0137154 -0.0128750 -0.0103034 0.0042458 -0.0133381 -0.0084356 -0.0104713 -0.0074840 -0.0079489 -0.0193467 -0.0070174 -0.0083494 -0.0030652 -0.0041225 -0.0067772 -0.0076383 -0.0066929 -0.0131660 -0.0026306 -0.0085082 -0.0012224 -0.0042347 -0.0110695 -0.0088536 -0.0144209 -0.0102359 1.0227517 -0.0137725 -0.0074828 -0.0049872 -0.0082453 -0.0063074 -0.0027542 -0.0093468 -0.0083619 -0.0025848 -0.0060381 -0.0106273 -0.0068806 -0.0024386 -0.0080756 -0.0099656 -0.0035960 -0.0117308 -0.0132547 -0.0104924 -0.0014240 -0.0017769 -0.0011671 -0.0077524 0.0029407 -0.0018490 -0.0075070 -0.0092145 -0.0023034 -0.0083523 -0.0102472 -0.0063844 -0.0096643 -0.0047203 -0.0128545 -0.0051102 -0.0040345 -0.0049410 -0.0051619 0.0030831 -0.0058417 -0.0057783 -0.0066937
-0.1267753 -0.0078294 -0.0079004 -0.1194530 0.0831393 -0.0154574 -0.0249545 -0.1031200 0.0195932 0.0770362 0.1148712 -0.1123854 -0.0080070 -0.0030498 0.0150118 -0.1048221 0.1210729 0.1306350 0.0963529 -0.1168637 0.0109770 0.0988578 -0.1294880 -0.0163535 -0.1112920 -0.1321622 0.0075173 -0.0030015 -0.0019227 0.1034290 -0.0912580 -0.0094225 -0.0956067 -0.1095880 0.0974579 0.1144886 -0.0036391 0.1284427 -0.0137725 1.1128243 -0.0061662 -0.1265015 -0.1137222 0.0160460 -0.0319101 0.0818158 -0.0140272 -0.1106647 0.0186502 -0.0183612 -0.0025914 -0.1231371 0.0319453 0.1159999 0.0016573 -0.0080350 0.1251561 0.0045371 0.0794892 -0.0206554 -0.0109737 -0.0124876 -0.1202298 -0.1343286 -0.1020217 0.1049297 -0.1096200 -0.0119655 0.0058092 -0.1158470 0.1203294 -0.0099780 0.1170637 0.0142820 0.0176687 -0.0090116 0.1038514 -0.1239058 -0.0057380 0.0784440 -0.0038002
-0.0123372 0.0008067 -0.0141502 -0.0066137 -0.0208176 -0.0155079 -0.0226949 -0.0169423 -0.0032955 0.0077506 -0.0208873 -0.0024198 0.0004006 -0.0007710 -0.0011666 -0.0094326 -0.0093373 -0.0140025 -0.0054502 0.0035872 -0.0170468 -0.0282635 -0.0086617 -0.0025157 -0.0076415 0.0125998 -0.0201326 -0.0201239 0.0138379 -0.0227894 0.0115345 -0.0045736 -0.0087390 -0.0080990 -0.0204421 -0.0146388 -0.0032057 -0.0124748 -0.0074828 -0.0061662 1.0370731 0.0111963 -0.0224272 -0.0129962 -0.0070841 -0.0206751 0.0082187 0.0032230 -0.0118564 -0.0134544 -0.0015389 -0.0124249 0.0002829 -0.0010734 -0.0066892 -0.0032771 -0.0003912 -0.0098870 -0.0081976 0.0044556 -0.0041552 0.0106766 0.0053120 -0.0007720 -0.0090783 -0.0076536 0.0031043 -0.0158687 -0.0077324 0.0007136 0.0107397 -0.0021779 -0.0016104 -0.0135056 -0.0162851 -0.0112924 0.0059717 0.0039045 -0.0003248 0.0019303 0.0106477
0.1282853 -0.0007738 -0.0296869 0.1261979 -0.1186306 -0.0155032 0.0013063 0.0748461 -0.0494850 -0.0740426 -0.1447837 0.1024985 -0.0063771 -0.0049434 -0.0454292 0.0849442 -0.1439470 -0.1534637 -0.1185156 0.1094697 -0.0397550 -0.1295795 0.1334637 0.0074259 0.0970707 0.1368070 -0.0399175 -0.0144699 -0.0071558 -0.1402993 0.0773629 -0.0092804 0.0832437 0.0922589 -0.1113243 -0.1379639 -0.0013139 -0.1526506 -0.0049872 -0.1265015 0.0111963 1.1207010 0.0925959 -0.0395689 0.0334167 -0.0939652 0.0174076 0.1058890 -0.0367161 0.0080840 -0.0030914 0.1130488 -0.0477786 -0.1254589 -0.0177914 0.0033984 -0.1446146 -0.0278888 -0.0843357 0.0201847 0.0034690 0.0195493 0.1267841 0.1410576 0.0855304 -0.1149528 0.1085199 0.0067771 -0.0288739 0.1119493 -0.1272436 0.0010281 -0.1287873 -0.0327416 -0.0344811 -0.0005531 -0.1170692 0.1284023 -0.0039043 -0.0834147 -0.0070631
0.0987504 -0.0104883 -0.0092035 0.0978055 -0.0830823 0.0042972 0.0165095 0.0802304 -0.0481708 -0.0927821 -0.1101746 0.0799311 -0.0119727 -0.0125737 -0.0460854 0.0658409 -0.1140445 -0.1218786 -0.1039334 0.0878289 -0.0206170 -0.0752770 0.1063985 -0.0038519 0.0749477 0.0884944 -0.0216525 0.0051880 -0.0352810 -0.1032350 0.0365077 -0.0184937 0.0788433 0.0839130 -0.0876027 -0.1037240 -0.0069417 -0.1163662 -0.0082453 -0.1137222 -0.0224272 0.0925959 1.0767105 -0.0204577 0.0220134 -0.0697798 -0.0066231 0.0850545 -0.0196906 0.0186932 -0.0033335 0.1030617 -0.0406673 -0.1077556 -0.0043338 -0.0048176 -0.1237582 -0.0089809 -0.0789000 0.0000916 -0.0040485 -0.0090118 0.0865879 0.1115064 0.0829676 -0.1016490 0.0879405 0.0124398 -0.0147253 0.0858438 -0.1351687 -0.0051163 -0.1128098 -0.0158694 -0.0112916 0.0050801 -0.1132807 0.0920814 -0.0062251 -0.0902500 -0.0259000
-0.0379040 -0.0083397 -0.0011677 -0.0390502 0.0147774 -0.0013144 -0.0103237 -0.0167206 0.0107711 -0.0133083 0.0220948 -0.0308590 -0.0092473 -0.0084218 0.0094568 -0.0196938 0.0219288 0.0273968 0.0097114 -0.0317268 0.0047057 0.0168877 -0.0455484 -0.0138712 -0.0267085 -0.0439343 0.0061971 0.0014533 -0.0143015 0.0279016 -0.0173649 -0.0066292 -0.0167895 -0.0200849 0.0069094 0.0230756 -0.0077628 0.0263467 -0.0063074 0.0160460 -0.0129962 -0.0395689 -0.0204577 1.0147355 -0.0172477 0.0114876 -0.0183004 -0.0250161 0.0056835 -0.0107694 -0.0043020 -0.0273678 0.0070881 0.0156280 0.0019586 -0.0119941 0.0277035 0.0013205 0.0072337 -0.0185652 -0.0046539 -0.0174169 -0.0317567 -0.0360351 -0.0156156 0.0156971 -0.0269049 -0.0098922 0.0005376 -0.0274666 0.0140314 -0.0050239 0.0137284 0.0050407 0.0070818 -0.0036938 0.0167796 -0.0314104 -0.0089376 0.0056428 -0.0039831
0.0507128 -0.0127579 -0.0218779 0.0513126 -0.0454304 -0.0256131 0.0171493 0.0076822 -0.0325756 -0.0155424 -0.0418095 0.0175887 -0.0082171 -0.0086742 -0.0400723 0.0191574 -0.0443760 -0.0453071 -0.0295274 0.0187010 -0.0183080 -0.0324245 0.0472835 -0.0095267 0.0184938 0.0326362 -0.0228383 -0.0020244 -0.0245896 -0.0430267 -0.0093293 -0.0065024 0.0129944 0.0111612 -0.0149972 -0.0446898 -0.0072713 -0.0444465 -0.0027542 -0.0319101 -0.0070841 0.0334167 0.0220134 -0.0172477 1.0268477 -0.0152843 0.0065357 0.0220679 -0.0175898 0.0079711 -0.0048949 0.0397475 -0.0280704 -0.0320675 -0.0121203 -0.0031875 -0.0516853 -0.0178729 -0.0089479 0.0051798 -0.0019403 0.0024744 0.0330080 0.0416944 0.0093423 -0.0309147 0.0206587 0.0086941 -0.0169347 0.0232461 -0.0364660 0.0001115 -0.0358077 -0.0179876 -0.0062761 0.0072306 -0.0392978 0.0337371 -0.0060259 -0.0149146 -0.0196760
-0.0711731 -0.0143149 -0.0106117 -0.0744131 0.0621835 -0.0113502 0.0029386 -0.0779600 -0.0035622 0.0512872 0.0765414 -0.0838713 -0.0116321 -0.0087972 -0.0075770 -0.0735121 0.0861103 0.0873733 0.0677188 -0.0943827 0.0084862 0.0805221 -0.0808755 -0.0182502 -0.0847257 -0.0966769 0.0043944 0.0077907 -0.0237442 0.0733147 -0.0898574 -0.0058974 -0.0693890 -0.0809465 0.0806403 0.0768922 -0.0038052 0.0886032 -0.0093468 0.0818158 -0.0206751 -0.0939652 -0.0697798 0.0114876 -0.0152843 1.0810320 -0.0124676 -0.0815727 0.0097185 -0.0052012 -0.0037664 -0.0742926 0.0086628 0.0773611 -0.0038041 -0.0117053 0.0751613 -0.0017338 0.0660158 -0.0175783 -0.0109511 -0.0130105 -0.0900056 -0.0864636 -0.0743097 0.0721647 -0.0820048 0.0028274 0.0030410 -0.0850931 0.0724178 -0.0100138 0.0766857 0.0056084 0.0164467 0.0020647 0.0607662 -0.0864815 -0.0090995 0.0610606 -0.0126355
