1.1111447 -0.0153653 -0.0329629 0.0565820 -0.0686462 -0.0275162 0.0022513 0.0228464 -0.0349442 -0.0414501 -0.0715947 0.0397889 -0.0144408 -0.0148785 -0.0429875 0.0361510 -0.0822104 -0.0819762 -0.0560543 0.0373466 -0.0321979 -0.0644950 0.0561782 -0.0103823 0.0339482 0.0531041 -0.0287504 -0.0137025 -0.0230531 -0.0701607 0.0102869 -0.0055689 0.0319145 0.0294302 -0.0491552 -0.0793600 -0.0072792 -0.0817159 -0.0074941 -0.0656975 -0.0015633 0.0636125 0.0343261 -0.0293982 0.0235697 -0.0458922 0.0057608 0.0476010 -0.0293234 0.0040065 -0.0070230 0.0576058 -0.0373061 -0.0697415 -0.0238309 -0.0088239 -0.0856133 -0.0258967 -0.0348214 0.0065321 -0.0014855 0.0036064 0.0630320 0.0771328 0.0286714 -0.0582334 0.0485143 0.0012491 -0.0266237 0.0468932 -0.0619841 -0.0040580 -0.0682007 -0.0294436 -0.0202148 0.0023270 -0.0685825 0.0667377 -0.0101684 -0.0397719 -0.0201499
-0.0153653 1.0504977 -0.0036930 -0.0153375 -0.0135269 -0.0073596 -0.0128173 -0.0139273 -0.0173237 -0.0082227 -0.0181097 -0.0066221 -0.0088000 -0.0102123 -0.0178259 -0.0128378 -0.0080431 -0.0083054 -0.0147337 -0.0057081 -0.0123671 -0.0091623 -0.0089670 -0.0060405 -0.0096050 -0.0075527 -0.0169867 -0.0097055 -0.0119968 -0.0183396 -0.0123577 -0.0138375 -0.0087288 -0.0083200 -0.0141845 -0.0107318 -0.0072644 -0.0121241 -0.0128046 -0.0109179 -0.0051661 -0.0020709 -0.0089577 -0.0097084 -0.0095244 -0.0102394 -0.0071448 -0.0054740 -0.0111917 -0.0083896 -0.0052124 -0.0089601 -0.0057658 -0.0078178 -0.0048968 -0.0069666 -0.0071010 -0.0078634 -0.0102845 -0.0058992 -0.0079112 -0.0042224 -0.0081399 -0.0031637 -0.0072594 -0.0116860 -0.0048989 -0.0083838 -0.0085891 -0.0046787 -0.0095595 -0.0098756 -0.0096702 -0.0084485 -0.0085942 -0.0080538 -0.0097496 -0.0049344 -0.0081422 -0.0117842 -0.0039848
-0.0329629 -0.0036930 1.0510986 -0.0327712 0.0032173 -0.0043279 -0.0175273 -0.0165152 -0.0101024 -0.0153398 -0.0027315 -0.0157193 -0.0112503 -0.0123228 -0.0082345 -0.0269042 0.0107642 0.0041903 -0.0117233 -0.0183344 -0.0056923 0.0035810 -0.0265707 -0.0141106 -0.0237986 -0.0236568 -0.0085030 -0.0051982 -0.0108541 -0.0049157 -0.0239017 -0.0170874 -0.0128117 -0.0107156 -0.0077238 0.0054256 -0.0078846 0.0044691 -0.0142759 -0.0038128 -0.0118282 -0.0241638 -0.0120295 -0.0049437 -0.0179715 -0.0068052 -0.0145918 -0.0166257 -0.0038113 -0.0097409 -0.0062082 -0.0215156 0.0024653 0.0026199 -0.0003365 -0.0104304 0.0081038 -0.0016074 -0.0072254 -0.0145791 -0.0113260 -0.0156707 -0.0254505 -0.0212565 -0.0103560 -0.0051081 -0.0167794 -0.0107328 -0.0013763 -0.0188096 -0.0048540 -0.0109344 0.0023783 -0.0028656 -0.0036128 -0.0119793 -0.0026303 -0.0218733 -0.0087576 -0.0083703 -0.0085384
0.0565820 -0.0153375 -0.0327712 1.1049082 -0.0661539 -0.0277683 0.0026523 0.0218471 -0.0362982 -0.0376037 -0.0706854 0.0382087 -0.0138251 -0.0131204 -0.0433994 0.0351994 -0.0795858 -0.0803966 -0.0556209 0.0380241 -0.0329667 -0.0646977 0.0557591 -0.0108693 0.0346719 0.0536106 -0.0257303 -0.0130248 -0.0246859 -0.0716375 0.0122366 -0.0113176 0.0312140 0.0266357 -0.0477870 -0.0771798 -0.0086698 -0.0809318 -0.0069304 -0.0637895 -0.0026011 0.0624217 0.0342513 -0.0292361 0.0223253 -0.0455841 0.0058909 0.0469935 -0.0282314 0.0033919 -0.0069967 0.0559545 -0.0375965 -0.0675660 -0.0234723 -0.0090303 -0.0866291 -0.0257277 -0.0345418 0.0082565 -0.0020379 0.0046713 0.0633463 0.0762489 0.0259122 -0.0571493 0.0489676 0.0009287 -0.0269132 0.0454989 -0.0629081 -0.0042271 -0.0677784 -0.0281816 -0.0196166 0.0004649 -0.0663620 0.0666889 -0.0104066 -0.0402106 -0.0198342
-0.0686462 -0.0135269 0.0032173 -0.0661539 1.0752307 -0.0010723 -0.0153945 -0.0444987 -0.0002221 0.0073442 0.0295313 -0.0489842 -0.0113630 -0.0117799 0.0017346 -0.0587990 0.0534376 0.0504321 0.0256595 -0.0521048 0.0026986 0.0365370 -0.0650236 -0.0109752 -0.0547033 -0.0638967 -0.0067882 -0.0007408 -0.0122140 0.0308688 -0.0470923 -0.0171720 -0.0423207 -0.0408032 0.0233859 0.0492531 -0.0086376 0.0477069 -0.0118625 0.0328590 -0.0188258 -0.0676383 -0.0459931 0.0060606 -0.0315658 0.0262359 -0.0221938 -0.0527118 0.0064238 -0.0159520 -0.0077978 -0.0601889 0.0143211 0.0422995 0.0099547 -0.0105674 0.0516508 0.0015931 0.0192889 -0.0187383 -0.0109173 -0.0242774 -0.0681716 -0.0692452 -0.0385007 0.0278976 -0.0541837 -0.0153045 0.0051628 -0.0552376 0.0312121 -0.0115885 0.0402561 0.0052560 0.0062467 -0.0149542 0.0366394 -0.0646072 -0.0080419 0.0170735 -0.0033079
-0.0275162 -0.0073596 -0.0043279 -0.0277683 -0.0010723 1.0509127 -0.0125884 -0.0118580 -0.0110075 -0.0160596 -0.0080073 -0.0120174 -0.0100795 -0.0113409 -0.0095199 -0.0210518 0.0024895 0.0008314 -0.0147324 -0.0126084 -0.0063380 -0.0018568 -0.0245596 -0.0113439 -0.0147699 -0.0200621 -0.0109724 -0.0053416 -0.0112604 -0.0057695 -0.0195124 -0.0157076 -0.0089125 -0.0072399 -0.0094335 0.0002423 -0.0073246 -0.0010151 -0.0124995 -0.0085333 -0.0114186 -0.0172214 -0.0075841 -0.0049438 -0.0169909 -0.0058022 -0.0132329 -0.0105993 -0.0053191 -0.0095081 -0.0056114 -0.0156694 -0.0000253 -0.0022964 -0.0015226 -0.0084065 0.0036813 -0.0029421 -0.0113729 -0.0113051 -0.0081644 -0.0138474 -0.0192799 -0.0159634 -0.0064553 -0.0081078 -0.0115996 -0.0098031 -0.0032100 -0.0109191 -0.0090748 -0.0089491 -0.0022585 -0.0032201 -0.0043412 -0.0095715 -0.0063848 -0.0163005 -0.0084098 -0.0106707 -0.0058689
0.0022513 -0.0128173 -0.0175273 0.0026523 -0.0153945 -0.0125884 1.0654359 -0.0063234 -0.0157299 -0.0132802 -0.0188638 -0.0064403 -0.0136272 -0.0147031 -0.0215019 -0.0013414 -0.0137873 -0.0155878 -0.0165578 -0.0083738 -0.0073384 -0.0118333 -0.0017440 -0.0154622 -0.0070695 -0.0070176 -0.0128443 -0.0029254 -0.0217784 -0.0142791 -0.0189969 -0.0107705 -0.0024821 -0.0066641 -0.0080701 -0.0182373 -0.0108982 -0.0149197 -0.0077445 -0.0163589 -0.0124490 -0.0024708 -0.0026189 -0.0093860 0.0006079 -0.0042244 -0.0094643 -0.0030333 -0.0093358 -0.0061862 -0.0073291 0.0018467 -0.0147183 -0.0145315 -0.0081195 -0.0091651 -0.0208307 -0.0116546 -0.0051034 -0.0072893 -0.0049211 -0.0104284 -0.0004314 0.0051418 -0.0062699 -0.0126400 -0.0029728 -0.0055657 -0.0119655 -0.0050306 -0.0170765 -0.0055579 -0.0162879 -0.0124408 -0.0030148 -0.0023430 -0.0172668 0.0029834 -0.0084127 -0.0080035 -0.0163244
0.0228464 -0.0139273 -0.0165152 0.0218471 -0.0444987 -0.0118580 -0.0063234 1.0712230 -0.0107079 -0.0440365 -0.0468539 0.0235061 -0.0122198 -0.0111465 -0.0143739 0.0258240 -0.0469117 -0.0492122 -0.0439035 0.0245850 -0.0135721 -0.0439336 0.0231350 -0.0123587 0.0243889 0.0231385 -0.0105761 -0.0066303 -0.0138782 -0.0442504 0.0195032 -0.0097312 0.0247624 0.0226984 -0.0409328 -0.0469254 -0.0097714 -0.0484611 -0.0064789 -0.0462790 -0.0069304 0.0318073 0.0250018 -0.0140484 0.0013872 -0.0384033 -0.0066138 0.0277862 -0.0133378 -0.0052549 -0.0058489 0.0319653 -0.0179891 -0.0453340 -0.0117933 -0.0075597 -0.0500669 -0.0131913 -0.0346839 -0.0034183 -0.0025059 -0.0089801 0.0326118 0.0381634 0.0232741 -0.0403401 0.0286761 -0.0064678 -0.0147164 0.0264080 -0.0463132 -0.0048320 -0.0456449 -0.0126974 -0.0109442 -0.0048684 -0.0430092 0.0346415 -0.0105661 -0.0366785 -0.0121038
-0.0349442 -0.0173237 -0.0101024 -0.0362982 -0.0002221 -0.0110075 -0.0157299 -0.0107079 1.0664289 -0.0153628 0.0169506 -0.0283474 -0.0161106 -0.0177878 0.0144224 -0.0055721 0.0153359 0.0247209 0.0079542 -0.0291365 0.0062194 -0.0024822 -0.0490548 -0.0208615 -0.0205206 -0.0386754 0.0056273 -0.0021943 -0.0084682 0.0178227 -0.0063353 0.0001612 -0.0141285 -0.0229317 0.0033801 0.0106092 -0.0123734 0.0207466 -0.0057093 0.0112325 -0.0120224 -0.0368567 -0.0306153 0.0051455 -0.0191051 0.0018679 -0.0201087 -0.0280944 0.0060003 -0.0203407 -0.0076054 -0.0279314 0.0049144 0.0108741 -0.0015931 -0.0143387 0.0179625 -0.0053513 -0.0015532 -0.0203846 -0.0053088 -0.0226028 -0.0280408 -0.0385938 -0.0210391 0.0118541 -0.0288330 -0.0211107 -0.0047593 -0.0293016 0.0170768 -0.0045537 0.0086650 -0.0028960 0.0062600 -0.0104152 0.0191923 -0.0270059 -0.0128804 0.0040518 -0.0054927
-0.0414501 -0.0082227 -0.0153398 -0.0376037 0.0073442 -0.0160596 -0.0132802 -0.0440365 -0.0153628 1.0747217 0.0067245 -0.0364130 -0.0085322 -0.0098513 -0.0125145 -0.0428711 0.0272545 0.0250752 0.0131915 -0.0373361 -0.0074054 0.0155380 -0.0336765 -0.0133099 -0.0424036 -0.0355191 -0.0198613 -0.0095414 -0.0087965 0.0084952 -0.0372301 -0.0136719 -0.0365601 -0.0386665 0.0145701 0.0202786 -0.0083472 0.0225537 -0.0112703 0.0212806 -0.0033122 -0.0378191 -0.0410326 -0.0077917 -0.0143077 0.0178440 -0.0068467 -0.0364777 -0.0077950 -0.0104468 -0.0043479 -0.0423480 0.0020337 0.0274333 -0.0020596 -0.0067818 0.0262039 -0.0077951 0.0179344 -0.0071995 -0.0100491 -0.0070267 -0.0370794 -0.0398172 -0.0370695 0.0200872 -0.0371198 -0.0102192 -0.0054071 -0.0371319 0.0268183 -0.0106500 0.0250559 -0.0055459 -0.0028662 -0.0110674 0.0209931 -0.0384415 -0.0059790 0.0210469 -0.0039324
-0.0715947 -0.0181097 -0.0027315 -0.0706854 0.0295313 -0.0080073 -0.0188638 -0.0468539 0.0169506 0.0067245 1.0886502 -0.0520534 -0.0153072 -0.0133029 0.0120497 -0.0511470 0.0637074 0.0707939 0.0336483 -0.0668391 0.0145133 0.0426681 -0.0796186 -0.0263617 -0.0589382 -0.0807069 0.0069192 0.0030177 -0.0136039 0.0488045 -0.0480701 -0.0088938 -0.0454243 -0.0518339 0.0406095 0.0536110 -0.0117853 0.0680007 -0.0113637 0.0486249 -0.0216774 -0.0820897 -0.0549229 0.0116827 -0.0292872 0.0320634 -0.0251218 -0.0664477 0.0142005 -0.0194917 -0.0073967 -0.0666998 0.0186516 0.0529633 0.0068134 -0.0144026 0.0624464 0.0044795 0.0263363 -0.0292566 -0.0112551 -0.0281358 -0.0739827 -0.0842780 -0.0508973 0.0429420 -0.0660798 -0.0164901 0.0059235 -0.0684984 0.0469758 -0.0113936 0.0491628 0.0064171 0.0163429 -0.0101024 0.0479607 -0.0740908 -0.0124179 0.0281868 -0.0092677
0.0397889 -0.0066221 -0.0157193 0.0382087 -0.0489842 -0.0120174 -0.0064403 0.0235061 -0.0283474 -0.0364130 -0.0520534 1.0688273 -0.0064292 -0.0052733 -0.0273555 0.0224701 -0.0575197 -0.0634278 -0.0512409 0.0381752 -0.0240220 -0.0523449 0.0452305 -0.0039882 0.0293599 0.0459207 -0.0219842 -0.0112785 -0.0090924 -0.0616100 0.0194531 -0.0105181 0.0269190 0.0308465 -0.0473896 -0.0569924 -0.0031677 -0.0641686 -0.0084758 -0.0549881 0.0017499 0.0494249 0.0313408 -0.0214304 0.0084356 -0.0443254 0.0044544 0.0399486 -0.0213295 0.0008079 -0.0026007 0.0398526 -0.0214929 -0.0509278 -0.0140864 -0.0036570 -0.0589509 -0.0113446 -0.0363189 0.0055633 -0.0024553 0.0033610 0.0445020 0.0554494 0.0292925 -0.0497133 0.0407714 -0.0012472 -0.0153012 0.0404910 -0.0508214 -0.0041836 -0.0507406 -0.0154086 -0.0187472 -0.0032583 -0.0515571 0.0473144 -0.0054552 -0.0370013 -0.0085350
-0.0144408 -0.0088000 -0.0112503 -0.0138251 -0.0113630 -0.0100795 -0.0136272 -0.0122198 -0.0161106 -0.0085322 -0.0153072 -0.0064292 1.0394408 -0.0070374 -0.0141053 -0.0179784 -0.0061760 -0.0090086 -0.0140727 -0.0060534 -0.0060550 -0.0065034 -0.0093467 -0.0099377 -0.0122994 -0.0074544 -0.0150890 -0.0082382 -0.0070695 -0.0150473 -0.0160940 -0.0102530 -0.0077158 -0.0074777 -0.0106380 -0.0066541 -0.0061305 -0.0099393 -0.0102853 -0.0097045 -0.0047355 -0.0049615 -0.0069412 -0.0102715 -0.0088681 -0.0112218 -0.0057283 -0.0047746 -0.0094523 -0.0065754 -0.0038814 -0.0083664 -0.0051327 -0.0041249 -0.0045166 -0.0077163 -0.0064783 -0.0062881 -0.0079032 -0.0062217 -0.0073336 -0.0056935 -0.0073489 -0.0033438 -0.0073925 -0.0093486 -0.0043869 -0.0060959 -0.0059996 -0.0057222 -0.0082959 -0.0076178 -0.0049042 -0.0054278 -0.0070483 -0.0074766 -0.0094802 -0.0048535 -0.0072369 -0.0090082 -0.0062668
-0.0148785 -0.0102123 -0.0123228 -0.0131204 -0.0117799 -0.0113409 -0.0147031 -0.0111465 -0.0177878 -0.0098513 -0.0133029 -0.0052733 -0.0070374 1.0468743 -0.0142067 -0.0177797 -0.0072433 -0.0094376 -0.0150388 -0.0079421 -0.0116837 -0.0088442 -0.0052474 -0.0107512 -0.0136921 -0.0050286 -0.0154297 -0.0091986 -0.0091669 -0.0179093 -0.0150907 -0.0121706 -0.0074325 -0.0052273 -0.0110544 -0.0092375 -0.0060701 -0.0122310 -0.0118377 -0.0115768 -0.0043483 -0.0039883 -0.0079954 -0.0108349 -0.0084632 -0.0128092 -0.0061869 -0.0054320 -0.0099445 -0.0062471 -0.0042579 -0.0087756 -0.0054696 -0.0064318 -0.0059299 -0.0058794 -0.0077598 -0.0072045 -0.0102962 -0.0063685 -0.0080294 -0.0068311 -0.0068959 -0.0017666 -0.0060921 -0.0112184 -0.0044046 -0.0059187 -0.0071773 -0.0060326 -0.0086942 -0.0076826 -0.0075296 -0.0069646 -0.0084221 -0.0084613 -0.0105737 -0.0050322 -0.0062697 -0.0091712 -0.0074297
-0.0429875 -0.0178259 -0.0082345 -0.0433994 0.0017346 -0.0095199 -0.0215019 -0.0143739 0.0144224 -0.0125145 0.0120497 -0.0273555 -0.0141053 -0.0142067 1.0641763 -0.0181835 0.0194032 0.0204478 0.0014430 -0.0283286 0.0028444 -0.0004166 -0.0489411 -0.0181323 -0.0238568 -0.0383539 0.0007546 -0.0053213 -0.0037093 0.0109698 -0.0123943 -0.0068334 -0.0160957 -0.0215561 0.0001921 0.0133469 -0.0118517 0.0206139 -0.0093302 0.0082744 -0.0111951 -0.0365434 -0.0277663 0.0022555 -0.0231050 -0.0010164 -0.0189490 -0.0274006 0.0031173 -0.0207262 -0.0077258 -0.0322442 0.0078211 0.0126474 0.0001181 -0.0121899 0.0225123 -0.0027162 -0.0029575 -0.0190485 -0.0073397 -0.0198944 -0.0313701 -0.0394828 -0.0199723 0.0088586 -0.0279384 -0.0188796 -0.0015436 -0.0290091 0.0132090 -0.0077704 0.0097618 -0.0012078 0.0021951 -0.0129723 0.0161788 -0.0295362 -0.0114921 -0.0000559 -0.0047045
0.0361510 -0.0128378 -0.0269042 0.0351994 -0.0587990 -0.0210518 -0.0013414 0.0258240 -0.0055721 -0.0428711 -0.0511470 0.0224701 -0.0179784 -0.0177797 -0.0181835 1.0909225 -0.0606809 -0.0559015 -0.0429750 0.0240053 -0.0182691 -0.0593284 0.0258101 -0.0170118 0.0342430 0.0307023 -0.0128830 -0.0078634 -0.0188927 -0.0490312 0.0245566 -0.0071973 0.0279125 0.0207008 -0.0418742 -0.0612142 -0.0128076 -0.0571461 -0.0051509 -0.0497825 -0.0059959 0.0396823 0.0199539 -0.0158529 0.0100580 -0.0360287 -0.0051350 0.0308829 -0.0170262 -0.0084922 -0.0077487 0.0393269 -0.0256959 -0.0549194 -0.0184664 -0.0130592 -0.0613722 -0.0213019 -0.0326129 -0.0033074 0.0002943 -0.0063115 0.0446465 0.0463874 0.0210320 -0.0434654 0.0320295 -0.0093807 -0.0236897 0.0299171 -0.0461296 -0.0023337 -0.0547871 -0.0229977 -0.0102270 -0.0020739 -0.0473973 0.0465199 -0.0116255 -0.0336453 -0.0152345
-0.0822104 -0.0080431 0.0107642 -0.0795858 0.0534376 0.0024895 -0.0137873 -0.0469117 0.0153359 0.0272545 0.0637074 -0.0575197 -0.0061760 -0.0072433 0.0194032 -0.0606809 1.0810226 0.0715164 0.0480828 -0.0620357 0.0169679 0.0582465 -0.0831524 -0.0123441 -0.0645812 -0.0770991 0.0065127 0.0053491 -0.0005569 0.0621479 -0.0532046 -0.0075290 -0.0460448 -0.0500053 0.0438329 0.0652928 -0.0065983 0.0728818 -0.0077067 0.0556266 -0.0144721 -0.0786567 -0.0538695 0.0145033 -0.0287506 0.0418974 -0.0202571 -0.0618984 0.0146606 -0.0145804 -0.0043879 -0.0679746 0.0230919 0.0576418 0.0125079 -0.0071895 0.0704921 0.0092010 0.0317558 -0.0213604 -0.0096878 -0.0204452 -0.0748807 -0.0798298 -0.0471046 0.0483026 -0.0628678 -0.0119791 0.0120306 -0.0635663 0.0522339 -0.0084320 0.0568662 0.0122534 0.0139513 -0.0099458 0.0546426 -0.0722618 -0.0045742 0.0324645 0.0001461
-0.0819762 -0.0083054 0.0041903 -0.0803966 0.0504321 0.0008314 -0.0155878 -0.0492122 0.0247209 0.0250752 0.0707939 -0.0634278 -0.0090086 -0.0094376 0.0204478 -0.0559015 0.0715164 1.0901500 0.0515084 -0.0680365 0.0198906 0.0585786 -0.0883610 -0.0159987 -0.0616404 -0.0853490 0.0112933 0.0067228 -0.0047921 0.0670469 -0.0491962 -0.0058802 -0.0467954 -0.0536038 0.0475052 0.0669999 -0.0089603 0.0762937 -0.0069295 0.0597215 -0.0170433 -0.0831058 -0.0577728 0.0183221 -0.0284921 0.0440777 -0.0233017 -0.0662889 0.0181247 -0.0160546 -0.0049059 -0.0705674 0.0218897 0.0603687 0.0107676 -0.0106814 0.0738871 0.0072296 0.0335132 -0.0247381 -0.0093310 -0.0226756 -0.0773476 -0.0851426 -0.0509588 0.0530897 -0.0684398 -0.0141038 0.0104696 -0.0685846 0.0568934 -0.0074187 0.0590323 0.0113291 0.0169201 -0.0078676 0.0585474 -0.0752908 -0.0083093 0.0362538 -0.0010826
-0.0560543 -0.0147337 -0.0117233 -0.0556209 0.0256595 -0.0147324 -0.0165578 -0.0439035 0.0079542 0.0131915 0.0336483 -0.0512409 -0.0140727 -0.0150388 0.0014430 -0.0429750 0.0480828 0.0515084 1.0803355 -0.0546191 0.0050108 0.0295762 -0.0623423 -0.0197984 -0.0503709 -0.0624572 -0.0057731 -0.0003788 -0.0150184 0.0326863 -0.0400647 -0.0108736 -0.0406200 -0.0499374 0.0305622 0.0407635 -0.0122123 0.0489451 -0.0087478 0.0398364 -0.0150739 -0.0654283 -0.0522356 0.0052125 -0.0215046 0.0293072 -0.0202350 -0.0550076 0.0068154 -0.0168986 -0.0076251 -0.0556483 0.0098998 0.0412930 0.0033699 -0.0127144 0.0470975 -0.0039091 0.0267276 -0.0192411 -0.0079683 -0.0202292 -0.0573096 -0.0668237 -0.0474164 0.0345350 -0.0564651 -0.0156154 -0.0012120 -0.0559361 0.0404147 -0.0083402 0.0393915 -0.0006308 0.0101263 -0.0100425 0.0406659 -0.0583248 -0.0104753 0.0265660 -0.0082136
0.0373466 -0.0057081 -0.0183344 0.0380241 -0.0521048 -0.0126084 -0.0083738 0.0245850 -0.0291365 -0.0373361 -0.0668391 0.0381752 -0.0060534 -0.0079421 -0.0283286 0.0240053 -0.0620357 -0.0680365 -0.0546191 1.0789578 -0.0256695 -0.0562076 0.0455188 -0.0046984 0.0291832 0.0474569 -0.0228225 -0.0132315 -0.0083381 -0.0636590 0.0214764 -0.0113431 0.0278914 0.0317871 -0.0509702 -0.0609426 -0.0048210 -0.0689224 -0.0084853 -0.0582673 0.0025788 0.0533178 0.0328809 -0.0229297 0.0094866 -0.0470076 0.0043638 0.0431040 -0.0227634 0.0008970 -0.0028971 0.0421364 -0.0232349 -0.0555456 -0.0143492 -0.0031959 -0.0629538 -0.0150825 -0.0393666 0.0060851 -0.0029145 0.0018107 0.0483936 0.0592166 0.0319471 -0.0529907 0.0442093 0.0003306 -0.0163384 0.0428315 -0.0541021 -0.0052741 -0.0535457 -0.0169188 -0.0204471 -0.0053257 -0.0562710 0.0507606 -0.0051178 -0.0413841 -0.0086706
-0.0321979 -0.0123671 -0.0056923 -0.0329667 0.0026986 -0.0063380 -0.0073384 -0.0135721 0.0062194 -0.0074054 0.0145133 -0.0240220 -0.0060550 -0.0116837 0.0028444 -0.0182691 0.0169679 0.0198906 0.0050108 -0.0256695 1.0475296 0.0123115 -0.0354152 -0.0158884 -0.0234780 -0.0339231 -0.0008367 0.0003330 -0.0100003 0.0174226 -0.0211627 -0.0069693 -0.0154126 -0.0186121 0.0078593 0.0138365 -0.0086242 0.0181464 -0.0085927 0.0094638 -0.0122968 -0.0319371 -0.0198663 0.0023290 -0.0145297 0.0049464 -0.0153980 -0.0235098 0.0029563 -0.0111228 -0.0051035 -0.0233340 0.0039252 0.0116570 0.0007449 -0.0108209 0.0168681 -0.0017552 0.0020742 -0.0158957 -0.0066902 -0.0174989 -0.0283592 -0.0300402 -0.0173932 0.0091255 -0.0237105 -0.0101503 -0.0009898 -0.0257092 0.0091572 -0.0066372 0.0108516 -0.0009281 0.0039956 -0.0075237 0.0103551 -0.0256568 -0.0091164 0.0030949 -0.0070849
-0.0644950 -0.0091623 0.0035810 -0.0646977 0.0365370 -0.0018568 -0.0118333 -0.0439336 -0.0024822 0.0155380 0.0426681 -0.0523449 -0.0065034 -0.0088442 -0.0004166 -0.0593284 0.0582465 0.0585786 0.0295762 -0.0562076 0.0123115 1.0775814 -0.0630134 -0.0139605 -0.0568357 -0.0699927 0.0002261 0.0043492 -0.0156898 0.0423981 -0.0594361 -0.0131352 -0.0425766 -0.0433257 0.0368732 0.0535614 -0.0091137 0.0571475 -0.0114100 0.0416397 -0.0208207 -0.0718360 -0.0401750 0.0075433 -0.0258973 0.0323446 -0.0214524 -0.0553751 0.0088736 -0.0102923 -0.0062641 -0.0578223 0.0141264 0.0475760 0.0090564 -0.0093173 0.0532620 0.0050080 0.0255894 -0.0212365 -0.0125421 -0.0210050 -0.0696360 -0.0686948 -0.0426291 0.0359741 -0.0574102 -0.0072263 0.0074757 -0.0586577 0.0338859 -0.0097069 0.0442730 0.0084410 0.0113803 -0.0081829 0.0367997 -0.0672390 -0.0073915 0.0208837 -0.0082924
0.0561782 -0.0089670 -0.0265707 0.0557591 -0.0650236 -0.0245596 -0.0017440 0.0231350 -0.0490548 -0.0336765 -0.0796186 0.0452305 -0.0093467 -0.0052474 -0.0489411 0.0258101 -0.0831524 -0.0883610 -0.0623423 0.0455188 -0.0354152 -0.0630134 1.1064434 -0.0053385 0.0326213 0.0605306 -0.0338302 -0.0164021 -0.0201611 -0.0786924 0.0096901 -0.0161435 0.0343402 0.0345309 -0.0551872 -0.0775425 -0.0049871 -0.0881954 -0.0101407 -0.0698964 0.0019232 0.0701157 0.0414106 -0.0322499 0.0205735 -0.0515818 0.0113300 0.0532600 -0.0321026 0.0068724 -0.0029812 0.0571611 -0.0366657 -0.0686056 -0.0216315 -0.0056556 -0.0867422 -0.0228571 -0.0385653 0.0117175 -0.0042760 0.0080129 0.0628428 0.0828827 0.0342272 -0.0635142 0.0530517 0.0050756 -0.0239296 0.0513320 -0.0675126 -0.0064238 -0.0679989 -0.0254274 -0.0258252 0.0005625 -0.0744418 0.0677335 -0.0066016 -0.0447641 -0.0176301
-0.0103823 -0.0060405 -0.0141106 -0.0108693 -0.0109752 -0.0113439 -0.0154622 -0.0123587 -0.0208615 -0.0133099 -0.0263617 -0.0039882 -0.0099377 -0.0107512 -0.0181323 -0.0170118 -0.0123441 -0.0159987 -0.0197984 -0.0046984 -0.0158884 -0.0139605 -0.0053385 1.0464474 -0.0098111 -0.0046811 -0.0195885 -0.0126262 -0.0127034 -0.0250289 -0.0146551 -0.0110253 -0.0069272 -0.0041739 -0.0183966 -0.0127885 -0.0083464 -0.0197573 -0.0085733 -0.0167287 -0.0057766 0.0008274 -0.0071512 -0.0134897 -0.0102466 -0.0146079 -0.0069950 -0.0017506 -0.0136486 -0.0087537 -0.0052303 -0.0065943 -0.0077006 -0.0114397 -0.0070593 -0.0081692 -0.0132988 -0.0105117 -0.0104594 -0.0049433 -0.0080144 -0.0077661 -0.0036808 0.0015234 -0.0043219 -0.0181826 -0.0011860 -0.0077861 -0.0102135 -0.0016206 -0.0152872 -0.0088295 -0.0131631 -0.0105419 -0.0121409 -0.0098764 -0.0132443 -0.0006315 -0.0070273 -0.0137526 -0.0070239
0.0339482 -0.0096050 -0.0237986 0.0346719 -0.0547033 -0.0147699 -0.0070695 0.0243889 -0.0205206 -0.0424036 -0.0589382 0.0293599 -0.0122994 -0.0136921 -0.0238568 0.0342430 -0.0645812 -0.0616404 -0.0503709 0.0291832 -0.0234780 -0.0568357 0.0326213 -0.0098111 1.0794783 0.0369699 -0.0183137 -0.0121949 -0.0169064 -0.0578510 0.0186006 -0.0103403 0.0276955 0.0254391 -0.0466999 -0.0619637 -0.0098662 -0.0649862 -0.0076506 -0.0556395 -0.0027844 0.0469474 0.0251759 -0.0199731 0.0085358 -0.0435798 -0.0011153 0.0364494 -0.0210975 -0.0050230 -0.0067028 0.0393575 -0.0253529 -0.0562303 -0.0184989 -0.0083496 -0.0633012 -0.0178951 -0.0371806 0.0004519 -0.0018305 -0.0033801 0.0469557 0.0538784 0.0261416 -0.0494303 0.0389622 -0.0058255 -0.0213916 0.0371146 -0.0511030 -0.0041496 -0.0560448 -0.0207478 -0.0165478 -0.0035836 -0.0526055 0.0486164 -0.0107320 -0.0385156 -0.0123358
0.0531041 -0.0075527 -0.0236568 0.0536106 -0.0638967 -0.0200621 -0.0070176 0.0231385 -0.0386754 -0.0355191 -0.0807069 0.0459207 -0.0074544 -0.0050286 -0.0383539 0.0307023 -0.0770991 -0.0853490 -0.0624572 0.0474569 -0.0339231 -0.0699927 0.0605306 -0.0046811 0.0369699 1.1018234 -0.0331643 -0.0181977 -0.0091417 -0.0784003 0.0222123 -0.0129833 0.0324860 0.0368706 -0.0588178 -0.0757027 -0.0024193 -0.0852486 -0.0092106 -0.0668518 0.0082347 0.0707185 0.0346894 -0.0315455 0.0160992 -0.0558249 0.0105859 0.0526992 -0.0311146 0.0023515 -0.0024836 0.0520772 -0.0316344 -0.0652215 -0.0211359 -0.0035515 -0.0784754 -0.0209159 -0.0426426 0.0120152 -0.0018813 0.0097927 0.0636974 0.0778869 0.0344659 -0.0624426 0.0541255 -0.0003132 -0.0222815 0.0534290 -0.0613430 -0.0049803 -0.0655904 -0.0250177 -0.0271683 -0.0040388 -0.0671364 0.0661352 -0.0035147 -0.0435314 -0.0096283
-0.0287504 -0.0169867 -0.0085030 -0.0257303 -0.0067882 -0.0109724 -0.0128443 -0.0105761 0.0056273 -0.0198613 0.0069192 -0.0219842 -0.0150890 -0.0154297 0.0007546 -0.0128830 0.0065127 0.0112933 -0.0057731 -0.0228225 -0.0008367 0.0002261 -0.0338302 -0.0195885 -0.0183137 -0.0331643 1.0452385 -0.0012647 -0.0136856 0.0028194 -0.0163414 -0.0098736 -0.0107566 -0.0154519 0.0005054 0.0037965 -0.0110882 0.0095707 -0.0089173 0.0027375 -0.0145762 -0.0271791 -0.0163734 -0.0003934 -0.0150781 -0.0015227 -0.0180193 -0.0200020 -0.0003464 -0.0109119 -0.0071205 -0.0182387 0.0012814 0.0034483 -0.0013338 -0.0107410 0.0079732 -0.0039599 -0.0040950 -0.0156645 -0.0074677 -0.0211637 -0.0223824 -0.0254586 -0.0149349 0.0041594 -0.0197213 -0.0131205 -0.0039543 -0.0221477 0.0006526 -0.0063729 0.0024539 -0.0025212 0.0024283 -0.0084063 0.0048240 -0.0207013 -0.0116869 -0.0050996 -0.0118519
-0.0137025 -0.0097055 -0.0051982 -0.0130248 -0.0007408 -0.0053416 -0.0029254 -0.0066303 -0.0021943 -0.0095414 0.0030177 -0.0112785 -0.0082382 -0.0091986 -0.0053213 -0.0078634 0.0053491 0.0067228 -0.0003788 -0.0132315 0.0003330 0.0043492 -0.0164021 -0.0126262 -0.0121949 -0.0181977 -0.0012647 1.0330075 -0.0120908 0.0015430 -0.0164186 -0.0057680 -0.0062951 -0.0086262 0.0037770 0.0025992 -0.0059582 0.0054599 -0.0058655 0.0004793 -0.0113721 -0.0158788 -0.0064703 0.0003775 -0.0052471 0.0020850 -0.0101379 -0.0109092 -0.0003078 -0.0043115 -0.0038701 -0.0081594 -0.0015025 0.0016563 -0.0009029 -0.0068648 0.0013086 -0.0025559 -0.0002741 -0.0096784 -0.0039106 -0.0112369 -0.0134836 -0.0122821 -0.0079587 0.0017035 -0.0114016 -0.0044104 -0.0011989 -0.0130170 -0.0021675 -0.0044648 0.0014772 -0.0019135 0.0028235 -0.0030928 -0.0010422 -0.0120527 -0.0062827 -0.0030479 -0.0090609
-0.0230531 -0.0119968 -0.0108541 -0.0246859 -0.0122140 -0.0112604 -0.0217784 -0.0138782 -0.0084682 -0.0087965 -0.0136039 -0.0090924 -0.0070695 -0.0091669 -0.0037093 -0.0188927 -0.0005569 -0.0047921 -0.0150184 -0.0083381 -0.0100003 -0.0156898 -0.0201611 -0.0127034 -0.0169064 -0.0091417 -0.0136856 -0.0120908 1.0461477 -0.0167448 -0.0088667 -0.0132974 -0.0102224 -0.0086016 -0.0145665 -0.0051827 -0.0065650 -0.0085389 -0.0116825 -0.0078158 0.0005435 -0.0080178 -0.0170697 -0.0106033 -0.0135580 -0.0145934 -0.0055089 -0.0076775 -0.0092634 -0.0127707 -0.0036644 -0.0176994 0.0005153 -0.0019133 -0.0041825 -0.0073388 0.0017478 -0.0073990 -0.0126920 -0.0076025 -0.0076607 -0.0068554 -0.0112501 -0.0101911 -0.0082247 -0.0071673 -0.0078314 -0.0128806 -0.0064291 -0.0083029 -0.0001285 -0.0087792 -0.0035740 -0.0057257 -0.0109033 -0.0135924 -0.0018351 -0.0088487 -0.0066748 -0.0081331 -0.0001670
-0.0701607 -0.0183396 -0.0049157 -0.0716375 0.0308688 -0.0057695 -0.0142791 -0.0442504 0.0178227 0.0084952 0.0488045 -0.0616100 -0.0150473 -0.0179093 0.0109698 -0.0490312 0.0621479 0.0670469 0.0326863 -0.0636590 0.0174226 0.0423981 -0.0786924 -0.0250289 -0.0578510 -0.0784003 0.0028194 0.0015430 -0.0167448 1.0907942 -0.0460444 -0.0123805 -0.0447013 -0.0510033 0.0339957 0.0519144 -0.0141553 0.0648651 -0.0101867 0.0440431 -0.0215699 -0.0803940 -0.0533535 0.0117532 -0.0305975 0.0341393 -0.0281401 -0.0640630 0.0124845 -0.0196787 -0.0082855 -0.0649909 0.0154876 0.0502330 0.0073150 -0.0153652 0.0587908 0.0024292 0.0265159 -0.0271540 -0.0112728 -0.0294042 -0.0733779 -0.0833762 -0.0494169 0.0416462 -0.0661051 -0.0188102 0.0049807 -0.0661027 0.0445501 -0.0098821 0.0457528 0.0060201 0.0149890 -0.0114489 0.0472364 -0.0730922 -0.0117321 0.0272836 -0.0077399
0.0102869 -0.0123577 -0.0239017 0.0122366 -0.0470923 -0.0195124 -0.0189969 0.0195032 -0.0063353 -0.0372301 -0.0480701 0.0194531 -0.0160940 -0.0150907 -0.0123943 0.0245566 -0.0532046 -0.0491962 -0.0400647 0.0214764 -0.0211627 -0.0594361 0.0096901 -0.0146551 0.0186006 0.0222123 -0.0163414 -0.0164186 -0.0088667 -0.0460444 1.0645295 -0.0122874 0.0207493 0.0170060 -0.0478843 -0.0510620 -0.0112559 -0.0507250 -0.0076969 -0.0457915 -0.0000910 0.0328167 0.0084128 -0.0164114 -0.0033116 -0.0434539 -0.0045408 0.0268042 -0.0175444 -0.0151411 -0.0071974 0.0218891 -0.0173750 -0.0454606 -0.0149887 -0.0104639 -0.0452852 -0.0171773 -0.0358807 -0.0030923 -0.0040834 -0.0048224 0.0337111 0.0339388 0.0162610 -0.0402215 0.0258664 -0.0152546 -0.0188377 0.0244375 -0.0356203 -0.0059260 -0.0468006 -0.0195958 -0.0168620 -0.0107596 -0.0350719 0.0361949 -0.0119979 -0.0322888 -0.0046160
-0.0055689 -0.0138375 -0.0170874 -0.0113176 -0.0171720 -0.0157076 -0.0107705 -0.0097312 0.0001612 -0.0136719 -0.0088938 -0.0105181 -0.0102530 -0.0121706 -0.0068334 -0.0071973 -0.0075290 -0.0058802 -0.0108736 -0.0113431 -0.0069693 -0.0131352 -0.0161435 -0.0110253 -0.0103403 -0.0129833 -0.0098736 -0.0057680 -0.0132974 -0.0123805 -0.0122874 1.0479931 -0.0057191 -0.0102930 -0.0062142 -0.0104362 -0.0088453 -0.0064858 -0.0078002 -0.0085718 -0.0070512 -0.0090340 -0.0130272 -0.0074247 -0.0047089 -0.0088803 -0.0090631 -0.0085248 -0.0070124 -0.0100367 -0.0058135 -0.0074414 -0.0069189 -0.0061392 -0.0068669 -0.0105775 -0.0071883 -0.0099386 -0.0057199 -0.0092469 -0.0056907 -0.0099064 -0.0055707 -0.0070977 -0.0093316 -0.0060012 -0.0085066 -0.0110081 -0.0095855 -0.0097960 -0.0042037 -0.0065124 -0.0064544 -0.0105763 -0.0029054 -0.0065589 -0.0062021 -0.0047116 -0.0094441 -0.0054249 -0.0090385
0.0319145 -0.0087288 -0.0128117 0.0312140 -0.0423207 -0.0089125 -0.0024821 0.0247624 -0.0141285 -0.0365601 -0.0454243 0.0269190 -0.0077158 -0.0074325 -0.0160957 0.0279125 -0.0460448 -0.0467954 -0.0406200 0.0278914 -0.0154126 -0.0425766 0.0343402 -0.0069272 0.0276955 0.0324860 -0.0107566 -0.0062951 -0.0102224 -0.0447013 0.0207493 -0.0057191 1.0296828 0.0253450 -0.0346484 -0.0420626 -0.0038732 -0.0458140 -0.0025726 -0.0415968 -0.0027067 0.0354003 0.0266852 -0.0116349 0.0065872 -0.0322383 -0.0008494 0.0305848 -0.0123982 0.0004069 -0.0032581 0.0329780 -0.0152385 -0.0405742 -0.0101809 -0.0047667 -0.0451692 -0.0102247 -0.0279693 0.0012254 -0.0006494 -0.0028173 0.0342746 0.0391052 0.0242418 -0.0361624 0.0309078 -0.0017853 -0.0114657 0.0303742 -0.0403107 -0.0019460 -0.0412310 -0.0115867 -0.0101414 -0.0009393 -0.0392196 0.0356013 -0.0044914 -0.0303144 -0.0077211
0.0294302 -0.0083200 -0.0107156 0.0266357 -0.0408032 -0.0072399 -0.0066641 0.0226984 -0.0229317 -0.0386665 -0.0518339 0.0308465 -0.0074777 -0.0052273 -0.0215561 0.0207008 -0.0500053 -0.0536038 -0.0499374 0.0317871 -0.0186121 -0.0433257 0.0345309 -0.0041739 0.0254391 0.0368706 -0.0154519 -0.0086262 -0.0086016 -0.0510033 0.0170060 -0.0102930 0.0253450 1.0366524 -0.0422959 -0.0471330 -0.0027629 -0.0528289 -0.0078547 -0.0483079 -0.0013678 0.0415539 0.0307795 -0.0142281 0.0047623 -0.0389262 0.0002696 0.0349186 -0.0155009 0.0015486 -0.0027263 0.0348570 -0.0164320 -0.0439394 -0.0102742 -0.0027367 -0.0472391 -0.0085183 -0.0345641 0.0017892 -0.0030780 -0.0020801 0.0357664 0.0447264 0.0301762 -0.0442134 0.0357958 0.0004638 -0.0109443 0.0350601 -0.0467377 -0.0043190 -0.0438184 -0.0114868 -0.0141157 -0.0037752 -0.0465716 0.0378446 -0.0042730 -0.0365370 -0.0074514
-0.0491552 -0.0141845 -0.0077238 -0.0477870 0.0233859 -0.0094335 -0.0080701 -0.0409328 0.0033801 0.0145701 0.0406095 -0.0473896 -0.0106380 -0.0110544 0.0001921 -0.0418742 0.0438329 0.0475052 0.0305622 -0.0509702 0.0078593 0.0368732 -0.0551872 -0.0183966 -0.0466999 -0.0588178 0.0005054 0.0037770 -0.0145665 0.0339957 -0.0478843 -0.0062142 -0.0346484 -0.0422959 1.0360868 0.0398751 -0.0087651 0.0476830 -0.0065000 0.0391684 -0.0145835 -0.0565524 -0.0405659 0.0057495 -0.0136948 0.0314712 -0.0160259 -0.0478003 0.0085364 -0.0089253 -0.0053263 -0.0454216 0.0075632 0.0392283 0.0038665 -0.0100914 0.0396925 -0.0006887 0.0273029 -0.0176055 -0.0074207 -0.0145114 -0.0509080 -0.0550014 -0.0399414 0.0349004 -0.0485886 -0.0078902 0.0003600 -0.0499703 0.0345355 -0.0063248 0.0375545 0.0028135 0.0118094 -0.0028271 0.0330266 -0.0507790 -0.0084113 0.0247028 -0.0088172
-0.0793600 -0.0107318 0.0054256 -0.0771798 0.0492531 0.0002423 -0.0182373 -0.0469254 0.0106092 0.0202786 0.0536110 -0.0569924 -0.0066541 -0.0092375 0.0133469 -0.0612142 0.0652928 0.0669999 0.0407635 -0.0609426 0.0138365 0.0535614 -0.0775425 -0.0127885 -0.0619637 -0.0757027 0.0037965 0.0025992 -0.0051827 0.0519144 -0.0510620 -0.0104362 -0.0420626 -0.0471330 0.0398751 1.0463392 -0.0073752 0.0662956 -0.0067828 0.0513604 -0.0147798 -0.0756699 -0.0494122 0.0126401 -0.0291226 0.0341559 -0.0198693 -0.0589052 0.0139003 -0.0127114 -0.0038216 -0.0654887 0.0217722 0.0554042 0.0123774 -0.0086858 0.0650032 0.0081610 0.0294962 -0.0199858 -0.0093291 -0.0197804 -0.0724480 -0.0762088 -0.0458984 0.0435340 -0.0595085 -0.0114641 0.0104925 -0.0604480 0.0469809 -0.0095140 0.0522818 0.0112327 0.0117487 -0.0102183 0.0502436 -0.0702286 -0.0059240 0.0264003 -0.0004779
-0.0072792 -0.0072644 -0.0078846 -0.0086698 -0.0086376 -0.0073246 -0.0108982 -0.0097714 -0.0123734 -0.0083472 -0.0117853 -0.0031677 -0.0061305 -0.0060701 -0.0118517 -0.0128076 -0.0065983 -0.0089603 -0.0122123 -0.0048210 -0.0086242 -0.0091137 -0.0049871 -0.0083464 -0.0098662 -0.0024193 -0.0110882 -0.0059582 -0.0065650 -0.0141553 -0.0112559 -0.0088453 -0.0038732 -0.0027629 -0.0087651 -0.0073752 1.0111415 -0.0088418 -0.0084251 -0.0078200 -0.0025212 -0.0016664 -0.0055520 -0.0072515 -0.0044901 -0.0086070 -0.0018862 -0.0022498 -0.0074694 -0.0029557 -0.0020344 -0.0052324 -0.0040694 -0.0050839 -0.0033766 -0.0048322 -0.0047361 -0.0037417 -0.0059730 -0.0030791 -0.0057874 -0.0048007 -0.0051411 0.0007266 -0.0026256 -0.0084431 -0.0014808 -0.0043569 -0.0036533 -0.0021214 -0.0063029 -0.0052899 -0.0045415 -0.0055778 -0.0057669 -0.0057713 -0.0081971 -0.0014863 -0.0041767 -0.0073452 -0.0046407
-0.0817159 -0.0121241 0.0044691 -0.0809318 0.0477069 -0.0010151 -0.0149197 -0.0484611 0.0207466 0.0225537 0.0680007 -0.0641686 -0.0099393 -0.0122310 0.0206139 -0.0571461 0.0728818 0.0762937 0.0489451 -0.0689224 0.0181464 0.0571475 -0.0881954 -0.0197573 -0.0649862 -0.0852486 0.0095707 0.0054599 -0.0085389 0.0648651 -0.0507250 -0.0064858 -0.0458140 -0.0528289 0.0476830 0.0662956 -0.0088418 1.0649147 -0.0061449 0.0588616 -0.0172540 -0.0839646 -0.0563456 0.0167225 -0.0294750 0.0432487 -0.0219520 -0.0660801 0.0179080 -0.0161618 -0.0055982 -0.0686978 0.0219865 0.0589159 0.0117249 -0.0108538 0.0725441 0.0077580 0.0327105 -0.0244089 -0.0093491 -0.0232569 -0.0762318 -0.0850281 -0.0508530 0.0508003 -0.0673321 -0.0144025 0.0097718 -0.0684894 0.0553486 -0.0079335 0.0572265 0.0107451 0.0183229 -0.0078813 0.0580327 -0.0751552 -0.0084073 0.0332190 -0.0023151
-0.0074941 -0.0128046 -0.0142759 -0.0069304 -0.0118625 -0.0124995 -0.0077445 -0.0064789 -0.0057093 -0.0112703 -0.0113637 -0.0084758 -0.0102853 -0.0118377 -0.0093302 -0.0051509 -0.0077067 -0.0069295 -0.0087478 -0.0084853 -0.0085927 -0.0114100 -0.0101407 -0.0085733 -0.0076506 -0.0092106 -0.0089173 -0.0058655 -0.0116825 -0.0101867 -0.0076969 -0.0078002 -0.0025726 -0.0078547 -0.0065000 -0.0067828 -0.0084251 -0.0061449 1.0127702 -0.0082136 -0.0064166 -0.0050647 -0.0087133 -0.0058438 -0.0043649 -0.0051160 -0.0076745 -0.0056814 -0.0056115 -0.0090843 -0.0050008 -0.0036443 -0.0053826 -0.0055943 -0.0045358 -0.0080367 -0.0079845 -0.0085039 -0.0020456 -0.0054817 -0.0026322 -0.0086313 -0.0029213 -0.0034670 -0.0075789 -0.0054801 -0.0048598 -0.0077680 -0.0086053 -0.0062584 -0.0055830 -0.0038570 -0.0075238 -0.0074363 -0.0024064 -0.0052252 -0.0035484 -0.0022995 -0.0074824 -0.0039782 -0.0066090
-0.0656975 -0.0109179 -0.0038128 -0.0637895 0.0328590 -0.0085333 -0.0163589 -0.0462790 0.0112325 0.0212806 0.0486249 -0.0549881 -0.0097045 -0.0115768 0.0082744 -0.0497825 0.0556266 0.0597215 0.0398364 -0.0582673 0.0094638 0.0416397 -0.0698964 -0.0167287 -0.0556395 -0.0668518 0.0027375 0.0004793 -0.0078158 0.0440431 -0.0457915 -0.0085718 -0.0415968 -0.0483079 0.0391684 0.0513604 -0.0078200 0.0588616 -0.0082136 1.0479337 -0.0119974 -0.0673608 -0.0519388 0.0103696 -0.0215376 0.0328667 -0.0168689 -0.0554049 0.0104161 -0.0126539 -0.0043453 -0.0590970 0.0152113 0.0493774 0.0069445 -0.0083363 0.0564094 0.0025265 0.0289951 -0.0182257 -0.0090081 -0.0165669 -0.0613545 -0.0688336 -0.0457864 0.0422883 -0.0566110 -0.0118358 0.0049295 -0.0577817 0.0472123 -0.0068711 0.0481822 0.0059331 0.0109587 -0.0085540 0.0463210 -0.0606963 -0.0074135 0.0297695 -0.0039433
-0.0015633 -0.0051661 -0.0118282 -0.0026011 -0.0188258 -0.0114186 -0.0124490 -0.0069304 -0.0120224 -0.0033122 -0.0216774 0.0017499 -0.0047355 -0.0043483 -0.0111951 -0.0059959 -0.0144721 -0.0170433 -0.0150739 0.0025788 -0.0122968 -0.0208207 0.0019232 -0.0057766 -0.0027844 0.0082347 -0.0145762 -0.0113721 0.0005435 -0.0215699 -0.0000910 -0.0070512 -0.0027067 -0.0013678 -0.0145835 -0.0147798 -0.0025212 -0.0172540 -0.0064166 -0.0119974 1.0123652 0.0088917 -0.0068953 -0.0109999 -0.0020375 -0.0155755 0.0031724 0.0044497 -0.0099404 -0.0055426 -0.0011974 -0.0012429 -0.0044217 -0.0084635 -0.0064266 -0.0031698 -0.0111518 -0.0076506 -0.0090433 0.0013654 -0.0033759 0.0026392 0.0066573 0.0075950 -0.0002436 -0.0112323 0.0050158 -0.0069274 -0.0073030 0.0045561 -0.0045164 -0.0032844 -0.0096463 -0.0085465 -0.0105911 -0.0065785 -0.0086220 0.0072427 -0.0023507 -0.0067823 0.0005308
0.0636125 -0.0020709 -0.0241638 0.0624217 -0.0676383 -0.0172214 -0.0024708 0.0318073 -0.0368567 -0.0378191 -0.0820897 0.0494249 -0.0049615 -0.0039883 -0.0365434 0.0396823 -0.0786567 -0.0831058 -0.0654283 0.0533178 -0.0319371 -0.0718360 0.0701157 0.0008274 0.0469474 0.0707185 -0.0271791 -0.0158788 -0.0080178 -0.0803940 0.0328167 -0.0090340 0.0354003 0.0415539 -0.0565524 -0.0756699 -0.0016664 -0.0839646 -0.0050647 -0.0673608 0.0088917 1.0702281 0.0417227 -0.0270246 0.0185756 -0.0526997 0.0130727 0.0552608 -0.0272212 0.0045873 -0.0008423 0.0574112 -0.0288612 -0.0646062 -0.0183490 -0.0005953 -0.0777399 -0.0190702 -0.0409210 0.0141083 -0.0001774 0.0134652 0.0669696 0.0781420 0.0390917 -0.0613694 0.0579118 0.0033459 -0.0211258 0.0580968 -0.0614033 -0.0015751 -0.0638272 -0.0223284 -0.0240856 -0.0008459 -0.0650068 0.0676062 -0.0031141 -0.0432435 -0.0068644
0.0343261 -0.0089577 -0.0120295 0.0342513 -0.0459931 -0.0075841 -0.0026189 0.0250018 -0.0306153 -0.0410326 -0.0549229 0.0313408 -0.0069412 -0.0079954 -0.0277663 0.0199539 -0.0538695 -0.0577728 -0.0522356 0.0328809 -0.0198663 -0.0401750 0.0414106 -0.0071512 0.0251759 0.0346894 -0.0163734 -0.0064703 -0.0170697 -0.0533535 0.0084128 -0.0130272 0.0266852 0.0307795 -0.0405659 -0.0494122 -0.0055520 -0.0563456 -0.0087133 -0.0519388 -0.0068953 0.0417227 1.0313917 -0.0162077 0.0070361 -0.0364472 -0.0004825 0.0363691 -0.0166596 0.0053330 -0.0024772 0.0399419 -0.0207307 -0.0479804 -0.0103242 -0.0043484 -0.0556481 -0.0082623 -0.0337394 0.0024665 -0.0033898 -0.0018806 0.0366320 0.0496473 0.0306244 -0.0466629 0.0386811 0.0030297 -0.0113353 0.0364294 -0.0561075 -0.0052074 -0.0467153 -0.0115863 -0.0129164 -0.0011034 -0.0528588 0.0402430 -0.0049677 -0.0404119 -0.0132037
-0.0293982 -0.0097084 -0.0049437 -0.0292361 0.0060606 -0.0049438 -0.0093860 -0.0140484 0.0051455 -0.0077917 0.0116827 -0.0214304 -0.0102715 -0.0108349 0.0022555 -0.0158529 0.0145033 0.0183221 0.0052125 -0.0229297 0.0023290 0.0075433 -0.0322499 -0.0134897 -0.0199731 -0.0315455 -0.0003934 0.0003775 -0.0106033 0.0117532 -0.0164114 -0.0074247 -0.0116349 -0.0142281 0.0057495 0.0126401 -0.0072515 0.0167225 -0.0058438 0.0103696 -0.0109999 -0.0270246 -0.0162077 1.0087831 -0.0127930 0.0060495 -0.0131568 -0.0207340 0.0033411 -0.0104518 -0.0052162 -0.0205296 0.0030677 0.0096350 0.0009593 -0.0082092 0.0157764 -0.0014687 0.0025128 -0.0138406 -0.0041375 -0.0144692 -0.0238086 -0.0255004 -0.0148924 0.0091817 -0.0200876 -0.0095265 -0.0013738 -0.0199781 0.0079501 -0.0048682 0.0089170 0.0007737 0.0049427 -0.0053612 0.0099496 -0.0222846 -0.0080518 0.0015904 -0.0057207
0.0235697 -0.0095244 -0.0179715 0.0223253 -0.0315658 -0.0169909 0.0006079 0.0013872 -0.0191051 -0.0143077 -0.0292872 0.0084356 -0.0088681 -0.0084632 -0.0231050 0.0100580 -0.0287506 -0.0284921 -0.0215046 0.0094866 -0.0145297 -0.0258973 0.0205735 -0.0102466 0.0085358 0.0160992 -0.0150781 -0.0052471 -0.0135580 -0.0305975 -0.0033116 -0.0047089 0.0065872 0.0047623 -0.0136948 -0.0291226 -0.0044901 -0.0294750 -0.0043649 -0.0215376 -0.0020375 0.0185756 0.0070361 -0.0127930 1.0184479 -0.0125790 0.0027236 0.0117660 -0.0130038 0.0006193 -0.0035747 0.0175687 -0.0166215 -0.0220179 -0.0096205 -0.0054988 -0.0319483 -0.0119002 -0.0089840 0.0015712 -0.0024104 0.0018115 0.0195783 0.0245955 0.0039933 -0.0193546 0.0121717 0.0003706 -0.0125790 0.0110324 -0.0198362 -0.0023354 -0.0226760 -0.0138384 -0.0071379 0.0005877 -0.0239145 0.0200028 -0.0058031 -0.0110087 -0.0101346
-0.0458922 -0.0102394 -0.0068052 -0.0455841 0.0262359 -0.0058022 -0.0042244 -0.0384033 0.0018679 0.0178440 0.0320634 -0.0443254 -0.0112218 -0.0128092 -0.0010164 -0.0360287 0.0418974 0.0440777 0.0293072 -0.0470076 0.0049464 0.0323446 -0.0515818 -0.0146079 -0.0435798 -0.0558249 -0.0015227 0.0020850 -0.0145934 0.0341393 -0.0434539 -0.0088803 -0.0322383 -0.0389262 0.0314712 0.0341559 -0.0086070 0.0432487 -0.0051160 0.0328667 -0.0155755 -0.0526997 -0.0364472 0.0060495 -0.0125790 1.0439659 -0.0148354 -0.0440536 0.0059585 -0.0099004 -0.0056376 -0.0416370 0.0058338 0.0341428 0.0033181 -0.0081104 0.0358945 -0.0008615 0.0247814 -0.0148188 -0.0069255 -0.0155950 -0.0484771 -0.0502219 -0.0372389 0.0300130 -0.0448632 -0.0078301 0.0008341 -0.0451768 0.0292695 -0.0057610 0.0321678 0.0014115 0.0102437 -0.0031417 0.0304876 -0.0460895 -0.0062540 0.0243351 -0.0071711
