Sample	1	2	3	4	5	6	7	8	9	10	11	12	13	14	15	16	17	18	19	20	21	22	23	24	25	26	27	28	29	30	31
Pbb-AGal_001-Ex1-12E-lcwgs-1-1	97.30762148559215	2.5995876765101977	0.08015395335906444	0.004332646127516997	0.0007221076879194994	0.0	0.0007221076879194994	0.0010831615318792492	0.0003610538439597497	0.0007221076879194994	0.0003610538439597497	0.0007221076879194994	0.0003610538439597497	0.0	0.0	0.0	0.0	0.0003610538439597497	0.0	0.0003610538439597497	0.0003610538439597497	0.0	0.0	0.0	0.0	0.0007221076879194994	0.0	0.0	0.0	0.0	0.0014442153758389988
Pbb-AGal_002-Ex1-12F-lcwgs-1-1	83.23118532765854	14.135376733581865	2.25948821098313	0.3247096209116957	0.042307980088291085	0.004951519126067878	0.0004951519126067878	0.00027508439589265984	0.0	5.5016879178531975e-05	5.5016879178531975e-05	5.5016879178531975e-05	0.0	5.5016879178531975e-05	0.0	0.00011003375835706395	0.0	0.00016505063753559593	0.0	0.0	0.0	5.5016879178531975e-05	0.0	5.5016879178531975e-05	5.5016879178531975e-05	0.0	5.5016879178531975e-05	0.00011003375835706395	0.0	0.0	0.0003851181542497238
Pbb-AGal_003-Ex1-12G-lcwgs-1-1	97.1241435887439	2.793853468220221	0.07729868835903414	0.002605954029617175	0.0003722791470881679	0.0001692177941309854	0.00013537423530478833	0.00023690491178337959	0.00013537423530478833	0.00013537423530478833	0.00010153067647859123	6.768711765239417e-05	3.384355882619708e-05	0.0	3.384355882619708e-05	0.0	3.384355882619708e-05	0.0	0.0	0.0	0.0	3.384355882619708e-05	3.384355882619708e-05	0.0	0.0	0.0	0.0	6.768711765239417e-05	0.0	0.0	0.0005076533823929562
Pbb-AGal_004-Ex1-12H-lcwgs-1-1	95.03141474687658	4.7225632507643045	0.23393755566789437	0.01001420283575263	0.000818468500999013	0.00019258082376447366	4.8145205941118414e-05	4.8145205941118414e-05	9.629041188223683e-05	4.8145205941118414e-05	4.8145205941118414e-05	4.8145205941118414e-05	4.8145205941118414e-05	0.0	0.0	0.0	4.8145205941118414e-05	0.0	0.0	4.8145205941118414e-05	4.8145205941118414e-05	0.0	9.629041188223683e-05	0.0	0.0	0.0	0.0	4.8145205941118414e-05	0.0	0.0	0.0003851616475289473
Pbb-AGal_005-Ex1-1A-lcwgs-1-1	81.18897143800561	15.367805844477465	2.8680865114743272	0.4839359418854218	0.07634142314677232	0.010962522701007098	0.0015189037477298993	0.000396235760277365	0.0001981178801386825	0.00013207858675912167	6.603929337956083e-05	6.603929337956083e-05	0.0001981178801386825	0.00013207858675912167	0.00013207858675912167	6.603929337956083e-05	0.0	0.0	0.0	0.0	0.00013207858675912167	6.603929337956083e-05	6.603929337956083e-05	0.0	0.0	6.603929337956083e-05	0.0	6.603929337956083e-05	0.0	0.0	0.0005943536404160476
Pbb-AGal_006-Ex1-1B-lcwgs-1-1	91.36987603482513	7.906607766044271	0.663590158677099	0.054189790922588174	0.004340259600825563	0.0005203235193972167	0.00013959899300900933	0.0001142173579164622	8.883572282391503e-05	7.614490527764145e-05	2.5381635092547152e-05	5.0763270185094304e-05	3.807245263882072e-05	1.2690817546273576e-05	1.2690817546273576e-05	0.0	2.5381635092547152e-05	0.0	2.5381635092547152e-05	0.0	1.2690817546273576e-05	0.0	0.0	1.2690817546273576e-05	1.2690817546273576e-05	1.2690817546273576e-05	1.2690817546273576e-05	0.0	3.807245263882072e-05	1.2690817546273576e-05	0.0001522898105552829
Pbb-AGal_007-Ex1-1C-lcwgs-1-1	95.66663021344874	4.143509998095947	0.17850820444176832	0.009052693429562901	0.0008831896028841854	0.0003506782246746031	0.00018183315353497936	7.792849437213401e-05	7.792849437213401e-05	3.8964247186067007e-05	3.8964247186067007e-05	5.195232958142268e-05	6.494041197677835e-05	7.792849437213401e-05	3.8964247186067007e-05	1.298808239535567e-05	1.298808239535567e-05	1.298808239535567e-05	2.597616479071134e-05	2.597616479071134e-05	1.298808239535567e-05	0.0	1.298808239535567e-05	0.0	0.0	2.597616479071134e-05	0.0	0.0	0.0	1.298808239535567e-05	0.0002597616479071134
Pbb-AGal_008-Ex1-1D-lcwgs-1-1	92.72724751443799	6.720670194966518	0.505064293319501	0.037094383104375184	0.003943444932824932	0.0012133676716384407	0.0006500183955205933	0.0005200147164164746	0.00039001103731235595	0.0002600073582082373	0.00017333823880549153	0.00013000367910411865	0.00017333823880549153	0.00021667279850686442	0.00017333823880549153	8.666911940274577e-05	0.00013000367910411865	4.3334559701372884e-05	8.666911940274577e-05	8.666911940274577e-05	0.00013000367910411865	4.3334559701372884e-05	0.0	4.3334559701372884e-05	0.0	4.3334559701372884e-05	8.666911940274577e-05	4.3334559701372884e-05	8.666911940274577e-05	8.666911940274577e-05	0.001083363992534322
Pbb-AGal_009-Ex1-1E-lcwgs-1-1	90.17337855542358	8.904667813544588	0.8429304006318031	0.07174364217408873	0.006112558313232359	0.0005356858615665291	0.0001052240085219968	8.609237060890647e-05	7.65265516523613e-05	5.7394913739270973e-05	2.8697456869635487e-05	4.7829094782725816e-05	1.9131637913090326e-05	2.8697456869635487e-05	1.9131637913090326e-05	0.0	0.0	0.0	2.8697456869635487e-05	9.565818956545163e-06	1.9131637913090326e-05	1.9131637913090326e-05	0.0	0.0	0.0	0.0	0.0	0.0	0.0	9.565818956545163e-06	7.65265516523613e-05
Pbb-AGal_010-Ex1-1F-lcwgs-1-1	76.84074733228438	18.239196117450398	4.001437063035892	0.7651939167306766	0.13009437110640465	0.02005838502479157	0.002528992920307466	0.00019835238590646794	2.4794048238308493e-05	2.4794048238308493e-05	2.4794048238308493e-05	2.4794048238308493e-05	0.0	7.438214471492546e-05	2.4794048238308493e-05	2.4794048238308493e-05	0.0	0.0	0.0	0.0	0.0	4.9588096476616986e-05	0.0	7.438214471492546e-05	0.0	2.4794048238308493e-05	0.0	0.0	0.0	2.4794048238308493e-05	0.00014876428942985092
Pbb-AGal_011-Ex1-1G-lcwgs-1-1	92.67508581382243	6.780934413829059	0.5031899536801246	0.036977545257562014	0.0028026990293017664	0.0004219116818303734	0.00011301205763313575	7.534137175542383e-05	0.00010547792045759334	3.013654870216953e-05	3.7670685877711915e-05	1.5068274351084765e-05	3.7670685877711915e-05	1.5068274351084765e-05	3.013654870216953e-05	1.5068274351084765e-05	1.5068274351084765e-05	0.0	0.0	0.0	7.534137175542383e-06	7.534137175542383e-06	0.0	0.0	1.5068274351084765e-05	0.0	0.0	7.534137175542383e-06	0.0	7.534137175542383e-06	5.273896022879667e-05
Pbb-AGal_012-Ex1-1H-lcwgs-1-1	99.52359039601548	0.45520576744353913	0.008571763708054752	0.0013534363749560135	0.00045114545831867106	0.0018045818332746843	0.0009022909166373421	0.00045114545831867106	0.00045114545831867106	0.00045114545831867106	0.00045114545831867106	0.00045114545831867106	0.0009022909166373421	0.0	0.0	0.00045114545831867106	0.0	0.0	0.0	0.0	0.0009022909166373421	0.0	0.0	0.0	0.0	0.0	0.0009022909166373421	0.00045114545831867106	0.0	0.0	0.0022557272915933557
Pbb-AGal_013-Ex1-2A-lcwgs-1-1	99.28492849284929	0.6545654565456546	0.03850385038503851	0.0055005500550055	0.0	0.0	0.0	0.0	0.0055005500550055	0.0	0.0055005500550055	0.0	0.0	0.0	0.0	0.0055005500550055	0.0	0.0	0.0	0.0	0.0	0.0	0.0	0.0	0.0	0.0	0.0	0.0	0.0	0.0	0.0
Pbb-AGal_014-Ex1-2B-lcwgs-1-1	99.25660332257678	0.6931994741245369	0.02151308712800287	0.009561372056890163	0.0047806860284450815	0.0023903430142225407	0.0	0.0047806860284450815	0.0	0.0	0.0023903430142225407	0.0	0.0	0.0	0.0	0.0023903430142225407	0.0	0.0	0.0	0.0	0.0	0.0	0.0	0.0023903430142225407	0.0	0.0	0.0	0.0	0.0	0.0	0.0
Pbb-AGal_015-Ex1-2C-lcwgs-1-1	99.27675064661366	0.6897212376664431	0.007184596225692116	0.007184596225692116	0.0	0.007184596225692116	0.002394865408564039	0.002394865408564039	0.002394865408564039	0.004789730817128078	0.0	0.0	0.0	0.0	0.0	0.0	0.0	0.0	0.0	0.0	0.0	0.0	0.0	0.0	0.0	0.0	0.0	0.0	0.0	0.0	0.0
Pbb-AGal_016-Ex1-2D-lcwgs-1-1	99.22454634844016	0.7240547063555913	0.01564315723607759	0.0044694734960221685	0.008938946992044337	0.0022347367480110843	0.0044694734960221685	0.0044694734960221685	0.0044694734960221685	0.0044694734960221685	0.0022347367480110843	0.0	0.0	0.0	0.0	0.0	0.0	0.0	0.0	0.0	0.0	0.0	0.0	0.0	0.0	0.0	0.0	0.0	0.0	0.0	0.0
Pbb-AGal_017-Ex1-2E-lcwgs-1-1	99.3584336275826	0.6082999679216814	0.010692772873623305	0.002376171749694068	0.002376171749694068	0.00594042937423517	0.002376171749694068	0.001188085874847034	0.002376171749694068	0.001188085874847034	0.002376171749694068	0.0	0.001188085874847034	0.0	0.001188085874847034	0.0	0.0	0.0	0.0	0.0	0.0	0.0	0.0	0.0	0.0	0.0	0.0	0.0	0.0	0.0	0.0
Pbb-AGal_018-Ex1-2F-lcwgs-1-1	99.27429533024821	0.6625999158603281	0.0368111064366849	0.01051745898190997	0.005258729490954985	0.0	0.0	0.0	0.0	0.005258729490954985	0.0	0.0	0.005258729490954985	0.0	0.0	0.0	0.0	0.0	0.0	0.0	0.0	0.0	0.0	0.0	0.0	0.0	0.0	0.0	0.0	0.0	0.0
Pbb-AGal_019-Ex1-2G-lcwgs-1-1	99.39643423358274	0.5715795622062136	0.013907045309153617	0.0013907045309153618	0.005562818123661447	0.0027814090618307236	0.0013907045309153618	0.0	0.0013907045309153618	0.0027814090618307236	0.0027814090618307236	0.0	0.0	0.0	0.0	0.0	0.0	0.0	0.0	0.0	0.0	0.0	0.0	0.0	0.0	0.0	0.0	0.0	0.0	0.0	0.0
Pbb-AGal_020-Ex1-2H-lcwgs-1-1	88.69249854774523	10.0876171140437	1.096679725671878	0.10994952229428777	0.010991082130087197	0.0012771327827213997	0.00023220596049479994	0.00015480397366319997	0.00010642773189344997	0.00011610298024739997	7.740198683159998e-05	2.9025745061849992e-05	1.9350496707899996e-05	2.9025745061849992e-05	0.0	4.8376241769749985e-05	9.675248353949998e-06	2.9025745061849992e-05	1.9350496707899996e-05	1.9350496707899996e-05	9.675248353949998e-06	0.0	0.0	1.9350496707899996e-05	0.0	0.0	0.0	0.0	0.0	0.0	6.772673847764998e-05
Pbb-AGal_021-Ex1-3A-lcwgs-1-1	76.36692943937835	18.182379575298043	4.306274151378713	0.9248357246667419	0.17783517620478245	0.03367874121822807	0.005943307273804954	0.0011601050234153812	0.0001606299263190528	5.3543308773017604e-05	8.923884795502933e-05	8.923884795502933e-05	1.7847769591005866e-05	5.3543308773017604e-05	7.139107836402346e-05	7.139107836402346e-05	7.139107836402346e-05	3.569553918201173e-05	0.0	5.3543308773017604e-05	0.0	0.0	3.569553918201173e-05	0.0	0.0	1.7847769591005866e-05	0.0	1.7847769591005866e-05	0.0	0.0	0.0001249343871370411
Pbb-AGal_022-Ex1-3B-lcwgs-1-1	89.86992783371505	9.11691051508181	0.9172988684479537	0.0856899364622156	0.008047599852932946	0.0007934253376131073	0.00032587112080538337	0.00019835633440327683	0.00015585140560257465	0.00012751478640210653	4.250492880070218e-05	7.08415480011703e-05	4.250492880070218e-05	8.500985760140436e-05	4.250492880070218e-05	2.8336619200468122e-05	2.8336619200468122e-05	0.0	0.0	1.4168309600234061e-05	0.0	0.0	2.8336619200468122e-05	2.8336619200468122e-05	0.0	0.0	0.0	1.4168309600234061e-05	0.0	0.0	9.917816720163842e-05
Pbb-AGal_023-Ex1-3C-lcwgs-1-1	94.87406527942065	4.858980934729402	0.25074157097170946	0.013932946573362736	0.0011322816740358106	0.0003161565713216874	0.0001691070032650886	0.00010293469763961916	8.822974083395928e-05	4.411487041697964e-05	6.617230562546946e-05	8.087726243112934e-05	0.0	2.205743520848982e-05	2.205743520848982e-05	2.205743520848982e-05	3.67623920141497e-05	2.9409913611319758e-05	7.3524784028299395e-06	1.4704956805659879e-05	0.0	1.4704956805659879e-05	1.4704956805659879e-05	0.0	1.4704956805659879e-05	0.0	1.4704956805659879e-05	7.3524784028299395e-06	0.0	0.0	5.8819827222639516e-05
Pbb-AGal_024-Ex1-3D-lcwgs-1-1	93.07801632599543	6.443606976194402	0.4446757746305394	0.02987867747119906	0.002407776402599286	0.00046884094968104907	0.00019866141935637673	0.0001271433083880811	0.00011125039483957097	5.5625197419785486e-05	2.383937032276521e-05	3.1785827097020276e-05	4.767874064553042e-05	1.5892913548510138e-05	6.357165419404055e-05	3.973228387127535e-05	3.1785827097020276e-05	2.383937032276521e-05	7.946456774255069e-06	3.1785827097020276e-05	1.5892913548510138e-05	0.0	0.0	0.0	0.0	1.5892913548510138e-05	1.5892913548510138e-05	0.0	7.946456774255069e-06	0.0	7.94645677425507e-05
Pbb-AGal_025-Ex1-3E-lcwgs-1-1	93.62396556022445	5.969867755959787	0.37843560594343106	0.02429394533013987	0.002033027333467455	0.00043146982976467556	0.0001901392470149418	0.0001755131510907155	0.0001096957194316972	7.313047962113147e-05	5.8504383696905175e-05	6.581743165901831e-05	6.581743165901831e-05	1.4626095924226294e-05	1.4626095924226294e-05	7.313047962113147e-06	7.313047962113147e-06	7.313047962113147e-06	7.313047962113147e-06	2.9252191848452588e-05	7.313047962113147e-06	1.4626095924226294e-05	0.0	0.0	2.193914388633944e-05	2.193914388633944e-05	7.313047962113147e-06	7.313047962113147e-06	0.0	7.313047962113147e-06	5.8504383696905175e-05
Pbb-AGal_026-Ex1-3F-lcwgs-1-1	95.05017461531641	4.7020537807865646	0.23328844773071256	0.012184700440053294	0.0010001648348583604	0.000336593934808102	0.000211573330450807	0.00012502060435729505	9.616969565945771e-05	8.655272609351196e-05	2.885090869783732e-05	6.73187869616204e-05	4.8084847829728856e-05	9.616969565945773e-06	1.9233939131891547e-05	2.885090869783732e-05	2.885090869783732e-05	9.616969565945773e-06	9.616969565945773e-06	0.0	9.616969565945773e-06	9.616969565945773e-06	9.616969565945773e-06	1.9233939131891547e-05	1.9233939131891547e-05	0.0	0.0	9.616969565945773e-06	0.0	9.616969565945773e-06	0.0001057866652254035
Pbb-AGal_027-Ex1-3G-lcwgs-1-1	97.28102263710414	2.639062460081298	0.07383256203052266	0.002971688467422224	0.0008230935683147887	0.00032068580583693063	0.0003420648595593926	0.0002137905372246204	0.0002137905372246204	0.00013896384919600326	0.0002137905372246204	7.482668802861714e-05	4.275810744492408e-05	0.00011758479547354124	6.413716116738613e-05	9.620574175107918e-05	3.2068580583693066e-05	1.068952686123102e-05	1.068952686123102e-05	3.2068580583693066e-05	2.137905372246204e-05	2.137905372246204e-05	2.137905372246204e-05	2.137905372246204e-05	3.2068580583693066e-05	2.137905372246204e-05	2.137905372246204e-05	0.0	2.137905372246204e-05	1.068952686123102e-05	0.0001710324297796963
Pbb-AGal_028-Ex1-3H-lcwgs-1-1	95.4572805942441	4.326843522291245	0.2033796112565456	0.010280686853708422	0.0008714017711889916	0.0003429985695105605	0.0001297832425175094	0.00017613440055947702	8.343208447554175e-05	9.270231608393527e-05	4.635115804196763e-05	6.48916212587547e-05	2.7810694825180583e-05	6.48916212587547e-05	4.635115804196763e-05	2.7810694825180583e-05	1.8540463216787056e-05	2.7810694825180583e-05	1.8540463216787056e-05	2.7810694825180583e-05	9.270231608393528e-06	9.270231608393528e-06	0.0	0.0	0.0	1.8540463216787056e-05	0.0	0.0	1.8540463216787056e-05	9.270231608393528e-06	8.343208447554175e-05
Pbb-AGal_029-Ex1-4A-lcwgs-1-1	93.97239427899538	5.640321840453813	0.3584670488273135	0.024656693559117683	0.00219411986737523	0.0005539609566145382	0.000325859386243846	0.00018465365220484607	0.00014120573403899995	8.689583633169227e-05	0.00010861979541461533	1.0861979541461534e-05	4.3447918165846134e-05	2.1723959082923067e-05	5.4309897707307665e-05	4.3447918165846134e-05	3.25859386243846e-05	3.25859386243846e-05	4.3447918165846134e-05	5.4309897707307665e-05	2.1723959082923067e-05	0.0	1.0861979541461534e-05	0.0	0.0	1.0861979541461534e-05	0.0	1.0861979541461534e-05	3.25859386243846e-05	0.0	0.00014120573403899995
Pbb-AGal_030-Ex1-4B-lcwgs-1-1	92.59171378126435	6.836678115354846	0.5245799641911371	0.041373357885960804	0.003864892543711499	0.0006731882504415522	0.0003167944707960245	0.00015047737362811165	8.711847946890675e-05	6.33588941592049e-05	7.127875592910552e-05	7.127875592910552e-05	9.503834123880736e-05	3.9599308849503065e-05	2.375958530970184e-05	2.375958530970184e-05	7.919861769900613e-06	1.5839723539801225e-05	0.0	0.0	0.0	1.5839723539801225e-05	1.5839723539801225e-05	7.919861769900613e-06	7.919861769900613e-06	7.919861769900613e-06	0.0	7.919861769900613e-06	0.0	7.919861769900613e-06	7.919861769900613e-05
Pbb-AGal_031-Ex1-4C-lcwgs-1-1	96.77884705202096	3.1218791982558005	0.09407607436042234	0.0034219570893979814	0.0004994207643986244	0.00024046184952526359	9.248532674048598e-05	0.00011098239208858319	9.248532674048598e-05	5.5491196044291594e-05	1.8497065348097196e-05	3.699413069619439e-05	0.0	1.8497065348097196e-05	5.5491196044291594e-05	5.5491196044291594e-05	3.699413069619439e-05	0.0	1.8497065348097196e-05	1.8497065348097196e-05	3.699413069619439e-05	0.0	5.5491196044291594e-05	1.8497065348097196e-05	0.0	3.699413069619439e-05	0.0	0.0	3.699413069619439e-05	0.0	0.00024046184952526359
Pbb-AGal_032-Ex1-4D-lcwgs-1-1	96.59226886674676	3.296303291784809	0.10663806270662353	0.003732659621014368	0.00031807124590097375	0.00017774569623877945	7.48402931531703e-05	0.00010290540308560914	3.742014657658515e-05	6.548525650902401e-05	4.677518322073143e-05	2.806510993243886e-05	1.8710073288292575e-05	1.8710073288292575e-05	1.8710073288292575e-05	9.355036644146287e-06	9.355036644146287e-06	0.0	9.355036644146287e-06	9.355036644146287e-06	0.0	9.355036644146287e-06	0.0	9.355036644146287e-06	0.0	0.0	9.355036644146287e-06	0.0	0.0	0.0	8.419532979731659e-05
Pbb-AGal_033-Ex1-4E-lcwgs-1-1	96.17393103204925	3.6754077722458858	0.14311185599948753	0.0059213476926772085	0.0006511968050770332	0.00025744989968161776	0.0001438690615867864	0.00011358083809483136	9.08646704758651e-05	0.00011358083809483136	6.814850285689882e-05	2.2716167618966274e-05	2.2716167618966274e-05	7.572055872988758e-06	3.786027936494379e-05	0.0	2.2716167618966274e-05	7.572055872988758e-06	0.0	7.572055872988758e-06	7.572055872988758e-06	0.0	0.0	0.0	0.0	0.0	0.0	0.0	7.572055872988758e-06	0.0	4.543233523793255e-05
Pbb-AGal_034-Ex1-4F-lcwgs-1-1	75.36329702603628	18.826082947932072	4.576110117884112	0.996465073348569	0.19526310557445004	0.03526170458355803	0.006119033748943462	0.0008550165002732448	0.0002472336868259985	6.180842170649962e-05	2.0602807235499874e-05	0.0	2.0602807235499874e-05	5.150701808874969e-05	1.0301403617749937e-05	2.0602807235499874e-05	0.0	1.0301403617749937e-05	1.0301403617749937e-05	0.0	3.090421085324981e-05	1.0301403617749937e-05	0.0	0.0	0.0	0.0	2.0602807235499874e-05	0.0	0.0	0.0	3.090421085324981e-05
Pbb-AGal_035-Ex1-4G-lcwgs-1-1	77.27689863053804	17.661026754985166	4.037478097722675	0.8361967227176935	0.15569643356217916	0.027260570259894982	0.004300620105130931	0.0006060494457095079	0.00010489317329587637	5.827398516437576e-05	8.158357923012606e-05	1.1654797032875152e-05	2.3309594065750304e-05	1.1654797032875152e-05	2.3309594065750304e-05	0.0	0.0	0.0	2.3309594065750304e-05	0.0	1.1654797032875152e-05	0.0	2.3309594065750304e-05	1.1654797032875152e-05	1.1654797032875152e-05	0.0	2.3309594065750304e-05	1.1654797032875152e-05	1.1654797032875152e-05	0.0	9.323837626300122e-05
Pbb-AGal_036-Ex1-4H-lcwgs-1-1	78.5146079795524	17.032892968324894	3.6280344759299017	0.6850088620346066	0.11620442089446828	0.019308852380180375	0.0028364756191909175	0.0004163633936427035	7.80681363080069e-05	9.107949235934138e-05	5.204542420533794e-05	2.602271210266897e-05	5.204542420533794e-05	0.0	1.3011356051334484e-05	7.80681363080069e-05	2.602271210266897e-05	1.3011356051334484e-05	1.3011356051334484e-05	1.3011356051334484e-05	2.602271210266897e-05	0.0	0.0	1.3011356051334484e-05	1.3011356051334484e-05	2.602271210266897e-05	0.0	2.602271210266897e-05	2.602271210266897e-05	0.0	0.00010409084841067588
Pbb-CGal_001-Ex1-5A-lcwgs-1-1	96.80131799531961	3.1082946962267886	0.08723396226220022	0.0025847099929540806	0.00018092969950678564	0.0	2.5847099929540806e-05	5.169419985908161e-05	2.5847099929540806e-05	5.169419985908161e-05	0.0	0.0	0.0	0.0	7.754129978862242e-05	0.0	5.169419985908161e-05	0.0	0.0	0.0	0.0	0.0	0.0	0.0	0.0	0.0	7.754129978862242e-05	0.0	0.0	2.5847099929540806e-05	0.0
Pbb-CGal_002-Ex1-5B-lcwgs-1-1	95.70441777922703	4.129857621333166	0.15928444618528007	0.0055955429916427326	0.00040722280532170824	0.00010557628286118362	6.032930449210493e-05	3.0164652246052464e-05	6.032930449210493e-05	1.5082326123026232e-05	0.0	0.0	0.0	1.5082326123026232e-05	0.0	3.0164652246052464e-05	0.0	0.0	1.5082326123026232e-05	0.0	1.5082326123026232e-05	0.0	1.5082326123026232e-05	0.0	0.0	0.0	1.5082326123026232e-05	0.0	0.0	0.0	6.032930449210493e-05
Pbb-CGal_003-Ex1-5C-lcwgs-1-1	97.84694090497281	2.107061972263556	0.04406416974477503	0.0014318170510081245	3.579542627520311e-05	7.159085255040622e-05	3.579542627520311e-05	0.00010738627882560933	0.0	0.0	3.579542627520311e-05	3.579542627520311e-05	0.00010738627882560933	0.0	0.0	0.0	0.0	0.0	0.0	0.0	0.0	0.0	0.0	0.0	0.0	0.0	3.579542627520311e-05	0.0	0.0	0.0	3.579542627520311e-05
Pbb-CGal_004-Ex1-5D-lcwgs-1-1	97.97891618057484	1.9800801555493832	0.03793033423043437	0.0017506308106354322	0.00015561162761203843	0.00027232034832106724	7.780581380601921e-05	3.890290690300961e-05	0.00011670872070902883	7.780581380601921e-05	3.890290690300961e-05	7.780581380601921e-05	0.0	0.0	3.890290690300961e-05	0.0	0.0	3.890290690300961e-05	0.0	0.0	0.0	3.890290690300961e-05	0.0	0.0	0.0	0.0	0.0	7.780581380601921e-05	0.0	0.0	0.00027232034832106724
Pbb-CGal_005-Ex1-5E-lcwgs-1-1	97.55175838403241	2.389193763675243	0.05599740973849428	0.0013944880246161999	0.0004793552584618187	0.00013073325230776874	4.3577750769256245e-05	8.715550153851249e-05	4.3577750769256245e-05	0.0	0.0	0.0	0.00013073325230776874	8.715550153851249e-05	4.3577750769256245e-05	0.0	4.3577750769256245e-05	4.3577750769256245e-05	8.715550153851249e-05	0.0	0.0	0.0	0.0	0.0	0.0	4.3577750769256245e-05	0.0	0.0	0.0	0.0	0.0003921997569233062
Pbb-CGal_006-Ex1-5F-lcwgs-1-1	97.50997834967384	2.42883255259999	0.058483457350522475	0.0018731356446786557	0.00015609463705655466	0.00010406309137103642	0.00010406309137103642	5.203154568551821e-05	0.0	0.0	0.0	0.0	0.0	5.203154568551821e-05	5.203154568551821e-05	0.0	0.0	0.0	0.0	0.0	0.0	5.203154568551821e-05	0.0	0.0	5.203154568551821e-05	0.0	5.203154568551821e-05	0.0	0.0	0.0	0.00015609463705655466
Pbb-CGal_007-Ex1-5G-lcwgs-1-1	96.78378634582197	3.120237288557555	0.09214624793692307	0.0031598470889350133	0.00022342353154085952	6.383529472595987e-05	3.191764736297993e-05	6.383529472595987e-05	6.383529472595987e-05	3.191764736297993e-05	0.0	0.0	0.0	3.191764736297993e-05	3.191764736297993e-05	0.0	3.191764736297993e-05	0.0	0.0	3.191764736297993e-05	0.0	0.0	0.0	0.0	0.0	6.383529472595987e-05	0.0	0.0	0.0	0.0	0.0
Pbb-CGal_008-Ex1-5H-lcwgs-4-1	97.71868726280658	2.2300954297662634	0.04943913113059072	0.0011368668125548574	0.00017490258654690114	2.915043109115019e-05	8.745129327345057e-05	0.0	0.0	2.915043109115019e-05	2.915043109115019e-05	2.915043109115019e-05	0.0	0.0	2.915043109115019e-05	5.830086218230038e-05	0.0	2.915043109115019e-05	2.915043109115019e-05	5.830086218230038e-05	0.0	0.0	0.0	2.915043109115019e-05	0.0	0.0	0.0	0.0	0.0	0.0	2.915043109115019e-05
Pbb-CVer_009-Ex1-6A-lcwgs-1-1	97.17804015098255	2.7497485955038323	0.06941433876485702	0.0020659029394302685	0.00019069873287048633	9.534936643524316e-05	3.1783122145081054e-05	0.0	0.00012713248858032422	6.356624429016211e-05	3.1783122145081054e-05	0.0	0.0	0.0	3.1783122145081054e-05	3.1783122145081054e-05	0.0	0.0	0.0	0.0	0.0	0.0	0.0	3.1783122145081054e-05	0.0	0.0	0.0	0.0	0.0	3.1783122145081054e-05	6.356624429016211e-05
Pbb-CVer_010-Ex1-6B-lcwgs-1-1	96.14969286720748	3.715225526173734	0.1295637589644479	0.004649080151315819	0.00023480202784423329	9.39208111376933e-05	4.696040556884665e-05	7.044060835326998e-05	4.696040556884665e-05	0.00011740101392211664	2.3480202784423326e-05	2.3480202784423326e-05	0.0	0.0	0.0	0.0	0.0	2.3480202784423326e-05	0.0	0.0	0.0	2.3480202784423326e-05	0.0	0.0	0.0	0.0	0.0	0.0	0.0	0.0	0.0001643614194909633
Pbb-CVer_011-Ex1-6C-lcwgs-1-1	95.59307296827781	4.231753530311484	0.16747308374006206	0.006644360390107559	0.00039602148020508634	0.0001320071600683621	4.4002386689454034e-05	4.4002386689454034e-05	0.0001320071600683621	2.2001193344727017e-05	2.2001193344727017e-05	4.4002386689454034e-05	4.4002386689454034e-05	2.2001193344727017e-05	0.0	0.0	0.0	2.2001193344727017e-05	2.2001193344727017e-05	0.0	0.0	0.0	0.0	0.0	0.0	0.0	0.0	0.0	2.2001193344727017e-05	0.0	8.800477337890807e-05
Pbb-CVer_012-Ex1-6D-lcwgs-1-1	96.74111048895057	3.160622075952904	0.09443964867195682	0.002991111796254668	0.0002300855227888206	0.000104584328540373	6.275059712422381e-05	6.275059712422381e-05	2.09168657080746e-05	0.0	0.0	4.18337314161492e-05	0.0	0.0	2.09168657080746e-05	0.0	2.09168657080746e-05	0.0	0.0	0.0	4.18337314161492e-05	0.0	0.0	2.09168657080746e-05	2.09168657080746e-05	0.0	2.09168657080746e-05	0.0	0.0	0.0	0.0001673349256645968
Pbb-CVer_013-Ex1-6E-lcwgs-1-1	96.73087818931027	3.1691533427033973	0.0962904218305677	0.0027688662071450798	0.00028928452910470986	4.1326361300672835e-05	4.1326361300672835e-05	0.0	4.1326361300672835e-05	0.0	0.0	4.1326361300672835e-05	8.265272260134567e-05	0.0	0.0	0.0	0.0	0.0	8.265272260134567e-05	0.0	0.0	4.1326361300672835e-05	0.0	0.0	0.0	4.1326361300672835e-05	0.0	0.0	4.1326361300672835e-05	0.0	0.00016530544520269134
Pbb-CVer_014-Ex1-6F-lcwgs-1-1	95.95286609974596	3.8991891533672165	0.14136653009810987	0.005568688469656021	0.00032565429647111235	0.00016282714823555617	6.513085929422247e-05	6.513085929422247e-05	0.0	3.2565429647111235e-05	0.0	0.0	9.769628894133372e-05	0.0	3.2565429647111235e-05	0.0	0.0	0.0	0.0	3.2565429647111235e-05	0.0	0.0	0.0	0.0	0.0	0.0	3.2565429647111235e-05	0.0	0.0	0.0	0.00016282714823555617
Pbb-CVer_015-Ex1-6G-lcwgs-1-1	97.32223057446872	2.6076535222810495	0.06699511800638812	0.002170981039194349	0.0001696078936870585	0.0001017647362122351	0.0001017647362122351	0.0	3.39215787374117e-05	3.39215787374117e-05	0.0	0.0	0.0	0.0	0.0	3.39215787374117e-05	6.78431574748234e-05	3.39215787374117e-05	0.0	6.78431574748234e-05	0.0	0.0	3.39215787374117e-05	0.0	3.39215787374117e-05	0.0	0.0	0.0	3.39215787374117e-05	0.0	0.0002035294724244702
Pbb-CVer_016-Ex1-6H-lcwgs-1-1	96.63968954008924	3.2591961009537247	0.09723148246894563	0.003005240021605814	0.00029254548882888455	0.00013297522219494752	2.65950444389895e-05	5.3190088877979e-05	2.65950444389895e-05	5.3190088877979e-05	0.0	2.65950444389895e-05	2.65950444389895e-05	5.3190088877979e-05	0.0	0.0	0.0	0.0	0.0	0.0	0.0	2.65950444389895e-05	0.0	0.0	2.65950444389895e-05	0.0	0.0	0.0	2.65950444389895e-05	0.0	0.000106380177755958
Pbb-CVer_017-Ex1-7A-lcwgs-1-1	97.25545142722697	2.670552144789007	0.07120068463034646	0.0019243428278472015	0.0002541584866968002	0.00010892506572720008	3.630835524240002e-05	0.0	3.630835524240002e-05	3.630835524240002e-05	3.630835524240002e-05	0.0	0.0	0.0	0.0	3.630835524240002e-05	0.0	0.0	0.0	3.630835524240002e-05	0.0	3.630835524240002e-05	3.630835524240002e-05	0.0	0.0	0.0	0.0	0.0	0.0	3.630835524240002e-05	0.00018154177621200013
Pbb-CVer_018-Ex1-7B-lcwgs-1-1	95.98385455589896	3.8648538360941695	0.14488667140198308	0.005279068842310211	0.0003252506869669798	0.0001000771344513784	7.50578508385338e-05	0.0	5.00385672256892e-05	5.00385672256892e-05	2.50192836128446e-05	0.0	0.0	0.0	2.50192836128446e-05	0.0001000771344513784	7.50578508385338e-05	0.0	0.0	0.0	0.0	0.0	0.0	2.50192836128446e-05	0.0	2.50192836128446e-05	0.0	0.0	0.0	0.0	0.000250192836128446
Pbb-CVer_019-Ex1-7C-lcwgs-1-1	97.11765305509016	2.8006408932776776	0.07783769090229514	0.002038730654929154	0.0004182011599854675	0.00020910057999273376	0.0002613757249909172	0.0	0.00015682543499455034	5.227514499818344e-05	0.0	0.0	5.227514499818344e-05	5.227514499818344e-05	0.0	0.0	5.227514499818344e-05	0.0	0.0	0.0	0.0	0.0	0.00010455028999636688	0.00010455028999636688	0.0	0.0	5.227514499818344e-05	0.0	0.0	0.0	0.0003136508699891007
Pbb-CVer_020-Ex1-7D-lcwgs-1-1	96.38582588707028	3.4980729013636602	0.1116075286472286	0.003456679168322992	0.0003024594272282618	0.0001728339584161496	4.32084896040374e-05	4.32084896040374e-05	0.0001296254688121122	0.0	8.64169792080748e-05	0.0	4.32084896040374e-05	0.0	0.0	0.0	4.32084896040374e-05	0.0	8.64169792080748e-05	4.32084896040374e-05	0.0	0.0	0.0	0.0	0.0	0.0	0.0	0.0	0.0	0.0	4.32084896040374e-05
Pbb-CVer_021-Ex1-7E-lcwgs-1-1	96.32238238020298	3.551694632159249	0.12095385514203245	0.003935093363680467	0.00017233985534367008	8.616992767183504e-05	8.616992767183504e-05	8.616992767183504e-05	0.00011489323689578005	0.0	2.8723309223945013e-05	2.8723309223945013e-05	2.8723309223945013e-05	2.8723309223945013e-05	0.0	2.8723309223945013e-05	0.0	0.0	5.7446618447890025e-05	2.8723309223945013e-05	0.0	0.0	0.0	5.7446618447890025e-05	0.0	2.8723309223945013e-05	0.0	0.0	0.0	0.0	0.00017233985534367008
Pbb-CVer_022-Ex1-7F-lcwgs-1-1	97.43733670694071	2.5007114640877566	0.05948803865508471	0.0016425268776313906	0.00010712131810639505	0.00010712131810639505	0.0	7.141421207093002e-05	3.570710603546501e-05	0.00010712131810639505	0.00010712131810639505	0.0	0.0	0.0	0.0	0.0	3.570710603546501e-05	0.0	0.0	0.00010712131810639505	0.0	0.0	0.0	0.0	0.0	0.0	0.0	0.0	0.0	0.0	0.00014282842414186004
Pbb-CVer_023-Ex1-7G-lcwgs-1-1	96.49983314923702	3.3877171970106548	0.10820724675546403	0.0035180936071582854	0.00015521001208051262	0.0001293416767337605	0.0	7.760500604025631e-05	0.0	0.0	2.5868335346752104e-05	2.5868335346752104e-05	0.0	0.0	0.0	0.0	2.5868335346752104e-05	0.0	0.0	0.0	0.0	2.5868335346752104e-05	0.0	0.0	0.0	5.173667069350421e-05	2.5868335346752104e-05	0.0	0.0	2.5868335346752104e-05	0.00015521001208051262
Pbb-CVer_024-Ex1-7H-lcwgs-1-1	96.01751020850058	3.8356385445200933	0.14092735469611453	0.004922958759496101	0.00044939872493325405	6.12816443090801e-05	4.085442953938674e-05	6.12816443090801e-05	4.085442953938674e-05	0.0	2.042721476969337e-05	0.0	2.042721476969337e-05	0.0	0.0	4.085442953938674e-05	0.0	0.0	4.085442953938674e-05	2.042721476969337e-05	2.042721476969337e-05	0.0	2.042721476969337e-05	2.042721476969337e-05	0.0	0.0	0.0	0.0	2.042721476969337e-05	0.0	0.0001225632886181602
Pbb-CVer_025-Ex1-8A-lcwgs-1-1	96.47298736652603	3.412663559451571	0.10959362770193058	0.0038819969963048246	0.00021836233104214635	0.00019409984981524122	2.4262481226905153e-05	2.4262481226905153e-05	9.704992490762061e-05	0.0	2.4262481226905153e-05	2.4262481226905153e-05	0.0	0.0	0.0	0.0	2.4262481226905153e-05	0.0	0.0	2.4262481226905153e-05	2.4262481226905153e-05	0.0	0.0	0.0	0.0	0.0	2.4262481226905153e-05	0.0	0.0	2.4262481226905153e-05	0.0001455748873614309
Pbb-CVer_026-Ex1-8B-lcwgs-1-1	95.84949370581093	3.9922551756745426	0.15161478128650138	0.005615362269870422	0.0004132517687783427	9.72357103007865e-05	7.292678272558988e-05	2.4308927575196626e-05	0.0	0.0	2.4308927575196626e-05	2.4308927575196626e-05	2.4308927575196626e-05	2.4308927575196626e-05	2.4308927575196626e-05	2.4308927575196626e-05	2.4308927575196626e-05	0.0	4.861785515039325e-05	2.4308927575196626e-05	2.4308927575196626e-05	0.0	0.0	0.0	0.0	0.0	0.0	0.0	0.0	0.0	0.00014585356545117976
Pbb-CVer_027-Ex1-8C-lcwgs-1-1	95.62955708101202	4.2023020621533265	0.16169567506529012	0.005661308310931246	0.00034838820374961515	4.354852546870189e-05	0.0	4.354852546870189e-05	0.0001306455764061057	4.354852546870189e-05	8.709705093740379e-05	0.0	0.0	0.0	0.0	0.0	4.354852546870189e-05	0.0	0.0	0.0	0.0	0.0	0.0	0.0	0.0	0.0	0.0	0.0	0.0	0.0	4.354852546870189e-05
Pbb-CVer_028-Ex1-8D-lcwgs-1-1	95.678736823458	4.154230778248535	0.15913016369782895	0.006643087324902546	0.00034735097123673444	4.3418871404591805e-05	0.00021709435702295905	4.3418871404591805e-05	0.00013025661421377542	4.3418871404591805e-05	8.683774280918361e-05	4.3418871404591805e-05	0.0	0.0	0.0	0.0	0.0	0.0	0.0	0.0	0.0	0.0	0.0	4.3418871404591805e-05	0.0	0.0	0.0	4.3418871404591805e-05	4.3418871404591805e-05	0.0	0.00017367548561836722
Pbb-CVer_029-Ex1-8E-lcwgs-1-1	94.32828391683259	5.372001752529419	0.2834389503196776	0.014817883573393352	0.0008833313605599613	0.0001324997040839942	4.416656802799807e-05	2.2083284013999034e-05	4.416656802799807e-05	4.416656802799807e-05	0.0	0.0	0.0	4.416656802799807e-05	0.0	0.0	0.0	4.416656802799807e-05	0.0	0.0	2.2083284013999034e-05	2.2083284013999034e-05	0.0	0.0	0.0	0.0	0.0	0.0	0.0	0.0	0.00015458298809799324
Pbb-CVer_030-Ex1-8F-lcwgs-1-1	95.84378181032665	3.997975347538167	0.15111019632098127	0.0060627489420757835	0.00030568482060886306	0.00012736867525369293	2.5473735050738584e-05	5.094747010147717e-05	0.0	5.094747010147717e-05	5.094747010147717e-05	2.5473735050738584e-05	7.642120515221576e-05	5.094747010147717e-05	2.5473735050738584e-05	0.0	0.0	0.0	5.094747010147717e-05	0.0	0.0	2.5473735050738584e-05	0.0	0.0	0.0	0.0	2.5473735050738584e-05	0.0	0.0	0.0	0.0001783161453551701
Pbb-CVer_031-Ex1-8G-lcwgs-1-1	94.38960292759671	5.318841273641369	0.2754129758199665	0.014829508533123568	0.0008755429392250078	2.7360716850781492e-05	2.7360716850781492e-05	2.7360716850781492e-05	5.4721433701562985e-05	2.7360716850781492e-05	0.0	2.7360716850781492e-05	2.7360716850781492e-05	5.4721433701562985e-05	0.0	0.0	5.4721433701562985e-05	0.0	0.0	2.7360716850781492e-05	0.0	0.0	0.0	0.0	2.7360716850781492e-05	0.0	0.0	0.0	0.0	0.0	5.4721433701562985e-05
Pbb-CVer_032-Ex1-8H-lcwgs-1-1	95.18394705899851	4.604735367630086	0.20140197357331238	0.008601206336483343	0.0005995478947682759	9.223813765665782e-05	9.223813765665782e-05	4.611906882832891e-05	9.223813765665782e-05	0.0	0.0	4.611906882832891e-05	0.0	2.3059534414164455e-05	2.3059534414164455e-05	4.611906882832891e-05	0.0	0.0	0.0	2.3059534414164455e-05	0.0	2.3059534414164455e-05	0.0	2.3059534414164455e-05	0.0	2.3059534414164455e-05	0.0	2.3059534414164455e-05	0.0	0.0	0.00013835720648498675
Pbb-CVer_033-Ex1-9A-lcwgs-1-1	94.44279955283038	5.269893966597785	0.27030048443375454	0.01483790101290694	0.0010162945899251329	0.00010162945899251331	0.00010162945899251331	3.387648633083776e-05	3.387648633083776e-05	3.387648633083776e-05	0.0	3.387648633083776e-05	0.00013550594532335105	0.0	6.775297266167552e-05	6.775297266167552e-05	3.387648633083776e-05	0.0	6.775297266167552e-05	3.387648633083776e-05	0.0	3.387648633083776e-05	0.0	0.0	3.387648633083776e-05	0.0	0.0	6.775297266167552e-05	0.0	3.387648633083776e-05	0.00023713540431586434
Pbb-CVer_034-Ex1-9B-lcwgs-1-1	95.4743491733309	4.346213666221718	0.17146883245422107	0.006590346460504653	0.0001797367216501269	0.0001797367216501269	0.0001797367216501269	5.99122405500423e-05	5.99122405500423e-05	0.0001797367216501269	5.99122405500423e-05	0.0	0.0	0.0	0.0	0.0	0.0	5.99122405500423e-05	0.0	0.0	0.0	5.99122405500423e-05	0.0	0.0	0.0001797367216501269	0.0	0.0	0.0	0.0	0.0	0.0001797367216501269
Pbb-CVer_035-Ex1-9C-lcwgs-1-1	95.2472633258155	4.54229980115003	0.20043000282064996	0.009129074581028145	0.0003511182531164671	5.8519708852744514e-05	0.00011703941770548903	0.0	5.8519708852744514e-05	0.0	0.00011703941770548903	0.0	5.8519708852744514e-05	0.0	0.0	0.0	5.8519708852744514e-05	0.0	0.0	0.0	0.0	0.0	0.0	0.0	0.0	0.0	0.0	5.8519708852744514e-05	0.0	0.0	0.0
Pbb-CVer_036-Ex1-9D-lcwgs-1-1	93.20806797656097	6.359163748095509	0.40605592915150845	0.02416831322133935	0.0007773434077038972	0.00021200274755560833	0.00021200274755560833	0.00014133516503707223	0.00021200274755560833	7.066758251853611e-05	0.0	0.0	0.00014133516503707223	7.066758251853611e-05	7.066758251853611e-05	7.066758251853611e-05	7.066758251853611e-05	0.0	0.0	0.0	0.0	0.0	7.066758251853611e-05	0.0	0.0	0.0	0.0	0.0	7.066758251853611e-05	0.0	0.0003533379125926805
Pbb-CVer_037-Ex1-9E-lcwgs-1-1	95.4187131486713	4.399203679174139	0.17299855036787834	0.007521676102951232	0.0005861046313987973	9.768410523313287e-05	0.00019536821046626574	9.768410523313287e-05	0.00019536821046626574	0.0	0.0	9.768410523313287e-05	0.0	0.0	0.0	9.768410523313287e-05	0.0	9.768410523313287e-05	9.768410523313287e-05	0.0	0.0	0.0	0.0	0.0	0.0	0.0	0.0	0.0	0.0	0.0	0.0
Pbb-CVer_038-Ex1-9F-lcwgs-1-1	94.27707876180263	5.418424054872297	0.28725145961879606	0.015397063162146521	0.0011142611498921825	0.00012662058521502073	0.0	0.00012662058521502073	2.532411704300415e-05	5.06482340860083e-05	5.06482340860083e-05	0.0	0.0	5.06482340860083e-05	2.532411704300415e-05	2.532411704300415e-05	0.0	2.532411704300415e-05	2.532411704300415e-05	0.0	5.06482340860083e-05	0.0	0.0	0.0	0.0	0.0	0.0	0.0	0.0	0.0	0.0001519447022580249
Pbb-CVer_039-Ex1-9G-lcwgs-1-1	95.10914563069409	4.678791325818	0.20117662218785964	0.009405275544950553	0.0007776015214329196	7.405728775551616e-05	0.00011108593163327423	3.702864387775808e-05	3.702864387775808e-05	7.405728775551616e-05	3.702864387775808e-05	3.702864387775808e-05	0.0	3.702864387775808e-05	0.0	3.702864387775808e-05	7.405728775551616e-05	0.0	0.0	0.0	0.0	0.0	0.0	0.0	0.0	0.0	0.0	3.702864387775808e-05	0.0	0.0	0.00011108593163327423
Pbb-CVer_040-Ex1-9H-lcwgs-1-1	96.03224014753289	3.8226410710655476	0.1388112421223826	0.00530922370981326	0.00029495687276740335	6.806697063863154e-05	4.5377980425754365e-05	4.5377980425754365e-05	0.0	6.806697063863154e-05	2.2688990212877183e-05	2.2688990212877183e-05	2.2688990212877183e-05	2.2688990212877183e-05	4.5377980425754365e-05	0.0	4.5377980425754365e-05	0.0	0.0	0.0	0.0	2.2688990212877183e-05	0.0	0.0	2.2688990212877183e-05	2.2688990212877183e-05	0.0	0.0	0.0	2.2688990212877183e-05	0.00020420091191589463
Pbb-CVer_041-Ex1-10A-lcwgs-1-1	95.87460775391015	3.972183471022106	0.14670794401554577	0.00509524595982135	0.0001756981365455638	0.0003513962730911276	0.0001756981365455638	0.0	0.0001756981365455638	0.0001756981365455638	0.0	0.0	0.0	0.0	0.0001756981365455638	0.0	0.0	0.0	0.0	0.0	0.0	0.0	0.0	0.0	0.0	0.0	0.0	0.0	0.0	0.0	0.0001756981365455638
Pbb-CVer_042-Ex1-10B-lcwgs-1-1	96.83362986897896	3.072808022141328	0.08853463672679183	0.0031528215196258876	0.00034084556968928516	0.0	0.0002556341772669639	8.521139242232129e-05	8.521139242232129e-05	0.00017042278484464258	0.00017042278484464258	0.00017042278484464258	0.0	0.0	0.0	8.521139242232129e-05	8.521139242232129e-05	8.521139242232129e-05	0.0	8.521139242232129e-05	0.0	0.0	0.0	0.0	0.0	8.521139242232129e-05	0.0	0.0	0.0	0.0	0.00017042278484464258
Pbb-CVer_043-Ex1-10C-lcwgs-1-1	96.27994940526867	3.590644839580648	0.1240543893361874	0.004135146311206247	0.00036486585098878646	6.0810975164797744e-05	0.0	0.00012162195032959549	0.00012162195032959549	0.00012162195032959549	0.00012162195032959549	0.0	6.0810975164797744e-05	6.0810975164797744e-05	0.0	0.0	0.0	0.0	6.0810975164797744e-05	0.0	0.0	0.0	0.0	0.0	6.0810975164797744e-05	0.0	0.0	0.0	0.0	6.0810975164797744e-05	0.0
Pbb-CVer_044-Ex1-10D-lcwgs-1-1	95.26423696802388	4.535251158118414	0.1906341412851113	0.008597285757620565	0.00036584194713278994	0.00015243414463866247	9.146048678319749e-05	0.00015243414463866247	0.0	6.0973657855464995e-05	0.0	0.0	3.0486828927732498e-05	0.00012194731571092999	3.0486828927732498e-05	0.0	3.0486828927732498e-05	3.0486828927732498e-05	0.0	3.0486828927732498e-05	0.0	0.0	0.0	0.0	0.0	0.0	0.0	0.0	0.0	0.0	0.00018292097356639497
