Sample	1	2	3	4	5	6	7	8	9	10	11	12	13	14	15	16	17	18	19	20	21	22	23	24	25	26	27	28	29	30	31
Sgr-AJol_001-Ex11A-lwgs-1-1	93.57728724425007	5.9723890650754825	0.4161268173777517	0.030597202423356805	0.0024565321500469297	0.000316187306441684	7.296630148654247e-05	0.00014593260297308494	7.296630148654247e-05	4.864420099102831e-05	9.728840198205662e-05	4.864420099102831e-05	0.0	2.4322100495514154e-05	2.4322100495514154e-05	0.0	2.4322100495514154e-05	0.0	0.0	2.4322100495514154e-05	0.0	0.0	2.4322100495514154e-05	0.0	0.0	0.0	2.4322100495514154e-05	0.0	2.4322100495514154e-05	0.0	0.00017025470346859907
Sgr-AJol_011-Ex111A-lwgs-1-1	95.68608291800847	4.083519770258072	0.21574053938113866	0.011499012455277482	0.0011320271329029645	0.00047664300332756393	0.0001787411262478365	0.0001787411262478365	0.0	0.00011916075083189098	5.958037541594549e-05	0.0	0.0	0.0	5.958037541594549e-05	5.958037541594549e-05	0.00011916075083189098	0.0	0.0	0.0	0.0	0.00011916075083189098	0.0	5.958037541594549e-05	0.0	5.958037541594549e-05	0.0	0.0	0.0	5.958037541594549e-05	0.00047664300332756393
Sgr-AJol_012-Ex112A-lwgs-1-1	95.3994978302646	4.356048288886594	0.22647370494913907	0.013389492691249776	0.0012751897801190264	0.0005100759120476105	0.0003825569340357079	0.00025503795602380526	0.0006375948900595132	0.00012751897801190263	0.00025503795602380526	0.0	0.0	0.0	0.00012751897801190263	0.0	0.00012751897801190263	0.00012751897801190263	0.00012751897801190263	0.0	0.0	0.00012751897801190263	0.0	0.0	0.0	0.0	0.0	0.0	0.0	0.0	0.0005100759120476105
Sgr-AJol_013-Ex11B-lwgs-1-1	96.05278592375367	3.7348973607038123	0.1975366568914956	0.01032258064516129	0.0021114369501466276	0.00093841642228739	0.0007038123167155425	0.0	0.0002346041055718475	0.0002346041055718475	0.0	0.0	0.0	0.0	0.0	0.0	0.0002346041055718475	0.0	0.0	0.0	0.0	0.0	0.0	0.0	0.0	0.0	0.0	0.0	0.0	0.0	0.0
Sgr-AJol_014-Ex12B-lwgs-1-1	95.0003893508224	4.703115671803213	0.27645638838177145	0.017477525805307283	0.0015920122515725446	0.00017304480995353747	0.00010382688597212247	3.460896199070749e-05	0.0	0.00010382688597212247	0.0	3.460896199070749e-05	3.460896199070749e-05	6.921792398141498e-05	3.460896199070749e-05	0.00010382688597212247	3.460896199070749e-05	0.0	0.0	3.460896199070749e-05	0.0	0.0	3.460896199070749e-05	0.0	0.0	0.0	0.0	0.0	0.0	0.0	0.00017304480995353747
Sgr-AJol_015-Ex13B-lwgs-1-1	93.34068679053217	6.158300166558924	0.46030127893140976	0.03661386213292228	0.0033258333810926967	0.00038603423173397375	0.00010393229315914677	2.969494090261336e-05	4.4542411353920044e-05	0.0	2.969494090261336e-05	0.0	0.0	0.0	1.484747045130668e-05	1.484747045130668e-05	0.0	0.0	0.0	0.0	0.0	0.0	1.484747045130668e-05	0.0	0.0	0.0	0.0	1.484747045130668e-05	0.0	2.969494090261336e-05	8.908482270784009e-05
Sgr-AJol_016-Ex14B-lwgs-1-1	94.79469885515182	4.888377302140368	0.2932553509208562	0.02105525136884022	0.001592832254853161	0.00024888003982080636	7.466401194624192e-05	4.977600796416128e-05	0.00012444001991040318	2.488800398208064e-05	0.0	2.488800398208064e-05	4.977600796416128e-05	0.0	2.488800398208064e-05	0.0	2.488800398208064e-05	2.488800398208064e-05	4.977600796416128e-05	2.488800398208064e-05	0.0	0.0	0.0	0.0	2.488800398208064e-05	0.0	0.0	0.0	0.0	0.0	0.00024888003982080636
Sgr-AJol_017-Ex15B-lwgs-1-1	94.24131698925362	5.379975741768293	0.35137220451136014	0.023954217567194985	0.002227689817518133	0.00034070550150277335	7.862434650064e-05	0.00010483246200085333	5.241623100042667e-05	5.241623100042667e-05	0.00010483246200085333	0.0	2.6208115500213333e-05	2.6208115500213333e-05	2.6208115500213333e-05	0.0	2.6208115500213333e-05	2.6208115500213333e-05	0.0	2.6208115500213333e-05	0.0	0.0	0.0	0.0	0.0	0.0	0.0	0.0	0.0	2.6208115500213333e-05	0.00023587303950192
Sgr-AJol_018-Ex16B-lwgs-1-1	91.56940966675666	7.626717932215804	0.7220694546109895	0.07220694546109896	0.007197000716590256	0.0012143087628814836	0.00039983337314390314	0.00011846914759819352	0.00010366050414841933	0.00010366050414841933	4.442593034932257e-05	4.442593034932257e-05	5.923457379909676e-05	2.961728689954838e-05	4.442593034932257e-05	1.480864344977419e-05	0.0	0.0	1.480864344977419e-05	1.480864344977419e-05	1.480864344977419e-05	0.0	4.442593034932257e-05	2.961728689954838e-05	0.0	0.0	1.480864344977419e-05	0.0	1.480864344977419e-05	0.0	7.404321724887095e-05
Sgr-AJol_021-Ex19B-lwgs-1-1	93.7386650822858	5.8297490557525355	0.39965922152777505	0.028832146541572286	0.002326205753539141	0.00019207203469589235	0.00021341337188432482	6.402401156529745e-05	2.134133718843248e-05	2.134133718843248e-05	2.134133718843248e-05	2.134133718843248e-05	0.0	0.0	2.134133718843248e-05	0.0	2.134133718843248e-05	0.0	0.0	0.0	0.0	0.0	0.0	2.134133718843248e-05	0.0	0.0	0.0	0.0	0.0	0.0	0.0001493893603190274
Sgr-AJol_022-Ex110B-lwgs-1-1	93.48840833460278	6.017719731103192	0.4526176774092391	0.03652172915409174	0.003298428418366924	0.00046209866730744344	0.000318688736074099	0.00014340993123334453	7.967218401852475e-05	7.967218401852475e-05	3.18688736074099e-05	4.7803310411114845e-05	3.18688736074099e-05	3.18688736074099e-05	1.593443680370495e-05	0.0	1.593443680370495e-05	0.0	1.593443680370495e-05	0.0	0.0	0.0	0.0	0.0	0.0	0.0	0.0	0.0	0.0	0.0	0.0001593443680370495
Sgr-AJol_023-Ex111B-lwgs-1-1	94.75382615871949	4.915624915921422	0.30529103405257924	0.02135939069180815	0.0017021622402212152	0.0005490845936197468	0.00021963383744789876	0.00016472537808592407	0.0	5.490845936197469e-05	5.490845936197469e-05	0.00021963383744789876	5.490845936197469e-05	5.490845936197469e-05	5.490845936197469e-05	0.0	5.490845936197469e-05	0.0	5.490845936197469e-05	0.0	0.0	0.0	0.00010981691872394938	0.0	0.0	0.0	0.0	0.0	0.0	0.0	0.0005490845936197468
Sgr-AJol_024-Ex112B-lwgs-1-1	97.8358543349521	2.0599953980114565	0.08477347316919574	0.00968839693362237	0.0024220992334055926	0.0012110496167027963	0.0012110496167027963	0.0024220992334055926	0.0	0.0	0.0	0.0	0.0012110496167027963	0.0012110496167027963	0.0	0.0	0.0	0.0	0.0	0.0	0.0	0.0	0.0	0.0	0.0	0.0	0.0	0.0	0.0	0.0	0.0
Sgr-AJol_025-Ex11C-lwgs-1-1	95.40415693413472	4.353924757358096	0.2252000254014224	0.013996702135058672	0.0014255900322744943	0.00034559758358169556	0.00021599848973855975	4.3199697947711945e-05	8.639939589542389e-05	0.0	0.0	4.3199697947711945e-05	0.0	0.0	4.3199697947711945e-05	0.0	4.3199697947711945e-05	4.3199697947711945e-05	8.639939589542389e-05	0.0	0.0	0.0	0.0	0.0	0.0	0.0	0.0	0.0	0.0	0.0	0.00034559758358169556
Sgr-AJol_026-Ex12C-lwgs-1-1	95.18934053248981	4.527772961300159	0.26414254071919263	0.01641824004295914	0.001473727016478801	0.00016118889242736886	6.90809538974438e-05	6.90809538974438e-05	6.90809538974438e-05	0.0	2.3026984632481265e-05	6.90809538974438e-05	4.605396926496253e-05	2.3026984632481265e-05	2.3026984632481265e-05	0.0	4.605396926496253e-05	6.90809538974438e-05	0.0	0.0	2.3026984632481265e-05	0.0	0.0	0.0	0.0	0.0	2.3026984632481265e-05	2.3026984632481265e-05	0.0	0.0	0.00011513492316240633
Sgr-AJol_027-Ex13C-lwgs-1-1	91.9436282817757	7.306564513526754	0.6759751149740892	0.06569102128963406	0.0066904780583403765	0.0007993049007751778	0.00022202913910421602	2.9603885213895472e-05	5.9207770427790945e-05	8.881165564168641e-05	0.0	5.9207770427790945e-05	1.4801942606947736e-05	1.4801942606947736e-05	0.0	0.0	0.0	0.0	0.0	0.0	0.0	0.0	0.0	1.4801942606947736e-05	0.0	0.0	0.0	0.0	1.4801942606947736e-05	0.0	0.00013321748346252962
Sgr-AJol_028-Ex14C-lwgs-1-1	93.7866228793797	5.777566291100725	0.40305680789975673	0.029755509125135356	0.002539280851350634	0.00018909538254738764	4.052043911729735e-05	2.7013626078198234e-05	2.7013626078198234e-05	1.3506813039099117e-05	2.7013626078198234e-05	1.3506813039099117e-05	0.0	1.3506813039099117e-05	0.0	1.3506813039099117e-05	1.3506813039099117e-05	1.3506813039099117e-05	0.0	0.0	0.0	0.0	0.0	0.0	0.0	1.3506813039099117e-05	0.0	0.0	0.0	0.0	5.402725215639647e-05
Sgr-AJol_029-Ex15C-lwgs-1-1	92.21218696216981	7.126639389063029	0.6024333757877584	0.0526390382420309	0.0049890304883784195	0.0005878793887579665	9.533179277156214e-05	0.00011122042490015583	1.5888632128593692e-05	3.1777264257187385e-05	3.1777264257187385e-05	0.0	3.1777264257187385e-05	1.5888632128593692e-05	0.0	0.0	1.5888632128593692e-05	1.5888632128593692e-05	0.0	1.5888632128593692e-05	1.5888632128593692e-05	0.0	4.766589638578107e-05	1.5888632128593692e-05	0.0	1.5888632128593692e-05	0.0	0.0	0.0	0.0	4.766589638578107e-05
Sgr-AJol_030-Ex16C-lwgs-1-1	94.5877454819059	5.0744785732971245	0.3120848632237493	0.02206961899657367	0.001874639451446412	8.52108841566551e-05	0.0002556326524699653	0.0002556326524699653	0.00012781632623498266	0.00012781632623498266	8.52108841566551e-05	4.260544207832755e-05	8.52108841566551e-05	4.260544207832755e-05	8.52108841566551e-05	4.260544207832755e-05	4.260544207832755e-05	4.260544207832755e-05	0.0	4.260544207832755e-05	0.0	0.0	0.0	0.0	0.0	0.0	4.260544207832755e-05	0.0	0.0	4.260544207832755e-05	0.00029823809454829285
Sgr-AJol_031-Ex17C-lwgs-1-1	92.97301905673831	6.469236947399	0.5121870471416771	0.04054305535394613	0.003718168114905667	0.0005633588052887374	0.00013145038790070537	7.511450737183164e-05	5.633588052887374e-05	1.877862684295791e-05	0.0	7.511450737183164e-05	0.0	0.0	0.0	1.877862684295791e-05	0.0	1.877862684295791e-05	0.0	1.877862684295791e-05	1.877862684295791e-05	0.0	0.0	1.877862684295791e-05	5.633588052887374e-05	0.0	0.0	0.0	1.877862684295791e-05	0.0	0.000206564895272537
Sgr-AJol_032-Ex18C-lwgs-1-1	95.18485699811173	4.535347487680191	0.2607470179155345	0.016064109059089025	0.0015843043338092386	0.00014737714733109196	0.0002579100078294109	3.684428683277299e-05	0.00014737714733109196	0.0	3.684428683277299e-05	0.0	0.0	0.0	7.368857366554598e-05	3.684428683277299e-05	0.0	0.0	0.0	7.368857366554598e-05	7.368857366554598e-05	3.684428683277299e-05	0.0	3.684428683277299e-05	0.0	0.0	0.0	0.0	3.684428683277299e-05	3.684428683277299e-05	0.00036844286832772994
Sgr-AJol_034-Ex110C-lwgs-1-1	95.41519343205569	4.329774445838228	0.2374044837888277	0.014841334196139888	0.0012225620123256994	0.0003696117711682348	5.686334941049766e-05	0.0001990217229367418	5.686334941049766e-05	0.00011372669882099532	2.843167470524883e-05	2.843167470524883e-05	5.686334941049766e-05	5.686334941049766e-05	2.843167470524883e-05	2.843167470524883e-05	2.843167470524883e-05	5.686334941049766e-05	0.0	0.0	2.843167470524883e-05	0.0	2.843167470524883e-05	0.0	0.0	2.843167470524883e-05	2.843167470524883e-05	0.0	5.686334941049766e-05	0.0	0.0002843167470524883
Sgr-AJol_035-Ex111C-lwgs-1-1	95.28790138401428	4.433192747678028	0.2579398409659504	0.016285538057507182	0.002179953913209623	0.0005770466240849002	0.0003846977493899335	0.00019234887469496675	6.411629156498892e-05	0.00019234887469496675	0.0	6.411629156498892e-05	6.411629156498892e-05	0.0	0.0	0.0	0.0	0.0	0.0	0.00012823258312997783	0.0	6.411629156498892e-05	0.0	0.0	0.0	0.0	0.00012823258312997783	0.0	0.0	6.411629156498892e-05	0.0005770466240849002
Sgr-AJol_037-Ex11D-lwgs-1-1	97.43604734250562	2.414870535656286	0.1328422392849255	0.010718322485091789	0.0022735835574437127	0.0012991906042535502	0.0006495953021267751	0.00032479765106338754	0.00032479765106338754	0.0	0.0	0.0	0.0	0.0006495953021267751	0.0	0.0	0.0	0.0	0.0	0.0	0.0	0.0	0.0	0.0	0.0	0.0	0.0	0.0	0.0	0.0	0.0
Sgr-AJol_038-Ex12D-lwgs-1-1	91.1096277445126	7.993477379145052	0.8041122511024982	0.08228045107125627	0.00871922017503317	0.0012423163310073643	0.00020705272183456073	5.7514644954044644e-05	6.901757394485358e-05	5.7514644954044644e-05	2.3005857981617858e-05	3.450878697242679e-05	2.3005857981617858e-05	0.0	0.0	1.1502928990808929e-05	0.0	1.1502928990808929e-05	0.0	0.0	1.1502928990808929e-05	0.0	0.0	0.0	0.0	0.0	0.0	0.0	1.1502928990808929e-05	0.0	2.3005857981617858e-05
Sgr-AJol_039-Ex13D-lwgs-1-1	93.42422316602138	6.09355116996174	0.44595665060332534	0.0328783068049907	0.002792346618814664	0.00029393122303312245	7.348280575828061e-05	4.1990174719017496e-05	2.0995087359508748e-05	1.0497543679754374e-05	0.0	1.0497543679754374e-05	1.0497543679754374e-05	0.0	1.0497543679754374e-05	0.0	1.0497543679754374e-05	0.0	1.0497543679754374e-05	0.0	3.1492631039263123e-05	0.0	0.0	1.0497543679754374e-05	0.0	1.0497543679754374e-05	0.0	0.0	0.0	0.0	5.2487718398771875e-05
Sgr-AJol_041-Ex15D-lwgs-1-1	94.08787731005992	5.517366203257511	0.367235670649935	0.024088911253346928	0.002535674868773361	0.0003278889916517277	6.557779833034554e-05	8.743706444046072e-05	4.371853222023036e-05	4.371853222023036e-05	0.0	4.371853222023036e-05	2.185926611011518e-05	4.371853222023036e-05	0.0	0.0	2.185926611011518e-05	0.0	0.0	2.185926611011518e-05	0.0	0.0	0.0	0.0	0.0	0.0	2.185926611011518e-05	0.0	0.0	2.185926611011518e-05	0.00013115559666069108
Sgr-AJol_042-Ex16D-lwgs-1-1	94.57168585960403	5.052817617624857	0.34686908774409286	0.02566424438387482	0.0021596135195824213	0.000251117851114235	7.53353553342705e-05	2.5111785111423503e-05	0.00010044714044569401	5.0223570222847005e-05	2.5111785111423503e-05	2.5111785111423503e-05	0.0	2.5111785111423503e-05	2.5111785111423503e-05	0.0	2.5111785111423503e-05	2.5111785111423503e-05	2.5111785111423503e-05	0.0	2.5111785111423503e-05	5.0223570222847005e-05	0.0	0.0	2.5111785111423503e-05	0.0	0.0	0.0	0.0	0.0	2.5111785111423503e-05
Sgr-AJol_043-Ex17D-lwgs-1-1	93.15631408739549	6.331065625492981	0.4721170531629595	0.03600725666508913	0.0032931061681653255	0.0004141031708471368	0.00015775358889414735	3.9438397223536837e-05	9.85959930588421e-05	1.9719198611768418e-05	3.9438397223536837e-05	5.915759583530526e-05	1.9719198611768418e-05	1.9719198611768418e-05	3.9438397223536837e-05	1.9719198611768418e-05	1.9719198611768418e-05	1.9719198611768418e-05	0.0	0.0	0.0	3.9438397223536837e-05	0.0	0.0	1.9719198611768418e-05	3.9438397223536837e-05	0.0	0.0	0.0	0.0	0.00013803439028237894
Sgr-AJol_044-Ex18D-lwgs-1-1	95.06005317755411	4.656088026178552	0.264105833417691	0.016909446124646885	0.00147862869699827	0.00022748133799973386	0.0001516542253331559	7.582711266657795e-05	7.582711266657795e-05	3.7913556333288974e-05	3.7913556333288974e-05	0.00011374066899986693	0.0	0.0	7.582711266657795e-05	0.0	0.0	3.7913556333288974e-05	0.0	3.7913556333288974e-05	3.7913556333288974e-05	0.0	0.0	0.0	3.7913556333288974e-05	0.0	0.0	0.0	0.0	0.0	0.00041704911966617867
Sgr-AJol_045-Ex19D-lwgs-1-1	95.475339571753	4.2825310043774465	0.22471704890685595	0.013698546736397343	0.0012785310287304187	0.0005479418694558937	0.00018264728981863125	6.088242993954375e-05	6.088242993954375e-05	0.00018264728981863125	0.000243529719758175	6.088242993954375e-05	0.0001217648598790875	6.088242993954375e-05	0.0001217648598790875	0.0	0.0	0.00018264728981863125	0.0	0.0	0.0	0.0	0.0	0.0	0.0	0.0	0.0	0.0001217648598790875	0.0	0.0	0.00048705943951635
Sgr-AJol_046-Ex110D-lwgs-1-1	93.74896437538655	5.8013534999691085	0.4142061826816712	0.03161179320735044	0.002663424565812675	0.00039296428020187016	0.00021831348900103894	8.732539560041558e-05	6.549404670031169e-05	4.366269780020779e-05	0.0	2.1831348900103895e-05	2.1831348900103895e-05	4.366269780020779e-05	2.1831348900103895e-05	2.1831348900103895e-05	6.549404670031169e-05	0.0	0.0	0.0	2.1831348900103895e-05	0.0	0.0	0.0	0.0	0.0	4.366269780020779e-05	0.0	0.0	0.0	0.00013098809340062338
Sgr-AJol_047-Ex111D-lwgs-1-1	95.33038287137218	4.408381631743201	0.24187988647608277	0.016093428879005688	0.0014788556267194414	0.0002609745223622544	0.0001739830149081696	8.69915074540848e-05	0.0	0.0001739830149081696	0.0	4.34957537270424e-05	4.34957537270424e-05	4.34957537270424e-05	0.0001304872611811272	8.69915074540848e-05	8.69915074540848e-05	0.0	4.34957537270424e-05	0.0001304872611811272	0.0	0.0	0.0	4.34957537270424e-05	4.34957537270424e-05	0.0	0.0	0.0	0.0	0.0	0.00039146178354338156
Sgr-AJol_048-Ex112D-lwgs-1-1	95.1448861713453	4.578342761834076	0.2562695063153805	0.017449801498726672	0.0014085041568478928	0.00031300092374397624	0.00023475069280798214	0.00015650046187198812	3.912511546799703e-05	7.825023093599406e-05	3.912511546799703e-05	3.912511546799703e-05	7.825023093599406e-05	7.825023093599406e-05	3.912511546799703e-05	0.0	3.912511546799703e-05	0.0	3.912511546799703e-05	0.0	3.912511546799703e-05	0.0	0.0	0.0	0.0	0.0	0.0	0.0	0.0	0.0	0.00043037627014796726
Sgr-AJol_049-Ex11E-lwgs-1-1	95.7808737549907	4.001591492997776	0.20377328940413444	0.011803764997978965	0.0009788488047104507	0.00017273802436066778	0.00011515868290711185	5.7579341453555926e-05	5.7579341453555926e-05	0.0	0.0	0.0	0.00011515868290711185	0.00017273802436066778	0.0	0.00017273802436066778	0.0	5.7579341453555926e-05	0.0	5.7579341453555926e-05	0.0	0.0	0.0	0.0	0.0	0.0	0.0	0.0	0.0	0.0	0.0
Sgr-AJol_050-Ex12E-lwgs-1-1	93.12542961435445	6.334589584962905	0.4962621905130616	0.038764053821296225	0.003901095862270576	0.00044442864253715426	4.938096028190603e-05	0.0001316825607517494	8.230160046984337e-05	1.6460320093968673e-05	1.6460320093968673e-05	1.6460320093968673e-05	1.6460320093968673e-05	3.292064018793735e-05	0.0	0.0	1.6460320093968673e-05	1.6460320093968673e-05	0.0	1.6460320093968673e-05	1.6460320093968673e-05	0.0	0.0	1.6460320093968673e-05	0.0	0.0	0.0	0.0	3.292064018793735e-05	0.0	0.0001316825607517494
Sgr-AJol_051-Ex13E-lwgs-1-1	95.68694526928935	4.085141543966077	0.21346737192991083	0.012335507529989753	0.0011530544957486012	0.0002610689424336455	0.00010877872601401896	0.00010877872601401896	0.0	0.0	2.1755745202803793e-05	0.0	2.1755745202803793e-05	2.1755745202803793e-05	0.0	4.3511490405607586e-05	2.1755745202803793e-05	4.3511490405607586e-05	4.3511490405607586e-05	0.0	4.3511490405607586e-05	4.3511490405607586e-05	2.1755745202803793e-05	2.1755745202803793e-05	0.0	2.1755745202803793e-05	2.1755745202803793e-05	0.0	0.0	0.0	8.702298081121517e-05
Sgr-AJol_052-Ex14E-lwgs-1-1	95.32964858711517	4.404026349064365	0.24911608423013282	0.014785611697934247	0.0014417505182632978	0.0001533777147088615	0.0001227021717670892	0.0001227021717670892	6.13510858835446e-05	3.06755429417723e-05	0.0	0.0	0.0	0.0	0.0	0.0	3.06755429417723e-05	0.0	0.0	0.0	0.0	3.06755429417723e-05	3.06755429417723e-05	0.0	0.0	3.06755429417723e-05	0.0	3.06755429417723e-05	0.0	0.0	0.0003374309723594953
Sgr-AJol_053-Ex15E-lwgs-1-1	95.01571752631624	4.67562424067356	0.28542178194268625	0.020262865007688844	0.0015292728307689692	0.00016991920341877438	0.00016991920341877438	0.00016991920341877438	4.2479800854693594e-05	0.00016991920341877438	8.495960170938719e-05	0.0	0.0	4.2479800854693594e-05	4.2479800854693594e-05	8.495960170938719e-05	0.0	8.495960170938719e-05	0.0	4.2479800854693594e-05	0.0	4.2479800854693594e-05	0.0	0.0	4.2479800854693594e-05	0.0	0.0	0.0	0.0	4.2479800854693594e-05	0.00021239900427346794
Sgr-AJol_054-Ex16E-lwgs-1-1	93.89827603095307	5.672037744473831	0.39659994993524234	0.02903211763041325	0.0027481198506764185	0.00035371839662171723	0.0001904637520270785	0.00010883642972975914	8.162732229731936e-05	2.7209107432439785e-05	2.7209107432439785e-05	0.0	2.7209107432439785e-05	2.7209107432439785e-05	2.7209107432439785e-05	2.7209107432439785e-05	0.0	5.441821486487957e-05	2.7209107432439785e-05	0.0	0.0	2.7209107432439785e-05	0.0	2.7209107432439785e-05	0.0	5.441821486487957e-05	0.0	0.0	0.0	0.0	0.00021767285945951828
Sgr-AJol_055-Ex17E-lwgs-1-1	95.22192225098475	4.50339763451564	0.25574172944874757	0.016748787469488612	0.0012745418757269381	0.00022876392641252736	0.00021242364595448968	4.9020841374113015e-05	9.804168274822603e-05	1.634028045803767e-05	1.634028045803767e-05	3.268056091607534e-05	1.634028045803767e-05	0.0	3.268056091607534e-05	0.0	0.0	0.0	1.634028045803767e-05	0.0	0.0	1.634028045803767e-05	0.0	0.0	0.0	0.0	0.0	0.0	0.0	0.0	0.00017974308503841436
Sgr-AJol_056-Ex18E-lwgs-1-1	93.50135070620611	6.020281572300931	0.4391856559822998	0.03477747530141696	0.0029642265863152515	0.0004801212076426111	0.0001669986809191691	0.0001043741755744807	4.1749670229792275e-05	0.0001252490106893768	2.0874835114896138e-05	4.1749670229792275e-05	4.1749670229792275e-05	4.1749670229792275e-05	0.0	4.1749670229792275e-05	0.0	0.0	4.1749670229792275e-05	0.0	2.0874835114896138e-05	0.0	2.0874835114896138e-05	0.0	0.0	0.0	0.0	2.0874835114896138e-05	2.0874835114896138e-05	0.0	0.0002087483511489614
Sgr-AJol_057-Ex19E-lwgs-1-1	94.3672911825739	5.28240200209251	0.3276174513864474	0.01976307214836045	0.0020568862643679867	0.0003392802085555442	2.1205013034721514e-05	6.361503910416455e-05	4.241002606944303e-05	4.241002606944303e-05	2.1205013034721514e-05	4.241002606944303e-05	2.1205013034721514e-05	4.241002606944303e-05	2.1205013034721514e-05	0.0	2.1205013034721514e-05	0.0	0.0	0.0	0.0	0.0	0.0	2.1205013034721514e-05	0.0	0.0	0.0	0.0	2.1205013034721514e-05	0.0	0.0001484350912430506
Sgr-AJol_058-Ex110E-lwgs-1-1	95.21177737052618	4.513563362432453	0.2552847175438018	0.01525230492360892	0.001472230204981556	0.0005888920819926224	0.0003533352491955734	0.00023555683279704895	0.0001766676245977867	0.0001766676245977867	0.0	0.0	5.888920819926224e-05	5.888920819926224e-05	5.888920819926224e-05	5.888920819926224e-05	0.0001766676245977867	0.0	0.0	0.0	5.888920819926224e-05	5.888920819926224e-05	0.0	0.0	5.888920819926224e-05	0.0	0.0	0.0	0.0	0.0	0.00053000287379336
Sgr-AJol_059-Ex111E-lwgs-1-1	92.57987513822324	6.787110090234454	0.5763297690784003	0.04977556774134172	0.005112981694696401	0.000746218950036772	0.0001658264333415049	8.291321667075245e-05	8.291321667075245e-05	5.5275477780501626e-05	2.7637738890250813e-05	0.0	0.00011055095556100325	5.5275477780501626e-05	0.0	5.5275477780501626e-05	5.5275477780501626e-05	2.7637738890250813e-05	0.0	2.7637738890250813e-05	2.7637738890250813e-05	0.0	0.0	0.0	5.5275477780501626e-05	2.7637738890250813e-05	0.0	0.0	0.0	0.0	0.0001934641722317557
Sgr-AJol_060-Ex112E-lwgs-1-1	93.94423847052222	5.6279843313438995	0.39248569949048506	0.031156527412695614	0.0024040530411030565	0.0004327295473985502	0.0002884863649323668	0.0	0.0	0.0002884863649323668	0.0	0.0	9.616212164412226e-05	0.0	0.0	0.0	0.0001442431824661834	0.0	0.0	4.808106082206113e-05	0.0	0.0	4.808106082206113e-05	0.0	0.0	0.0	0.0	0.0	4.808106082206113e-05	0.0	0.00033656742575442793
Sgr-AJol_061-Ex11F-lwgs-1-1	95.17628705148205	4.552493210839545	0.2543479516958456	0.014676142601259604	0.0010400416016640665	0.00019260029660445678	0.00011556017796267407	7.704011864178271e-05	0.00019260029660445678	7.704011864178271e-05	0.0	3.8520059320891356e-05	0.0	0.0	0.0	3.8520059320891356e-05	0.0	3.8520059320891356e-05	0.0	0.0	7.704011864178271e-05	3.8520059320891356e-05	0.0	3.8520059320891356e-05	0.0	0.0	0.0	0.0	0.0	0.0	0.00023112035592534814
Sgr-AJol_062-Ex12F-lwgs-1-1	94.17147621745542	5.430419412570692	0.36917375887605813	0.0260564209335689	0.002220965126928157	0.000319354462695552	4.3548335822120726e-05	1.4516111940706907e-05	2.9032223881413814e-05	1.4516111940706907e-05	1.4516111940706907e-05	4.3548335822120726e-05	1.4516111940706907e-05	0.0	0.0	0.0	0.0	1.4516111940706907e-05	0.0	0.0	1.4516111940706907e-05	2.9032223881413814e-05	0.0	0.0	0.0	2.9032223881413814e-05	0.0	0.0	0.0	1.4516111940706907e-05	5.806444776282763e-05
Sgr-AJol_063-Ex13F-lwgs-1-1	95.2543491219949	4.466836792283506	0.2603292974506415	0.01593670379344959	0.0016987229849960291	0.0001788129457890557	4.4703236447263924e-05	4.4703236447263924e-05	4.4703236447263924e-05	0.0	4.4703236447263924e-05	2.2351618223631962e-05	2.2351618223631962e-05	2.2351618223631962e-05	2.2351618223631962e-05	2.2351618223631962e-05	6.705485467089589e-05	0.0	2.2351618223631962e-05	0.0	0.0	0.0	2.2351618223631962e-05	2.2351618223631962e-05	0.0	0.0	0.0	0.0	0.0	0.0	0.0002458678004599516
Sgr-AJol_064-Ex14F-lwgs-1-1	94.6667614554385	4.986466748529697	0.3222128869643896	0.021663542945776514	0.001964712725392619	0.0003102177987462031	0.00012925741614425127	0.00012925741614425127	5.170296645770051e-05	7.755444968655077e-05	0.0	2.5851483228850255e-05	2.5851483228850255e-05	0.0	0.0	0.0	0.0	2.5851483228850255e-05	2.5851483228850255e-05	0.0	2.5851483228850255e-05	0.0	0.0	0.0	0.0	0.0	0.0	0.0	0.0	0.0	0.00010340593291540102
Sgr-AJol_066-Ex16F-lwgs-1-1	93.99628742349813	5.597297306960408	0.37660365138692126	0.026968362739461273	0.002060083264819958	0.00025538222291156504	0.00010215288916462602	3.405096305487534e-05	0.00010215288916462602	5.107644458231301e-05	3.405096305487534e-05	1.702548152743767e-05	1.702548152743767e-05	5.107644458231301e-05	1.702548152743767e-05	0.0	0.0	0.0	1.702548152743767e-05	0.0	0.0	0.0	0.0	0.0	0.0	1.702548152743767e-05	0.0	1.702548152743767e-05	1.702548152743767e-05	0.0	3.405096305487534e-05
Sgr-AJol_067-Ex17F-lwgs-1-1	94.0144219264147	5.592976918000578	0.3638844666818285	0.025223174437814917	0.0021310438236935045	0.0004192217358085582	0.00010480543395213955	0.00017467572325356593	0.0	0.00010480543395213955	0.00010480543395213955	3.4935144650713184e-05	3.4935144650713184e-05	3.4935144650713184e-05	3.4935144650713184e-05	0.0	0.0	3.4935144650713184e-05	0.0	0.0	0.0	0.0	0.0	0.0	3.4935144650713184e-05	0.0	0.0	0.0	0.0	0.0	0.00024454601255499226
Sgr-AJol_068-Ex18F-lwgs-1-1	94.95074933059176	4.742695704524052	0.28521594690362934	0.018172350894061672	0.0016553032497561126	0.000431818239066812	0.000107954559766703	0.000215909119533406	7.196970651113532e-05	3.598485325556766e-05	3.598485325556766e-05	3.598485325556766e-05	7.196970651113532e-05	3.598485325556766e-05	0.0	3.598485325556766e-05	0.0	0.0	0.0	0.0	0.0	3.598485325556766e-05	0.0	3.598485325556766e-05	0.0	3.598485325556766e-05	3.598485325556766e-05	0.0	3.598485325556766e-05	0.0	0.00025189397278897366
Sgr-AJol_069-Ex19F-lwgs-1-1	93.10326599682564	6.308125969257166	0.5305620294283816	0.049493982945787586	0.006329842716876236	0.0010437506607615071	0.000235685633075179	0.000101008128460791	3.3669376153597e-05	6.7338752307194e-05	0.0	3.3669376153597e-05	0.0	6.7338752307194e-05	6.7338752307194e-05	6.7338752307194e-05	3.3669376153597e-05	3.3669376153597e-05	0.0	0.0	3.3669376153597e-05	0.0	0.0	0.0	0.0	3.3669376153597e-05	0.0	0.0	3.3669376153597e-05	3.3669376153597e-05	0.00030302438538237303
Sgr-AJol_071-Ex111F-lwgs-1-1	94.8169300025345	4.8534552299005105	0.30529892405608855	0.020391858180737476	0.0018655012215816618	0.00032163814165201066	0.00012865525666080427	0.00012865525666080427	0.00012865525666080427	0.0001929828849912064	6.432762833040214e-05	0.00012865525666080427	0.0	6.432762833040214e-05	6.432762833040214e-05	6.432762833040214e-05	6.432762833040214e-05	6.432762833040214e-05	0.0	0.0	0.0	0.0	0.0	6.432762833040214e-05	0.0	0.0	0.0	0.0	0.0	0.0	0.0005789486549736192
Sgr-AJol_072-Ex112F-lwgs-1-1	94.33665259207443	5.281837665479187	0.3532418896634505	0.024681236123446564	0.0023910777729926704	0.00029224283892132635	0.00013283765405514835	0.00010627012324411868	2.656753081102967e-05	5.313506162205934e-05	5.313506162205934e-05	2.656753081102967e-05	2.656753081102967e-05	0.0	0.0	0.0	2.656753081102967e-05	0.0	2.656753081102967e-05	0.0	2.656753081102967e-05	2.656753081102967e-05	0.0	0.0	0.0	0.0	2.656753081102967e-05	2.656753081102967e-05	0.0	5.313506162205934e-05	0.0002656753081102967
Sgr-AJol_073-Ex11G-lwgs-1-1	97.47653825254878	2.3595288310109503	0.14643445906742433	0.012893600169458747	0.0009209714406756247	0.0009209714406756247	0.0018419428813512494	0.0	0.0	0.0	0.0	0.0	0.0009209714406756247	0.0	0.0	0.0	0.0	0.0	0.0	0.0	0.0	0.0	0.0	0.0	0.0	0.0	0.0	0.0	0.0	0.0	0.0
Sgr-AJol_074-Ex12G-lwgs-1-1	95.69768213246816	4.066375525081234	0.21926365962219185	0.014488236678332355	0.0013768518657594465	0.0001564604392908462	6.258417571633848e-05	6.258417571633848e-05	3.129208785816924e-05	6.258417571633848e-05	9.387626357450771e-05	0.0	0.0	0.0	0.0	0.0	6.258417571633848e-05	0.0	3.129208785816924e-05	0.0	3.129208785816924e-05	3.129208785816924e-05	0.0	0.0	0.0	0.0	0.0	0.0	0.0	0.0	0.00018775252714901543
Sgr-AJol_075-Ex13G-lwgs-1-1	95.47882611153685	4.26776636995016	0.23688291501269307	0.014042886491106372	0.0014224475540560336	0.00012105936630264114	0.0	6.052968315132057e-05	0.00015132420787830142	9.079452472698086e-05	0.0	6.052968315132057e-05	0.0	3.0264841575660285e-05	6.052968315132057e-05	6.052968315132057e-05	0.0	3.0264841575660285e-05	3.0264841575660285e-05	3.0264841575660285e-05	0.0	0.0	3.0264841575660285e-05	0.0	0.0	0.0	3.0264841575660285e-05	0.0	0.0	0.0	0.0002723835741809426
Sgr-AJol_076-Ex14G-lwgs-1-1	93.69963622679379	5.827364525840442	0.4326078775715002	0.035593326643251384	0.0032927747114902157	0.0003763171098845961	0.00021951831409934772	9.407927747114902e-05	3.135975915704968e-05	3.135975915704968e-05	6.271951831409936e-05	3.135975915704968e-05	3.135975915704968e-05	3.135975915704968e-05	0.0	3.135975915704968e-05	3.135975915704968e-05	3.135975915704968e-05	3.135975915704968e-05	6.271951831409936e-05	3.135975915704968e-05	0.0	6.271951831409936e-05	0.0	0.0	0.0	3.135975915704968e-05	0.0	0.0	0.0	0.00028223783241344705
Sgr-AJol_077-Ex15G-lwgs-1-1	94.42303483900227	5.2056124728663224	0.3441351938354966	0.023773399273021644	0.002133510191168609	0.000365744604200333	0.0002438297361335553	6.0957434033388826e-05	6.0957434033388826e-05	3.0478717016694413e-05	0.0	0.00015239358508347206	3.0478717016694413e-05	0.0	3.0478717016694413e-05	3.0478717016694413e-05	0.0	0.0	0.0	3.0478717016694413e-05	3.0478717016694413e-05	3.0478717016694413e-05	0.0	0.0	3.0478717016694413e-05	0.0	0.0	0.0	0.0	0.0	0.0001828723021001665
Sgr-AJol_078-Ex16G-lwgs-1-1	94.41385066343554	5.2122812561430765	0.3446496777253792	0.025025176132288583	0.002146932000625294	0.0006709162501954044	0.00036900393760747237	0.00026836650007816174	6.709162501954044e-05	6.709162501954044e-05	6.709162501954044e-05	0.0	3.354581250977022e-05	0.0	0.0	0.0	3.354581250977022e-05	0.0	3.354581250977022e-05	6.709162501954044e-05	3.354581250977022e-05	3.354581250977022e-05	0.0	0.0	0.0	0.0	3.354581250977022e-05	0.0	0.0	0.0	0.00026836650007816174
Sgr-AJol_079-Ex17G-lwgs-1-1	94.93051138124736	4.7696753748057565	0.2773899730868481	0.019025805578219843	0.00141125480937345	0.00047041826979115	0.00010453739328692221	0.00010453739328692221	0.00020907478657384443	5.2268696643461107e-05	0.0	0.00015680608993038332	0.00010453739328692221	0.00010453739328692221	0.0	5.2268696643461107e-05	5.2268696643461107e-05	0.0	0.00010453739328692221	5.2268696643461107e-05	0.0	5.2268696643461107e-05	0.0	0.0	0.0	0.0	5.2268696643461107e-05	0.0	0.0	0.0	0.00031361217986076664
Sgr-AJol_080-Ex18G-lwgs-1-1	95.35327620596217	4.374215452114112	0.2506152615673025	0.015842229001620526	0.0023103250627363268	0.000660092875067522	0.000330046437533761	0.0	0.00011001547917792032	0.0004400619167116813	0.00011001547917792032	0.00011001547917792032	0.00022003095835584064	0.00011001547917792032	0.0	0.0	0.0	0.0	0.0	0.00011001547917792032	0.00011001547917792032	0.00022003095835584064	0.0	0.0	0.00022003095835584064	0.0	0.00011001547917792032	0.0	0.0	0.0	0.0008801238334233626
Sgr-AJol_081-Ex19G-lwgs-1-1	96.93959083987879	2.8990969531591566	0.13417557401516636	0.021106270069801453	0.0030151814385430643	0.0030151814385430643	0.0	0.0	0.0	0.0	0.0	0.0	0.0	0.0	0.0	0.0	0.0	0.0	0.0	0.0	0.0	0.0	0.0	0.0	0.0	0.0	0.0	0.0	0.0	0.0	0.0
Sgr-AJol_082-Ex110G-lwgs-1-1	96.01200266343383	3.7906601249748553	0.18448259355634034	0.009896442336550036	0.0009681302285755469	0.00021514005079456599	5.3785012698641496e-05	0.00010757002539728299	0.0001613550380959245	5.3785012698641496e-05	0.0	0.0001613550380959245	0.00010757002539728299	0.0	5.3785012698641496e-05	5.3785012698641496e-05	0.0	0.00010757002539728299	0.0	5.3785012698641496e-05	5.3785012698641496e-05	0.0	0.0	5.3785012698641496e-05	0.0	0.0	5.3785012698641496e-05	0.0	0.00010757002539728299	5.3785012698641496e-05	0.000537850126986415
Sgr-AJol_083-Ex111G-lwgs-1-1	95.21949252913167	4.512483827142308	0.2489605361749829	0.01577951007813594	0.0015049821750823293	0.00018242208182816112	0.0002280276022852014	0.00018242208182816112	0.0002280276022852014	4.560552045704028e-05	0.0	0.0	0.0	9.121104091408056e-05	0.0	0.0	0.0	4.560552045704028e-05	4.560552045704028e-05	4.560552045704028e-05	4.560552045704028e-05	4.560552045704028e-05	0.0	4.560552045704028e-05	0.0	4.560552045704028e-05	0.0	0.0	0.0	0.0	0.0005016607250274432
Sgr-AJol_084-Ex112G-lwgs-1-1	94.24970225663503	5.367126557909143	0.3543179335389756	0.025346472068498507	0.001975338015846206	0.0005326754200034713	0.0002441429008349243	0.00013316885500086782	6.658442750043391e-05	4.4389618333622604e-05	8.877923666724521e-05	6.658442750043391e-05	0.0	0.0	6.658442750043391e-05	0.0	2.2194809166811302e-05	0.0	0.0	0.0	0.0	0.0	0.0	0.0	0.0	0.0	0.0	2.2194809166811302e-05	0.0	0.0	0.0002441429008349243
Sgr-AJol_085-Ex11H-lwgs-1-1	95.1818112483793	4.552376618034466	0.2455573990420261	0.016316313938383096	0.0016253799325592357	0.000375087676744439	0.0003125730639536992	0.0001875438383722195	0.0001875438383722195	0.00012502922558147966	0.0	0.0	0.0	0.00012502922558147966	6.251461279073983e-05	6.251461279073983e-05	6.251461279073983e-05	0.0	6.251461279073983e-05	0.0	0.0	0.0	0.0	6.251461279073983e-05	6.251461279073983e-05	0.0	6.251461279073983e-05	6.251461279073983e-05	0.0	6.251461279073983e-05	0.00043760228953517886
Sgr-AJol_086-Ex12H-lwgs-1-1	96.0808214390513	3.710798633375452	0.1921351020363804	0.012412419512323474	0.001601602517719158	0.0002860004495927067	0.0003432005395112481	0.00011440017983708271	0.0002860004495927067	0.00011440017983708271	0.00011440017983708271	0.00011440017983708271	0.0	0.0	5.720008991854136e-05	0.0	0.00011440017983708271	0.0	5.720008991854136e-05	0.0	0.0	5.720008991854136e-05	0.0	0.0	5.720008991854136e-05	0.0	0.0	0.0	0.0	0.0	0.0005148008092668721
Sgr-AJol_088-Ex14H-lwgs-1-1	95.3166344802935	4.394432833079318	0.26578580258252205	0.01905118874453287	0.001861679681876176	0.00037233593637523517	0.0004964479151669802	0.00012411197879174505	0.00012411197879174505	0.00012411197879174505	0.0	0.00012411197879174505	0.0	6.205598939587252e-05	0.0	0.00012411197879174505	0.0	0.0	6.205598939587252e-05	6.205598939587252e-05	0.0	0.0	0.0	6.205598939587252e-05	0.0	0.0	0.0	0.0	6.205598939587252e-05	6.205598939587252e-05	0.00037233593637523517
Sgr-AJol_089-Ex15H-lwgs-1-1	94.11804111988242	5.4717911989565104	0.3789959549682186	0.027847646577071415	0.002543938481462066	0.0002543938481462066	0.0001865554886405515	6.783835950565509e-05	1.6959589876413772e-05	3.3919179752827543e-05	0.0	5.087876962924132e-05	1.6959589876413772e-05	1.6959589876413772e-05	3.3919179752827543e-05	0.0	0.0	0.0	0.0	0.0	0.0	0.0	0.0	1.6959589876413772e-05	1.6959589876413772e-05	0.0	0.0	0.0	1.6959589876413772e-05	0.0	5.087876962924132e-05
Sgr-AJol_090-Ex16H-lwgs-1-1	97.36200896718854	2.4491386084349682	0.16772208318751197	0.011225493756644502	0.0046222621350889125	0.001980969486466677	0.0006603231621555589	0.0	0.0006603231621555589	0.0	0.0	0.0013206463243111179	0.0	0.0	0.0	0.0	0.0	0.0	0.0	0.0	0.0	0.0	0.0	0.0	0.0	0.0	0.0	0.0	0.0006603231621555589	0.0	0.0
Sgr-AJol_091-Ex17H-lwgs-1-1	95.68109916268396	4.085271156295315	0.21604003819465298	0.01446395716707464	0.001164471127857704	0.0002451518163910956	6.12879540977739e-05	0.0003064397704888695	0.0001225759081955478	6.12879540977739e-05	6.12879540977739e-05	0.0	0.0	0.0001225759081955478	0.0	6.12879540977739e-05	0.0	0.0	6.12879540977739e-05	0.0	0.0	0.0	0.0	6.12879540977739e-05	0.0001838638622933217	0.0	0.0	0.0	6.12879540977739e-05	0.0	0.0005515915868799651
Sgr-AJol_092-Ex18H-lwgs-1-1	95.1186473164632	4.58453857431549	0.26935350551193293	0.021931623096763612	0.0021194425681746345	0.0006450477381401062	0.0003685987075086321	9.214967687715803e-05	0.0005528980612629482	0.0	0.0002764490306314741	0.0	0.00018429935375431606	9.214967687715803e-05	0.0	0.0	0.0	0.0	0.0	0.00018429935375431606	0.0	0.0	0.0	0.0	0.0	9.214967687715803e-05	9.214967687715803e-05	0.0	0.0	0.0	0.0008293470918944222
Sgr-AJol_094-Ex110H-lwgs-1-1	95.80321483194889	3.972771073268012	0.20810477050039722	0.013409770149108536	0.001114666032545546	0.0002702220684958899	0.00013511103424794496	6.755551712397248e-05	0.0001688887928099312	3.377775856198624e-05	0.0	0.0	3.377775856198624e-05	6.755551712397248e-05	0.0	6.755551712397248e-05	0.0	0.0	6.755551712397248e-05	0.0	3.377775856198624e-05	6.755551712397248e-05	6.755551712397248e-05	0.0	0.0	0.0	0.0	0.0	3.377775856198624e-05	3.377775856198624e-05	0.00023644430993390367
Sgr-AJol_095-Ex111H-lwgs-1-1	96.30257504839408	3.507508433835725	0.17279396868011287	0.0104565185282973	0.0018298907424520274	0.000522825926414865	0.00039211944481114876	0.000522825926414865	0.00039211944481114876	0.00039211944481114876	0.0	0.00013070648160371626	0.00013070648160371626	0.00013070648160371626	0.00039211944481114876	0.0	0.00013070648160371626	0.0	0.0	0.0	0.00013070648160371626	0.0	0.0	0.0	0.0	0.0	0.0	0.0	0.00013070648160371626	0.0	0.0014377712976408788
Sgr-AJol_096-Ex112H-lwgs-1-1	92.67914087978993	6.710097195915922	0.555240550173655	0.04873870504638622	0.0049596592043902364	0.0006702242168094914	0.0002948986553961762	8.042690601713898e-05	0.00021447174937903727	8.042690601713898e-05	2.680896867237966e-05	2.680896867237966e-05	0.0	2.680896867237966e-05	2.680896867237966e-05	5.361793734475932e-05	0.0	0.0	0.0	0.0	0.0	0.0	5.361793734475932e-05	0.0	0.0	0.0	0.0	2.680896867237966e-05	0.0	0.0	0.0002412807180514169
Sgr-AMvi_001-Ex11A-lwgs-2-1	97.40089418777943	2.301043219076006	0.13114754098360656	0.04769001490312966	0.005961251862891207	0.005961251862891207	0.005961251862891207	0.005961251862891207	0.02384500745156483	0.01788375558867362	0.005961251862891207	0.011922503725782414	0.0	0.0	0.0	0.0	0.005961251862891207	0.011922503725782414	0.0	0.0	0.011922503725782414	0.0	0.0	0.0	0.0	0.0	0.0	0.0	0.0	0.005961251862891207	0.0
Sgr-AMvi_002-Ex12A-lwgs-2-1	91.80052947359667	7.389494950609659	0.710891414558435	0.07429341445044353	0.012060363300708605	0.004059534052199301	0.001931234646191901	0.0011035626549668006	0.0008670849431882003	0.0009459108471144003	0.0007488460872989004	0.0006700201833727003	0.0004335424715941002	0.0004335424715941002	0.00011823885588930004	0.00011823885588930004	0.00015765180785240007	0.00011823885588930004	0.00015765180785240007	7.882590392620004e-05	3.941295196310002e-05	3.941295196310002e-05	7.882590392620004e-05	0.00011823885588930004	3.941295196310002e-05	7.882590392620004e-05	0.0	0.0	0.0	0.0	0.0003941295196310002
Sgr-AMvi_003-Ex13A-lwgs-2-1	94.31174470092945	5.273476924439644	0.3738115577525655	0.03219429683993387	0.004599185262847696	0.0012775514619021379	0.0008517009746014252	0.00017034019492028504	0.0003406803898405701	8.517009746014252e-05	0.0	8.517009746014252e-05	0.00025551029238042757	0.0	0.0	0.0	8.517009746014252e-05	8.517009746014252e-05	0.0	0.0	0.0	0.0	0.0	8.517009746014252e-05	0.0	8.517009746014252e-05	0.0	8.517009746014252e-05	0.0	0.0	0.0006813607796811402
Sgr-AMvi_004-Ex14A-lwgs-2-1	97.62419006479482	2.2318214542836574	0.10799136069114472	0.03599712023038157	0.0	0.0	0.0	0.0	0.0	0.0	0.0	0.0	0.0	0.0	0.0	0.0	0.0	0.0	0.0	0.0	0.0	0.0	0.0	0.0	0.0	0.0	0.0	0.0	0.0	0.0	0.0
Sgr-AMvi_005-Ex15A-lwgs-2-1	93.3086981783056	6.159904551725457	0.47664362550419975	0.04267915081640314	0.006336120429325956	0.001195494420627539	0.0014345933047530466	0.00035864832618826166	0.00023909888412550778	0.00011954944206275389	0.00011954944206275389	0.00035864832618826166	0.00011954944206275389	0.00011954944206275389	0.0	0.0	0.00011954944206275389	0.0	0.00011954944206275389	0.0	0.0	0.0	0.00011954944206275389	0.00023909888412550778	0.0	0.00023909888412550778	0.0	0.0	0.0	0.0	0.0008368460944392773
Sgr-AMvi_006-Ex16A-lwgs-2-1	90.71800900410605	8.326176890668037	0.8533798586965581	0.09040312552683298	0.009692784005171496	0.0010937382729570948	0.0003394360157453053	0.00015086045144235792	3.771511286058948e-05	3.771511286058948e-05	7.543022572117896e-05	3.771511286058948e-05	7.543022572117896e-05	0.0	3.771511286058948e-05	0.0	3.771511286058948e-05	0.0	3.771511286058948e-05	0.0	3.771511286058948e-05	3.771511286058948e-05	0.0	0.0	0.0	0.0	0.0	0.0	0.0	0.0	0.00030172090288471584
Sgr-AMvi_007-Ex17A-lwgs-2-1	89.1311855240857	9.557375603734581	1.138156025589529	0.14719857356989607	0.020206126987548128	0.0030615343920527465	0.000979691005456879	0.0003673841270463296	0.0003673841270463296	0.00024492275136421977	0.00012246137568210988	0.00012246137568210988	0.0	0.00012246137568210988	0.00012246137568210988	0.0	0.0	0.0	0.0	0.0	0.00012246137568210988	0.0	0.0	0.0	0.0	0.0	0.0	0.00012246137568210988	0.0	0.0	0.00012246137568210988
