1.0241305 -0.0099312 -0.0157750 -0.0280974 -0.0265628 -0.0177153 -0.0012225 -0.0085149 -0.0269261 -0.0041437 0.0100488 -0.0292361 0.0038334 -0.0072668 -0.0142771 -0.0421822 -0.0070263 0.0102839 -0.0134276 -0.0440935 0.0045011 0.0034790 -0.0386292 -0.0036887 -0.0117560 -0.0172996 -0.0120767 0.0198954 -0.0186206 -0.0061277 -0.0030062 -0.0254819 -0.0237348 -0.0213135 -0.0012050 -0.0098230 0.0026423 -0.0017063 -0.0053009 0.0003729 -0.0084663 -0.0317402 -0.0364180 -0.0084140 0.0031185 0.0048231 -0.0127039 -0.0136594 -0.0058381 -0.0014547 -0.0188234 -0.0010714 0.0320231 0.0063108 -0.0303097 0.0170825 -0.0279931 0.0020058 -0.0083896 -0.0038421 -0.0062392 -0.0076050 -0.0022993 -0.0049381 -0.0241089 0.0169546 -0.0096068 -0.0209814 0.0202443 0.0037376 -0.0337633 -0.0057881 -0.0381746 -0.0103961 -0.0222254 0.0011854 -0.0106718 -0.0231235 -0.0330692 -0.0067280 -0.0277415
-0.0099312 1.0348593 -0.0029098 -0.0128767 -0.0273129 -0.0110511 0.0091502 -0.0100602 -0.0327237 -0.0017674 0.0149726 -0.0207584 0.0129212 -0.0052736 -0.0259439 -0.0448292 -0.0110158 0.0188609 -0.0035423 -0.0477585 0.0019096 0.0125932 -0.0487318 -0.0089907 0.0031135 -0.0150696 -0.0081651 0.0357843 -0.0109770 -0.0152068 -0.0053171 -0.0251237 -0.0281154 -0.0261700 -0.0001504 -0.0081731 0.0164362 0.0037848 -0.0131733 0.0064551 -0.0098170 -0.0424981 -0.0356967 -0.0021946 0.0057018 0.0099596 -0.0184251 -0.0161899 -0.0039386 -0.0046570 -0.0182593 0.0109451 0.0336918 0.0147003 -0.0321839 0.0002787 -0.0338074 -0.0050321 0.0037955 -0.0027592 -0.0102595 0.0012982 0.0028251 -0.0009481 -0.0274468 0.0142501 -0.0058478 -0.0225723 0.0227933 -0.0039139 -0.0390100 -0.0065957 -0.0467682 0.0068318 -0.0346171 -0.0010021 -0.0126960 -0.0248563 -0.0323476 -0.0212851 -0.0365087
-0.0157750 -0.0029098 1.0228817 -0.0191565 -0.0115425 -0.0040386 -0.0134020 -0.0133501 -0.0127020 -0.0027160 -0.0064996 -0.0116598 -0.0196804 -0.0109678 -0.0193694 0.0026743 -0.0054721 -0.0113900 -0.0165649 -0.0076002 -0.0137731 -0.0154873 -0.0034338 -0.0083082 -0.0206112 -0.0167466 -0.0096550 -0.0122452 -0.0110407 -0.0196979 -0.0148331 -0.0115282 -0.0068452 -0.0083843 -0.0171672 -0.0105081 -0.0043393 -0.0047973 -0.0140199 -0.0055741 -0.0093739 -0.0017229 -0.0152790 -0.0069696 -0.0122436 -0.0053213 -0.0106142 -0.0100807 -0.0110470 -0.0132464 -0.0086408 -0.0085794 -0.0117975 -0.0143691 -0.0038425 -0.0154581 -0.0118855 -0.0143064 -0.0035732 -0.0141976 -0.0103446 -0.0074024 -0.0077992 0.0003506 0.0010997 -0.0170621 -0.0086248 -0.0098661 -0.0118363 -0.0202420 -0.0072858 -0.0130145 0.0010220 -0.0055579 -0.0038246 -0.0182346 -0.0041670 -0.0042673 -0.0166383 -0.0102434 0.0003562
-0.0280974 -0.0128767 -0.0191565 1.0391238 -0.0172491 -0.0024148 -0.0205368 -0.0187035 -0.0029878 -0.0146596 -0.0143134 -0.0040810 -0.0180370 -0.0113605 -0.0116774 -0.0083987 -0.0086579 -0.0128939 -0.0169675 0.0054658 -0.0181428 -0.0140883 -0.0098784 0.0011511 -0.0192965 -0.0215619 -0.0141293 -0.0163238 -0.0161049 -0.0136051 -0.0088740 -0.0087339 -0.0039022 0.0044560 -0.0100063 -0.0081200 -0.0225788 -0.0093889 -0.0217543 -0.0150062 -0.0032904 0.0125793 -0.0040121 -0.0114507 -0.0154051 -0.0175178 -0.0074693 -0.0048943 -0.0082293 -0.0155976 -0.0013983 -0.0042240 -0.0183333 -0.0140822 0.0031768 -0.0123384 -0.0021766 -0.0137326 -0.0160972 -0.0123165 -0.0084236 -0.0221497 -0.0095732 -0.0055588 -0.0089795 -0.0125853 -0.0019275 -0.0093817 -0.0158202 -0.0183297 -0.0052016 -0.0093036 -0.0010028 -0.0151768 0.0090206 -0.0092816 -0.0142166 -0.0020560 -0.0016190 -0.0060061 0.0071414
-0.0265628 -0.0273129 -0.0115425 -0.0172491 1.0180531 -0.0046408 -0.0231291 -0.0170056 -0.0054243 -0.0306602 -0.0282700 -0.0041506 -0.0170805 -0.0008986 -0.0081381 0.0039528 -0.0026965 -0.0188859 -0.0234676 0.0047701 -0.0198568 -0.0236800 0.0015306 -0.0102055 -0.0201813 -0.0098560 -0.0278647 -0.0284658 -0.0010658 -0.0195086 -0.0197646 0.0070249 0.0023563 -0.0042218 -0.0188172 -0.0172519 -0.0182375 -0.0108090 -0.0106708 -0.0211426 -0.0094650 0.0059235 0.0048446 -0.0190827 -0.0077426 -0.0122475 -0.0069052 -0.0018005 -0.0166241 -0.0101303 -0.0044352 -0.0210497 -0.0278104 -0.0158239 0.0190638 -0.0165424 0.0115122 -0.0152911 -0.0112882 -0.0202979 -0.0129628 -0.0194621 -0.0131454 -0.0014748 0.0075358 -0.0076880 -0.0038992 -0.0042693 -0.0205236 -0.0158993 0.0098361 -0.0099614 0.0044196 -0.0146460 0.0142319 -0.0132887 -0.0049962 0.0013540 -0.0024913 -0.0080758 -0.0009162
-0.0177153 -0.0110511 -0.0040386 -0.0024148 -0.0046408 1.0341058 -0.0228497 -0.0158757 0.0103390 -0.0220220 -0.0287406 -0.0037801 -0.0183570 -0.0094928 -0.0144795 0.0018942 -0.0043608 -0.0262846 -0.0128569 0.0173802 -0.0236483 -0.0213945 0.0091838 -0.0194789 -0.0217744 -0.0022406 -0.0171832 -0.0344525 -0.0199949 -0.0112187 -0.0296271 -0.0094972 0.0040414 0.0004776 -0.0149343 -0.0047260 -0.0265078 -0.0212395 -0.0183470 -0.0158799 -0.0022930 0.0163913 0.0111267 -0.0119705 -0.0159766 -0.0241532 0.0027855 -0.0012684 -0.0113327 -0.0140500 0.0041470 -0.0165961 -0.0335660 -0.0244012 0.0132342 -0.0162144 0.0137292 -0.0210168 -0.0134334 -0.0158837 -0.0086695 -0.0242764 -0.0052999 -0.0095476 0.0107027 -0.0187757 -0.0097219 -0.0011449 -0.0307282 -0.0203071 0.0093526 -0.0057187 0.0101220 -0.0180194 0.0147412 -0.0097017 -0.0031466 0.0038942 0.0052674 -0.0033422 0.0104708
-0.0012225 0.0091502 -0.0134020 -0.0205368 -0.0231291 -0.0228497 1.0610775 -0.0149547 -0.0481824 0.0151055 0.0256248 -0.0414468 0.0099525 -0.0125729 -0.0179024 -0.0609614 -0.0064540 0.0278392 -0.0058656 -0.0661029 0.0076361 0.0227088 -0.0561077 -0.0196918 -0.0013660 -0.0181664 -0.0024162 0.0531607 -0.0033103 -0.0063809 -0.0005766 -0.0366246 -0.0263627 -0.0348951 -0.0013544 -0.0078669 0.0253319 0.0030139 -0.0060936 0.0123026 -0.0075285 -0.0607798 -0.0573518 0.0031399 0.0103138 0.0186627 -0.0168857 -0.0110490 -0.0044600 -0.0077111 -0.0255596 0.0137364 0.0446923 0.0195030 -0.0513437 0.0177005 -0.0509747 0.0074876 0.0142998 0.0006664 -0.0014160 0.0203785 0.0046624 0.0052868 -0.0353034 0.0103462 -0.0076398 -0.0331619 0.0372766 0.0132111 -0.0523581 0.0027985 -0.0487387 0.0132923 -0.0499843 0.0025652 -0.0151226 -0.0315244 -0.0465441 -0.0133049 -0.0438886
-0.0085149 -0.0100602 -0.0133501 -0.0187035 -0.0170056 -0.0158757 -0.0149547 1.0332500 -0.0072244 -0.0195930 -0.0206761 -0.0000715 -0.0148504 -0.0066322 -0.0027380 0.0001191 -0.0094082 -0.0134789 0.0014617 -0.0053821 -0.0080745 -0.0224557 -0.0144044 -0.0123090 -0.0040948 -0.0115135 -0.0128976 -0.0110508 -0.0046264 -0.0148668 -0.0086202 -0.0095120 -0.0016718 -0.0070511 -0.0086610 -0.0039480 -0.0180412 -0.0135071 -0.0074707 -0.0055640 -0.0022367 0.0016344 -0.0032394 -0.0068640 -0.0047057 -0.0036602 -0.0073278 -0.0057909 -0.0053065 -0.0069668 -0.0017563 -0.0117633 -0.0170717 -0.0104045 -0.0001906 -0.0120189 0.0026032 -0.0158250 -0.0097677 -0.0017481 -0.0065747 -0.0120278 -0.0085580 0.0011350 0.0020251 -0.0101353 -0.0068281 -0.0068826 -0.0136321 -0.0130219 -0.0064961 -0.0065412 -0.0034847 -0.0107375 0.0011912 -0.0055921 -0.0044450 -0.0058656 -0.0121520 -0.0127169 -0.0069081
-0.0269261 -0.0327237 -0.0127020 -0.0029878 -0.0054243 0.0103390 -0.0481824 -0.0072244 1.0437937 -0.0301437 -0.0556176 0.0229401 -0.0345670 -0.0162298 -0.0056601 0.0471944 -0.0095789 -0.0415186 -0.0209882 0.0459448 -0.0138161 -0.0454517 0.0459812 -0.0080448 -0.0277989 -0.0020780 -0.0179703 -0.0613334 -0.0162167 -0.0112936 -0.0285069 0.0178379 0.0142028 0.0127639 -0.0155316 -0.0110174 -0.0363430 -0.0293379 -0.0137049 -0.0247043 -0.0045912 0.0502063 0.0403369 -0.0180464 -0.0360667 -0.0407870 -0.0050841 0.0051574 -0.0111514 -0.0111935 0.0120469 -0.0210806 -0.0507543 -0.0307424 0.0319119 -0.0299558 0.0353504 -0.0192411 -0.0251164 -0.0253342 -0.0092073 -0.0299559 -0.0177093 -0.0140573 0.0169526 -0.0358426 -0.0023602 0.0115393 -0.0499624 -0.0203284 0.0329176 -0.0097166 0.0318901 -0.0178594 0.0373613 -0.0123125 0.0010922 0.0267647 0.0179217 0.0007620 0.0273956
-0.0041437 -0.0017674 -0.0027160 -0.0146596 -0.0306602 -0.0220220 0.0151055 -0.0195930 -0.0301437 1.0318996 0.0060576 -0.0263077 0.0032864 -0.0123985 -0.0177237 -0.0405706 -0.0044177 0.0161812 -0.0065020 -0.0412630 -0.0036071 0.0145609 -0.0491734 -0.0351280 -0.0000486 -0.0188171 0.0009552 0.0232567 -0.0103742 -0.0147323 -0.0031174 -0.0279414 -0.0254876 -0.0222080 -0.0105072 -0.0035544 0.0111076 -0.0035233 -0.0046163 0.0033484 -0.0068246 -0.0421337 -0.0365672 -0.0009075 0.0067295 0.0094378 -0.0251872 -0.0113608 -0.0059718 0.0035291 -0.0205538 0.0006302 0.0230032 0.0070905 -0.0365434 0.0012472 -0.0314501 -0.0046183 0.0000156 -0.0001596 0.0022739 0.0081172 0.0016022 -0.0004322 -0.0271151 0.0023311 -0.0073703 -0.0257623 0.0163626 0.0043619 -0.0343776 -0.0037093 -0.0343841 0.0058434 -0.0273992 -0.0020625 -0.0130424 -0.0228568 -0.0280378 -0.0246228 -0.0262893
0.0100488 0.0149726 -0.0064996 -0.0143134 -0.0282700 -0.0287406 0.0256248 -0.0206761 -0.0556176 0.0060576 1.0372739 -0.0259690 0.0121508 -0.0172211 -0.0263711 -0.0629238 -0.0056832 0.0400440 -0.0077585 -0.0759739 0.0021634 0.0217430 -0.0784578 -0.0257847 0.0123064 -0.0229081 -0.0030828 0.0705130 -0.0007017 -0.0014784 0.0025240 -0.0466784 -0.0251155 -0.0416317 0.0035161 -0.0189857 0.0360226 0.0077154 -0.0060007 0.0179566 -0.0063464 -0.0742985 -0.0647255 -0.0016666 0.0208516 0.0233155 -0.0111059 -0.0244636 -0.0047844 -0.0014091 -0.0258885 0.0004784 0.0586328 0.0182230 -0.0582244 0.0145982 -0.0585839 0.0096711 0.0185089 0.0047568 -0.0019372 0.0235209 0.0031588 0.0040805 -0.0483318 0.0247567 -0.0094804 -0.0354747 0.0457821 0.0066434 -0.0621515 -0.0020195 -0.0581567 0.0146959 -0.0541874 0.0050001 -0.0247850 -0.0329007 -0.0408629 -0.0152239 -0.0510596
-0.0292361 -0.0207584 -0.0116598 -0.0040810 -0.0041506 -0.0037801 -0.0414468 -0.0000715 0.0229401 -0.0263077 -0.0259690 1.0476749 -0.0245580 -0.0108330 -0.0123922 0.0255403 -0.0006396 -0.0235601 -0.0211974 0.0383519 -0.0208776 -0.0320702 0.0342458 0.0022135 -0.0221297 0.0011989 -0.0186641 -0.0414431 -0.0140952 -0.0184663 -0.0160217 0.0179201 0.0106721 0.0065512 -0.0101032 -0.0027241 -0.0265082 -0.0191844 -0.0111088 -0.0289572 -0.0070046 0.0316689 0.0247543 -0.0157759 -0.0189905 -0.0264395 -0.0037087 0.0029015 -0.0040787 -0.0098985 0.0069261 -0.0141484 -0.0345068 -0.0216712 0.0297416 -0.0144252 0.0187400 -0.0190707 -0.0183679 -0.0160642 -0.0064684 -0.0236105 -0.0157076 -0.0109607 0.0115404 -0.0291731 -0.0045587 0.0058349 -0.0393917 -0.0242977 0.0219632 -0.0084783 0.0265436 -0.0195780 0.0237747 -0.0129350 -0.0038684 0.0125663 0.0186566 -0.0013799 0.0185120
0.0038334 0.0129212 -0.0196804 -0.0180370 -0.0170805 -0.0183570 0.0099525 -0.0148504 -0.0345670 0.0032864 0.0121508 -0.0245580 1.0329704 -0.0078315 -0.0094326 -0.0460665 -0.0085681 0.0200399 -0.0092126 -0.0453621 0.0068463 0.0147924 -0.0511450 -0.0246644 0.0042415 -0.0148457 -0.0029691 0.0362643 -0.0053398 0.0022541 0.0065994 -0.0342140 -0.0221105 -0.0296809 -0.0093304 -0.0065442 0.0168857 -0.0004702 0.0001261 -0.0029426 -0.0115190 -0.0426496 -0.0366636 -0.0018305 0.0053791 0.0036226 -0.0042540 -0.0161129 -0.0065213 -0.0032428 -0.0193239 0.0090972 0.0297466 0.0126620 -0.0409275 0.0014376 -0.0363753 0.0058317 0.0053760 -0.0029840 -0.0078272 0.0067709 0.0013769 0.0030278 -0.0329150 0.0143159 -0.0037892 -0.0230486 0.0238166 0.0018116 -0.0373337 0.0026014 -0.0366764 0.0056802 -0.0368668 0.0011608 -0.0191516 -0.0252347 -0.0315777 -0.0097736 -0.0306732
-0.0072668 -0.0052736 -0.0109678 -0.0113605 -0.0008986 -0.0094928 -0.0125729 -0.0066322 -0.0162298 -0.0123985 -0.0172211 -0.0108330 -0.0078315 1.0339707 -0.0071201 -0.0206259 -0.0081894 -0.0037821 -0.0084244 -0.0198986 -0.0066027 -0.0074487 -0.0172188 -0.0157653 -0.0075836 -0.0155111 -0.0110117 0.0002458 -0.0176491 -0.0060725 -0.0062717 -0.0160577 -0.0119369 -0.0113908 -0.0157060 -0.0079617 -0.0060372 -0.0090521 -0.0083586 -0.0089598 -0.0119403 -0.0118791 -0.0154422 0.0032942 -0.0027171 -0.0091979 -0.0085054 -0.0072019 -0.0042066 -0.0058060 -0.0076816 -0.0038520 -0.0040283 -0.0058950 -0.0058608 -0.0071488 -0.0066058 -0.0073460 -0.0034519 -0.0029767 -0.0127752 -0.0045839 -0.0046270 -0.0041373 -0.0083558 -0.0082239 -0.0147488 -0.0096789 -0.0034533 -0.0000246 -0.0104824 -0.0125561 -0.0104516 -0.0088234 -0.0077291 -0.0044017 -0.0146766 -0.0143145 -0.0090298 -0.0105954 -0.0161637
-0.0142771 -0.0259439 -0.0193694 -0.0116774 -0.0081381 -0.0144795 -0.0179024 -0.0027380 -0.0056601 -0.0177237 -0.0263711 -0.0123922 -0.0094326 -0.0071201 1.0330672 -0.0006426 -0.0042345 -0.0117951 -0.0141190 -0.0044076 -0.0160642 -0.0075180 0.0019335 -0.0033451 -0.0118283 -0.0130900 -0.0071973 -0.0167063 -0.0099631 -0.0107420 -0.0170760 -0.0020453 0.0012343 -0.0091736 -0.0074894 -0.0095401 -0.0152334 -0.0114958 -0.0045423 -0.0132941 -0.0084293 -0.0109016 -0.0036800 -0.0140705 -0.0110137 -0.0121923 -0.0139275 0.0008654 -0.0160438 -0.0097696 0.0048882 -0.0097071 -0.0164272 -0.0095149 -0.0022559 -0.0183613 -0.0105261 -0.0084882 -0.0106029 -0.0138391 0.0007536 -0.0101182 -0.0108184 -0.0095332 0.0007094 -0.0081292 -0.0097687 -0.0028532 -0.0150635 -0.0167155 0.0033392 -0.0128555 0.0021612 -0.0137213 -0.0015909 -0.0025700 -0.0122187 -0.0068423 -0.0089090 -0.0141353 -0.0068785
-0.0421822 -0.0448292 0.0026743 -0.0083987 0.0039528 0.0018942 -0.0609614 0.0001191 0.0471944 -0.0405706 -0.0629238 0.0255403 -0.0460665 -0.0206259 -0.0006426 1.0888788 -0.0069081 -0.0562425 -0.0212674 0.0704593 -0.0211005 -0.0474986 0.0704662 -0.0052643 -0.0327711 -0.0069537 -0.0255873 -0.0754107 -0.0152737 -0.0182264 -0.0326974 0.0264359 0.0258087 0.0283668 -0.0261933 -0.0138307 -0.0543538 -0.0323702 -0.0114886 -0.0358082 -0.0059379 0.0657381 0.0570490 -0.0204604 -0.0407012 -0.0485389 -0.0092767 0.0035448 0.0002906 -0.0098612 0.0187626 -0.0286190 -0.0750788 -0.0380665 0.0501999 -0.0399510 0.0459221 -0.0202265 -0.0370965 -0.0241371 -0.0133779 -0.0441220 -0.0273439 -0.0223646 0.0308670 -0.0454271 -0.0051803 0.0259695 -0.0676707 -0.0329129 0.0485178 -0.0149051 0.0597251 -0.0358419 0.0525179 -0.0260048 0.0058196 0.0327873 0.0267540 -0.0007263 0.0344399
-0.0070263 -0.0110158 -0.0054721 -0.0086579 -0.0026965 -0.0043608 -0.0064540 -0.0094082 -0.0095789 -0.0044177 -0.0056832 -0.0006396 -0.0085681 -0.0081894 -0.0042345 -0.0069081 1.0135462 -0.0055468 -0.0101962 0.0003766 -0.0072353 -0.0050394 -0.0053636 -0.0065651 -0.0088719 -0.0025715 -0.0116442 -0.0057694 -0.0044545 -0.0157881 -0.0130898 0.0019308 -0.0022278 -0.0069376 -0.0026420 -0.0058428 -0.0044911 -0.0039690 -0.0048671 -0.0083683 -0.0089979 -0.0042895 -0.0083496 -0.0055941 -0.0042242 -0.0039219 -0.0019745 -0.0077481 -0.0047917 -0.0074341 -0.0017486 -0.0033568 -0.0046383 -0.0066445 0.0046812 -0.0047795 -0.0074459 -0.0085980 -0.0056856 -0.0012851 -0.0088051 0.0029325 -0.0039535 -0.0043327 -0.0050473 -0.0032634 -0.0056617 -0.0001693 -0.0045599 -0.0033064 -0.0011339 -0.0071984 -0.0010587 -0.0030773 0.0054111 -0.0057139 -0.0016286 -0.0009719 0.0003633 -0.0067427 -0.0003309
0.0102839 0.0188609 -0.0113900 -0.0128939 -0.0188859 -0.0262846 0.0278392 -0.0134789 -0.0415186 0.0161812 0.0400440 -0.0235601 0.0200399 -0.0037821 -0.0117951 -0.0562425 -0.0055468 1.0534081 -0.0013655 -0.0613273 0.0129278 0.0143403 -0.0632289 -0.0191577 0.0065656 -0.0130540 0.0011688 0.0414450 -0.0005881 0.0038068 0.0147981 -0.0331059 -0.0278241 -0.0283767 0.0020640 -0.0077307 0.0239845 0.0045593 0.0001193 0.0148439 -0.0020545 -0.0552235 -0.0464221 -0.0023108 0.0165604 0.0185447 -0.0033984 -0.0168123 -0.0103642 0.0066179 -0.0203208 0.0080914 0.0362376 0.0236716 -0.0389063 0.0127148 -0.0425011 -0.0045153 0.0128901 0.0075135 -0.0044063 0.0082653 0.0036285 0.0007301 -0.0338417 0.0205224 -0.0106052 -0.0223613 0.0354283 0.0152899 -0.0404177 0.0091815 -0.0449162 0.0153731 -0.0391555 0.0057243 -0.0210869 -0.0210282 -0.0321988 -0.0027267 -0.0371411
-0.0134276 -0.0035423 -0.0165649 -0.0169675 -0.0234676 -0.0128569 -0.0058656 0.0014617 -0.0209882 -0.0065020 -0.0077585 -0.0211974 -0.0092126 -0.0084244 -0.0141190 -0.0212674 -0.0101962 -0.0013655 1.0405210 -0.0224489 -0.0036238 -0.0055149 -0.0286989 -0.0160819 -0.0171444 -0.0226872 -0.0099699 0.0042456 -0.0155250 -0.0158481 -0.0192169 -0.0211281 -0.0023583 -0.0046823 -0.0036386 -0.0097548 -0.0030572 -0.0037036 -0.0106691 -0.0014900 -0.0078985 -0.0220996 -0.0222520 -0.0071947 -0.0037711 -0.0031754 -0.0122810 -0.0113656 -0.0134599 -0.0098319 -0.0132822 0.0000033 0.0106272 0.0011424 -0.0158511 0.0003625 -0.0162354 0.0024564 -0.0052917 -0.0087428 -0.0072437 -0.0053583 -0.0008204 -0.0025625 -0.0118449 -0.0075738 -0.0098751 -0.0106091 0.0011030 -0.0093302 -0.0167360 -0.0115731 -0.0116954 -0.0098706 -0.0168340 -0.0074857 -0.0108780 -0.0160638 -0.0055240 -0.0073928 -0.0200284
-0.0440935 -0.0477585 -0.0076002 0.0054658 0.0047701 0.0173802 -0.0661029 -0.0053821 0.0459448 -0.0412630 -0.0759739 0.0383519 -0.0453621 -0.0198986 -0.0044076 0.0704593 0.0003766 -0.0613273 -0.0224489 1.1258268 -0.0204521 -0.0531179 0.0840156 0.0014295 -0.0447916 0.0070794 -0.0214073 -0.0937826 -0.0240478 -0.0254986 -0.0320203 0.0422458 0.0226705 0.0307573 -0.0189866 -0.0054751 -0.0626775 -0.0310592 -0.0133440 -0.0418983 -0.0034663 0.0831661 0.0770324 -0.0199922 -0.0414619 -0.0493757 0.0001224 0.0097974 -0.0050731 -0.0224482 0.0225393 -0.0283318 -0.0800382 -0.0527904 0.0626960 -0.0371728 0.0598500 -0.0274385 -0.0343167 -0.0341440 -0.0111736 -0.0491086 -0.0216294 -0.0174578 0.0409714 -0.0488231 -0.0115168 0.0235881 -0.0786116 -0.0424016 0.0603885 -0.0217189 0.0704771 -0.0419405 0.0599116 -0.0206842 0.0141719 0.0418272 0.0332013 0.0045969 0.0491538
0.0045011 0.0019096 -0.0137731 -0.0181428 -0.0198568 -0.0236483 0.0076361 -0.0080745 -0.0138161 -0.0036071 0.0021634 -0.0208776 0.0068463 -0.0066027 -0.0160642 -0.0211005 -0.0072353 0.0129278 -0.0036238 -0.0204521 1.0195400 0.0065347 -0.0258519 -0.0197489 -0.0079594 -0.0107193 -0.0019344 0.0115605 -0.0105956 -0.0020842 -0.0009374 -0.0192139 -0.0154631 -0.0147548 -0.0027328 -0.0101913 0.0056548 -0.0047077 -0.0100305 -0.0010366 -0.0057924 -0.0285240 -0.0241734 -0.0070778 0.0041067 0.0001851 -0.0055114 -0.0109446 -0.0034625 -0.0029354 -0.0092153 -0.0048581 0.0145831 0.0059299 -0.0163479 -0.0069088 -0.0223960 -0.0032414 -0.0007222 0.0049621 -0.0017663 -0.0000919 0.0016663 -0.0029635 -0.0145165 0.0042666 -0.0108711 -0.0144489 0.0102475 -0.0006972 -0.0228585 0.0009583 -0.0184423 -0.0007160 -0.0178381 -0.0030640 -0.0139248 -0.0065729 -0.0175638 -0.0120157 -0.0114728
0.0034790 0.0125932 -0.0154873 -0.0140883 -0.0236800 -0.0213945 0.0227088 -0.0224557 -0.0454517 0.0145609 0.0217430 -0.0320702 0.0147924 -0.0074487 -0.0075180 -0.0474986 -0.0050394 0.0143403 -0.0055149 -0.0531179 0.0065347 1.0521570 -0.0606533 -0.0148104 0.0027854 -0.0185268 -0.0043261 0.0376901 -0.0110730 -0.0088613 -0.0011562 -0.0338804 -0.0275914 -0.0265561 -0.0072225 -0.0166307 0.0244087 0.0022709 -0.0002462 0.0121606 -0.0087236 -0.0535922 -0.0442241 -0.0042759 0.0184288 0.0185470 -0.0128235 -0.0211290 -0.0073713 0.0000908 -0.0226172 0.0000587 0.0326066 0.0156019 -0.0394283 0.0084869 -0.0366395 0.0043760 0.0063898 0.0002983 -0.0021352 0.0055416 -0.0038499 0.0024251 -0.0306528 0.0113987 -0.0136375 -0.0211149 0.0240286 0.0092847 -0.0384361 0.0036589 -0.0493729 0.0123660 -0.0416015 0.0013232 -0.0094109 -0.0266296 -0.0281724 -0.0136540 -0.0365049
-0.0386292 -0.0487318 -0.0034338 -0.0098784 0.0015306 0.0091838 -0.0561077 -0.0144044 0.0459812 -0.0491734 -0.0784578 0.0342458 -0.0511450 -0.0172188 0.0019335 0.0704662 -0.0053636 -0.0632289 -0.0286989 0.0840156 -0.0258519 -0.0606533 1.0938476 0.0050117 -0.0360848 -0.0061328 -0.0273146 -0.1034652 -0.0196251 -0.0221892 -0.0380977 0.0294793 0.0352352 0.0265661 -0.0208614 -0.0073632 -0.0604783 -0.0315205 -0.0147184 -0.0415648 -0.0018805 0.0799820 0.0696279 -0.0147883 -0.0489188 -0.0604968 -0.0067839 0.0119672 -0.0078640 -0.0247614 0.0249538 -0.0312715 -0.0920015 -0.0514784 0.0588207 -0.0479610 0.0554724 -0.0291231 -0.0348775 -0.0280165 -0.0164403 -0.0445218 -0.0153431 -0.0149367 0.0347293 -0.0416314 0.0020424 0.0231143 -0.0720248 -0.0348043 0.0618016 -0.0281453 0.0544848 -0.0380718 0.0643300 -0.0260235 0.0032221 0.0359410 0.0337253 0.0022959 0.0469691
-0.0036887 -0.0089907 -0.0083082 0.0011511 -0.0102055 -0.0194789 -0.0196918 -0.0123090 -0.0080448 -0.0351280 -0.0257847 0.0022135 -0.0246644 -0.0157653 -0.0033451 -0.0052643 -0.0065651 -0.0191577 -0.0160819 0.0014295 -0.0197489 -0.0148104 0.0050117 1.0320648 -0.0093703 -0.0116098 -0.0218317 -0.0314866 -0.0171153 -0.0184999 -0.0204489 0.0032459 -0.0070988 -0.0017303 -0.0089284 -0.0081508 -0.0253697 -0.0136701 -0.0167982 -0.0059317 -0.0145441 0.0041303 0.0071346 -0.0154750 -0.0125242 -0.0221849 -0.0018585 -0.0030243 -0.0078453 -0.0176515 0.0053699 -0.0090429 -0.0232657 -0.0163226 0.0088488 -0.0221352 0.0079180 -0.0174045 -0.0160813 -0.0183424 -0.0109172 -0.0193573 -0.0158342 -0.0088476 -0.0016512 -0.0189734 -0.0096452 -0.0030424 -0.0248897 -0.0160471 0.0092572 -0.0057513 0.0086931 -0.0192579 0.0078069 -0.0115001 0.0012275 0.0049473 0.0001007 -0.0074440 -0.0045467
-0.0117560 0.0031135 -0.0206112 -0.0192965 -0.0201813 -0.0217744 -0.0013660 -0.0040948 -0.0277989 -0.0000486 0.0123064 -0.0221297 0.0042415 -0.0075836 -0.0118283 -0.0327711 -0.0088719 0.0065656 -0.0171444 -0.0447916 -0.0079594 0.0027854 -0.0360848 -0.0093703 1.0276743 -0.0201798 -0.0094002 0.0179582 -0.0060019 -0.0169298 -0.0082848 -0.0215928 -0.0189581 -0.0228015 -0.0064002 -0.0076924 0.0039207 -0.0025492 -0.0188914 -0.0063031 -0.0069122 -0.0344985 -0.0321342 0.0015600 -0.0015708 -0.0008043 -0.0037444 -0.0154889 -0.0104004 -0.0068025 -0.0080120 -0.0045624 0.0168686 0.0143052 -0.0310273 0.0069150 -0.0193263 0.0042505 0.0008925 -0.0024424 0.0042065 0.0032089 -0.0087700 0.0005050 -0.0242573 0.0039316 -0.0108966 -0.0093315 0.0057075 -0.0004101 -0.0223564 -0.0065658 -0.0269066 0.0008921 -0.0227230 0.0045276 -0.0159800 -0.0157523 -0.0249377 -0.0074518 -0.0257705
-0.0172996 -0.0150696 -0.0167466 -0.0215619 -0.0098560 -0.0022406 -0.0181664 -0.0115135 -0.0020780 -0.0188171 -0.0229081 0.0011989 -0.0148457 -0.0155111 -0.0130900 -0.0069537 -0.0025715 -0.0130540 -0.0226872 0.0070794 -0.0107193 -0.0185268 -0.0061328 -0.0116098 -0.0201798 1.0339844 -0.0140288 -0.0159288 -0.0130756 -0.0180174 -0.0133045 -0.0113475 -0.0030266 -0.0079042 -0.0118549 -0.0006884 -0.0069864 -0.0091466 -0.0081488 -0.0136748 -0.0085474 0.0031607 0.0019324 -0.0106455 -0.0134564 -0.0093680 -0.0080140 -0.0023696 -0.0056875 -0.0117508 0.0022761 -0.0048306 -0.0100693 -0.0048901 -0.0016308 -0.0116585 -0.0070316 -0.0102293 -0.0066969 -0.0084982 -0.0078568 -0.0180827 -0.0062367 -0.0069183 -0.0035064 -0.0085741 -0.0047841 -0.0086944 -0.0040810 -0.0066374 -0.0029239 -0.0139921 -0.0038182 -0.0102100 0.0051990 -0.0095657 -0.0049157 -0.0007908 0.0001097 -0.0048673 -0.0036922
-0.0120767 -0.0081651 -0.0096550 -0.0141293 -0.0278647 -0.0171832 -0.0024162 -0.0128976 -0.0179703 0.0009552 -0.0030828 -0.0186641 -0.0029691 -0.0110117 -0.0071973 -0.0255873 -0.0116442 0.0011688 -0.0099699 -0.0214073 -0.0019344 -0.0043261 -0.0273146 -0.0218317 -0.0094002 -0.0140288 1.0467395 0.0031464 -0.0124111 -0.0054121 -0.0153918 -0.0174652 -0.0181537 -0.0071426 -0.0099133 -0.0077680 0.0008982 -0.0045225 -0.0068853 -0.0090819 -0.0108162 -0.0143505 -0.0217813 -0.0068916 -0.0074509 0.0021909 -0.0102907 -0.0098494 -0.0175170 -0.0066305 -0.0083454 -0.0026996 0.0072580 0.0013802 -0.0165295 -0.0053114 -0.0152914 0.0020537 -0.0060640 -0.0059498 -0.0045028 -0.0073541 -0.0078495 -0.0049235 -0.0144659 -0.0023827 -0.0044955 -0.0108600 0.0002008 -0.0063762 -0.0120630 -0.0067712 -0.0200633 -0.0024122 -0.0171970 -0.0090049 -0.0010552 -0.0189674 -0.0231042 -0.0136792 -0.0197411
0.0198954 0.0357843 -0.0122452 -0.0163238 -0.0284658 -0.0344525 0.0531607 -0.0110508 -0.0613334 0.0232567 0.0705130 -0.0414431 0.0362643 0.0002458 -0.0167063 -0.0754107 -0.0057694 0.0414450 0.0042456 -0.0937826 0.0115605 0.0376901 -0.1034652 -0.0314866 0.0179582 -0.0159288 0.0031464 1.0989540 0.0036139 -0.0024063 0.0168324 -0.0559224 -0.0399320 -0.0320399 0.0036243 -0.0031796 0.0464478 0.0188373 -0.0039065 0.0273408 -0.0103856 -0.0863874 -0.0754970 0.0038106 0.0277447 0.0350993 -0.0107168 -0.0239203 0.0004809 0.0031818 -0.0239985 0.0170491 0.0653713 0.0347321 -0.0646906 0.0283796 -0.0586755 0.0126241 0.0163128 0.0194152 0.0053457 0.0189168 0.0134193 0.0062788 -0.0441631 0.0364189 -0.0086372 -0.0356640 0.0582579 0.0273059 -0.0620866 0.0035127 -0.0689355 0.0194849 -0.0577014 0.0093030 -0.0194553 -0.0374614 -0.0470376 -0.0121739 -0.0558529
-0.0186206 -0.0109770 -0.0110407 -0.0161049 -0.0010658 -0.0199949 -0.0033103 -0.0046264 -0.0162167 -0.0103742 -0.0007017 -0.0140952 -0.0053398 -0.0176491 -0.0099631 -0.0152737 -0.0044545 -0.0005881 -0.0155250 -0.0240478 -0.0105956 -0.0110730 -0.0196251 -0.0171153 -0.0060019 -0.0130756 -0.0124111 0.0036139 1.0123527 -0.0067226 -0.0075318 -0.0126846 -0.0102334 -0.0066449 -0.0069030 -0.0090687 -0.0025577 -0.0069656 -0.0098736 -0.0077936 -0.0081143 -0.0216046 -0.0220016 -0.0038160 -0.0040207 -0.0022952 -0.0174207 -0.0088258 -0.0053237 -0.0083715 -0.0084836 -0.0060660 0.0055961 0.0007669 -0.0123828 -0.0072015 -0.0123412 -0.0020580 -0.0012025 -0.0056805 -0.0026066 -0.0043217 -0.0039048 -0.0027733 -0.0203079 -0.0104099 -0.0065172 -0.0110476 -0.0006554 -0.0069125 -0.0134560 -0.0059441 -0.0217553 -0.0049141 -0.0159960 -0.0108724 -0.0088657 -0.0110396 -0.0225288 -0.0098828 -0.0173235
-0.0061277 -0.0152068 -0.0196979 -0.0136051 -0.0195086 -0.0112187 -0.0063809 -0.0148668 -0.0112936 -0.0147323 -0.0014784 -0.0184663 0.0022541 -0.0060725 -0.0107420 -0.0182264 -0.0157881 0.0038068 -0.0158481 -0.0254986 -0.0020842 -0.0088613 -0.0221892 -0.0184999 -0.0169298 -0.0180174 -0.0054121 -0.0024063 -0.0067226 1.0303520 -0.0140872 -0.0218859 -0.0120359 -0.0032825 -0.0137149 -0.0056268 -0.0003138 -0.0074188 0.0045954 -0.0035277 -0.0066693 -0.0192347 -0.0210927 -0.0062374 -0.0042017 -0.0108424 -0.0096993 -0.0131193 -0.0099787 0.0058203 -0.0134647 -0.0103385 0.0007837 -0.0062255 -0.0179680 -0.0110105 -0.0213245 -0.0135407 -0.0123822 -0.0027376 -0.0064579 -0.0038092 -0.0042137 -0.0083000 -0.0250889 0.0008135 -0.0143841 -0.0157181 0.0019775 -0.0014146 -0.0158672 -0.0126453 -0.0134177 -0.0066509 -0.0155056 -0.0008353 -0.0081544 -0.0099157 -0.0177220 -0.0112547 -0.0205389
-0.0030062 -0.0053171 -0.0148331 -0.0088740 -0.0197646 -0.0296271 -0.0005766 -0.0086202 -0.0285069 -0.0031174 0.0025240 -0.0160217 0.0065994 -0.0062717 -0.0170760 -0.0326974 -0.0130898 0.0147981 -0.0192169 -0.0320203 -0.0009374 -0.0011562 -0.0380977 -0.0204489 -0.0082848 -0.0133045 -0.0153918 0.0168324 -0.0075318 -0.0140872 1.0046629 -0.0335786 -0.0166589 -0.0113865 -0.0170207 -0.0128461 0.0100146 -0.0062756 -0.0102305 -0.0069979 -0.0100641 -0.0427006 -0.0257161 -0.0084123 -0.0026515 0.0034324 -0.0000166 -0.0163766 -0.0080254 0.0061998 -0.0180438 -0.0112304 0.0137524 0.0057152 -0.0292654 -0.0024540 -0.0271853 -0.0025938 0.0078650 -0.0124751 0.0007016 0.0022791 -0.0101607 -0.0027805 -0.0317680 0.0103833 -0.0095973 -0.0288807 0.0092301 -0.0002621 -0.0280235 -0.0104979 -0.0319945 -0.0021632 -0.0234322 -0.0071461 -0.0159642 -0.0173420 -0.0232008 -0.0122502 -0.0291360
-0.0254819 -0.0251237 -0.0115282 -0.0087339 0.0070249 -0.0094972 -0.0366246 -0.0095120 0.0178379 -0.0279414 -0.0466784 0.0179201 -0.0342140 -0.0160577 -0.0020453 0.0264359 0.0019308 -0.0331059 -0.0211281 0.0422458 -0.0192139 -0.0338804 0.0294793 0.0032459 -0.0215928 -0.0113475 -0.0174652 -0.0559224 -0.0126846 -0.0218859 -0.0335786 1.0446652 0.0170951 0.0017267 -0.0180337 -0.0104802 -0.0391167 -0.0200421 -0.0083088 -0.0266562 -0.0014792 0.0425618 0.0299740 -0.0071539 -0.0204496 -0.0346494 -0.0056665 0.0030502 -0.0071725 -0.0111158 0.0094362 -0.0165614 -0.0489811 -0.0244347 0.0312365 -0.0215894 0.0302609 -0.0155813 -0.0254140 -0.0180817 -0.0089285 -0.0310577 -0.0164626 -0.0168118 0.0186812 -0.0273780 -0.0092711 0.0115722 -0.0462033 -0.0250396 0.0294527 -0.0125085 0.0312158 -0.0313058 0.0288608 -0.0136916 -0.0000927 0.0196555 0.0230529 -0.0086086 0.0140313
-0.0237348 -0.0281154 -0.0068452 -0.0039022 0.0023563 0.0040414 -0.0263627 -0.0016718 0.0142028 -0.0254876 -0.0251155 0.0106721 -0.0221105 -0.0119369 0.0012343 0.0258087 -0.0022278 -0.0278241 -0.0023583 0.0226705 -0.0154631 -0.0275914 0.0352352 -0.0070988 -0.0189581 -0.0030266 -0.0181537 -0.0399320 -0.0102334 -0.0120359 -0.0166589 0.0170951 1.0294534 0.0086863 -0.0066624 0.0041844 -0.0253395 -0.0162177 -0.0080653 -0.0184948 -0.0047717 0.0276043 0.0169828 -0.0064455 -0.0165217 -0.0253487 -0.0030562 0.0014092 -0.0023597 -0.0140417 0.0047471 -0.0173759 -0.0292604 -0.0165391 0.0196952 -0.0128760 0.0163928 -0.0089025 -0.0083539 -0.0127762 -0.0060216 -0.0177149 -0.0101052 -0.0050405 0.0114222 -0.0216586 -0.0033284 0.0109753 -0.0300013 -0.0112291 0.0180688 -0.0057843 0.0189524 -0.0167470 0.0185962 -0.0075692 0.0001309 0.0095011 0.0105148 0.0004362 0.0150077
-0.0213135 -0.0261700 -0.0083843 0.0044560 -0.0042218 0.0004776 -0.0348951 -0.0070511 0.0127639 -0.0222080 -0.0416317 0.0065512 -0.0296809 -0.0113908 -0.0091736 0.0283668 -0.0069376 -0.0283767 -0.0046823 0.0307573 -0.0147548 -0.0265561 0.0265661 -0.0017303 -0.0228015 -0.0079042 -0.0071426 -0.0320399 -0.0066449 -0.0032825 -0.0113865 0.0017267 0.0086863 1.0237080 -0.0131704 -0.0117866 -0.0247866 -0.0137900 -0.0078408 -0.0208077 -0.0061465 0.0268304 0.0209338 -0.0158622 -0.0151854 -0.0212042 -0.0078797 -0.0003180 -0.0081004 -0.0074663 0.0081751 -0.0065525 -0.0283814 -0.0203077 0.0156846 -0.0146931 0.0180518 -0.0100156 -0.0172530 -0.0149692 -0.0055693 -0.0180172 -0.0039936 -0.0107482 0.0080286 -0.0213341 -0.0019306 0.0141402 -0.0308795 -0.0154741 0.0117131 -0.0080118 0.0108738 -0.0151389 0.0170856 -0.0092267 -0.0005635 0.0061003 0.0090128 0.0036671 0.0085704
-0.0012050 -0.0001504 -0.0171672 -0.0100063 -0.0188172 -0.0149343 -0.0013544 -0.0086610 -0.0155316 -0.0105072 0.0035161 -0.0101032 -0.0093304 -0.0157060 -0.0074894 -0.0261933 -0.0026420 0.0020640 -0.0036386 -0.0189866 -0.0027328 -0.0072225 -0.0208614 -0.0089284 -0.0064002 -0.0118549 -0.0099133 0.0036243 -0.0069030 -0.0137149 -0.0170207 -0.0180337 -0.0066624 -0.0131704 1.0077670 0.0027514 0.0032137 -0.0025401 -0.0088075 -0.0038039 -0.0036597 -0.0156060 -0.0214439 -0.0072002 -0.0004922 -0.0014428 -0.0092052 -0.0061831 0.0027943 -0.0058818 -0.0077213 0.0010450 0.0063831 -0.0031207 -0.0117603 -0.0054926 -0.0108831 -0.0014979 -0.0040855 0.0030572 -0.0011853 -0.0025523 -0.0026705 -0.0005949 -0.0065157 0.0007564 -0.0086165 -0.0121078 -0.0001867 -0.0030722 -0.0120196 -0.0051789 -0.0129847 0.0007714 -0.0083059 -0.0043082 -0.0062308 -0.0115791 -0.0107526 -0.0074550 -0.0189266
-0.0098230 -0.0081731 -0.0105081 -0.0081200 -0.0172519 -0.0047260 -0.0078669 -0.0039480 -0.0110174 -0.0035544 -0.0189857 -0.0027241 -0.0065442 -0.0079617 -0.0095401 -0.0138307 -0.0058428 -0.0077307 -0.0097548 -0.0054751 -0.0101913 -0.0166307 -0.0073632 -0.0081508 -0.0076924 -0.0006884 -0.0077680 -0.0031796 -0.0090687 -0.0056268 -0.0128461 -0.0104802 0.0041844 -0.0117866 0.0027514 1.0264145 -0.0103705 -0.0064752 -0.0129252 -0.0085873 -0.0069064 -0.0089254 -0.0109087 -0.0038754 -0.0051124 -0.0084158 -0.0018634 -0.0015829 -0.0085620 -0.0054972 -0.0035077 -0.0059136 -0.0037414 -0.0055922 -0.0030820 -0.0104073 -0.0090505 -0.0053159 -0.0073297 -0.0047714 -0.0037270 -0.0090230 -0.0073387 -0.0036368 -0.0059573 -0.0153057 0.0010471 -0.0031369 -0.0046600 -0.0077593 -0.0057951 -0.0020082 -0.0067204 -0.0033990 -0.0029223 -0.0078784 -0.0045939 -0.0072909 -0.0058880 -0.0064682 -0.0037544
0.0026423 0.0164362 -0.0043393 -0.0225788 -0.0182375 -0.0265078 0.0253319 -0.0180412 -0.0363430 0.0111076 0.0360226 -0.0265082 0.0168857 -0.0060372 -0.0152334 -0.0543538 -0.0044911 0.0239845 -0.0030572 -0.0626775 0.0056548 0.0244087 -0.0604783 -0.0253697 0.0039207 -0.0069864 0.0008982 0.0464478 -0.0025577 -0.0003138 0.0100146 -0.0391167 -0.0253395 -0.0247866 0.0032137 -0.0103705 1.0384219 0.0088902 -0.0011047 0.0072100 -0.0068733 -0.0620937 -0.0479214 0.0060093 0.0119554 0.0196472 -0.0074245 -0.0156836 -0.0023351 -0.0013071 -0.0195367 0.0041053 0.0383479 0.0228655 -0.0370560 0.0098721 -0.0411940 0.0079444 0.0111133 0.0093944 -0.0025398 0.0129629 -0.0014015 0.0007125 -0.0297754 0.0115011 -0.0032624 -0.0309830 0.0337833 0.0072644 -0.0415799 0.0037407 -0.0403470 0.0155216 -0.0407657 0.0010070 -0.0180011 -0.0230486 -0.0284366 -0.0140286 -0.0365467
-0.0017063 0.0037848 -0.0047973 -0.0093889 -0.0108090 -0.0212395 0.0030139 -0.0135071 -0.0293379 -0.0035233 0.0077154 -0.0191844 -0.0004702 -0.0090521 -0.0114958 -0.0323702 -0.0039690 0.0045593 -0.0037036 -0.0310592 -0.0047077 0.0022709 -0.0315205 -0.0136701 -0.0025492 -0.0091466 -0.0045225 0.0188373 -0.0069656 -0.0074188 -0.0062756 -0.0200421 -0.0162177 -0.0137900 -0.0025401 -0.0064752 0.0088902 1.0299097 -0.0045436 0.0073185 -0.0106036 -0.0223800 -0.0273736 -0.0034504 0.0019636 0.0066360 -0.0060917 -0.0094206 -0.0016451 -0.0064858 -0.0093892 -0.0071226 0.0109549 0.0093699 -0.0202679 0.0001484 -0.0197535 -0.0007532 0.0060550 0.0034785 -0.0053392 -0.0045348 0.0010498 -0.0029445 -0.0223869 0.0043005 -0.0091059 -0.0183707 0.0158426 0.0032806 -0.0208497 -0.0025242 -0.0251694 0.0085186 -0.0190560 0.0010363 -0.0053123 -0.0113315 -0.0098519 -0.0011124 -0.0165440
-0.0053009 -0.0131733 -0.0140199 -0.0217543 -0.0106708 -0.0183470 -0.0060936 -0.0074707 -0.0137049 -0.0046163 -0.0060007 -0.0111088 0.0001261 -0.0083586 -0.0045423 -0.0114886 -0.0048671 0.0001193 -0.0106691 -0.0133440 -0.0100305 -0.0002462 -0.0147184 -0.0167982 -0.0188914 -0.0081488 -0.0068853 -0.0039065 -0.0098736 0.0045954 -0.0102305 -0.0083088 -0.0080653 -0.0078408 -0.0088075 -0.0129252 -0.0011047 -0.0045436 0.9981511 -0.0103466 -0.0077611 -0.0053449 -0.0072937 -0.0032218 -0.0032010 -0.0023523 -0.0055723 -0.0081011 -0.0051250 -0.0021493 -0.0047055 -0.0044032 0.0018995 -0.0028659 -0.0051229 -0.0011605 -0.0122733 0.0017519 -0.0054494 -0.0025694 -0.0011246 -0.0038719 -0.0123336 -0.0059347 -0.0087602 -0.0090461 -0.0053940 -0.0090500 0.0018899 -0.0013318 -0.0129035 -0.0093091 -0.0066218 -0.0019772 -0.0020753 -0.0084835 -0.0105898 -0.0075815 -0.0102253 -0.0064965 -0.0033548
0.0003729 0.0064551 -0.0055741 -0.0150062 -0.0211426 -0.0158799 0.0123026 -0.0055640 -0.0247043 0.0033484 0.0179566 -0.0289572 -0.0029426 -0.0089598 -0.0132941 -0.0358082 -0.0083683 0.0148439 -0.0014900 -0.0418983 -0.0010366 0.0121606 -0.0415648 -0.0059317 -0.0063031 -0.0136748 -0.0090819 0.0273408 -0.0077936 -0.0035277 -0.0069979 -0.0266562 -0.0184948 -0.0208077 -0.0038039 -0.0085873 0.0072100 0.0073185 -0.0103466 1.0182886 -0.0112420 -0.0357293 -0.0337250 0.0003596 0.0128743 0.0130426 -0.0037900 -0.0094054 -0.0011324 0.0011385 -0.0079443 0.0003993 0.0226446 0.0115881 -0.0335653 0.0073138 -0.0301764 0.0003676 0.0106055 -0.0013267 -0.0013431 0.0076378 0.0007036 0.0011017 -0.0266691 0.0027709 -0.0098437 -0.0175537 0.0233199 0.0006885 -0.0318574 0.0001759 -0.0305704 0.0046824 -0.0279826 0.0030800 -0.0110009 -0.0178801 -0.0206622 -0.0159484 -0.0287211
-0.0084663 -0.0098170 -0.0093739 -0.0032904 -0.0094650 -0.0022930 -0.0075285 -0.0022367 -0.0045912 -0.0068246 -0.0063464 -0.0070046 -0.0115190 -0.0119403 -0.0084293 -0.0059379 -0.0089979 -0.0020545 -0.0078985 -0.0034663 -0.0057924 -0.0087236 -0.0018805 -0.0145441 -0.0069122 -0.0085474 -0.0108162 -0.0103856 -0.0081143 -0.0066693 -0.0100641 -0.0014792 -0.0047717 -0.0061465 -0.0036597 -0.0069064 -0.0068733 -0.0106036 -0.0077611 -0.0112420 1.0147028 -0.0030050 -0.0042747 -0.0025864 0.0008435 -0.0066026 -0.0059185 -0.0084822 -0.0089329 -0.0058113 -0.0050712 -0.0061553 -0.0084998 -0.0052855 -0.0015845 -0.0107205 -0.0017518 -0.0023613 -0.0053718 -0.0024439 -0.0001135 -0.0081752 -0.0005864 -0.0042412 0.0007739 -0.0069573 -0.0042082 -0.0079509 -0.0162580 -0.0034315 0.0026887 -0.0042289 -0.0008589 -0.0092482 -0.0003279 -0.0019139 -0.0032863 -0.0008006 -0.0039738 -0.0058915 -0.0092540
-0.0317402 -0.0424981 -0.0017229 0.0125793 0.0059235 0.0163913 -0.0607798 0.0016344 0.0502063 -0.0421337 -0.0742985 0.0316689 -0.0426496 -0.0118791 -0.0109016 0.0657381 -0.0042895 -0.0552235 -0.0220996 0.0831661 -0.0285240 -0.0535922 0.0799820 0.0041303 -0.0344985 0.0031607 -0.0143505 -0.0863874 -0.0216046 -0.0192347 -0.0427006 0.0425618 0.0276043 0.0268304 -0.0156060 -0.0089254 -0.0620937 -0.0223800 -0.0053449 -0.0357293 -0.0030050 1.0750383 0.0634101 -0.0175769 -0.0358549 -0.0485310 -0.0037890 0.0113426 -0.0048621 -0.0165742 0.0201886 -0.0215081 -0.0706146 -0.0441086 0.0592245 -0.0361437 0.0550539 -0.0288746 -0.0325224 -0.0280911 -0.0069944 -0.0372222 -0.0199033 -0.0164236 0.0345318 -0.0409328 0.0030568 0.0250808 -0.0682853 -0.0315471 0.0559365 -0.0104765 0.0557806 -0.0334981 0.0548561 -0.0178388 0.0075253 0.0308812 0.0391883 0.0008304 0.0459803
-0.0364180 -0.0356967 -0.0152790 -0.0040121 0.0048446 0.0111267 -0.0573518 -0.0032394 0.0403369 -0.0365672 -0.0647255 0.0247543 -0.0366636 -0.0154422 -0.0036800 0.0570490 -0.0083496 -0.0464221 -0.0222520 0.0770324 -0.0241734 -0.0442241 0.0696279 0.0071346 -0.0321342 0.0019324 -0.0217813 -0.0754970 -0.0220016 -0.0210927 -0.0257161 0.0299740 0.0169828 0.0209338 -0.0214439 -0.0109087 -0.0479214 -0.0273736 -0.0072937 -0.0337250 -0.0042747 0.0634101 1.0578998 -0.0148716 -0.0325618 -0.0464918 -0.0058484 0.0081342 -0.0119181 -0.0156147 0.0132692 -0.0242585 -0.0653855 -0.0375322 0.0460202 -0.0298103 0.0462100 -0.0246595 -0.0255935 -0.0214566 -0.0128462 -0.0264836 -0.0149519 -0.0144682 0.0306809 -0.0399040 -0.0040370 0.0271503 -0.0601671 -0.0302577 0.0377864 -0.0111022 0.0465815 -0.0306564 0.0480374 -0.0104108 0.0061319 0.0272404 0.0273325 -0.0029343 0.0319245
-0.0084140 -0.0021946 -0.0069696 -0.0114507 -0.0190827 -0.0119705 0.0031399 -0.0068640 -0.0180464 -0.0009075 -0.0016666 -0.0157759 -0.0018305 0.0032942 -0.0140705 -0.0204604 -0.0055941 -0.0023108 -0.0071947 -0.0199922 -0.0070778 -0.0042759 -0.0147883 -0.0154750 0.0015600 -0.0106455 -0.0068916 0.0038106 -0.0038160 -0.0062374 -0.0084123 -0.0071539 -0.0064455 -0.0158622 -0.0072002 -0.0038754 0.0060093 -0.0034504 -0.0032218 0.0003596 -0.0025864 -0.0175769 -0.0148716 1.0135634 -0.0049444 -0.0005181 -0.0097313 -0.0070495 -0.0087176 -0.0013292 -0.0063985 -0.0006781 0.0041574 0.0018812 -0.0097419 -0.0061816 -0.0186716 -0.0023318 -0.0003358 -0.0072774 -0.0027615 0.0015715 0.0031240 -0.0053078 -0.0055866 -0.0033267 -0.0017754 -0.0123885 0.0010479 -0.0007203 -0.0070796 -0.0034212 -0.0129003 -0.0028939 -0.0122332 -0.0050071 -0.0013930 -0.0126630 -0.0148825 -0.0096647 -0.0082455
0.0031185 0.0057018 -0.0122436 -0.0154051 -0.0077426 -0.0159766 0.0103138 -0.0047057 -0.0360667 0.0067295 0.0208516 -0.0189905 0.0053791 -0.0027171 -0.0110137 -0.0407012 -0.0042242 0.0165604 -0.0037711 -0.0414619 0.0041067 0.0184288 -0.0489188 -0.0125242 -0.0015708 -0.0134564 -0.0074509 0.0277447 -0.0040207 -0.0042017 -0.0026515 -0.0204496 -0.0165217 -0.0151854 -0.0004922 -0.0051124 0.0119554 0.0019636 -0.0032010 0.0128743 0.0008435 -0.0358549 -0.0325618 -0.0049444 1.0044490 0.0154494 0.0009677 -0.0130818 -0.0096026 0.0033584 -0.0114941 0.0011212 0.0252805 0.0076707 -0.0249988 0.0059763 -0.0264582 -0.0003308 0.0073780 0.0050223 -0.0038759 0.0076018 -0.0028997 0.0021342 -0.0232545 0.0095411 -0.0113159 -0.0211696 0.0185662 0.0045961 -0.0293415 -0.0037856 -0.0275449 0.0079372 -0.0246631 0.0035225 -0.0126222 -0.0209455 -0.0240775 -0.0087334 -0.0282682
