1.1048940 -0.0929116 -0.0980540 0.0601586 -0.0776065 -0.0757297 0.0623007 0.0680951 0.2040851 -0.0891534 0.0679878 -0.0877540 -0.0825376 -0.0960971 0.0537309 0.1987644 -0.0828453 0.0697034 0.0575478 -0.0870184 0.0523002 -0.0817647 -0.0904139 -0.0954411 0.0571262 -0.0876829 0.0679858 0.0680253 -0.0829048 0.0601029 0.0539362 0.0536254 0.0717262 -0.0888244 0.0637859 -0.0956077 -0.0817585 0.0653771 0.0715227 0.0189054 -0.0823440 -0.0844441 -0.0801288 0.0736519 0.0683937 0.0687072 -0.0733515 -0.0818685 0.0726033 -0.0843320 -0.0862809 0.0654264 -0.0900715 -0.0899386 -0.0915168 -0.0852764 -0.0880914 -0.0905201 0.0640231 -0.0888056 0.0684500 -0.0867941 0.0710049 -0.0828320 -0.0887282 0.0678835 -0.0757523 -0.0937727 -0.0883931 -0.0841020 0.0723289 0.0715826 -0.0819466 -0.0886698 0.2032115 0.0642865 0.0661085 0.0725761 -0.0774016 0.0697300 -0.0808787
-0.0929116 0.9693987 0.0804696 -0.0908371 0.0652821 0.0773173 -0.0946914 -0.1013705 -0.2462319 0.0810962 -0.0919343 0.0803478 0.0739513 0.0850992 -0.0946211 -0.2467125 0.0823912 -0.1002815 -0.0943487 0.0872329 -0.0922808 0.0742653 0.0683487 0.0850652 -0.1001627 0.0862038 -0.0952416 -0.0901234 0.0683574 -0.0904630 -0.0950971 -0.0809582 -0.0995371 0.0703790 -0.0917632 0.0771764 0.0785086 -0.0858525 -0.0929941 -0.0450053 0.0810306 0.0736100 0.0665762 -0.1027851 -0.0862209 -0.0963429 0.0654091 0.0787273 -0.0899702 0.0711328 0.0858425 -0.0883439 0.0873466 0.0894673 0.0928037 0.0732107 0.0815690 0.0883084 -0.0931380 0.0717866 -0.0936952 0.0911903 -0.1040072 0.0791788 0.0859535 -0.0930935 0.0726009 0.0771028 0.0847495 0.0797682 -0.0912374 -0.0933252 0.0823699 0.0761468 -0.2324223 -0.0795245 -0.0858435 -0.0951581 0.0801811 -0.0997551 0.0801403
-0.0980540 0.0804696 0.9837359 -0.0866547 0.0624141 0.0790820 -0.0938841 -0.1084118 -0.2427346 0.0632945 -0.0976861 0.0647084 0.0663447 0.0803765 -0.0900891 -0.2477444 0.0748622 -0.0944984 -0.0999161 0.0778834 -0.0869797 0.0802071 0.0736393 0.0704646 -0.0968555 0.0855379 -0.0926218 -0.0842088 0.0612601 -0.0906873 -0.1038280 -0.0907264 -0.0954400 0.0783045 -0.0841855 0.0805870 0.0753740 -0.0917458 -0.1013587 -0.0452064 0.0814619 0.0772246 0.0723994 -0.0938033 -0.0872803 -0.0934151 0.0707029 0.0771087 -0.0893144 0.0798746 0.0780149 -0.0905916 0.0801816 0.0889494 0.0897238 0.0648717 0.0684800 0.0856376 -0.0892418 0.0685236 -0.0874139 0.0770912 -0.1019488 0.0802714 0.0833245 -0.1025946 0.0769780 0.0747050 0.0868765 0.0777527 -0.0951982 -0.0880866 0.0833270 0.0830482 -0.2320201 -0.0850123 -0.0861024 -0.1007841 0.0817780 -0.0959211 0.0812346
0.0601586 -0.0908371 -0.0866547 1.0875509 -0.0756856 -0.0885967 0.0599339 0.0676750 0.2154929 -0.0867314 0.0692438 -0.0934561 -0.0837740 -0.0942819 0.0593655 0.2040280 -0.0878648 0.0724812 0.0565484 -0.1023798 0.0708568 -0.0910727 -0.0992515 -0.1007656 0.0701213 -0.0902572 0.0699676 0.0773267 -0.0836865 0.0550705 0.0659885 0.0515438 0.0791773 -0.0855531 0.0704021 -0.0914296 -0.0884446 0.0690437 0.0817188 0.0260779 -0.0860826 -0.0917080 -0.0820196 0.0688716 0.0701889 0.0752076 -0.0831158 -0.0864667 0.0672915 -0.0865529 -0.0977053 0.0651298 -0.0866370 -0.0942889 -0.0997872 -0.0856320 -0.0862212 -0.0891192 0.0639996 -0.0918857 0.0799485 -0.0912863 0.0821114 -0.0865467 -0.0888331 0.0791803 -0.0881771 -0.0946176 -0.0872046 -0.0848892 0.0770373 0.0725651 -0.0915295 -0.0906938 0.2088193 0.0598672 0.0696198 0.0784316 -0.0882778 0.0744879 -0.0876748
-0.0776065 0.0652821 0.0624141 -0.0756856 0.9975637 0.0647100 -0.0859409 -0.1055914 -0.2485655 0.0685529 -0.0975478 0.0722947 0.0649330 0.0767495 -0.0993989 -0.2502895 0.0729709 -0.0917449 -0.0951808 0.0928275 -0.0848991 0.0827422 0.0547370 0.0782540 -0.0964501 0.0880731 -0.1007397 -0.1010829 0.0664916 -0.0914766 -0.0876993 -0.0929448 -0.0961048 0.0795912 -0.0930387 0.0870063 0.0795839 -0.0948064 -0.1018365 -0.0500815 0.0747501 0.0889987 0.0670063 -0.0918043 -0.1029744 -0.0967886 0.0684529 0.0747806 -0.0928529 0.0886514 0.0795208 -0.0947690 0.0753010 0.0794320 0.0886656 0.0785096 0.0832124 0.0814747 -0.0958791 0.0782107 -0.0951425 0.0837319 -0.0948408 0.0750047 0.0805337 -0.0958755 0.0825065 0.0811785 0.0819577 0.0834973 -0.0978331 -0.0970133 0.0834399 0.0704478 -0.2325678 -0.0980458 -0.0916223 -0.0900267 0.0779526 -0.0973221 0.0726491
-0.0757297 0.0773173 0.0790820 -0.0885967 0.0647100 0.9994953 -0.0902245 -0.1007209 -0.2472189 0.0757498 -0.1004095 0.0790341 0.0845208 0.0674047 -0.0927560 -0.2419650 0.0770592 -0.1012563 -0.0890098 0.0806326 -0.0904253 0.0719639 0.0677808 0.0588808 -0.0949447 0.0623362 -0.1074852 -0.0906745 0.0635979 -0.0829597 -0.1031137 -0.0777029 -0.0932361 0.0623219 -0.0958414 0.0802073 0.0770025 -0.0812601 -0.0910372 -0.0409802 0.0765438 0.0687732 0.0621656 -0.0942821 -0.0924177 -0.0931339 0.0771382 0.0810750 -0.0952014 0.0777942 0.0834836 -0.0883734 0.0808516 0.0813421 0.0849031 0.0739296 0.0879134 0.0835494 -0.0914479 0.0713845 -0.0890691 0.0889153 -0.0949233 0.0806062 0.0719247 -0.0922501 0.0783470 0.0808068 0.0717963 0.0893507 -0.0922506 -0.0923588 0.0758953 0.0818231 -0.2323249 -0.0779008 -0.0856600 -0.0939723 0.0710912 -0.0914470 0.0749202
0.0623007 -0.0946914 -0.0938841 0.0599339 -0.0859409 -0.0902245 1.1183625 0.0809472 0.2249127 -0.0871706 0.0699249 -0.0894481 -0.0848573 -0.0984720 0.0709343 0.2250842 -0.0842692 0.0769496 0.0704596 -0.0994425 0.0728284 -0.0869210 -0.0973546 -0.1030368 0.0782762 -0.1008058 0.0747407 0.0780696 -0.0810963 0.0631657 0.0647748 0.0631576 0.0788902 -0.0876733 0.0720838 -0.0899217 -0.0855118 0.0784068 0.0783022 0.0179838 -0.0931768 -0.0905926 -0.0872532 0.0813392 0.0797076 0.0865977 -0.0918270 -0.0898641 0.0808399 -0.1008509 -0.0937751 0.0676084 -0.0885669 -0.1011957 -0.1018461 -0.0894262 -0.0932235 -0.0959409 0.0745685 -0.0909046 0.0762715 -0.0929744 0.0737256 -0.0886154 -0.0927324 0.0815421 -0.0910116 -0.0953708 -0.0989831 -0.0916487 0.0736711 0.0760580 -0.0926884 -0.0923913 0.2205747 0.0671733 0.0722182 0.0778992 -0.0855528 0.0816642 -0.0909760
0.0680951 -0.1013705 -0.1084118 0.0676750 -0.1055914 -0.1007209 0.0809472 1.1414115 0.2378601 -0.0910519 0.0699676 -0.0961518 -0.0920883 -0.1012115 0.0739981 0.2432275 -0.0872121 0.0854734 0.0704582 -0.1048530 0.0744444 -0.0894994 -0.0897912 -0.1034523 0.0834077 -0.0955146 0.0842479 0.0813158 -0.1011579 0.0616513 0.0732985 0.0659339 0.0889496 -0.0979636 0.0775964 -0.0922198 -0.0888909 0.0863207 0.0756374 0.0315339 -0.0993671 -0.0980150 -0.0837396 0.0824843 0.0843301 0.0787466 -0.0953591 -0.0899530 0.0878928 -0.0963799 -0.0944633 0.0771286 -0.0925048 -0.0993101 -0.1017733 -0.0788360 -0.0928097 -0.1029793 0.0771508 -0.0881827 0.0822243 -0.1036012 0.0864046 -0.0948856 -0.0936759 0.0918333 -0.0919922 -0.1025313 -0.1007410 -0.0981085 0.0746717 0.0801681 -0.1035618 -0.0901887 0.2309980 0.0729905 0.0679021 0.0880376 -0.0941699 0.0819554 -0.0948486
0.2040851 -0.2462319 -0.2427346 0.2154929 -0.2485655 -0.2472189 0.2249127 0.2378601 1.6553881 -0.2401280 0.2297296 -0.2514974 -0.2468698 -0.2567739 0.2264762 0.6881381 -0.2398308 0.2418730 0.2293402 -0.2623486 0.2252502 -0.2484070 -0.2449325 -0.2606555 0.2474501 -0.2618405 0.2507565 0.2414556 -0.2451330 0.2255247 0.2232303 0.2204191 0.2470410 -0.2328399 0.2333415 -0.2550861 -0.2509059 0.2322671 0.2463363 0.0923534 -0.2515786 -0.2589512 -0.2195834 0.2397221 0.2435362 0.2436615 -0.2394274 -0.2399535 0.2427102 -0.2582223 -0.2604872 0.2342680 -0.2523814 -0.2701522 -0.2740118 -0.2445723 -0.2563762 -0.2696480 0.2363755 -0.2439642 0.2432301 -0.2610721 0.2514353 -0.2509852 -0.2498167 0.2456916 -0.2461448 -0.2599044 -0.2667798 -0.2592748 0.2381126 0.2355672 -0.2552806 -0.2504980 0.6691405 0.2171018 0.2333184 0.2549671 -0.2462036 0.2425547 -0.2494788
-0.0891534 0.0810962 0.0632945 -0.0867314 0.0685529 0.0757498 -0.0871706 -0.0910519 -0.2401280 0.9638015 -0.0962058 0.0836619 0.0613049 0.0757813 -0.0967158 -0.2423739 0.0735407 -0.0881991 -0.0902706 0.0845363 -0.0807417 0.0743213 0.0804456 0.0705348 -0.1050152 0.0822680 -0.0931820 -0.0952104 0.0644006 -0.0914941 -0.0805229 -0.0943150 -0.0977813 0.0600988 -0.0961474 0.0710224 0.0687856 -0.0887472 -0.0894437 -0.0507088 0.0785185 0.0765111 0.0647050 -0.0869091 -0.0948754 -0.0939819 0.0701356 0.0752276 -0.0945059 0.0810598 0.0821369 -0.0963511 0.0874763 0.0869517 0.0879285 0.0685795 0.0880123 0.0844729 -0.0940458 0.0752306 -0.0972364 0.0700540 -0.0962587 0.0790433 0.0748756 -0.0931509 0.0663343 0.0845856 0.0875778 0.0888594 -0.0865242 -0.0888567 0.0748204 0.0728432 -0.2271740 -0.0814633 -0.0938782 -0.0945597 0.0662146 -0.0804740 0.0768012
0.0679878 -0.0919343 -0.0976861 0.0692438 -0.0975478 -0.1004095 0.0699249 0.0699676 0.2297296 -0.0962058 1.1330384 -0.0880270 -0.0951194 -0.0962835 0.0698466 0.2388296 -0.1004339 0.0863078 0.0685541 -0.1035320 0.0776626 -0.0931353 -0.0934101 -0.0961144 0.0819442 -0.1090513 0.0900923 0.0844787 -0.0944636 0.0630473 0.0686050 0.0645929 0.0846123 -0.0913466 0.0743101 -0.1054944 -0.0947739 0.0680005 0.0870472 0.0188641 -0.0994166 -0.0965483 -0.0838747 0.0760415 0.0874063 0.0784050 -0.0983851 -0.0938550 0.0724050 -0.1022797 -0.1006611 0.0802974 -0.0967002 -0.0988238 -0.1051115 -0.0976902 -0.1037416 -0.1044841 0.0729077 -0.0968421 0.0834891 -0.0983239 0.0866338 -0.0931130 -0.0929365 0.0835129 -0.0970614 -0.0972901 -0.0947716 -0.0963848 0.0732244 0.0804076 -0.0987292 -0.0963017 0.2324746 0.0730747 0.0711655 0.0845459 -0.0923705 0.0799095 -0.0955292
-0.0877540 0.0803478 0.0647084 -0.0934561 0.0722947 0.0790341 -0.0894481 -0.0961518 -0.2514974 0.0836619 -0.0880270 0.9988085 0.0819856 0.0798136 -0.0919425 -0.2570969 0.0782231 -0.0998916 -0.0972287 0.0913476 -0.0850755 0.0718625 0.0789476 0.0802018 -0.0998269 0.0782744 -0.0978291 -0.0945446 0.0813712 -0.0961018 -0.0940077 -0.0918206 -0.0991031 0.0734795 -0.0862038 0.0856597 0.0912382 -0.0851333 -0.1000075 -0.0410192 0.0836850 0.0837211 0.0644338 -0.0991648 -0.0987685 -0.0987847 0.0771542 0.0792014 -0.0884462 0.0853408 0.0868374 -0.0881282 0.0834787 0.0950647 0.0965388 0.0849139 0.0832949 0.0941566 -0.0923841 0.0859291 -0.0947874 0.0959755 -0.0975490 0.0894326 0.0807369 -0.0986871 0.0747420 0.0901825 0.0901265 0.0927604 -0.0969802 -0.0943369 0.0870155 0.0847796 -0.2389103 -0.0821688 -0.0867837 -0.0985524 0.0774248 -0.0932927 0.0766710
-0.0825376 0.0739513 0.0663447 -0.0837740 0.0649330 0.0845208 -0.0848573 -0.0920883 -0.2468698 0.0613049 -0.0951194 0.0819856 0.9674835 0.0711280 -0.0903585 -0.2429609 0.0766097 -0.0963369 -0.0882163 0.0807714 -0.0839078 0.0706131 0.0674454 0.0709670 -0.0979514 0.0774917 -0.1016151 -0.0960815 0.0824552 -0.0928187 -0.1013413 -0.0834149 -0.0931466 0.0807571 -0.0960581 0.0787853 0.0800296 -0.0907200 -0.1019818 -0.0460416 0.0797145 0.0859792 0.0715567 -0.1018198 -0.0951409 -0.0933063 0.0771165 0.0823523 -0.0938410 0.0794638 0.0859822 -0.0971219 0.0805145 0.0859063 0.0912124 0.0800715 0.0811146 0.0890461 -0.0877667 0.0779462 -0.0934443 0.0833404 -0.1017670 0.0902128 0.0735111 -0.0928316 0.0776787 0.0845624 0.0814136 0.0832636 -0.0910786 -0.0881160 0.0869682 0.0828544 -0.2301507 -0.0826685 -0.0861814 -0.0899625 0.0808632 -0.0949410 0.0816865
-0.0960971 0.0850992 0.0803765 -0.0942819 0.0767495 0.0674047 -0.0984720 -0.1012115 -0.2567739 0.0757813 -0.0962835 0.0798136 0.0711280 0.9762492 -0.0904226 -0.2513870 0.0680717 -0.0929961 -0.0886886 0.0775870 -0.0871419 0.0901255 0.0757816 0.0831848 -0.1048087 0.0833562 -0.1021732 -0.1009822 0.0835959 -0.0909042 -0.0927708 -0.0941616 -0.1031863 0.0790508 -0.1003066 0.0823065 0.0823210 -0.0899579 -0.0933059 -0.0508555 0.0815883 0.0895169 0.0725868 -0.0927888 -0.0976091 -0.0995926 0.0811166 0.0726969 -0.0907590 0.0944988 0.0873001 -0.0850819 0.0792646 0.0885106 0.0904695 0.0806055 0.0838443 0.0877642 -0.0967692 0.0753565 -0.0954026 0.0798453 -0.1034514 0.0916929 0.0830662 -0.0980437 0.0766817 0.0936657 0.0865356 0.0780839 -0.0987035 -0.0981610 0.0838437 0.0799718 -0.2330208 -0.0849666 -0.0845774 -0.0977709 0.0784947 -0.1018983 0.0776888
0.0537309 -0.0946211 -0.0900891 0.0593655 -0.0993989 -0.0927560 0.0709343 0.0739981 0.2264762 -0.0967158 0.0698466 -0.0919425 -0.0903585 -0.0904226 1.1334783 0.2191010 -0.0797534 0.0824581 0.0688622 -0.1005189 0.0718590 -0.0973350 -0.0924659 -0.0940164 0.0800860 -0.0984264 0.0709892 0.0796587 -0.0882339 0.0678313 0.0701602 0.0625141 0.0822665 -0.0907201 0.0689534 -0.0936244 -0.0994019 0.0749944 0.0789395 0.0249709 -0.0856296 -0.0947503 -0.0868113 0.0753892 0.0688647 0.0808246 -0.0838530 -0.0888504 0.0733348 -0.1007888 -0.0922891 0.0756797 -0.0908019 -0.0960863 -0.1018196 -0.0909834 -0.0953168 -0.1003144 0.0644923 -0.0818089 0.0755087 -0.0949777 0.0933667 -0.0932266 -0.0872853 0.0825793 -0.0901282 -0.1004213 -0.0985524 -0.0964355 0.0678690 0.0670784 -0.0857801 -0.0907143 0.2125012 0.0656797 0.0703110 0.0879018 -0.0902593 0.0751601 -0.0882066
0.1987644 -0.2467125 -0.2477444 0.2040280 -0.2502895 -0.2419650 0.2250842 0.2432275 0.6881381 -0.2423739 0.2388296 -0.2570969 -0.2429609 -0.2513870 0.2191010 1.6377831 -0.2392157 0.2391562 0.2189048 -0.2663324 0.2203124 -0.2486987 -0.2407297 -0.2541757 0.2405319 -0.2574053 0.2382465 0.2356291 -0.2491970 0.2201916 0.2238598 0.2054472 0.2553863 -0.2312435 0.2254498 -0.2531409 -0.2527043 0.2293491 0.2388645 0.0954339 -0.2541918 -0.2525852 -0.2326596 0.2477038 0.2456593 0.2428905 -0.2343687 -0.2409924 0.2357623 -0.2594458 -0.2570134 0.2367628 -0.2495361 -0.2668397 -0.2713395 -0.2423588 -0.2553448 -0.2662621 0.2393336 -0.2469900 0.2455900 -0.2630191 0.2589715 -0.2447785 -0.2478214 0.2518039 -0.2459002 -0.2611203 -0.2683018 -0.2533289 0.2326246 0.2328064 -0.2565228 -0.2406702 0.6575369 0.2224325 0.2187210 0.2599164 -0.2422523 0.2347366 -0.2452465
-0.0828453 0.0823912 0.0748622 -0.0878648 0.0729709 0.0770592 -0.0842692 -0.0872121 -0.2398308 0.0735407 -0.1004339 0.0782231 0.0766097 0.0680717 -0.0797534 -0.2392157 0.9930410 -0.0878011 -0.0847148 0.0920339 -0.0837359 0.0768542 0.0696156 0.0823454 -0.0890144 0.0896257 -0.0977277 -0.0833226 0.0754356 -0.0854668 -0.0943272 -0.0842247 -0.0908896 0.0704957 -0.0854600 0.0827588 0.0765366 -0.0815893 -0.0941133 -0.0368479 0.0815083 0.0812362 0.0659517 -0.0830187 -0.0832075 -0.0865750 0.0755356 0.0728864 -0.0884905 0.0828300 0.0855070 -0.0835381 0.0795536 0.0899847 0.0918716 0.0703275 0.0791383 0.0918564 -0.0817580 0.0800302 -0.0877595 0.0798922 -0.0978063 0.0786944 0.0859653 -0.0888005 0.0733975 0.0818710 0.0796124 0.0800306 -0.0841959 -0.0872898 0.0823377 0.0752955 -0.2224529 -0.0851419 -0.0802326 -0.0873832 0.0777056 -0.0891798 0.0796363
0.0697034 -0.1002815 -0.0944984 0.0724812 -0.0917449 -0.1012563 0.0769496 0.0854734 0.2418730 -0.0881991 0.0863078 -0.0998916 -0.0963369 -0.0929961 0.0824581 0.2391562 -0.0878011 1.1687980 0.0839941 -0.1022692 0.0816166 -0.0933931 -0.0911506 -0.0978812 0.0790943 -0.1021789 0.0834331 0.0872764 -0.0947090 0.0750873 0.0740617 0.0741256 0.0891249 -0.0862687 0.0822680 -0.0981369 -0.0958935 0.0790332 0.0964672 0.0301640 -0.0952970 -0.0949574 -0.0823802 0.0861344 0.0823595 0.0817698 -0.0935739 -0.0887951 0.0800906 -0.0935150 -0.0944656 0.0838690 -0.0930149 -0.0993080 -0.1008552 -0.0939868 -0.0912308 -0.1005023 0.0824032 -0.0869609 0.0857062 -0.0930362 0.0900766 -0.0928412 -0.0914158 0.0869187 -0.0931823 -0.0991489 -0.0969044 -0.0935599 0.0818297 0.0810914 -0.0958676 -0.0925480 0.2290175 0.0730438 0.0812944 0.0841862 -0.0865813 0.0844122 -0.0924695
0.0575478 -0.0943487 -0.0999161 0.0565484 -0.0951808 -0.0890098 0.0704596 0.0704582 0.2293402 -0.0902706 0.0685541 -0.0972287 -0.0882163 -0.0886886 0.0688622 0.2189048 -0.0847148 0.0839941 1.0980750 -0.1012611 0.0676811 -0.1014928 -0.0913675 -0.1011038 0.0684252 -0.0912384 0.0644789 0.0739240 -0.0942734 0.0689624 0.0658084 0.0689733 0.0737546 -0.0914698 0.0738449 -0.0909458 -0.0931989 0.0680225 0.0684528 0.0245029 -0.0889190 -0.0975738 -0.0815797 0.0806910 0.0748691 0.0786308 -0.0939376 -0.0878151 0.0790298 -0.0950642 -0.0905013 0.0681750 -0.0966142 -0.0939729 -0.0971344 -0.0860421 -0.0848272 -0.0987537 0.0685200 -0.0836195 0.0845832 -0.0941756 0.0862843 -0.0918327 -0.0933741 0.0795300 -0.0912383 -0.0924111 -0.0918026 -0.0989665 0.0678728 0.0720013 -0.0972746 -0.0879440 0.2175722 0.0670602 0.0721874 0.0821864 -0.0795041 0.0858356 -0.0908936
-0.0870184 0.0872329 0.0778834 -0.1023798 0.0928275 0.0806326 -0.0994425 -0.1048530 -0.2623486 0.0845363 -0.1035320 0.0913476 0.0807714 0.0775870 -0.1005189 -0.2663324 0.0920339 -0.1022692 -0.1012611 0.9993216 -0.0980275 0.0784937 0.0849271 0.0934509 -0.1112967 0.0826012 -0.1064534 -0.0931093 0.0805641 -0.1047646 -0.0908143 -0.0869986 -0.1033586 0.0825126 -0.0974929 0.0827493 0.0940052 -0.0972675 -0.1022956 -0.0500448 0.0929440 0.0864470 0.0760468 -0.1037075 -0.0998522 -0.1017461 0.0808271 0.0815464 -0.0979053 0.0887793 0.0975236 -0.1028180 0.0886603 0.0973821 0.1041869 0.0876120 0.0903629 0.0936100 -0.0977189 0.0841472 -0.1004949 0.0868844 -0.1064829 0.0889902 0.0902980 -0.1055540 0.0828922 0.0889690 0.1033466 0.0901213 -0.0958500 -0.0971520 0.0925308 0.0848378 -0.2521430 -0.0876880 -0.0953944 -0.1024353 0.0831994 -0.1013282 0.0851717
0.0523002 -0.0922808 -0.0869797 0.0708568 -0.0848991 -0.0904253 0.0728284 0.0744444 0.2252502 -0.0807417 0.0776626 -0.0850755 -0.0839078 -0.0871419 0.0718590 0.2203124 -0.0837359 0.0816166 0.0676811 -0.0980275 1.1338700 -0.0837537 -0.0903619 -0.1008281 0.0836562 -0.0948229 0.0693379 0.0799130 -0.0831092 0.0705550 0.0656105 0.0741093 0.0856866 -0.0861740 0.0725481 -0.0895563 -0.0865285 0.0706403 0.0783225 0.0227208 -0.0887821 -0.0852053 -0.0861500 0.0779219 0.0785847 0.0794187 -0.0830945 -0.0865352 0.0688081 -0.0896722 -0.0894172 0.0813550 -0.0889325 -0.0957604 -0.0985760 -0.0863736 -0.0906302 -0.0977017 0.0713720 -0.0873315 0.0776158 -0.0935675 0.0801886 -0.0895822 -0.0851230 0.0740442 -0.0813769 -0.0947261 -0.0984922 -0.0886303 0.0767571 0.0757881 -0.0914362 -0.0912976 0.2206852 0.0687527 0.0698265 0.0838136 -0.0935658 0.0792480 -0.0854635
-0.0817647 0.0742653 0.0802071 -0.0910727 0.0827422 0.0719639 -0.0869210 -0.0894994 -0.2484070 0.0743213 -0.0931353 0.0718625 0.0706131 0.0901255 -0.0973350 -0.2486987 0.0768542 -0.0933931 -0.1014928 0.0784937 -0.0837537 0.9921896 0.0725383 0.0783096 -0.0976261 0.0809686 -0.0930386 -0.0886261 0.0743579 -0.0865746 -0.0906517 -0.0813738 -0.0965170 0.0828233 -0.0905521 0.0802707 0.0758985 -0.0924519 -0.0932829 -0.0447487 0.0809409 0.0814359 0.0676613 -0.0931653 -0.0967193 -0.1023911 0.0785761 0.0744557 -0.0901214 0.0778484 0.0847467 -0.0891828 0.0871855 0.0847241 0.0929080 0.0712367 0.0778895 0.0854245 -0.0902665 0.0810605 -0.0946158 0.0871579 -0.1103759 0.0829858 0.0783802 -0.1010857 0.0714575 0.0824506 0.0873295 0.0801734 -0.0933670 -0.0908998 0.0815790 0.0805591 -0.2329679 -0.0858198 -0.0893030 -0.0989398 0.0779170 -0.1023230 0.0800890
-0.0904139 0.0683487 0.0736393 -0.0992515 0.0547370 0.0677808 -0.0973546 -0.0897912 -0.2449325 0.0804456 -0.0934101 0.0789476 0.0674454 0.0757816 -0.0924659 -0.2407297 0.0696156 -0.0911506 -0.0913675 0.0849271 -0.0903619 0.0725383 0.9717311 0.0764490 -0.1124832 0.0779025 -0.0978473 -0.0959963 0.0635287 -0.0859313 -0.1020743 -0.0828526 -0.1010383 0.0658329 -0.0980920 0.0822306 0.0804273 -0.0941702 -0.0917950 -0.0458152 0.0809026 0.0846563 0.0728828 -0.0951633 -0.0884524 -0.0977864 0.0890488 0.0774269 -0.0894067 0.0783459 0.0899753 -0.0871543 0.0831174 0.0870518 0.0956282 0.0767607 0.0790114 0.0775783 -0.0926087 0.0755626 -0.0907648 0.0843147 -0.1013649 0.0830290 0.0756394 -0.1012369 0.0606965 0.0894610 0.0817211 0.0814624 -0.0874784 -0.0934927 0.0785468 0.0817560 -0.2327961 -0.0731769 -0.0942757 -0.0881723 0.0696950 -0.0981624 0.0791528
-0.0954411 0.0850652 0.0704646 -0.1007656 0.0782540 0.0588808 -0.1030368 -0.1034523 -0.2606555 0.0705348 -0.0961144 0.0802018 0.0709670 0.0831848 -0.0940164 -0.2541757 0.0823454 -0.0978812 -0.1011038 0.0934509 -0.1008281 0.0783096 0.0764490 0.9582262 -0.1021191 0.0827956 -0.0926483 -0.1018087 0.0847762 -0.1055987 -0.0882865 -0.0801480 -0.0997637 0.0856378 -0.0982754 0.0961793 0.0776560 -0.0930381 -0.1027697 -0.0492920 0.0881762 0.0870189 0.0709131 -0.1014938 -0.0977720 -0.0976895 0.0786740 0.0755601 -0.1009174 0.0848875 0.0935376 -0.0918474 0.0949483 0.0940295 0.0955115 0.0803752 0.0867330 0.0802400 -0.0911470 0.0716487 -0.0935478 0.0829747 -0.1055636 0.0886378 0.0833466 -0.1083530 0.0850215 0.0953834 0.0885350 0.0830697 -0.0948619 -0.1034570 0.0861366 0.0836891 -0.2447374 -0.0903848 -0.0974726 -0.1041555 0.0763505 -0.1039330 0.0727217
0.0571262 -0.1001627 -0.0968555 0.0701213 -0.0964501 -0.0949447 0.0782762 0.0834077 0.2474501 -0.1050152 0.0819442 -0.0998269 -0.0979514 -0.1048087 0.0800860 0.2405319 -0.0890144 0.0790943 0.0684252 -0.1112967 0.0836562 -0.0976261 -0.1124832 -0.1021191 1.1325374 -0.1009829 0.0833992 0.0809774 -0.1068628 0.0705606 0.0678933 0.0631983 0.0881798 -0.0964607 0.0842418 -0.1003672 -0.1007920 0.0779386 0.0802112 0.0257050 -0.1087662 -0.0951065 -0.0942928 0.0826650 0.0864306 0.0768832 -0.0891729 -0.0938966 0.0845523 -0.0929047 -0.1040314 0.0755193 -0.0987041 -0.1086292 -0.1065260 -0.0913507 -0.1006875 -0.1022557 0.0832318 -0.0935402 0.0840550 -0.0973843 0.1062672 -0.0997870 -0.1014811 0.0836127 -0.0753485 -0.1050072 -0.1013604 -0.0998347 0.0805638 0.0877544 -0.1036342 -0.0970719 0.2376177 0.0737172 0.0720654 0.0903383 -0.0953726 0.0845418 -0.0998143
-0.0876829 0.0862038 0.0855379 -0.0902572 0.0880731 0.0623362 -0.1008058 -0.0955146 -0.2618405 0.0822680 -0.1090513 0.0782744 0.0774917 0.0833562 -0.0984264 -0.2574053 0.0896257 -0.1021789 -0.0912384 0.0826012 -0.0948229 0.0809686 0.0779025 0.0827956 -0.1009829 0.9867330 -0.1115038 -0.0953387 0.0672519 -0.0964659 -0.0962632 -0.0885796 -0.1069009 0.0811328 -0.0983198 0.0980826 0.0872036 -0.1002369 -0.1025773 -0.0410956 0.0900634 0.0885501 0.0777680 -0.1038974 -0.1068801 -0.1029909 0.0809197 0.0850166 -0.0916076 0.0807580 0.0929619 -0.0961210 0.0907846 0.0993044 0.1016760 0.0745108 0.0867108 0.0920745 -0.0985810 0.0820370 -0.1005082 0.0901987 -0.1018961 0.0892168 0.0803663 -0.1049523 0.0890609 0.0895470 0.0995548 0.0773121 -0.0955509 -0.1023329 0.0885728 0.0789092 -0.2490062 -0.0926555 -0.0962739 -0.1046148 0.0820164 -0.1047892 0.0846862
0.0679858 -0.0952416 -0.0926218 0.0699676 -0.1007397 -0.1074852 0.0747407 0.0842479 0.2507565 -0.0931820 0.0900923 -0.0978291 -0.1016151 -0.1021732 0.0709892 0.2382465 -0.0977277 0.0834331 0.0644789 -0.1064534 0.0693379 -0.0930386 -0.0978473 -0.0926483 0.0833992 -0.1115038 1.1584386 0.0823366 -0.1000517 0.0695507 0.0786897 0.0683891 0.0870246 -0.0961632 0.0838077 -0.1069376 -0.1027313 0.0806320 0.0782324 0.0292827 -0.0995486 -0.0956780 -0.0923969 0.0835343 0.0938685 0.0866691 -0.0985024 -0.0949668 0.0775937 -0.0993446 -0.1007351 0.0789173 -0.0979949 -0.1029613 -0.1061738 -0.1016537 -0.1012608 -0.1053106 0.0760811 -0.0959080 0.0850390 -0.1069249 0.0875998 -0.1009735 -0.1011216 0.0886479 -0.0918155 -0.0991769 -0.1051415 -0.1083987 0.0749952 0.0844474 -0.1032318 -0.0978673 0.2426379 0.0740145 0.0799141 0.0945496 -0.1013224 0.0878858 -0.1061251
0.0680253 -0.0901234 -0.0842088 0.0773267 -0.1010829 -0.0906745 0.0780696 0.0813158 0.2414556 -0.0952104 0.0844787 -0.0945446 -0.0960815 -0.1009822 0.0796587 0.2356291 -0.0833226 0.0872764 0.0739240 -0.0931093 0.0799130 -0.0886261 -0.0959963 -0.1018087 0.0809774 -0.0953387 0.0823366 1.1746278 -0.0995788 0.0721726 0.0685901 0.0762109 0.0887666 -0.0887981 0.0801439 -0.0971928 -0.0874498 0.0774900 0.0883359 0.0334155 -0.0937567 -0.0943452 -0.0916557 0.0888420 0.0845043 0.0879023 -0.0893650 -0.0850572 0.0813479 -0.0981812 -0.0896540 0.0847736 -0.0886062 -0.0944115 -0.1005078 -0.0871316 -0.0943947 -0.0998124 0.0879043 -0.0908721 0.0826453 -0.1019097 0.0918877 -0.0926234 -0.0936326 0.0758193 -0.0912852 -0.0985028 -0.1036507 -0.0936485 0.0852265 0.0849772 -0.0956742 -0.0927548 0.2306194 0.0739144 0.0849138 0.0858298 -0.0863825 0.0817365 -0.0889089
-0.0829048 0.0683574 0.0612601 -0.0836865 0.0664916 0.0635979 -0.0810963 -0.1011579 -0.2451330 0.0644006 -0.0944636 0.0813712 0.0824552 0.0835959 -0.0882339 -0.2491970 0.0754356 -0.0947090 -0.0942734 0.0805641 -0.0831092 0.0743579 0.0635287 0.0847762 -0.1068628 0.0672519 -0.1000517 -0.0995788 0.9612276 -0.0913165 -0.0941892 -0.0880870 -0.1001083 0.0722153 -0.0874045 0.0749161 0.0719400 -0.0861695 -0.0919484 -0.0427569 0.0835841 0.0842340 0.0745822 -0.1009415 -0.0967058 -0.0885097 0.0770839 0.0766465 -0.0929275 0.0753958 0.0938335 -0.0899766 0.0826081 0.0902009 0.0921267 0.0739684 0.0797886 0.0848424 -0.0877992 0.0717945 -0.0950867 0.0846618 -0.1015474 0.0868940 0.0814555 -0.0978699 0.0798956 0.0734841 0.0894180 0.0769539 -0.0911272 -0.0871442 0.0777295 0.0747143 -0.2304323 -0.0784238 -0.0905608 -0.0907982 0.0719623 -0.0952286 0.0816612
0.0601029 -0.0904630 -0.0906873 0.0550705 -0.0914766 -0.0829597 0.0631657 0.0616513 0.2255247 -0.0914941 0.0630473 -0.0961018 -0.0928187 -0.0909042 0.0678313 0.2201916 -0.0854668 0.0750873 0.0689624 -0.1047646 0.0705550 -0.0865746 -0.0859313 -0.1055987 0.0705606 -0.0964659 0.0695507 0.0721726 -0.0913165 1.0982604 0.0609091 0.0603330 0.0795356 -0.0850150 0.0724386 -0.0878704 -0.0883325 0.0748795 0.0744709 0.0212876 -0.0852386 -0.1042907 -0.0894824 0.0795246 0.0789981 0.0772738 -0.0803136 -0.0896731 0.0707759 -0.0885951 -0.0931978 0.0722803 -0.0927864 -0.0960460 -0.1014979 -0.0906658 -0.0984914 -0.0995022 0.0737777 -0.0831395 0.0800640 -0.1029955 0.0853309 -0.0937330 -0.0912248 0.0734910 -0.0872590 -0.0966483 -0.0979076 -0.0934441 0.0768692 0.0727937 -0.0899963 -0.0896807 0.2177543 0.0664467 0.0679927 0.0768035 -0.0933715 0.0785360 -0.0924502
0.0539362 -0.0950971 -0.1038280 0.0659885 -0.0876993 -0.1031137 0.0647748 0.0732985 0.2232303 -0.0805229 0.0686050 -0.0940077 -0.1013413 -0.0927708 0.0701602 0.2238598 -0.0943272 0.0740617 0.0658084 -0.0908143 0.0656105 -0.0906517 -0.1020743 -0.0882865 0.0678933 -0.0962632 0.0786897 0.0685901 -0.0941892 0.0609091 1.0565802 0.0602260 0.0862852 -0.0764186 0.0717010 -0.0877344 -0.0935924 0.0659421 0.0830372 0.0237586 -0.0909526 -0.0892578 -0.0838519 0.0755866 0.0752167 0.0687032 -0.0881534 -0.0941247 0.0699951 -0.0946252 -0.0952263 0.0684536 -0.0909675 -0.0969365 -0.0995443 -0.0903331 -0.0821819 -0.1001372 0.0690839 -0.0907140 0.0768921 -0.0904846 0.0749106 -0.0878360 -0.0856747 0.0734476 -0.0947451 -0.0903113 -0.0876116 -0.1001000 0.0712860 0.0670319 -0.0914178 -0.0877736 0.2215014 0.0668647 0.0770316 0.0794444 -0.0911577 0.0765517 -0.0997172
0.0536254 -0.0809582 -0.0907264 0.0515438 -0.0929448 -0.0777029 0.0631576 0.0659339 0.2204191 -0.0943150 0.0645929 -0.0918206 -0.0834149 -0.0941616 0.0625141 0.2054472 -0.0842247 0.0741256 0.0689733 -0.0869986 0.0741093 -0.0813738 -0.0828526 -0.0801480 0.0631983 -0.0885796 0.0683891 0.0762109 -0.0880870 0.0603330 0.0602260 1.1061662 0.0758933 -0.0841001 0.0668600 -0.0898110 -0.0815989 0.0650113 0.0708394 0.0273994 -0.0823384 -0.0918433 -0.0760717 0.0694154 0.0680078 0.0731714 -0.0789996 -0.0768968 0.0697736 -0.0896841 -0.0831973 0.0665187 -0.0823666 -0.0904018 -0.0919719 -0.0859926 -0.0849607 -0.1003466 0.0746591 -0.0887155 0.0736574 -0.0907383 0.0805738 -0.0843848 -0.0827637 0.0662650 -0.0813626 -0.0909564 -0.0853399 -0.0948477 0.0615634 0.0679528 -0.0860183 -0.0865582 0.2042018 0.0675575 0.0661853 0.0745855 -0.0808565 0.0722433 -0.0835509
0.0717262 -0.0995371 -0.0954400 0.0791773 -0.0961048 -0.0932361 0.0788902 0.0889496 0.2470410 -0.0977813 0.0846123 -0.0991031 -0.0931466 -0.1031863 0.0822665 0.2553863 -0.0908896 0.0891249 0.0737546 -0.1033586 0.0856866 -0.0965170 -0.1010383 -0.0997637 0.0881798 -0.1069009 0.0870246 0.0887666 -0.1001083 0.0795356 0.0862852 0.0758933 1.1467750 -0.0862358 0.0890208 -0.0936038 -0.0959799 0.0848845 0.0899133 0.0277700 -0.0959611 -0.1011558 -0.0837412 0.0849342 0.0848440 0.0851705 -0.0914735 -0.0935111 0.0839916 -0.0946673 -0.0984487 0.0834850 -0.0937084 -0.1000856 -0.1048951 -0.0934730 -0.0971908 -0.1027260 0.0824232 -0.0899143 0.0873683 -0.0990780 0.0951167 -0.0935800 -0.0949097 0.0955043 -0.0909879 -0.1045775 -0.1016330 -0.0998305 0.0853734 0.0898158 -0.0962499 -0.0992945 0.2414531 0.0799517 0.0907104 0.0896917 -0.0909657 0.0885722 -0.0945388
-0.0888244 0.0703790 0.0783045 -0.0855531 0.0795912 0.0623219 -0.0876733 -0.0979636 -0.2328399 0.0600988 -0.0913466 0.0734795 0.0807571 0.0790508 -0.0907201 -0.2312435 0.0704957 -0.0862687 -0.0914698 0.0825126 -0.0861740 0.0828233 0.0658329 0.0856378 -0.0964607 0.0811328 -0.0961632 -0.0887981 0.0722153 -0.0850150 -0.0764186 -0.0841001 -0.0862358 0.9929636 -0.0852658 0.0657716 0.0850416 -0.0880759 -0.0909606 -0.0372161 0.0722898 0.0810258 0.0669288 -0.0912385 -0.0883499 -0.0910323 0.0642924 0.0839997 -0.0871051 0.0773162 0.0860925 -0.0804122 0.0769403 0.0843452 0.0860391 0.0783897 0.0815913 0.0796758 -0.0863253 0.0698448 -0.0857129 0.0749118 -0.0944192 0.0786846 0.0755483 -0.0886605 0.0756790 0.0803465 0.0795025 0.0741721 -0.0805442 -0.0808653 0.0872372 0.0744614 -0.2198811 -0.0777054 -0.0814814 -0.0902643 0.0686702 -0.0883840 0.0745642
0.0637859 -0.0917632 -0.0841855 0.0704021 -0.0930387 -0.0958414 0.0720838 0.0775964 0.2333415 -0.0961474 0.0743101 -0.0862038 -0.0960581 -0.1003066 0.0689534 0.2254498 -0.0854600 0.0822680 0.0738449 -0.0974929 0.0725481 -0.0905521 -0.0980920 -0.0982754 0.0842418 -0.0983198 0.0838077 0.0801439 -0.0874045 0.0724386 0.0717010 0.0668600 0.0890208 -0.0852658 1.1161088 -0.0910719 -0.0895781 0.0722587 0.0859737 0.0360487 -0.0888909 -0.0990621 -0.0916870 0.0767259 0.0770729 0.0768542 -0.0871044 -0.0843665 0.0804827 -0.0988219 -0.0921634 0.0761499 -0.0881360 -0.0977210 -0.0996302 -0.0853808 -0.0873804 -0.0956789 0.0884332 -0.0884027 0.0817331 -0.1020099 0.0824606 -0.0915607 -0.0916915 0.0827289 -0.0882625 -0.0922066 -0.1002147 -0.0928495 0.0706769 0.0768806 -0.0956713 -0.0926116 0.2237080 0.0782759 0.0710463 0.0891364 -0.0884017 0.0828231 -0.0873402
-0.0956077 0.0771764 0.0805870 -0.0914296 0.0870063 0.0802073 -0.0899217 -0.0922198 -0.2550861 0.0710224 -0.1054944 0.0856597 0.0787853 0.0823065 -0.0936244 -0.2531409 0.0827588 -0.0981369 -0.0909458 0.0827493 -0.0895563 0.0802707 0.0822306 0.0961793 -0.1003672 0.0980826 -0.1069376 -0.0971928 0.0749161 -0.0878704 -0.0877344 -0.0898110 -0.0936038 0.0657716 -0.0910719 0.9788912 0.0843305 -0.0874951 -0.1050712 -0.0402474 0.0859675 0.0834704 0.0657922 -0.0916295 -0.1007774 -0.1034814 0.0818423 0.0841057 -0.0933699 0.0844458 0.0837823 -0.0960351 0.0821195 0.0984646 0.0932723 0.0793071 0.0803015 0.0883036 -0.0893747 0.0798513 -0.0889201 0.0831344 -0.1030155 0.0914341 0.0775956 -0.0994616 0.0859730 0.0852286 0.0967810 0.0908474 -0.0860094 -0.0913146 0.0888843 0.0791524 -0.2417146 -0.0817980 -0.0862785 -0.0961224 0.0772472 -0.0895306 0.0785028
-0.0817585 0.0785086 0.0753740 -0.0884446 0.0795839 0.0770025 -0.0855118 -0.0888909 -0.2509059 0.0687856 -0.0947739 0.0912382 0.0800296 0.0823210 -0.0994019 -0.2527043 0.0765366 -0.0958935 -0.0931989 0.0940052 -0.0865285 0.0758985 0.0804273 0.0776560 -0.1007920 0.0872036 -0.1027313 -0.0874498 0.0719400 -0.0883325 -0.0935924 -0.0815989 -0.0959799 0.0850416 -0.0895781 0.0843305 0.9822564 -0.0967727 -0.0987372 -0.0474634 0.0836792 0.0773901 0.0709732 -0.0992097 -0.0945030 -0.0984911 0.0760507 0.0761643 -0.0882652 0.0878202 0.0888655 -0.0915554 0.0835440 0.0929024 0.0933675 0.0878409 0.0897984 0.0865214 -0.0904674 0.0791500 -0.0864003 0.0845314 -0.1087701 0.0855059 0.0772551 -0.0932248 0.0831685 0.0855724 0.0888177 0.0823266 -0.0893204 -0.0883460 0.0897568 0.0802370 -0.2347945 -0.0847160 -0.0869555 -0.0937407 0.0774645 -0.0929811 0.0854327
0.0653771 -0.0858525 -0.0917458 0.0690437 -0.0948064 -0.0812601 0.0784068 0.0863207 0.2322671 -0.0887472 0.0680005 -0.0851333 -0.0907200 -0.0899579 0.0749944 0.2293491 -0.0815893 0.0790332 0.0680225 -0.0972675 0.0706403 -0.0924519 -0.0941702 -0.0930381 0.0779386 -0.1002369 0.0806320 0.0774900 -0.0861695 0.0748795 0.0659421 0.0650113 0.0848845 -0.0880759 0.0722587 -0.0874951 -0.0967727 1.1227113 0.0825996 0.0329977 -0.0900910 -0.0945714 -0.0772098 0.0793949 0.0821162 0.0805861 -0.0856694 -0.0835605 0.0754612 -0.0881235 -0.0950722 0.0797186 -0.0872473 -0.0931020 -0.0942372 -0.0901840 -0.0925240 -0.0983158 0.0821463 -0.0863196 0.0750498 -0.0979681 0.0876785 -0.0863645 -0.0866913 0.0805042 -0.0818582 -0.0962339 -0.0940508 -0.0967215 0.0793461 0.0787052 -0.0899705 -0.0915818 0.2200449 0.0666019 0.0750111 0.0810392 -0.0822970 0.0802262 -0.0881085
0.0715227 -0.0929941 -0.1013587 0.0817188 -0.1018365 -0.0910372 0.0783022 0.0756374 0.2463363 -0.0894437 0.0870472 -0.1000075 -0.1019818 -0.0933059 0.0789395 0.2388645 -0.0941133 0.0964672 0.0684528 -0.1022956 0.0783225 -0.0932829 -0.0917950 -0.1027697 0.0802112 -0.1025773 0.0782324 0.0883359 -0.0919484 0.0744709 0.0830372 0.0708394 0.0899133 -0.0909606 0.0859737 -0.1050712 -0.0987372 0.0825996 1.1332613 0.0256062 -0.1022003 -0.1018993 -0.0865866 0.0814374 0.0887841 0.0896336 -0.0924965 -0.0905232 0.0843794 -0.1016480 -0.1025033 0.0846954 -0.0939397 -0.0991644 -0.1067509 -0.0917789 -0.0992596 -0.1048686 0.0842143 -0.0967421 0.0836226 -0.0990275 0.0925573 -0.0973547 -0.0906346 0.0856441 -0.0986897 -0.1037185 -0.1094918 -0.1003824 0.0808014 0.0852266 -0.1001082 -0.0958504 0.2395235 0.0773303 0.0804381 0.0931901 -0.1005614 0.0908018 -0.0952137
0.0189054 -0.0450053 -0.0452064 0.0260779 -0.0500815 -0.0409802 0.0179838 0.0315339 0.0923534 -0.0507088 0.0188641 -0.0410192 -0.0460416 -0.0508555 0.0249709 0.0954339 -0.0368479 0.0301640 0.0245029 -0.0500448 0.0227208 -0.0447487 -0.0458152 -0.0492920 0.0257050 -0.0410956 0.0292827 0.0334155 -0.0427569 0.0212876 0.0237586 0.0273994 0.0277700 -0.0372161 0.0360487 -0.0402474 -0.0474634 0.0329977 0.0256062 1.0490968 -0.0419555 -0.0425096 -0.0370677 0.0303570 0.0325242 0.0341393 -0.0477954 -0.0352547 0.0311740 -0.0467936 -0.0452339 0.0271050 -0.0389767 -0.0426047 -0.0429333 -0.0348934 -0.0428198 -0.0436242 0.0353397 -0.0429826 0.0350936 -0.0479907 0.0240393 -0.0418732 -0.0380908 0.0332825 -0.0387375 -0.0385025 -0.0452264 -0.0438525 0.0266455 0.0309931 -0.0447828 -0.0375076 0.0929031 0.0266126 0.0331746 0.0302593 -0.0400612 0.0253296 -0.0446491
-0.0823440 0.0810306 0.0814619 -0.0860826 0.0747501 0.0765438 -0.0931768 -0.0993671 -0.2515786 0.0785185 -0.0994166 0.0836850 0.0797145 0.0815883 -0.0856296 -0.2541918 0.0815083 -0.0952970 -0.0889190 0.0929440 -0.0887821 0.0809409 0.0809026 0.0881762 -0.1087662 0.0900634 -0.0995486 -0.0937567 0.0835841 -0.0852386 -0.0909526 -0.0823384 -0.0959611 0.0722898 -0.0888909 0.0859675 0.0836792 -0.0900910 -0.1022003 -0.0419555 0.9600265 0.0828828 0.0743746 -0.0936949 -0.0963299 -0.0994917 0.0779515 0.0871302 -0.0870791 0.0824501 0.0863453 -0.0948158 0.0883489 0.0983348 0.0960441 0.0810354 0.0859202 0.0871974 -0.0920993 0.0795712 -0.0884525 0.0938061 -0.1051810 0.0825169 0.0898382 -0.0980037 0.0813883 0.0842166 0.0927013 0.0856016 -0.0913211 -0.0917874 0.0887888 0.0821471 -0.2357547 -0.0871449 -0.0886475 -0.0959368 0.0785922 -0.0958415 0.0825624
-0.0844441 0.0736100 0.0772246 -0.0917080 0.0889987 0.0687732 -0.0905926 -0.0980150 -0.2589512 0.0765111 -0.0965483 0.0837211 0.0859792 0.0895169 -0.0947503 -0.2525852 0.0812362 -0.0949574 -0.0975738 0.0864470 -0.0852053 0.0814359 0.0846563 0.0870189 -0.0951065 0.0885501 -0.0956780 -0.0943452 0.0842340 -0.1042907 -0.0892578 -0.0918433 -0.1011558 0.0810258 -0.0990621 0.0834704 0.0773901 -0.0945714 -0.1018993 -0.0425096 0.0828828 0.9804276 0.0784295 -0.0976088 -0.0990343 -0.0975885 0.0839870 0.0832052 -0.0912950 0.0914148 0.0886142 -0.0955076 0.0863599 0.0885280 0.1001929 0.0833759 0.0864259 0.0938699 -0.0922679 0.0783962 -0.0987542 0.0986503 -0.1036716 0.0881068 0.0877568 -0.0981092 0.0837359 0.0906591 0.0943425 0.0854600 -0.0917440 -0.0887084 0.0905994 0.0901374 -0.2424797 -0.0881903 -0.0917019 -0.0997328 0.0819122 -0.0930939 0.0852793
-0.0801288 0.0665762 0.0723994 -0.0820196 0.0670063 0.0621656 -0.0872532 -0.0837396 -0.2195834 0.0647050 -0.0838747 0.0644338 0.0715567 0.0725868 -0.0868113 -0.2326596 0.0659517 -0.0823802 -0.0815797 0.0760468 -0.0861500 0.0676613 0.0728828 0.0709131 -0.0942928 0.0777680 -0.0923969 -0.0916557 0.0745822 -0.0894824 -0.0838519 -0.0760717 -0.0837412 0.0669288 -0.0916870 0.0657922 0.0709732 -0.0772098 -0.0865866 -0.0370677 0.0743746 0.0784295 0.9605294 -0.0875942 -0.0841151 -0.0846263 0.0733136 0.0634047 -0.0842814 0.0727469 0.0820395 -0.0829343 0.0802636 0.0804556 0.0833678 0.0659557 0.0766937 0.0871542 -0.0812112 0.0735795 -0.0866579 0.0707054 -0.0834145 0.0790034 0.0753367 -0.0833436 0.0778108 0.0670248 0.0799671 0.0685976 -0.0826413 -0.0833217 0.0817240 0.0664843 -0.2108444 -0.0753640 -0.0819328 -0.0860986 0.0748549 -0.0879945 0.0731442
0.0736519 -0.1027851 -0.0938033 0.0688716 -0.0918043 -0.0942821 0.0813392 0.0824843 0.2397221 -0.0869091 0.0760415 -0.0991648 -0.1018198 -0.0927888 0.0753892 0.2477038 -0.0830187 0.0861344 0.0806910 -0.1037075 0.0779219 -0.0931653 -0.0951633 -0.1014938 0.0826650 -0.1038974 0.0835343 0.0888420 -0.1009415 0.0795246 0.0755866 0.0694154 0.0849342 -0.0912385 0.0767259 -0.0916295 -0.0992097 0.0793949 0.0814374 0.0303570 -0.0936949 -0.0976088 -0.0875942 1.1291014 0.0889971 0.0887922 -0.0887641 -0.0920112 0.0903330 -0.0935078 -0.0928270 0.0820804 -0.0890414 -0.1042074 -0.1020862 -0.0955001 -0.0938295 -0.1026777 0.0849051 -0.0932810 0.0847285 -0.0993386 0.0881444 -0.0927523 -0.0888706 0.0874375 -0.0930928 -0.1007371 -0.1028049 -0.0952867 0.0840566 0.0803973 -0.0952237 -0.0940079 0.2350571 0.0814918 0.0763309 0.0915553 -0.0918186 0.0842489 -0.0954796
0.0683937 -0.0862209 -0.0872803 0.0701889 -0.1029744 -0.0924177 0.0797076 0.0843301 0.2435362 -0.0948754 0.0874063 -0.0987685 -0.0951409 -0.0976091 0.0688647 0.2456593 -0.0832075 0.0823595 0.0748691 -0.0998522 0.0785847 -0.0967193 -0.0884524 -0.0977720 0.0864306 -0.1068801 0.0938685 0.0845043 -0.0967058 0.0789981 0.0752167 0.0680078 0.0848440 -0.0883499 0.0770729 -0.1007774 -0.0945030 0.0821162 0.0887841 0.0325242 -0.0963299 -0.0990343 -0.0841151 0.0889971 1.1295185 0.0870067 -0.0884719 -0.0940033 0.0840364 -0.0965254 -0.0975153 0.0845409 -0.0910944 -0.1012519 -0.1014436 -0.0913104 -0.0960269 -0.0985143 0.0858766 -0.0952234 0.0849544 -0.1027279 0.0870565 -0.0920824 -0.0931190 0.0834008 -0.0947572 -0.0973371 -0.0957669 -0.0967762 0.0896404 0.0916845 -0.0971839 -0.0975119 0.2389251 0.0739216 0.0840788 0.0887936 -0.0924731 0.0932709 -0.0948316
0.0687072 -0.0963429 -0.0934151 0.0752076 -0.0967886 -0.0931339 0.0865977 0.0787466 0.2436615 -0.0939819 0.0784050 -0.0987847 -0.0933063 -0.0995926 0.0808246 0.2428905 -0.0865750 0.0817698 0.0786308 -0.1017461 0.0794187 -0.1023911 -0.0977864 -0.0976895 0.0768832 -0.1029909 0.0866691 0.0879023 -0.0885097 0.0772738 0.0687032 0.0731714 0.0851705 -0.0910323 0.0768542 -0.1034814 -0.0984911 0.0805861 0.0896336 0.0341393 -0.0994917 -0.0975885 -0.0846263 0.0887922 0.0870067 1.1329515 -0.0883448 -0.0936114 0.0791063 -0.0934601 -0.0983185 0.0836762 -0.0919151 -0.1025230 -0.0976006 -0.1030177 -0.0974684 -0.0962260 0.0864749 -0.0902139 0.0891538 -0.1026566 0.0999044 -0.0933825 -0.0940956 0.0838753 -0.0918880 -0.1035146 -0.1041170 -0.1013102 0.0795053 0.0855755 -0.0974767 -0.0985133 0.2345021 0.0808287 0.0728020 0.0913170 -0.0924751 0.0849457 -0.0916055
-0.0733515 0.0654091 0.0707029 -0.0831158 0.0684529 0.0771382 -0.0918270 -0.0953591 -0.2394274 0.0701356 -0.0983851 0.0771542 0.0771165 0.0811166 -0.0838530 -0.2343687 0.0755356 -0.0935739 -0.0939376 0.0808271 -0.0830945 0.0785761 0.0890488 0.0786740 -0.0891729 0.0809197 -0.0985024 -0.0893650 0.0770839 -0.0803136 -0.0881534 -0.0789996 -0.0914735 0.0642924 -0.0871044 0.0818423 0.0760507 -0.0856694 -0.0924965 -0.0477954 0.0779515 0.0839870 0.0733136 -0.0887641 -0.0884719 -0.0883448 0.9654593 0.0758937 -0.0897418 0.0749525 0.0806883 -0.0865632 0.0803573 0.0861707 0.0924395 0.0763058 0.0833460 0.0883581 -0.0837904 0.0743962 -0.0848584 0.0748833 -0.0922549 0.0773837 0.0678649 -0.0965236 0.0735639 0.0785324 0.0886533 0.0854603 -0.0868125 -0.0882905 0.0830793 0.0764374 -0.2216576 -0.0798429 -0.0895929 -0.0927245 0.0709378 -0.0883909 0.0762850
