1.0568910 -0.0383998 0.0083586 -0.0172801 0.0099000 -0.0094731 -0.0437442 0.0227007 0.0221862 0.0000032 -0.0528322 -0.0605859 0.0056797 -0.0393888 -0.0271958 -0.0226366 0.0330898 -0.0264507 0.0281294 -0.0593013 0.0337828 -0.0137769 -0.0475385 -0.0062564 -0.0388448 -0.0231776 -0.0452954 -0.0493039 0.0242211 0.0062146 0.0192457 0.0011360 -0.0242358 -0.0046944 -0.0140306 0.0080569 -0.0563356 0.0092903 -0.0487172 -0.0404814 0.0009082 -0.0288220 -0.0447586 -0.0010794 -0.0341698 -0.0012173 0.0040729 -0.0146035 -0.0249417 -0.0025591 0.0586453 0.0108864 -0.0074134 -0.0069209 0.0157052 0.0360606 -0.0270061 0.0161455 -0.0507125 0.0455381 0.0096965 0.0176152 0.0075895 0.0465356 -0.0193158 0.0016706 0.0101677 -0.0204450 -0.0352156 -0.0118996 -0.0206515 -0.0540459 -0.0549543 -0.0045824 -0.0166100 -0.0263694 -0.0467358 -0.0078210 -0.0447398 -0.0508239 0.0599980
-0.0383998 1.0389984 -0.0203460 0.0029553 -0.0222810 -0.0122367 -0.0016967 -0.0340523 -0.0383694 -0.0218571 0.0200279 0.0240310 -0.0350995 0.0018352 -0.0163314 -0.0079961 -0.0250266 0.0004508 -0.0373970 0.0123782 -0.0356274 -0.0176321 0.0035567 -0.0074846 0.0053075 0.0015615 0.0050801 0.0110476 -0.0361615 -0.0252768 -0.0545635 -0.0234775 -0.0020765 -0.0104706 -0.0033514 -0.0170600 0.0168338 -0.0128846 0.0132040 0.0056659 -0.0113614 0.0017862 0.0082690 -0.0063969 -0.0007595 -0.0163681 -0.0190836 -0.0057361 0.0091640 -0.0127840 -0.0351484 -0.0187139 -0.0092978 -0.0102924 -0.0172410 -0.0308306 0.0003972 -0.0258414 0.0228208 -0.0278890 -0.0115442 -0.0190354 -0.0109756 -0.0354825 0.0091862 -0.0141210 -0.0098863 -0.0089751 0.0091781 -0.0089494 0.0074003 0.0233323 0.0156510 -0.0074125 0.0071476 0.0068682 0.0152055 -0.0019847 0.0032135 0.0080930 -0.0487182
0.0083586 -0.0203460 1.0072776 -0.0167277 -0.0029288 -0.0139390 -0.0191122 -0.0036446 -0.0060798 -0.0111580 -0.0299459 -0.0141218 -0.0045305 -0.0196047 -0.0127959 -0.0204372 -0.0054988 -0.0057527 -0.0018866 -0.0209298 -0.0091998 0.0003808 -0.0214288 -0.0085902 -0.0072899 -0.0230983 -0.0098655 -0.0123679 -0.0040561 -0.0025130 -0.0040717 -0.0128426 -0.0130153 -0.0033474 -0.0170189 -0.0072797 -0.0138266 0.0010149 -0.0146336 -0.0113967 -0.0131788 0.0003929 -0.0207827 -0.0096722 -0.0188569 -0.0077463 -0.0046741 -0.0140278 -0.0123808 -0.0006818 0.0148230 -0.0019799 -0.0126783 -0.0148846 0.0014046 -0.0024614 -0.0051059 0.0056366 -0.0132187 -0.0065875 -0.0060048 -0.0128758 -0.0180972 -0.0023471 -0.0172984 -0.0011284 -0.0007202 -0.0174038 -0.0170564 -0.0194144 -0.0182299 -0.0227621 -0.0163619 -0.0138547 -0.0077628 -0.0064616 -0.0229705 -0.0109336 -0.0155931 -0.0189876 0.0086416
-0.0172801 0.0029553 -0.0167277 1.0197434 -0.0171234 -0.0088161 -0.0151445 -0.0214617 -0.0146434 -0.0079284 -0.0058380 -0.0025138 -0.0202860 -0.0137981 -0.0019396 -0.0106333 -0.0122795 -0.0101769 -0.0246714 -0.0122289 -0.0174588 -0.0168078 -0.0080629 -0.0126355 -0.0172425 -0.0072198 -0.0082956 0.0065298 -0.0166916 -0.0190244 -0.0184950 -0.0127327 -0.0024881 -0.0157036 -0.0113474 -0.0158016 -0.0082382 -0.0079237 -0.0075044 -0.0167744 -0.0135329 -0.0122508 0.0001604 -0.0016946 -0.0095163 -0.0069153 -0.0082160 -0.0002307 -0.0064651 -0.0072447 -0.0209252 -0.0117354 -0.0058672 -0.0031117 -0.0118590 -0.0176570 -0.0064168 -0.0110303 -0.0091682 -0.0107578 -0.0033696 -0.0118934 -0.0074363 -0.0131507 -0.0075277 -0.0108184 -0.0081233 0.0012641 -0.0196706 -0.0032788 -0.0106401 -0.0082973 0.0003947 -0.0033441 -0.0054081 -0.0044386 0.0015446 -0.0037607 -0.0046769 -0.0096503 -0.0170102
0.0099000 -0.0222810 -0.0029288 -0.0171234 1.0410661 -0.0066111 -0.0180006 0.0075125 0.0039835 -0.0147083 -0.0364194 -0.0333703 -0.0100366 -0.0190272 -0.0298957 -0.0191295 0.0117147 -0.0224671 0.0051887 -0.0327899 0.0132680 -0.0091934 -0.0188469 -0.0147104 -0.0241136 -0.0090374 -0.0282344 -0.0221167 0.0073674 0.0070191 0.0085885 -0.0101795 -0.0134298 -0.0104915 -0.0147453 -0.0134074 -0.0302027 -0.0054394 -0.0233486 -0.0200523 -0.0080006 -0.0228906 -0.0263886 -0.0072898 -0.0182952 0.0019105 0.0007487 -0.0099639 -0.0275383 -0.0066835 0.0188010 -0.0012852 0.0000979 -0.0080657 0.0042314 0.0078021 -0.0182496 -0.0013374 -0.0298483 0.0035422 -0.0041881 -0.0109715 0.0013918 0.0116568 -0.0233107 -0.0020290 -0.0031985 -0.0178419 -0.0173184 -0.0200188 -0.0214416 -0.0249984 -0.0205059 -0.0151206 -0.0149956 -0.0216320 -0.0214688 -0.0105357 -0.0165653 -0.0272511 0.0176828
-0.0094731 -0.0122367 -0.0139390 -0.0088161 -0.0066111 0.9965739 -0.0068284 0.0000352 -0.0116863 -0.0124730 -0.0162684 -0.0155989 -0.0057938 -0.0253827 -0.0152920 -0.0161370 -0.0006068 -0.0139926 0.0090850 -0.0297530 -0.0000646 -0.0089788 -0.0124215 -0.0027145 -0.0022556 -0.0191554 -0.0193776 -0.0156177 -0.0035902 -0.0075685 -0.0081854 -0.0004851 -0.0135426 -0.0080922 -0.0076273 -0.0147350 -0.0201801 -0.0099314 -0.0168508 -0.0269442 -0.0118513 -0.0122983 -0.0104179 -0.0113604 -0.0084392 -0.0035985 -0.0022956 -0.0040123 0.0015018 -0.0090342 0.0026523 -0.0097481 -0.0044665 -0.0108688 -0.0015750 -0.0052773 -0.0161179 -0.0165768 -0.0138811 -0.0023289 0.0000058 -0.0104974 -0.0040254 0.0020517 -0.0169448 -0.0116499 -0.0036734 -0.0120457 -0.0060558 0.0030759 -0.0041430 -0.0145235 -0.0171052 -0.0136560 -0.0048818 -0.0072160 -0.0093256 -0.0078009 -0.0040294 -0.0164858 -0.0028199
-0.0437442 -0.0016967 -0.0191122 -0.0151445 -0.0180006 -0.0068284 1.0319922 -0.0258972 -0.0251420 -0.0263355 0.0143388 0.0172747 -0.0163653 0.0108126 -0.0100442 0.0010744 -0.0265215 0.0025903 -0.0364596 0.0219589 -0.0235360 -0.0135190 0.0115467 -0.0155115 0.0034343 -0.0052622 -0.0051604 0.0087164 -0.0357445 -0.0205320 -0.0478747 -0.0143474 -0.0009260 -0.0088230 0.0047484 -0.0239070 0.0169411 -0.0085242 0.0129964 -0.0064280 -0.0144116 0.0034069 0.0104520 -0.0166480 0.0117770 -0.0189048 -0.0225511 -0.0004984 0.0042751 -0.0086995 -0.0485876 -0.0180271 -0.0073750 -0.0013679 -0.0184113 -0.0277475 0.0018163 -0.0303921 0.0212554 -0.0294508 -0.0152809 -0.0166294 -0.0218443 -0.0281298 0.0057356 -0.0163933 -0.0155434 -0.0081486 0.0017421 -0.0010822 -0.0077289 0.0187015 0.0175777 -0.0020694 0.0096420 0.0026196 0.0058389 0.0011124 0.0120020 0.0132234 -0.0539580
0.0227007 -0.0340523 -0.0036446 -0.0214617 0.0075125 0.0000352 -0.0258972 1.0721627 0.0126421 -0.0018352 -0.0345165 -0.0454002 0.0031210 -0.0403314 -0.0270322 -0.0113872 0.0238684 -0.0265685 0.0298876 -0.0504198 0.0245300 -0.0094220 -0.0342989 -0.0110095 -0.0380733 -0.0236340 -0.0495481 -0.0342464 0.0369270 -0.0059560 0.0399111 0.0027816 -0.0115582 -0.0044756 -0.0184912 0.0089597 -0.0506307 -0.0022408 -0.0338734 -0.0384128 -0.0032295 -0.0259263 -0.0341469 0.0002569 -0.0240980 0.0110325 0.0113852 -0.0075766 -0.0235302 0.0007035 0.0573630 0.0076889 -0.0074660 -0.0100336 0.0106797 0.0271472 -0.0238774 0.0179392 -0.0423564 0.0275539 0.0137948 0.0052750 0.0078148 0.0348616 -0.0339821 -0.0042812 0.0016886 -0.0142694 -0.0324982 -0.0069499 -0.0178973 -0.0439656 -0.0345570 -0.0089844 -0.0200277 -0.0262667 -0.0434615 -0.0136235 -0.0319057 -0.0574653 0.0474776
0.0221862 -0.0383694 -0.0060798 -0.0146434 0.0039835 -0.0116863 -0.0251420 0.0126421 1.0241286 -0.0105304 -0.0435123 -0.0350094 -0.0015139 -0.0323117 -0.0144880 -0.0167667 0.0202466 -0.0191341 0.0230326 -0.0303809 0.0100333 -0.0096436 -0.0356369 -0.0022460 -0.0254725 -0.0113073 -0.0252424 -0.0287685 0.0284410 0.0034784 0.0196549 -0.0008459 -0.0084906 -0.0113461 -0.0200259 0.0053334 -0.0316257 -0.0022345 -0.0287439 -0.0227628 0.0007972 -0.0126100 -0.0260258 -0.0037491 -0.0201469 -0.0059191 0.0082044 -0.0088702 -0.0184486 -0.0030860 0.0365457 0.0091214 -0.0076047 -0.0073215 0.0067398 0.0208040 -0.0211815 0.0053061 -0.0324736 0.0202237 -0.0027581 -0.0103847 -0.0045840 0.0301334 -0.0141871 -0.0103048 -0.0016406 -0.0209840 -0.0260948 -0.0156718 -0.0150870 -0.0327141 -0.0350709 -0.0161069 -0.0158448 -0.0101246 -0.0305197 -0.0112708 -0.0218094 -0.0282780 0.0273277
0.0000032 -0.0218571 -0.0111580 -0.0079284 -0.0147083 -0.0124730 -0.0263355 -0.0018352 -0.0105304 1.0169222 -0.0177313 -0.0147593 -0.0085368 -0.0211534 -0.0107786 -0.0139553 0.0038795 -0.0060359 -0.0023906 -0.0210807 0.0029844 -0.0168720 -0.0294727 -0.0127696 -0.0173897 -0.0145618 -0.0224130 -0.0210543 0.0131576 0.0009347 -0.0017350 -0.0067142 -0.0135103 -0.0040946 -0.0193253 -0.0100651 -0.0174641 -0.0157452 -0.0141014 -0.0135665 -0.0057289 -0.0114095 -0.0135339 -0.0078732 -0.0158458 -0.0125190 -0.0051656 -0.0040347 -0.0123333 -0.0032649 0.0082383 -0.0077681 -0.0141609 -0.0087851 0.0047443 -0.0038547 -0.0206760 -0.0009385 -0.0088205 0.0074813 -0.0051064 -0.0048488 0.0061351 0.0067827 -0.0220381 -0.0108346 -0.0031688 -0.0147099 -0.0094193 -0.0191991 -0.0092802 -0.0164834 -0.0161732 -0.0121285 -0.0036810 -0.0129167 -0.0148914 -0.0073406 -0.0153999 -0.0157159 0.0017074
-0.0528322 0.0200279 -0.0299459 -0.0058380 -0.0364194 -0.0162684 0.0143388 -0.0345165 -0.0435123 -0.0177313 1.0750399 0.0378345 -0.0168520 0.0110738 -0.0028701 -0.0045439 -0.0320924 0.0087874 -0.0400893 0.0226313 -0.0462682 -0.0072639 0.0042888 -0.0038483 -0.0059750 -0.0091012 0.0144449 0.0237806 -0.0505290 -0.0402176 -0.0603614 -0.0308678 -0.0122396 -0.0159888 0.0081111 -0.0289849 0.0234467 -0.0150432 0.0172040 0.0141734 -0.0176897 0.0095211 0.0196760 0.0005232 0.0256005 -0.0259294 -0.0266138 -0.0081928 0.0105569 -0.0165897 -0.0615580 -0.0301563 -0.0031195 -0.0055658 -0.0248745 -0.0426120 0.0055010 -0.0282247 0.0314230 -0.0479652 -0.0241352 -0.0163624 -0.0176318 -0.0521010 0.0066817 -0.0174539 -0.0170185 -0.0063381 0.0100040 -0.0001552 0.0069548 0.0285234 0.0159499 -0.0073339 0.0094678 -0.0009349 0.0177606 0.0027554 0.0150464 0.0250831 -0.0669209
-0.0605859 0.0240310 -0.0141218 -0.0025138 -0.0333703 -0.0155989 0.0172747 -0.0454002 -0.0350094 -0.0147593 0.0378345 1.0699214 -0.0290078 0.0267142 -0.0017586 -0.0019368 -0.0353245 0.0215534 -0.0547612 0.0457328 -0.0443297 -0.0117297 0.0305510 -0.0113520 0.0241209 0.0088094 0.0214146 0.0280189 -0.0595612 -0.0355080 -0.0649648 -0.0216191 0.0197463 -0.0165812 0.0015503 -0.0227565 0.0420450 -0.0212773 0.0226132 0.0149555 -0.0162513 0.0095851 0.0274400 -0.0162263 0.0160935 -0.0278728 -0.0316315 -0.0097117 0.0135199 -0.0219122 -0.0675809 -0.0255973 -0.0131986 -0.0022836 -0.0272112 -0.0540566 0.0133932 -0.0413180 0.0359066 -0.0582387 -0.0244918 -0.0167242 -0.0224757 -0.0510858 0.0143634 -0.0167988 -0.0146939 0.0030262 0.0183289 -0.0016855 0.0025007 0.0396316 0.0328364 -0.0044964 0.0103698 0.0208327 0.0275292 0.0004461 0.0276271 0.0442681 -0.0681157
0.0056797 -0.0350995 -0.0045305 -0.0202860 -0.0100366 -0.0057938 -0.0163653 0.0031210 -0.0015139 -0.0085368 -0.0168520 -0.0290078 1.0197610 -0.0213803 -0.0121587 -0.0092164 0.0072046 -0.0201453 0.0100882 -0.0224332 0.0188157 -0.0030354 -0.0254461 0.0018206 -0.0250203 -0.0140211 -0.0226547 -0.0167784 -0.0034549 -0.0012791 0.0075287 -0.0079785 -0.0089781 -0.0137615 -0.0139667 0.0012907 -0.0275001 -0.0037733 -0.0166412 -0.0157640 0.0020198 -0.0082315 -0.0248809 -0.0064829 -0.0083456 -0.0093456 -0.0022287 0.0012568 -0.0150644 -0.0089583 0.0187099 -0.0076593 -0.0050249 -0.0069203 -0.0044354 0.0075964 -0.0199387 -0.0001869 -0.0293510 0.0097149 -0.0003769 -0.0035883 -0.0016459 0.0138292 -0.0098406 -0.0082755 -0.0063404 -0.0132560 -0.0114957 -0.0095847 -0.0072599 -0.0182557 -0.0276821 -0.0138664 -0.0073013 -0.0128635 -0.0221617 -0.0068922 -0.0168943 -0.0232243 0.0138251
-0.0393888 0.0018352 -0.0196047 -0.0137981 -0.0190272 -0.0253827 0.0108126 -0.0403314 -0.0323117 -0.0211534 0.0110738 0.0267142 -0.0213803 1.0505848 -0.0026197 -0.0107372 -0.0361661 0.0077408 -0.0469417 0.0297037 -0.0339022 -0.0139266 0.0176254 -0.0041201 0.0056456 0.0114763 0.0249812 0.0226768 -0.0462619 -0.0134763 -0.0600601 -0.0258615 0.0134973 -0.0160331 0.0108086 -0.0178881 0.0246229 -0.0105070 0.0214100 0.0204110 -0.0100312 0.0018731 0.0184629 -0.0153746 -0.0009122 -0.0142157 -0.0340736 -0.0116243 0.0008905 -0.0242057 -0.0565330 -0.0199879 0.0036836 -0.0119562 -0.0304520 -0.0369638 0.0076068 -0.0302420 0.0117042 -0.0370555 -0.0160017 -0.0250540 -0.0178828 -0.0389780 0.0030015 -0.0111314 -0.0200848 -0.0021280 0.0221541 -0.0028211 0.0009956 0.0258719 0.0184935 -0.0113653 0.0052353 -0.0005715 0.0198404 0.0038012 0.0078974 0.0179226 -0.0627731
-0.0271958 -0.0163314 -0.0127959 -0.0019396 -0.0298957 -0.0152920 -0.0100442 -0.0270322 -0.0144880 -0.0107786 -0.0028701 -0.0017586 -0.0121587 -0.0026197 1.0108446 -0.0182159 -0.0205773 0.0033687 -0.0243311 0.0048522 -0.0121410 -0.0080737 -0.0073693 -0.0170593 0.0062158 0.0037213 0.0026476 -0.0036594 -0.0219125 -0.0159807 -0.0239958 -0.0058391 0.0017907 -0.0131965 0.0004393 -0.0219386 0.0007943 -0.0071524 -0.0082206 -0.0014620 -0.0048161 0.0005698 -0.0060861 0.0014760 -0.0060446 -0.0139561 -0.0102432 -0.0029889 -0.0104305 -0.0080490 -0.0307097 -0.0105325 -0.0139136 -0.0002692 -0.0092022 -0.0184435 -0.0054299 -0.0140581 0.0021087 -0.0168124 -0.0098473 -0.0146610 -0.0180789 -0.0139211 -0.0020902 -0.0150444 -0.0046732 -0.0128076 -0.0002371 -0.0135095 -0.0077404 -0.0035109 -0.0062088 0.0004268 -0.0030123 -0.0051834 0.0006667 0.0040054 0.0041694 -0.0076364 -0.0306474
-0.0226366 -0.0079961 -0.0204372 -0.0106333 -0.0191295 -0.0161370 0.0010744 -0.0113872 -0.0167667 -0.0139553 -0.0045439 -0.0019368 -0.0092164 -0.0107372 -0.0182159 1.0192947 -0.0163300 0.0016843 -0.0072302 -0.0094843 -0.0169042 -0.0166065 -0.0212040 -0.0299473 -0.0135866 -0.0120012 -0.0031158 0.0034180 -0.0095052 -0.0120857 -0.0166861 -0.0173529 -0.0075073 -0.0204415 -0.0105560 -0.0027403 -0.0017850 -0.0077428 -0.0204071 -0.0000970 -0.0064288 -0.0066352 -0.0071044 -0.0073020 -0.0102638 -0.0111854 -0.0129120 -0.0045496 -0.0044923 -0.0021615 -0.0180130 -0.0096873 0.0020584 -0.0103657 -0.0087456 -0.0227265 0.0007467 -0.0138001 -0.0050278 -0.0041453 -0.0080767 -0.0043503 -0.0063894 -0.0118524 -0.0040498 0.0008883 -0.0012516 -0.0051869 -0.0034070 -0.0027541 -0.0161905 -0.0121775 -0.0036770 -0.0020720 -0.0024474 -0.0009578 -0.0109863 -0.0043068 -0.0055496 -0.0039055 -0.0094424
0.0330898 -0.0250266 -0.0054988 -0.0122795 0.0117147 -0.0006068 -0.0265215 0.0238684 0.0202466 0.0038795 -0.0320924 -0.0353245 0.0072046 -0.0361661 -0.0205773 -0.0163300 1.0360188 -0.0225102 0.0370792 -0.0430035 0.0242168 -0.0092566 -0.0362218 -0.0085124 -0.0274024 -0.0171647 -0.0383880 -0.0218199 0.0263119 -0.0019721 0.0368097 0.0148040 -0.0135554 -0.0054890 -0.0135256 0.0070772 -0.0358886 0.0060201 -0.0225719 -0.0276965 0.0001344 -0.0182008 -0.0296598 -0.0077370 -0.0244780 0.0100718 0.0151775 -0.0044028 -0.0167715 0.0027247 0.0385420 0.0083011 -0.0014464 -0.0038901 0.0124400 0.0216910 -0.0138001 0.0151848 -0.0336624 0.0229161 0.0003322 0.0036422 0.0100704 0.0271304 -0.0242835 0.0063555 0.0003390 -0.0058545 -0.0227047 -0.0135401 -0.0067571 -0.0377921 -0.0265796 -0.0041315 -0.0084489 -0.0155594 -0.0254950 -0.0114634 -0.0253843 -0.0353501 0.0410071
-0.0264507 0.0004508 -0.0057527 -0.0101769 -0.0224671 -0.0139926 0.0025903 -0.0265685 -0.0191341 -0.0060359 0.0087874 0.0215534 -0.0201453 0.0077408 0.0033687 0.0016843 -0.0225102 1.0347724 -0.0228305 0.0144220 -0.0249668 0.0021227 0.0033855 -0.0013514 0.0037972 -0.0004425 0.0072067 0.0077496 -0.0337196 -0.0234846 -0.0377354 -0.0148780 0.0038512 -0.0051132 -0.0018642 -0.0132756 0.0162432 -0.0084253 0.0078077 0.0129819 -0.0074233 -0.0014973 0.0131897 -0.0065114 0.0108372 -0.0050954 -0.0153349 0.0018317 0.0065090 -0.0176381 -0.0311413 -0.0147090 -0.0040157 -0.0056987 -0.0110630 -0.0250767 0.0080716 -0.0167450 0.0072991 -0.0172754 -0.0082683 -0.0106805 -0.0122150 -0.0180266 0.0018181 -0.0123611 -0.0089617 -0.0009673 0.0035317 -0.0101101 -0.0005624 0.0157690 0.0075969 -0.0034245 0.0028727 0.0049310 0.0056029 0.0055060 0.0072773 0.0163314 -0.0353454
0.0281294 -0.0373970 -0.0018866 -0.0246714 0.0051887 0.0090850 -0.0364596 0.0298876 0.0230326 -0.0023906 -0.0400893 -0.0547612 0.0100882 -0.0469417 -0.0243311 -0.0072302 0.0370792 -0.0228305 1.0789641 -0.0658462 0.0284775 -0.0124172 -0.0339883 -0.0182553 -0.0326478 -0.0294393 -0.0633327 -0.0489137 0.0496382 0.0029411 0.0271025 0.0061768 -0.0223161 -0.0011391 -0.0280695 -0.0010805 -0.0443124 0.0027485 -0.0505786 -0.0318974 -0.0056976 -0.0309257 -0.0528502 -0.0149256 -0.0324419 0.0013558 0.0182449 -0.0150853 -0.0302897 0.0121854 0.0634172 0.0120025 -0.0155756 -0.0101671 0.0182698 0.0312863 -0.0240518 0.0132102 -0.0479887 0.0315572 0.0106011 0.0041930 0.0132138 0.0449426 -0.0364356 -0.0046410 -0.0076278 -0.0242636 -0.0336622 -0.0125309 -0.0156033 -0.0499476 -0.0577402 -0.0116794 -0.0135697 -0.0188576 -0.0403810 -0.0189544 -0.0385869 -0.0492257 0.0588631
-0.0593013 0.0123782 -0.0209298 -0.0122289 -0.0327899 -0.0297530 0.0219589 -0.0504198 -0.0303809 -0.0210807 0.0226313 0.0457328 -0.0224332 0.0297037 0.0048522 -0.0094843 -0.0430035 0.0144220 -0.0658462 1.0674223 -0.0466747 -0.0066664 0.0248368 -0.0194102 0.0162686 -0.0008317 0.0174269 0.0321679 -0.0414674 -0.0090184 -0.0609464 -0.0191793 0.0073660 -0.0178771 0.0063125 -0.0179967 0.0259581 -0.0135197 0.0218141 0.0163216 -0.0068842 0.0048789 0.0215851 -0.0067501 0.0119963 -0.0247919 -0.0321843 -0.0087499 0.0066303 -0.0229665 -0.0579183 -0.0237942 0.0014140 -0.0073745 -0.0215828 -0.0450995 0.0037498 -0.0349731 0.0425092 -0.0447532 -0.0160246 -0.0322884 -0.0234081 -0.0447461 0.0161164 -0.0191555 -0.0154015 0.0016318 0.0122098 0.0060145 -0.0018367 0.0321172 0.0384423 -0.0104085 0.0066857 0.0096128 0.0154651 0.0083333 0.0232751 0.0345628 -0.0645514
0.0337828 -0.0356274 -0.0091998 -0.0174588 0.0132680 -0.0000646 -0.0235360 0.0245300 0.0100333 0.0029844 -0.0462682 -0.0443297 0.0188157 -0.0339022 -0.0121410 -0.0169042 0.0242168 -0.0249668 0.0284775 -0.0466747 1.0469359 -0.0041357 -0.0414552 -0.0070795 -0.0306625 -0.0310522 -0.0322364 -0.0324811 0.0338259 0.0081461 0.0318443 0.0028655 -0.0077301 -0.0078975 -0.0206355 0.0050983 -0.0327733 0.0011420 -0.0363349 -0.0337971 0.0011890 -0.0175610 -0.0405425 -0.0057928 -0.0207829 0.0028359 0.0090964 -0.0027102 -0.0218613 0.0010455 0.0452186 0.0061585 -0.0076897 -0.0027588 0.0170496 0.0258371 -0.0185250 0.0136349 -0.0392352 0.0301650 0.0021698 0.0038676 0.0019096 0.0376279 -0.0223354 0.0018121 -0.0030302 -0.0158102 -0.0270086 -0.0002007 -0.0227493 -0.0416028 -0.0390775 -0.0079578 -0.0203657 -0.0253667 -0.0311907 -0.0115374 -0.0287506 -0.0372767 0.0419577
-0.0137769 -0.0176321 0.0003808 -0.0168078 -0.0091934 -0.0089788 -0.0135190 -0.0094220 -0.0096436 -0.0168720 -0.0072639 -0.0117297 -0.0030354 -0.0139266 -0.0080737 -0.0166065 -0.0092566 0.0021227 -0.0124172 -0.0066664 -0.0041357 1.0222070 -0.0097861 -0.0183546 -0.0167549 -0.0095064 -0.0147016 -0.0067229 -0.0123271 -0.0100801 -0.0208264 -0.0134079 -0.0056637 0.0003445 -0.0145260 -0.0131707 -0.0115407 -0.0093162 -0.0095214 -0.0088330 -0.0188873 -0.0043387 -0.0043967 -0.0096814 -0.0074083 -0.0120780 -0.0031607 -0.0020762 -0.0091359 -0.0089062 -0.0044882 -0.0106380 0.0028037 -0.0068329 -0.0043483 -0.0014132 0.0025735 -0.0057826 -0.0025597 0.0034241 -0.0036927 -0.0114122 -0.0093969 -0.0044038 -0.0119839 -0.0096028 -0.0102914 -0.0148482 -0.0067890 -0.0060072 -0.0037556 -0.0069471 -0.0144681 -0.0144720 -0.0064798 -0.0049327 -0.0045620 -0.0002866 -0.0038654 -0.0086993 -0.0063126
-0.0475385 0.0035567 -0.0214288 -0.0080629 -0.0188469 -0.0124215 0.0115467 -0.0342989 -0.0356369 -0.0294727 0.0042888 0.0305510 -0.0254461 0.0176254 -0.0073693 -0.0212040 -0.0362218 0.0033855 -0.0339883 0.0248368 -0.0414552 -0.0097861 1.0354658 -0.0135513 0.0023078 -0.0009397 0.0115693 0.0161748 -0.0570529 -0.0219675 -0.0437470 -0.0168023 -0.0010189 -0.0222154 0.0051536 -0.0252403 0.0263980 -0.0266231 0.0141850 0.0057748 -0.0153906 0.0110121 0.0101445 -0.0117315 0.0060523 -0.0136185 -0.0360805 -0.0145928 0.0073155 -0.0207669 -0.0540169 -0.0224262 -0.0020155 -0.0082568 -0.0198428 -0.0415435 0.0068461 -0.0248696 0.0289312 -0.0362484 -0.0211975 -0.0295556 -0.0203445 -0.0404726 0.0112188 -0.0146120 -0.0050101 -0.0005771 0.0151925 -0.0001248 -0.0058264 0.0277593 0.0223566 -0.0101787 0.0043405 0.0062460 0.0206990 -0.0034980 0.0149913 0.0273727 -0.0537184
-0.0062564 -0.0074846 -0.0085902 -0.0126355 -0.0147104 -0.0027145 -0.0155115 -0.0110095 -0.0022460 -0.0127696 -0.0038483 -0.0113520 0.0018206 -0.0041201 -0.0170593 -0.0299473 -0.0085124 -0.0013514 -0.0182553 -0.0194102 -0.0070795 -0.0183546 -0.0135513 1.0390913 -0.0089584 -0.0081570 -0.0079026 -0.0127217 -0.0224088 -0.0117908 -0.0091419 -0.0122519 -0.0094743 -0.0078190 -0.0155571 -0.0167352 -0.0144668 -0.0163820 -0.0105315 -0.0136453 -0.0041111 -0.0111873 -0.0134076 -0.0086792 -0.0154641 0.0020673 -0.0139697 -0.0015170 -0.0064214 -0.0113023 0.0011049 -0.0086154 -0.0141100 -0.0092979 -0.0030738 -0.0124611 -0.0113652 0.0022657 -0.0183224 -0.0158571 -0.0089349 -0.0063011 -0.0107872 -0.0102301 -0.0087275 -0.0063310 -0.0088206 -0.0173529 -0.0160835 -0.0175439 -0.0100399 -0.0109782 -0.0091911 -0.0124738 0.0002583 -0.0094077 -0.0143831 -0.0043851 -0.0045408 -0.0187766 -0.0146261
-0.0388448 0.0053075 -0.0072899 -0.0172425 -0.0241136 -0.0022556 0.0034343 -0.0380733 -0.0254725 -0.0173897 -0.0059750 0.0241209 -0.0250203 0.0056456 0.0062158 -0.0135866 -0.0274024 0.0037972 -0.0326478 0.0162686 -0.0306625 -0.0167549 0.0023078 -0.0089584 1.0241566 0.0012270 -0.0005725 0.0062983 -0.0429001 -0.0239959 -0.0392868 -0.0098191 0.0047201 -0.0068773 -0.0119058 -0.0232584 0.0251612 -0.0188054 0.0114117 0.0098221 -0.0109814 0.0089758 0.0155557 -0.0040337 -0.0002840 -0.0183976 -0.0238569 -0.0057546 0.0083078 -0.0172492 -0.0469447 -0.0184733 -0.0017346 -0.0183390 -0.0183619 -0.0419199 -0.0055890 -0.0212702 0.0077827 -0.0321053 -0.0077369 -0.0175250 -0.0183299 -0.0323814 0.0055084 -0.0163780 -0.0168836 -0.0007019 0.0065553 -0.0067601 -0.0015455 0.0135445 0.0163870 -0.0035049 0.0015906 0.0023469 0.0062967 0.0020374 0.0114761 0.0217315 -0.0521407
-0.0231776 0.0015615 -0.0230983 -0.0072198 -0.0090374 -0.0191554 -0.0052622 -0.0236340 -0.0113073 -0.0145618 -0.0091012 0.0088094 -0.0140211 0.0114763 0.0037213 -0.0120012 -0.0171647 -0.0004425 -0.0294393 -0.0008317 -0.0310522 -0.0095064 -0.0009397 -0.0081570 0.0012270 1.0147513 -0.0117198 0.0036072 -0.0270077 -0.0163659 -0.0423860 -0.0034823 -0.0005420 -0.0144426 -0.0049356 -0.0139716 0.0006350 -0.0083767 -0.0046791 -0.0013729 -0.0087149 -0.0130714 0.0079136 -0.0123507 0.0002512 -0.0128209 -0.0127224 -0.0077729 -0.0043010 -0.0227442 -0.0230454 -0.0150185 -0.0037706 -0.0090896 -0.0117486 -0.0210890 -0.0003638 -0.0194851 0.0093617 -0.0110126 -0.0144861 -0.0176298 -0.0081932 -0.0195713 -0.0004611 -0.0071954 -0.0085218 0.0011172 -0.0009682 -0.0063321 -0.0011836 0.0037288 0.0036739 -0.0008423 0.0013358 -0.0009573 0.0029371 -0.0052983 0.0007090 0.0105913 -0.0271901
-0.0452954 0.0050801 -0.0098655 -0.0082956 -0.0282344 -0.0193776 -0.0051604 -0.0495481 -0.0252424 -0.0224130 0.0144449 0.0214146 -0.0226547 0.0249812 0.0026476 -0.0031158 -0.0383880 0.0072067 -0.0633327 0.0174269 -0.0322364 -0.0147016 0.0115693 -0.0079026 -0.0005725 -0.0117198 1.0545253 0.0281029 -0.0423791 -0.0204249 -0.0484671 -0.0262275 0.0057933 -0.0072459 -0.0057488 -0.0181071 0.0190900 -0.0151658 0.0181979 0.0123770 -0.0108686 0.0060483 0.0064864 -0.0076836 0.0083577 -0.0211040 -0.0315332 -0.0152022 0.0041889 -0.0030723 -0.0511157 -0.0202022 -0.0129700 -0.0051706 -0.0217771 -0.0416398 -0.0022823 -0.0199278 0.0225012 -0.0294270 -0.0252864 -0.0133249 -0.0142551 -0.0397880 -0.0000519 -0.0164824 -0.0136291 -0.0028857 0.0148779 -0.0029323 -0.0043119 0.0325824 0.0244173 -0.0084117 0.0056101 0.0006609 0.0280797 0.0016932 0.0070942 0.0196229 -0.0590556
-0.0493039 0.0110476 -0.0123679 0.0065298 -0.0221167 -0.0156177 0.0087164 -0.0342464 -0.0287685 -0.0210543 0.0237806 0.0280189 -0.0167784 0.0226768 -0.0036594 0.0034180 -0.0218199 0.0077496 -0.0489137 0.0321679 -0.0324811 -0.0067229 0.0161748 -0.0127217 0.0062983 0.0036072 0.0281029 1.0384374 -0.0433767 -0.0245214 -0.0478323 -0.0129147 0.0037781 -0.0104816 0.0095748 -0.0157036 0.0223490 -0.0090581 0.0157796 0.0195078 -0.0062991 0.0100424 0.0200373 -0.0117249 0.0077794 -0.0216827 -0.0194944 -0.0053467 0.0101215 -0.0133949 -0.0431605 -0.0173962 0.0023186 -0.0030041 -0.0178174 -0.0328798 0.0015232 -0.0248587 0.0211323 -0.0291639 -0.0135024 -0.0185691 -0.0172864 -0.0313780 0.0080517 -0.0118057 -0.0122855 0.0070854 0.0123138 -0.0027313 -0.0011597 0.0206715 0.0248879 0.0050091 0.0030595 0.0090043 0.0155793 -0.0034348 0.0131813 0.0214126 -0.0391485
0.0242211 -0.0361615 -0.0040561 -0.0166916 0.0073674 -0.0035902 -0.0357445 0.0369270 0.0284410 0.0131576 -0.0505290 -0.0595612 -0.0034549 -0.0462619 -0.0219125 -0.0095052 0.0263119 -0.0337196 0.0496382 -0.0414674 0.0338259 -0.0123271 -0.0570529 -0.0224088 -0.0429001 -0.0270077 -0.0423791 -0.0433767 1.0867003 0.0021067 0.0291858 -0.0057623 -0.0166653 -0.0063645 -0.0159251 0.0144115 -0.0518952 0.0033531 -0.0398287 -0.0385459 0.0051712 -0.0280860 -0.0534164 -0.0096428 -0.0312602 0.0141455 0.0100912 -0.0100942 -0.0304359 0.0012295 0.0505486 0.0091797 -0.0137738 -0.0024397 0.0184278 0.0301103 -0.0326834 0.0170634 -0.0527388 0.0309837 0.0080780 -0.0038840 0.0047292 0.0548892 -0.0351892 0.0026467 0.0032689 -0.0086855 -0.0393736 -0.0109030 -0.0171501 -0.0589520 -0.0492478 -0.0049513 -0.0286832 -0.0259038 -0.0405307 -0.0202211 -0.0390530 -0.0599601 0.0664416
0.0062146 -0.0252768 -0.0025130 -0.0190244 0.0070191 -0.0075685 -0.0205320 -0.0059560 0.0034784 0.0009347 -0.0402176 -0.0355080 -0.0012791 -0.0134763 -0.0159807 -0.0120857 -0.0019721 -0.0234846 0.0029411 -0.0090184 0.0081461 -0.0100801 -0.0219675 -0.0117908 -0.0239959 -0.0163659 -0.0204249 -0.0245214 0.0021067 1.0259910 -0.0047865 -0.0095785 -0.0115250 -0.0067076 -0.0154057 0.0099808 -0.0354882 -0.0058670 -0.0205016 -0.0182804 -0.0121068 -0.0161547 -0.0235208 -0.0095042 -0.0216712 -0.0054802 -0.0086953 -0.0085860 -0.0254824 -0.0119795 0.0197052 -0.0039988 -0.0059487 -0.0063704 0.0052169 0.0050428 -0.0161260 -0.0051137 -0.0216601 0.0070156 0.0015121 -0.0101205 -0.0011591 0.0096722 -0.0165479 -0.0049340 -0.0076556 -0.0062899 -0.0202391 -0.0121206 -0.0135856 -0.0229751 -0.0268065 -0.0102494 -0.0154969 -0.0170907 -0.0250643 -0.0083490 -0.0149863 -0.0246271 0.0165025
0.0192457 -0.0545635 -0.0040717 -0.0184950 0.0085885 -0.0081854 -0.0478747 0.0399111 0.0196549 -0.0017350 -0.0603614 -0.0649648 0.0075287 -0.0600601 -0.0239958 -0.0166861 0.0368097 -0.0377354 0.0271025 -0.0609464 0.0318443 -0.0208264 -0.0437470 -0.0091419 -0.0392868 -0.0423860 -0.0484671 -0.0478323 0.0291858 -0.0047865 1.0697306 0.0036408 -0.0296748 -0.0127227 -0.0361194 0.0077264 -0.0531842 0.0047799 -0.0467270 -0.0494977 0.0013996 -0.0256223 -0.0572499 -0.0071384 -0.0335706 0.0048063 0.0212700 0.0023394 -0.0384310 -0.0001859 0.0746666 0.0146890 -0.0087379 -0.0050618 0.0200266 0.0466786 -0.0169890 0.0167192 -0.0565597 0.0359283 0.0102062 0.0061169 0.0036360 0.0457134 -0.0361943 -0.0021284 0.0025160 -0.0229214 -0.0353471 -0.0151957 -0.0102724 -0.0597629 -0.0526208 -0.0092909 -0.0278382 -0.0307009 -0.0524253 -0.0222791 -0.0402907 -0.0603258 0.1133298
0.0011360 -0.0234775 -0.0128426 -0.0127327 -0.0101795 -0.0004851 -0.0143474 0.0027816 -0.0008459 -0.0067142 -0.0308678 -0.0216191 -0.0079785 -0.0258615 -0.0058391 -0.0173529 0.0148040 -0.0148780 0.0061768 -0.0191793 0.0028655 -0.0134079 -0.0168023 -0.0122519 -0.0098191 -0.0034823 -0.0262275 -0.0129147 -0.0057623 -0.0095785 0.0036408 1.0544198 -0.0108538 0.0002175 -0.0176995 0.0038382 -0.0199165 -0.0067460 -0.0213018 -0.0142322 -0.0075547 -0.0140896 -0.0194458 -0.0066055 -0.0116044 -0.0037709 -0.0030131 -0.0182904 -0.0100883 -0.0011786 0.0117740 -0.0122299 -0.0066848 -0.0086615 -0.0012540 0.0088481 -0.0121710 -0.0107879 -0.0200358 -0.0016577 -0.0012919 -0.0055127 -0.0059635 0.0086117 -0.0136628 -0.0068647 -0.0072473 -0.0068557 -0.0219946 -0.0174254 -0.0111161 -0.0123915 -0.0149807 -0.0153084 -0.0027306 -0.0099527 -0.0152946 -0.0096965 -0.0143127 -0.0185999 0.0101098
-0.0242358 -0.0020765 -0.0130153 -0.0024881 -0.0134298 -0.0135426 -0.0009260 -0.0115582 -0.0084906 -0.0135103 -0.0122396 0.0197463 -0.0089781 0.0134973 0.0017907 -0.0075073 -0.0135554 0.0038512 -0.0223161 0.0073660 -0.0077301 -0.0056637 -0.0010189 -0.0094743 0.0047201 -0.0005420 0.0057933 0.0037781 -0.0166653 -0.0115250 -0.0296748 -0.0108538 1.0123205 -0.0064801 0.0014725 -0.0124610 0.0075083 -0.0068238 0.0066743 0.0029683 -0.0051149 -0.0020897 0.0057546 -0.0087562 0.0042702 -0.0055782 -0.0150167 -0.0042355 0.0000011 -0.0081244 -0.0220236 -0.0075493 -0.0018826 -0.0018283 -0.0093946 -0.0147590 0.0019498 -0.0121093 0.0002370 -0.0189060 -0.0093693 -0.0190956 -0.0098384 -0.0184850 0.0037441 -0.0026807 -0.0093357 -0.0011572 0.0024463 -0.0010700 -0.0041459 0.0110704 0.0069468 -0.0054810 -0.0042015 -0.0027986 0.0043320 0.0001250 0.0093597 0.0139302 -0.0252012
-0.0046944 -0.0104706 -0.0033474 -0.0157036 -0.0104915 -0.0080922 -0.0088230 -0.0044756 -0.0113461 -0.0040946 -0.0159888 -0.0165812 -0.0137615 -0.0160331 -0.0131965 -0.0204415 -0.0054890 -0.0051132 -0.0011391 -0.0178771 -0.0078975 0.0003445 -0.0222154 -0.0078190 -0.0068773 -0.0144426 -0.0072459 -0.0104816 -0.0063645 -0.0067076 -0.0127227 0.0002175 -0.0064801 1.0209007 -0.0020509 -0.0008427 -0.0085558 -0.0025800 -0.0096347 -0.0142833 -0.0062017 -0.0085849 -0.0037394 -0.0057505 -0.0060312 -0.0083794 0.0003648 -0.0076980 -0.0033541 -0.0024664 0.0058083 -0.0044840 0.0001144 -0.0004382 0.0039008 0.0030376 -0.0082363 0.0007040 -0.0048225 -0.0066818 -0.0010854 -0.0058552 -0.0119097 0.0011876 -0.0091684 -0.0045371 -0.0084849 -0.0052460 -0.0051840 -0.0044273 -0.0108610 -0.0093763 -0.0066949 -0.0017312 -0.0018968 -0.0063996 -0.0041523 -0.0034120 -0.0086711 -0.0068548 0.0053171
-0.0140306 -0.0033514 -0.0170189 -0.0113474 -0.0147453 -0.0076273 0.0047484 -0.0184912 -0.0200259 -0.0193253 0.0081111 0.0015503 -0.0139667 0.0108086 0.0004393 -0.0105560 -0.0135256 -0.0018642 -0.0280695 0.0063125 -0.0206355 -0.0145260 0.0051536 -0.0155571 -0.0119058 -0.0049356 -0.0057488 0.0095748 -0.0159251 -0.0154057 -0.0361194 -0.0176995 0.0014725 -0.0020509 1.0102305 0.0004766 -0.0015753 -0.0108789 0.0049049 -0.0018753 -0.0068038 0.0034431 0.0003135 -0.0063526 0.0027860 -0.0084897 -0.0080331 -0.0077746 0.0019325 -0.0094082 -0.0169391 -0.0150492 -0.0015844 -0.0080229 -0.0096072 -0.0224870 -0.0069116 -0.0127286 0.0060522 -0.0110300 -0.0071412 -0.0041821 -0.0072922 -0.0205968 -0.0037213 -0.0120610 -0.0056952 -0.0089617 -0.0044795 -0.0047432 0.0027996 0.0100388 0.0024121 0.0063682 -0.0027066 -0.0050982 0.0034369 -0.0036204 -0.0021597 0.0061119 -0.0257902
0.0080569 -0.0170600 -0.0072797 -0.0158016 -0.0134074 -0.0147350 -0.0239070 0.0089597 0.0053334 -0.0100651 -0.0289849 -0.0227565 0.0012907 -0.0178881 -0.0219386 -0.0027403 0.0070772 -0.0132756 -0.0010805 -0.0179967 0.0050983 -0.0131707 -0.0252403 -0.0167352 -0.0232584 -0.0139716 -0.0181071 -0.0157036 0.0144115 0.0099808 0.0077264 0.0038382 -0.0124610 -0.0008427 0.0004766 1.0040978 -0.0249984 -0.0014519 -0.0126840 -0.0117953 -0.0052641 -0.0154304 -0.0207651 -0.0048457 -0.0119104 -0.0013857 -0.0030724 -0.0031599 -0.0069058 -0.0054251 0.0155465 -0.0022253 -0.0019366 -0.0007351 0.0012595 0.0155648 -0.0126901 0.0058820 -0.0200477 0.0100719 0.0027152 -0.0017303 0.0031732 0.0117702 -0.0114057 -0.0055493 0.0041530 -0.0091441 -0.0150324 -0.0046298 -0.0062770 -0.0197684 -0.0171660 -0.0090704 -0.0098757 -0.0107223 -0.0167364 -0.0057649 -0.0125235 -0.0217876 0.0166568
-0.0563356 0.0168338 -0.0138266 -0.0082382 -0.0302027 -0.0201801 0.0169411 -0.0506307 -0.0316257 -0.0174641 0.0234467 0.0420450 -0.0275001 0.0246229 0.0007943 -0.0017850 -0.0358886 0.0162432 -0.0443124 0.0259581 -0.0327733 -0.0115407 0.0263980 -0.0144668 0.0251612 0.0006350 0.0190900 0.0223490 -0.0518952 -0.0354882 -0.0531842 -0.0199165 0.0075083 -0.0085558 -0.0015753 -0.0249984 1.0458575 -0.0167814 0.0163805 0.0245843 -0.0098246 0.0043306 0.0240242 -0.0088983 0.0172189 -0.0255598 -0.0233918 -0.0077179 0.0172635 -0.0153855 -0.0569017 -0.0218696 -0.0005996 -0.0006177 -0.0203873 -0.0408416 0.0080393 -0.0311842 0.0278004 -0.0391291 -0.0155559 -0.0173635 -0.0176546 -0.0424435 0.0186751 -0.0111767 -0.0160199 0.0075575 0.0183988 0.0026353 0.0061200 0.0353987 0.0300914 -0.0190549 0.0112675 0.0160622 0.0194219 0.0012649 0.0149941 0.0351515 -0.0603703
0.0092903 -0.0128846 0.0010149 -0.0079237 -0.0054394 -0.0099314 -0.0085242 -0.0022408 -0.0022345 -0.0157452 -0.0150432 -0.0212773 -0.0037733 -0.0105070 -0.0071524 -0.0077428 0.0060201 -0.0084253 0.0027485 -0.0135197 0.0011420 -0.0093162 -0.0266231 -0.0163820 -0.0188054 -0.0083767 -0.0151658 -0.0090581 0.0033531 -0.0058670 0.0047799 -0.0067460 -0.0068238 -0.0025800 -0.0108789 -0.0014519 -0.0167814 0.9960786 -0.0170568 -0.0135502 -0.0027803 -0.0153392 -0.0181617 -0.0015309 -0.0112770 0.0047545 0.0017453 -0.0102192 -0.0103503 -0.0022472 0.0115375 0.0041046 -0.0067931 -0.0057107 0.0030335 0.0073227 -0.0064036 -0.0002710 -0.0105841 0.0095479 0.0013638 -0.0049054 -0.0001284 0.0092096 -0.0115820 -0.0045807 -0.0075780 -0.0039737 -0.0110250 -0.0086766 -0.0094746 -0.0183337 -0.0149463 -0.0114512 -0.0111049 -0.0017505 -0.0094245 -0.0055945 -0.0157798 -0.0090739 0.0101693
-0.0487172 0.0132040 -0.0146336 -0.0075044 -0.0233486 -0.0168508 0.0129964 -0.0338734 -0.0287439 -0.0141014 0.0172040 0.0226132 -0.0166412 0.0214100 -0.0082206 -0.0204071 -0.0225719 0.0078077 -0.0505786 0.0218141 -0.0363349 -0.0095214 0.0141850 -0.0105315 0.0114117 -0.0046791 0.0181979 0.0157796 -0.0398287 -0.0205016 -0.0467270 -0.0213018 0.0066743 -0.0096347 0.0049049 -0.0126840 0.0163805 -0.0170568 0.9955869 0.0151214 -0.0097086 0.0066633 0.0182475 -0.0129897 0.0075445 -0.0101209 -0.0165556 -0.0050578 0.0068201 -0.0117203 -0.0364255 -0.0143960 -0.0085183 -0.0009867 -0.0171434 -0.0299441 0.0021707 -0.0233748 0.0192975 -0.0343817 -0.0073003 -0.0177223 -0.0144715 -0.0287422 0.0063636 -0.0167643 -0.0107316 -0.0001601 0.0054132 0.0027393 0.0025284 0.0224779 0.0283488 -0.0009376 0.0075304 0.0076934 0.0119362 -0.0017420 0.0069828 0.0149099 -0.0493204
-0.0404814 0.0056659 -0.0113967 -0.0167744 -0.0200523 -0.0269442 -0.0064280 -0.0384128 -0.0227628 -0.0135665 0.0141734 0.0149555 -0.0157640 0.0204110 -0.0014620 -0.0000970 -0.0276965 0.0129819 -0.0318974 0.0163216 -0.0337971 -0.0088330 0.0057748 -0.0136453 0.0098221 -0.0013729 0.0123770 0.0195078 -0.0385459 -0.0182804 -0.0494977 -0.0142322 0.0029683 -0.0142833 -0.0018753 -0.0117953 0.0245843 -0.0135502 0.0151214 1.0169626 -0.0078277 0.0094129 0.0075888 -0.0069961 0.0049180 -0.0148455 -0.0279550 -0.0103634 -0.0026993 -0.0137139 -0.0364992 -0.0142860 -0.0017887 -0.0019782 -0.0129896 -0.0375724 0.0010324 -0.0241587 0.0239343 -0.0317482 -0.0175108 -0.0173237 -0.0045544 -0.0253768 0.0086983 -0.0101579 -0.0087786 0.0030234 0.0076521 0.0008640 0.0053255 0.0176215 0.0235073 -0.0026101 0.0092246 0.0034160 0.0125341 0.0013300 0.0044908 0.0184633 -0.0392286
0.0009082 -0.0113614 -0.0131788 -0.0135329 -0.0080006 -0.0118513 -0.0144116 -0.0032295 0.0007972 -0.0057289 -0.0176897 -0.0162513 0.0020198 -0.0100312 -0.0048161 -0.0064288 0.0001344 -0.0074233 -0.0056976 -0.0068842 0.0011890 -0.0188873 -0.0153906 -0.0041111 -0.0109814 -0.0087149 -0.0108686 -0.0062991 0.0051712 -0.0121068 0.0013996 -0.0075547 -0.0051149 -0.0062017 -0.0068038 -0.0052641 -0.0098246 -0.0027803 -0.0097086 -0.0078277 1.0168054 -0.0132493 -0.0069628 -0.0075469 -0.0130941 0.0000831 0.0001219 -0.0004992 -0.0082215 -0.0050379 0.0062397 -0.0052774 -0.0055247 -0.0022179 -0.0012310 0.0039297 -0.0085854 -0.0084952 -0.0123291 0.0060195 -0.0031490 -0.0025559 -0.0029576 0.0033428 -0.0069169 -0.0032269 -0.0065965 -0.0051148 -0.0000040 -0.0127183 -0.0021588 -0.0109610 -0.0093324 -0.0043280 -0.0070926 -0.0090169 -0.0038947 0.0003051 -0.0171070 -0.0113597 0.0058063
-0.0288220 0.0017862 0.0003929 -0.0122508 -0.0228906 -0.0122983 0.0034069 -0.0259263 -0.0126100 -0.0114095 0.0095211 0.0095851 -0.0082315 0.0018731 0.0005698 -0.0066352 -0.0182008 -0.0014973 -0.0309257 0.0048789 -0.0175610 -0.0043387 0.0110121 -0.0111873 0.0089758 -0.0130714 0.0060483 0.0100424 -0.0280860 -0.0161547 -0.0256223 -0.0140896 -0.0020897 -0.0085849 0.0034431 -0.0154304 0.0043306 -0.0153392 0.0066633 0.0094129 -0.0132493 1.0233878 0.0076787 -0.0083318 0.0031284 -0.0096062 -0.0158946 -0.0084646 0.0017441 -0.0047714 -0.0282397 -0.0076068 -0.0008916 -0.0035606 -0.0121295 -0.0262707 -0.0048551 -0.0201286 0.0051314 -0.0307474 -0.0094735 -0.0195691 -0.0085731 -0.0227929 0.0037759 -0.0116637 0.0019942 -0.0009214 0.0065668 0.0025779 -0.0033850 0.0033559 0.0148031 -0.0008927 0.0044582 0.0030478 0.0084594 0.0001766 0.0030366 0.0088544 -0.0234931
-0.0447586 0.0082690 -0.0207827 0.0001604 -0.0263886 -0.0104179 0.0104520 -0.0341469 -0.0260258 -0.0135339 0.0196760 0.0274400 -0.0248809 0.0184629 -0.0060861 -0.0071044 -0.0296598 0.0131897 -0.0528502 0.0215851 -0.0405425 -0.0043967 0.0101445 -0.0134076 0.0155557 0.0079136 0.0064864 0.0200373 -0.0534164 -0.0235208 -0.0572499 -0.0194458 0.0057546 -0.0037394 0.0003135 -0.0207651 0.0240242 -0.0181617 0.0182475 0.0075888 -0.0069628 0.0076787 1.0089884 -0.0053651 0.0146852 -0.0167628 -0.0222713 -0.0071349 0.0073725 -0.0148995 -0.0416953 -0.0171251 -0.0066397 -0.0023854 -0.0218934 -0.0301672 0.0100228 -0.0249397 0.0253831 -0.0394857 -0.0086355 -0.0094507 -0.0225997 -0.0360749 0.0099168 -0.0025111 -0.0085554 0.0029672 0.0078847 -0.0062469 -0.0014987 0.0211228 0.0159398 -0.0112966 0.0035460 0.0029575 0.0275336 -0.0008823 0.0085379 0.0330640 -0.0577079
-0.0010794 -0.0063969 -0.0096722 -0.0016946 -0.0072898 -0.0113604 -0.0166480 0.0002569 -0.0037491 -0.0078732 0.0005232 -0.0162263 -0.0064829 -0.0153746 0.0014760 -0.0073020 -0.0077370 -0.0065114 -0.0149256 -0.0067501 -0.0057928 -0.0096814 -0.0117315 -0.0086792 -0.0040337 -0.0123507 -0.0076836 -0.0117249 -0.0096428 -0.0095042 -0.0071384 -0.0066055 -0.0087562 -0.0057505 -0.0063526 -0.0048457 -0.0088983 -0.0015309 -0.0129897 -0.0069961 -0.0075469 -0.0083318 -0.0053651 1.0122821 -0.0066744 0.0020407 -0.0016053 -0.0085019 -0.0057968 -0.0084187 0.0003761 0.0078898 -0.0057801 -0.0016292 -0.0076457 -0.0006520 -0.0016471 -0.0046773 -0.0087583 -0.0021585 -0.0032741 -0.0037740 -0.0028295 0.0021344 0.0030050 -0.0039542 -0.0011374 -0.0102287 -0.0148427 -0.0090619 -0.0048607 -0.0081918 -0.0127956 -0.0038867 -0.0028291 -0.0104602 -0.0071492 -0.0023492 -0.0069263 -0.0132595 -0.0069660
-0.0341698 -0.0007595 -0.0188569 -0.0095163 -0.0182952 -0.0084392 0.0117770 -0.0240980 -0.0201469 -0.0158458 0.0256005 0.0160935 -0.0083456 -0.0009122 -0.0060446 -0.0102638 -0.0244780 0.0108372 -0.0324419 0.0119963 -0.0207829 -0.0074083 0.0060523 -0.0154641 -0.0002840 0.0002512 0.0083577 0.0077794 -0.0312602 -0.0216712 -0.0335706 -0.0116044 0.0042702 -0.0060312 0.0027860 -0.0119104 0.0172189 -0.0112770 0.0075445 0.0049180 -0.0130941 0.0031284 0.0146852 -0.0066744 1.0045096 -0.0172942 -0.0202827 -0.0034657 0.0089658 -0.0071259 -0.0224505 -0.0191089 -0.0008788 -0.0004750 -0.0061276 -0.0242799 0.0067822 -0.0157104 0.0143275 -0.0291358 -0.0067215 -0.0148050 -0.0134108 -0.0202009 0.0005323 -0.0058552 -0.0127220 0.0025644 0.0027558 -0.0057605 0.0015451 0.0128548 0.0121409 -0.0030756 0.0034071 0.0088179 0.0162217 0.0017975 0.0013176 0.0164709 -0.0381313
-0.0012173 -0.0163681 -0.0077463 -0.0069153 0.0019105 -0.0035985 -0.0189048 0.0110325 -0.0059191 -0.0125190 -0.0259294 -0.0278728 -0.0093456 -0.0142157 -0.0139561 -0.0111854 0.0100718 -0.0050954 0.0013558 -0.0247919 0.0028359 -0.0120780 -0.0136185 0.0020673 -0.0183976 -0.0128209 -0.0211040 -0.0216827 0.0141455 -0.0054802 0.0048063 -0.0037709 -0.0055782 -0.0083794 -0.0084897 -0.0013857 -0.0255598 0.0047545 -0.0101209 -0.0148455 0.0000831 -0.0096062 -0.0167628 0.0020407 -0.0172942 1.0060431 -0.0004669 -0.0050444 -0.0105155 -0.0018906 0.0146977 -0.0010811 -0.0063146 -0.0048381 -0.0038036 0.0009527 -0.0044178 -0.0006728 -0.0119215 0.0105053 -0.0003458 -0.0023863 0.0001874 0.0107849 -0.0168949 -0.0054461 -0.0033559 -0.0027359 -0.0121134 -0.0107471 -0.0092055 -0.0129850 -0.0163550 -0.0033268 -0.0078407 -0.0071623 -0.0134173 -0.0074393 -0.0177044 -0.0147109 0.0051949
