1.2731241 0.0296645 -0.2321070 0.2984138 -0.2470437 -0.2511231 0.0284906 -0.2334837 -0.2376104 0.2938421 -0.2403367 0.0208819 0.0275404 0.0428802 -0.2303278 0.0381640 -0.2374344 -0.2388826 0.0377847 0.0375152 -0.2351427 -0.2398290 0.2923090 0.0341269 0.0192588 0.2908520 -0.2409787 -0.2378940 0.0235743 -0.2433230 0.0183066 0.0365488 -0.2303697 -0.2289667 0.0306575 -0.2507606 0.0267673 -0.2484029 0.0203314 0.0349333 0.3169925 0.3199755 -0.2594627 -0.2407413 0.3235141 0.0277917 0.3042305 0.0321249 -0.2463229 0.0384826 0.0392579 0.0372482 -0.2457231 0.0333250 -0.2434833 0.0303290 -0.2441421 -0.2408197 0.3276271 0.2719581 0.0252984 0.2955457 0.3296094 0.3298997 -0.2478363 0.0412308 0.0450018 0.0312230 -0.2478466 0.0374229 0.3318167 0.0304035 0.0170693 -0.2429755 -0.2361962 0.0358746 0.0274099 0.3017937 0.0457281 0.3205190 0.0390132
0.0296645 1.0159121 -0.0317528 0.0297476 -0.0402707 -0.0450876 -0.0109387 -0.0388027 -0.0415226 0.0284629 -0.0436282 -0.0065451 -0.0098553 -0.0015437 -0.0420759 0.0078668 -0.0407342 -0.0342666 -0.0098745 0.0023555 -0.0354881 -0.0436356 0.0222716 0.0022072 -0.0083116 0.0312950 -0.0512730 -0.0437717 -0.0081365 -0.0349736 -0.0102267 -0.0008873 -0.0397893 -0.0406907 -0.0063640 -0.0520825 -0.0119124 -0.0362657 -0.0043240 -0.0017054 0.0390150 0.0390834 -0.0445911 -0.0408189 0.0348020 -0.0024915 0.0342543 0.0047845 -0.0407973 0.0020212 -0.0018419 -0.0009448 -0.0427440 -0.0022821 -0.0385922 0.0022872 -0.0426326 -0.0379909 0.0431911 0.0318132 -0.0047064 0.0268868 0.0351944 0.0337289 -0.0418976 -0.0013925 0.0004345 -0.0074586 -0.0385695 0.0019856 0.0391369 -0.0050748 -0.0085026 -0.0336008 -0.0334457 -0.0013206 -0.0060892 0.0412557 -0.0041878 0.0326454 -0.0039269
-0.2321070 -0.0317528 1.0346828 -0.2311355 0.1555548 0.1580824 -0.0445250 0.1544752 0.1554115 -0.2318926 0.1464320 -0.0305876 -0.0376697 -0.0478873 0.1539482 -0.0481745 0.1631839 0.1577943 -0.0491079 -0.0439193 0.1573532 0.1524815 -0.2292543 -0.0449289 -0.0467807 -0.2345834 0.1607502 0.1612557 -0.0396257 0.1592511 -0.0366744 -0.0401428 0.1599956 0.1567279 -0.0409528 0.1799205 -0.0369173 0.1656240 -0.0373904 -0.0325915 -0.2377170 -0.2446454 0.1755717 0.1631516 -0.2395981 -0.0292122 -0.2302399 -0.0369694 0.1657078 -0.0425614 -0.0399102 -0.0408721 0.1682641 -0.0389722 0.1721721 -0.0341670 0.1663246 0.1631068 -0.2450039 -0.2029574 -0.0262098 -0.2354123 -0.2452046 -0.2407818 0.1684189 -0.0388341 -0.0447792 -0.0421028 0.1655625 -0.0483007 -0.2385235 -0.0386229 -0.0233763 0.1623531 0.1635725 -0.0380034 -0.0427973 -0.2326070 -0.0449703 -0.2348883 -0.0441346
0.2984138 0.0297476 -0.2311355 1.2740809 -0.2358436 -0.2531797 0.0208200 -0.2404688 -0.2385027 0.3108134 -0.2407309 0.0216011 0.0301662 0.0321274 -0.2401877 0.0346737 -0.2428476 -0.2428703 0.0235918 0.0315975 -0.2418977 -0.2436893 0.3014328 0.0321900 0.0300418 0.3165601 -0.2494516 -0.2447440 0.0329436 -0.2553138 0.0241249 0.0312841 -0.2360253 -0.2380745 0.0312238 -0.2513848 0.0324422 -0.2513260 0.0253016 0.0368763 0.3386341 0.3307717 -0.2650650 -0.2516566 0.3251334 0.0355414 0.3099565 0.0373123 -0.2516552 0.0553791 0.0350531 0.0348668 -0.2527761 0.0421651 -0.2510406 0.0334998 -0.2508380 -0.2477211 0.3323210 0.2785510 0.0263058 0.3070486 0.3334620 0.3433149 -0.2511509 0.0341712 0.0503145 0.0390274 -0.2525639 0.0371862 0.3289566 0.0284704 0.0205423 -0.2487709 -0.2431923 0.0300013 0.0262619 0.3175377 0.0339357 0.3320921 0.0262894
-0.2470437 -0.0402707 0.1555548 -0.2358436 1.0152814 0.1700727 -0.0351333 0.1548907 0.1554289 -0.2357521 0.1509198 -0.0247186 -0.0426685 -0.0402799 0.1494199 -0.0553771 0.1589643 0.1648912 -0.0505738 -0.0461569 0.1533216 0.1534819 -0.2311493 -0.0421289 -0.0454028 -0.2298597 0.1600988 0.1608994 -0.0293798 0.1624041 -0.0465528 -0.0450363 0.1602834 0.1617646 -0.0359234 0.1733183 -0.0339720 0.1681279 -0.0313167 -0.0392713 -0.2427785 -0.2438870 0.1730904 0.1700261 -0.2413207 -0.0302149 -0.2274918 -0.0431117 0.1687687 -0.0471186 -0.0388096 -0.0409227 0.1694957 -0.0337219 0.1682126 -0.0395176 0.1702589 0.1514571 -0.2476326 -0.2050490 -0.0345847 -0.2372010 -0.2496986 -0.2455458 0.1616143 -0.0362846 -0.0455793 -0.0382114 0.1770571 -0.0452537 -0.2416398 -0.0347692 -0.0233100 0.1709393 0.1581062 -0.0418056 -0.0306324 -0.2327635 -0.0476047 -0.2345980 -0.0385848
-0.2511231 -0.0450876 0.1580824 -0.2531797 0.1700727 1.0524859 -0.0409359 0.1761483 0.1598665 -0.2544530 0.1611773 -0.0409384 -0.0399766 -0.0486935 0.1654004 -0.0444945 0.1796660 0.1769147 -0.0466776 -0.0492203 0.1720410 0.1746680 -0.2432569 -0.0528936 -0.0413911 -0.2523689 0.1734124 0.1751539 -0.0441333 0.1764532 -0.0488122 -0.0554449 0.1737663 0.1744188 -0.0435373 0.1809981 -0.0417169 0.1858410 -0.0360138 -0.0401932 -0.2571567 -0.2550938 0.1913895 0.1719172 -0.2572462 -0.0369312 -0.2461910 -0.0379207 0.1817598 -0.0432462 -0.0388013 -0.0438602 0.1846732 -0.0410832 0.1852423 -0.0498682 0.1788305 0.1781292 -0.2560793 -0.2213994 -0.0266721 -0.2469726 -0.2646251 -0.2610451 0.1807082 -0.0396028 -0.0426105 -0.0374334 0.1841785 -0.0419307 -0.2586936 -0.0385519 -0.0270483 0.1862227 0.1808696 -0.0400195 -0.0397356 -0.2449747 -0.0430151 -0.2536323 -0.0337265
0.0284906 -0.0109387 -0.0445250 0.0208200 -0.0351333 -0.0409359 1.0161741 -0.0349498 -0.0330642 0.0297534 -0.0381898 -0.0034045 -0.0028381 -0.0072479 -0.0364767 0.0041677 -0.0342805 -0.0390719 -0.0053524 -0.0200481 -0.0333056 -0.0413067 0.0258167 0.0085353 -0.0030157 0.0353802 -0.0371199 -0.0398730 -0.0091251 -0.0426331 -0.0128996 -0.0034460 -0.0327026 -0.0327670 -0.0003444 -0.0356702 -0.0032403 -0.0399485 0.0029509 -0.0093228 0.0342300 0.0370298 -0.0456629 -0.0406844 0.0344029 -0.0059515 0.0336053 -0.0054267 -0.0386508 -0.0018532 0.0002740 -0.0000391 -0.0411850 0.0012410 -0.0387182 -0.0083145 -0.0446808 -0.0327086 0.0398894 0.0228646 -0.0042002 0.0265189 0.0327620 0.0367190 -0.0347304 -0.0013921 -0.0062416 -0.0055746 -0.0408212 -0.0118123 0.0373922 0.0004980 -0.0027264 -0.0376154 -0.0338750 -0.0014563 0.0017954 0.0316553 -0.0037884 0.0357454 -0.0006868
-0.2334837 -0.0388027 0.1544752 -0.2404688 0.1548907 0.1761483 -0.0349498 1.0354214 0.1550382 -0.2400625 0.1555664 -0.0314758 -0.0404542 -0.0395687 0.1568727 -0.0457662 0.1669233 0.1638231 -0.0434306 -0.0440756 0.1661992 0.1707136 -0.2290247 -0.0446660 -0.0354935 -0.2389767 0.1573792 0.1688117 -0.0386011 0.1668801 -0.0384811 -0.0429980 0.1597762 0.1640774 -0.0354348 0.1693960 -0.0379826 0.1678866 -0.0413250 -0.0332349 -0.2453354 -0.2426826 0.1737658 0.1770651 -0.2428400 -0.0404477 -0.2308495 -0.0367360 0.1764272 -0.0389369 -0.0411618 -0.0361474 0.1822674 -0.0408940 0.1696519 -0.0377605 0.1654073 0.1632985 -0.2456861 -0.2106422 -0.0231633 -0.2339101 -0.2492141 -0.2486025 0.1659537 -0.0386304 -0.0446638 -0.0345063 0.1730740 -0.0423634 -0.2478833 -0.0350654 -0.0262271 0.1713028 0.1670445 -0.0321891 -0.0384907 -0.2316911 -0.0428057 -0.2396757 -0.0365836
-0.2376104 -0.0415226 0.1554115 -0.2385027 0.1554289 0.1598665 -0.0330642 0.1550382 1.0351022 -0.2418984 0.1739915 -0.0298765 -0.0359518 -0.0466282 0.1463217 -0.0446938 0.1667396 0.1694794 -0.0431201 -0.0327718 0.1639512 0.1608037 -0.2306722 -0.0420783 -0.0397616 -0.2353738 0.1666429 0.1624254 -0.0351380 0.1673577 -0.0437317 -0.0389029 0.1581134 0.1664398 -0.0352220 0.1795026 -0.0417642 0.1648303 -0.0373440 -0.0416002 -0.2446393 -0.2419914 0.1747816 0.1688025 -0.2411417 -0.0333216 -0.2323079 -0.0300955 0.1721683 -0.0402646 -0.0366801 -0.0375320 0.1725381 -0.0370162 0.1698684 -0.0446030 0.1677696 0.1665640 -0.2475234 -0.2095173 -0.0300339 -0.2381471 -0.2493652 -0.2464994 0.1708987 -0.0300472 -0.0504149 -0.0362959 0.1735728 -0.0405160 -0.2448398 -0.0361285 -0.0259395 0.1688274 0.1682167 -0.0327715 -0.0332201 -0.2321571 -0.0449892 -0.2419286 -0.0353579
0.2938421 0.0284629 -0.2318926 0.3108134 -0.2357521 -0.2544530 0.0297534 -0.2400625 -0.2418984 1.2541658 -0.2395265 0.0263000 0.0319722 0.0408707 -0.2427502 0.0364138 -0.2359104 -0.2425333 0.0352851 0.0341356 -0.2373057 -0.2444208 0.2939148 0.0351168 0.0338975 0.3152963 -0.2436940 -0.2407242 0.0238148 -0.2507252 0.0355043 0.0376025 -0.2375970 -0.2413246 0.0284114 -0.2553231 0.0257447 -0.2468807 0.0269715 0.0321689 0.3391086 0.3298029 -0.2666123 -0.2500653 0.3339968 0.0320443 0.3086820 0.0227521 -0.2511344 0.0376652 0.0481791 0.0288831 -0.2486448 0.0337081 -0.2446727 0.0401650 -0.2484560 -0.2376899 0.3305389 0.2663160 0.0194797 0.3178998 0.3282695 0.3345864 -0.2498313 0.0323548 0.0434797 0.0303002 -0.2541409 0.0406774 0.3284606 0.0326710 0.0210707 -0.2494802 -0.2369071 0.0295136 0.0365001 0.3152418 0.0374546 0.3214852 0.0313299
-0.2403367 -0.0436282 0.1464320 -0.2407309 0.1509198 0.1611773 -0.0381898 0.1555664 0.1739915 -0.2395265 1.0261030 -0.0265204 -0.0412194 -0.0338704 0.1551874 -0.0437268 0.1632271 0.1745224 -0.0423376 -0.0390330 0.1605846 0.1710476 -0.2253428 -0.0553766 -0.0417273 -0.2470549 0.1678015 0.1671234 -0.0454114 0.1644920 -0.0463627 -0.0500566 0.1587221 0.1616142 -0.0324828 0.1791570 -0.0340208 0.1732065 -0.0375610 -0.0383069 -0.2443695 -0.2479471 0.1859578 0.1723840 -0.2461115 -0.0426469 -0.2371503 -0.0322662 0.1760187 -0.0479514 -0.0394575 -0.0426386 0.1756763 -0.0351072 0.1716975 -0.0407333 0.1652976 0.1601723 -0.2487088 -0.2104088 -0.0283131 -0.2381276 -0.2522381 -0.2509785 0.1719986 -0.0347536 -0.0519954 -0.0376633 0.1656220 -0.0485048 -0.2465361 -0.0400108 -0.0258230 0.1793521 0.1673530 -0.0362965 -0.0378611 -0.2365934 -0.0378843 -0.2421054 -0.0439591
0.0208819 -0.0065451 -0.0305876 0.0216011 -0.0247186 -0.0409384 -0.0034045 -0.0314758 -0.0298765 0.0263000 -0.0265204 1.0340357 0.0023071 -0.0072823 -0.0317260 -0.0068382 -0.0302803 -0.0303033 -0.0040433 0.0030500 -0.0298235 -0.0343767 0.0148409 -0.0031266 -0.0042101 0.0251176 -0.0286742 -0.0252280 -0.0084498 -0.0344355 -0.0041883 -0.0086592 -0.0237753 -0.0271374 -0.0028638 -0.0393924 -0.0027662 -0.0339607 -0.0060538 -0.0014318 0.0275544 0.0293127 -0.0320999 -0.0304975 0.0212362 -0.0077711 0.0215475 -0.0003107 -0.0265392 -0.0056071 -0.0000200 -0.0071704 -0.0330543 0.0011919 -0.0335859 0.0008558 -0.0329644 -0.0292396 0.0280354 0.0261854 -0.0054113 0.0249634 0.0270349 0.0291287 -0.0339150 -0.0021504 0.0014645 0.0011895 -0.0272721 -0.0067374 0.0244696 0.0014996 -0.0054964 -0.0299536 -0.0284427 0.0021158 -0.0025652 0.0293163 0.0032383 0.0316620 -0.0017705
0.0275404 -0.0098553 -0.0376697 0.0301662 -0.0426685 -0.0399766 -0.0028381 -0.0404542 -0.0359518 0.0319722 -0.0412194 0.0023071 1.0131590 -0.0040925 -0.0455771 -0.0026804 -0.0416752 -0.0484280 -0.0074681 -0.0004275 -0.0339262 -0.0485198 0.0409130 -0.0033004 -0.0017584 0.0294522 -0.0461491 -0.0384477 -0.0071509 -0.0361102 -0.0094461 -0.0042345 -0.0372431 -0.0382816 -0.0055310 -0.0418902 -0.0000406 -0.0434016 -0.0058288 -0.0032996 0.0396727 0.0386873 -0.0428573 -0.0398506 0.0308227 -0.0003871 0.0344285 -0.0085464 -0.0453474 -0.0037934 0.0071118 0.0012733 -0.0411272 -0.0013066 -0.0374150 -0.0006839 -0.0419153 -0.0355036 0.0425443 0.0270508 -0.0020715 0.0389255 0.0348584 0.0464197 -0.0457429 0.0001516 0.0044703 0.0034335 -0.0416451 0.0008179 0.0421208 0.0022530 0.0011110 -0.0476981 -0.0387492 -0.0005800 -0.0016867 0.0401235 -0.0027798 0.0383094 -0.0034157
0.0428802 -0.0015437 -0.0478873 0.0321274 -0.0402799 -0.0486935 -0.0072479 -0.0395687 -0.0466282 0.0408707 -0.0338704 -0.0072823 -0.0040925 1.0123534 -0.0453824 0.0076596 -0.0398932 -0.0413914 -0.0074241 -0.0055441 -0.0386766 -0.0457393 0.0325643 -0.0038303 -0.0043339 0.0331302 -0.0492791 -0.0410788 -0.0160245 -0.0448938 -0.0038211 -0.0005179 -0.0394745 -0.0444976 0.0021132 -0.0418784 -0.0052171 -0.0409608 -0.0035580 -0.0046335 0.0430586 0.0430142 -0.0497425 -0.0432391 0.0381802 0.0061046 0.0349386 -0.0045943 -0.0402888 -0.0004401 -0.0015441 -0.0055262 -0.0460929 -0.0038070 -0.0384313 -0.0030381 -0.0474167 -0.0472831 0.0326546 0.0359886 0.0071434 0.0341854 0.0450312 0.0461181 -0.0461859 -0.0055174 0.0007512 0.0070699 -0.0476962 -0.0029666 0.0350986 -0.0004233 -0.0014487 -0.0440003 -0.0388094 0.0011899 -0.0072747 0.0426696 0.0029292 0.0357194 -0.0018539
-0.2303278 -0.0420759 0.1539482 -0.2401877 0.1494199 0.1654004 -0.0364767 0.1568727 0.1463217 -0.2427502 0.1551874 -0.0317260 -0.0455771 -0.0453824 1.0340663 -0.0452402 0.1626156 0.1628208 -0.0434876 -0.0341059 0.1637756 0.1566202 -0.2333884 -0.0443056 -0.0307969 -0.2376017 0.1645658 0.1586230 -0.0348838 0.1739208 -0.0500087 -0.0404460 0.1624189 0.1648544 -0.0404875 0.1745332 -0.0367847 0.1720483 -0.0377444 -0.0385388 -0.2429097 -0.2424177 0.1757495 0.1697352 -0.2432626 -0.0339823 -0.2321749 -0.0383570 0.1693861 -0.0442942 -0.0396446 -0.0452139 0.1668622 -0.0400409 0.1703309 -0.0370731 0.1637078 0.1629379 -0.2437531 -0.2042226 -0.0294591 -0.2333923 -0.2492461 -0.2434990 0.1661665 -0.0411819 -0.0447667 -0.0366997 0.1617261 -0.0410282 -0.2427945 -0.0352668 -0.0202629 0.1685215 0.1683683 -0.0402538 -0.0373427 -0.2280732 -0.0464971 -0.2323649 -0.0377209
0.0381640 0.0078668 -0.0481745 0.0346737 -0.0553771 -0.0444945 0.0041677 -0.0457662 -0.0446938 0.0364138 -0.0437268 -0.0068382 -0.0026804 0.0076596 -0.0452402 1.0072643 -0.0369630 -0.0412170 -0.0047765 -0.0074294 -0.0434862 -0.0429905 0.0391834 -0.0035383 0.0081184 0.0370460 -0.0478850 -0.0367763 -0.0133470 -0.0532354 -0.0134525 -0.0060300 -0.0393367 -0.0445963 -0.0104500 -0.0476241 -0.0003928 -0.0422592 -0.0062026 -0.0011410 0.0449852 0.0465794 -0.0448446 -0.0477449 0.0331301 0.0007661 0.0352560 -0.0003599 -0.0430817 -0.0006594 -0.0053877 -0.0057058 -0.0447511 0.0013147 -0.0421659 -0.0015048 -0.0443861 -0.0330941 0.0432031 0.0308798 -0.0004002 0.0426056 0.0460920 0.0414361 -0.0398185 -0.0082112 0.0017374 -0.0112862 -0.0500938 -0.0055572 0.0461635 -0.0032829 -0.0042329 -0.0433460 -0.0385003 -0.0024798 -0.0036569 0.0392494 -0.0006622 0.0338757 0.0023147
-0.2374344 -0.0407342 0.1631839 -0.2428476 0.1589643 0.1796660 -0.0342805 0.1669233 0.1667396 -0.2359104 0.1632271 -0.0302803 -0.0416752 -0.0398932 0.1626156 -0.0369630 1.0444747 0.1707633 -0.0398945 -0.0424131 0.1644252 0.1700268 -0.2303580 -0.0456519 -0.0342907 -0.2372376 0.1653814 0.1690619 -0.0348739 0.1697444 -0.0381821 -0.0348991 0.1632264 0.1688415 -0.0325355 0.1720913 -0.0293993 0.1728574 -0.0291716 -0.0352407 -0.2428806 -0.2465079 0.1823455 0.1754490 -0.2412311 -0.0332599 -0.2292819 -0.0296477 0.1758137 -0.0372106 -0.0339689 -0.0338039 0.1803741 -0.0374386 0.1752178 -0.0410856 0.1726629 0.1713661 -0.2439979 -0.2048328 -0.0262292 -0.2392041 -0.2483346 -0.2453863 0.1731586 -0.0369397 -0.0434285 -0.0384743 0.1702497 -0.0362855 -0.2399626 -0.0372569 -0.0215570 0.1704622 0.1665865 -0.0338191 -0.0339514 -0.2306618 -0.0356537 -0.2390803 -0.0332488
-0.2388826 -0.0342666 0.1577943 -0.2428703 0.1648912 0.1769147 -0.0390719 0.1638231 0.1694794 -0.2425333 0.1745224 -0.0303033 -0.0484280 -0.0413914 0.1628208 -0.0412170 0.1707633 1.0589021 -0.0414968 -0.0377776 0.1710205 0.1649431 -0.2347627 -0.0457086 -0.0355794 -0.2434295 0.1708417 0.1768236 -0.0335657 0.1811757 -0.0396504 -0.0417612 0.1669042 0.1657706 -0.0339934 0.1833512 -0.0347940 0.1728087 -0.0323279 -0.0368766 -0.2492418 -0.2476416 0.1861572 0.1801507 -0.2470418 -0.0328151 -0.2389021 -0.0308977 0.1811732 -0.0387432 -0.0373894 -0.0357140 0.1770153 -0.0344736 0.1792616 -0.0407433 0.1796688 0.1740799 -0.2478367 -0.2136493 -0.0270071 -0.2408246 -0.2554677 -0.2492887 0.1743951 -0.0376321 -0.0451124 -0.0385348 0.1803086 -0.0424712 -0.2448150 -0.0328424 -0.0185432 0.1745940 0.1697113 -0.0375432 -0.0401578 -0.2361166 -0.0407701 -0.2431615 -0.0304294
0.0377847 -0.0098745 -0.0491079 0.0235918 -0.0505738 -0.0466776 -0.0053524 -0.0434306 -0.0431201 0.0352851 -0.0423376 -0.0040433 -0.0074681 -0.0074241 -0.0434876 -0.0047765 -0.0398945 -0.0414968 1.0338972 0.0003347 -0.0453811 -0.0419907 0.0292621 -0.0134095 -0.0044743 0.0451861 -0.0477238 -0.0427323 -0.0095432 -0.0471342 -0.0045055 -0.0087523 -0.0413809 -0.0405592 -0.0007308 -0.0416945 -0.0016834 -0.0428433 0.0026628 0.0011555 0.0291395 0.0380065 -0.0449571 -0.0445914 0.0445091 -0.0073948 0.0385967 -0.0076838 -0.0411440 0.0073046 0.0041063 0.0028055 -0.0459051 0.0006464 -0.0380969 -0.0004619 -0.0451820 -0.0424000 0.0382710 0.0281148 -0.0023521 0.0266161 0.0418288 0.0485356 -0.0470982 -0.0032793 -0.0001036 -0.0027579 -0.0460276 -0.0003138 0.0264776 0.0040317 -0.0016559 -0.0413100 -0.0388874 -0.0077599 -0.0014593 0.0358116 -0.0044805 0.0339880 -0.0048472
0.0375152 0.0023555 -0.0439193 0.0315975 -0.0461569 -0.0492203 -0.0200481 -0.0440756 -0.0327718 0.0341356 -0.0390330 0.0030500 -0.0004275 -0.0055441 -0.0341059 -0.0074294 -0.0424131 -0.0377776 0.0003347 1.0239844 -0.0395814 -0.0453150 0.0317414 -0.0104174 -0.0107917 0.0348976 -0.0452297 -0.0364803 -0.0102590 -0.0343678 -0.0116901 -0.0045780 -0.0409897 -0.0341175 -0.0129573 -0.0480820 -0.0043636 -0.0414435 -0.0050630 0.0052299 0.0380125 0.0462940 -0.0496232 -0.0438016 0.0437923 -0.0062595 0.0370760 -0.0006174 -0.0400756 -0.0005191 0.0023848 0.0032623 -0.0393478 -0.0111440 -0.0379678 -0.0016863 -0.0392674 -0.0431687 0.0354546 0.0311841 0.0024575 0.0464010 0.0419982 0.0385439 -0.0359634 0.0045154 0.0113588 0.0020395 -0.0394491 0.0018873 0.0416205 0.0004331 -0.0022353 -0.0395506 -0.0368805 -0.0008563 -0.0025982 0.0424759 -0.0040555 0.0379588 0.0013309
-0.2351427 -0.0354881 0.1573532 -0.2418977 0.1533216 0.1720410 -0.0333056 0.1661992 0.1639512 -0.2373057 0.1605846 -0.0298235 -0.0339262 -0.0386766 0.1637756 -0.0434862 0.1644252 0.1710205 -0.0453811 -0.0395814 1.0443859 0.1691169 -0.2248918 -0.0473924 -0.0419385 -0.2334199 0.1597545 0.1683214 -0.0397922 0.1717055 -0.0398455 -0.0392247 0.1530935 0.1592913 -0.0381556 0.1674927 -0.0374819 0.1759897 -0.0366375 -0.0349555 -0.2427652 -0.2390593 0.1787218 0.1657321 -0.2407049 -0.0306681 -0.2292914 -0.0309899 0.1723599 -0.0415142 -0.0352410 -0.0341398 0.1707445 -0.0377777 0.1774581 -0.0407967 0.1618005 0.1653500 -0.2422103 -0.2072175 -0.0303137 -0.2374002 -0.2497652 -0.2439783 0.1749387 -0.0417941 -0.0429400 -0.0297106 0.1744627 -0.0416680 -0.2408244 -0.0326426 -0.0248465 0.1693262 0.1587814 -0.0397456 -0.0354080 -0.2275811 -0.0410876 -0.2376686 -0.0316082
-0.2398290 -0.0436356 0.1524815 -0.2436893 0.1534819 0.1746680 -0.0413067 0.1707136 0.1608037 -0.2444208 0.1710476 -0.0343767 -0.0485198 -0.0457393 0.1566202 -0.0429905 0.1700268 0.1649431 -0.0419907 -0.0453150 0.1691169 1.0534943 -0.2334629 -0.0478081 -0.0405640 -0.2426623 0.1702868 0.1657993 -0.0360083 0.1744375 -0.0402851 -0.0452041 0.1615808 0.1674275 -0.0264740 0.1783224 -0.0390034 0.1807924 -0.0386204 -0.0378803 -0.2467512 -0.2480757 0.1790134 0.1713366 -0.2477379 -0.0411380 -0.2385870 -0.0329025 0.1731701 -0.0390727 -0.0342768 -0.0410201 0.1807313 -0.0395039 0.1736471 -0.0458874 0.1787477 0.1681110 -0.2479308 -0.2096438 -0.0243902 -0.2377668 -0.2504278 -0.2495846 0.1769828 -0.0427108 -0.0485497 -0.0284344 0.1722305 -0.0413917 -0.2515535 -0.0370034 -0.0244302 0.1686297 0.1715289 -0.0403277 -0.0359526 -0.2328812 -0.0505106 -0.2418189 -0.0396414
0.2923090 0.0222716 -0.2292543 0.3014328 -0.2311493 -0.2432569 0.0258167 -0.2290247 -0.2306722 0.2939148 -0.2253428 0.0148409 0.0409130 0.0325643 -0.2333884 0.0391834 -0.2303580 -0.2347627 0.0292621 0.0317414 -0.2248918 -0.2334629 1.2381700 0.0272854 0.0279369 0.2901764 -0.2349135 -0.2309144 0.0236029 -0.2430893 0.0360769 0.0261978 -0.2242904 -0.2287219 0.0292057 -0.2395658 0.0354079 -0.2390539 0.0292012 0.0222403 0.3052419 0.3020569 -0.2529733 -0.2386467 0.3150023 0.0305851 0.2977731 0.0284219 -0.2383938 0.0413011 0.0388291 0.0322696 -0.2371143 0.0319357 -0.2356464 0.0252063 -0.2384745 -0.2306955 0.3196012 0.2627954 0.0184571 0.3057122 0.3128618 0.3121052 -0.2355008 0.0374306 0.0412439 0.0337875 -0.2371612 0.0427617 0.3083328 0.0330188 0.0083263 -0.2397436 -0.2267694 0.0333282 0.0305699 0.3015155 0.0468811 0.3019813 0.0324108
0.0341269 0.0022072 -0.0449289 0.0321900 -0.0421289 -0.0528936 0.0085353 -0.0446660 -0.0420783 0.0351168 -0.0553766 -0.0031266 -0.0033004 -0.0038303 -0.0443056 -0.0035383 -0.0456519 -0.0457086 -0.0134095 -0.0104174 -0.0473924 -0.0478081 0.0272854 1.0157583 -0.0078444 0.0332947 -0.0485271 -0.0413126 -0.0066812 -0.0589268 -0.0144263 -0.0028574 -0.0455397 -0.0553236 -0.0036569 -0.0491914 -0.0022270 -0.0541498 -0.0098414 -0.0019397 0.0419361 0.0480224 -0.0613778 -0.0504334 0.0386486 -0.0002753 0.0455949 -0.0060126 -0.0463878 -0.0062860 -0.0035070 0.0022742 -0.0462257 -0.0002051 -0.0459985 -0.0057216 -0.0440244 -0.0486705 0.0475009 0.0370242 -0.0010531 0.0429744 0.0423910 0.0479466 -0.0439246 -0.0005874 0.0040975 -0.0032283 -0.0463168 -0.0016804 0.0488554 0.0095840 -0.0042197 -0.0472506 -0.0479627 0.0042106 -0.0084859 0.0392876 -0.0055972 0.0429769 -0.0034094
0.0192588 -0.0083116 -0.0467807 0.0300418 -0.0454028 -0.0413911 -0.0030157 -0.0354935 -0.0397616 0.0338975 -0.0417273 -0.0042101 -0.0017584 -0.0043339 -0.0307969 0.0081184 -0.0342907 -0.0355794 -0.0044743 -0.0107917 -0.0419385 -0.0405640 0.0279369 -0.0078444 1.0086313 0.0389262 -0.0486573 -0.0385063 -0.0013363 -0.0491634 -0.0083363 -0.0106891 -0.0437023 -0.0396901 -0.0047214 -0.0396290 -0.0036812 -0.0449730 0.0009894 -0.0108238 0.0335990 0.0374096 -0.0453286 -0.0399544 0.0303376 -0.0002796 0.0338762 -0.0025612 -0.0460733 -0.0016509 -0.0023571 -0.0113901 -0.0382834 0.0002198 -0.0380318 -0.0027095 -0.0374583 -0.0420505 0.0355814 0.0298197 -0.0005113 0.0353982 0.0410218 0.0368687 -0.0381420 -0.0009544 -0.0041826 -0.0023002 -0.0429120 0.0012704 0.0366766 -0.0063213 -0.0036620 -0.0406402 -0.0404014 -0.0043947 0.0012875 0.0385366 -0.0098155 0.0372090 -0.0014619
0.2908520 0.0312950 -0.2345834 0.3165601 -0.2298597 -0.2523689 0.0353802 -0.2389767 -0.2353738 0.3152963 -0.2470549 0.0251176 0.0294522 0.0331302 -0.2376017 0.0370460 -0.2372376 -0.2434295 0.0451861 0.0348976 -0.2334199 -0.2426623 0.2901764 0.0332947 0.0389262 1.3090005 -0.2412951 -0.2404741 0.0290104 -0.2501802 0.0346414 0.0356312 -0.2359966 -0.2345088 0.0348865 -0.2552091 0.0340593 -0.2474223 0.0267812 0.0317516 0.3225072 0.3259625 -0.2584581 -0.2500944 0.3236483 0.0350778 0.3000516 0.0359750 -0.2491959 0.0388233 0.0381995 0.0344355 -0.2496148 0.0360061 -0.2458912 0.0355253 -0.2467039 -0.2425518 0.3273817 0.2624919 0.0250220 0.3130801 0.3399527 0.3362327 -0.2506587 0.0319063 0.0446134 0.0341259 -0.2513275 0.0438183 0.3197599 0.0357362 0.0177565 -0.2488356 -0.2339220 0.0307587 0.0348444 0.3223358 0.0458954 0.3119906 0.0373310
-0.2409787 -0.0512730 0.1607502 -0.2494516 0.1600988 0.1734124 -0.0371199 0.1573792 0.1666429 -0.2436940 0.1678015 -0.0286742 -0.0461491 -0.0492791 0.1645658 -0.0478850 0.1653814 0.1708417 -0.0477238 -0.0452297 0.1597545 0.1702868 -0.2349135 -0.0485271 -0.0486573 -0.2412951 1.0545967 0.1642533 -0.0377846 0.1719088 -0.0520864 -0.0411688 0.1659404 0.1634161 -0.0390706 0.1837906 -0.0378263 0.1687407 -0.0382075 -0.0409779 -0.2551864 -0.2490363 0.1773862 0.1768882 -0.2459264 -0.0286185 -0.2382683 -0.0369392 0.1731735 -0.0462264 -0.0394114 -0.0380543 0.1807058 -0.0379748 0.1740307 -0.0423064 0.1804993 0.1696551 -0.2540922 -0.2128980 -0.0342134 -0.2437856 -0.2543092 -0.2485850 0.1724333 -0.0377069 -0.0534741 -0.0406540 0.1790089 -0.0475661 -0.2456808 -0.0309391 -0.0254339 0.1742124 0.1733447 -0.0308655 -0.0365446 -0.2371056 -0.0444134 -0.2482322 -0.0464913
-0.2378940 -0.0437717 0.1612557 -0.2447440 0.1608994 0.1751539 -0.0398730 0.1688117 0.1624254 -0.2407242 0.1671234 -0.0252280 -0.0384477 -0.0410788 0.1586230 -0.0367763 0.1690619 0.1768236 -0.0427323 -0.0364803 0.1683214 0.1657993 -0.2309144 -0.0413126 -0.0385063 -0.2404741 0.1642533 1.0359586 -0.0370268 0.1766263 -0.0374167 -0.0359714 0.1616797 0.1667414 -0.0355857 0.1805946 -0.0365328 0.1756132 -0.0364708 -0.0316126 -0.2463028 -0.2446713 0.1819146 0.1792361 -0.2423373 -0.0378310 -0.2320719 -0.0323412 0.1791782 -0.0415102 -0.0369822 -0.0356291 0.1755919 -0.0310192 0.1745512 -0.0354293 0.1755727 0.1660250 -0.2441560 -0.2070924 -0.0245477 -0.2372109 -0.2469634 -0.2443193 0.1799895 -0.0353354 -0.0441874 -0.0361378 0.1793602 -0.0405619 -0.2450307 -0.0328028 -0.0182208 0.1745633 0.1714553 -0.0363603 -0.0330301 -0.2341969 -0.0398920 -0.2398736 -0.0349026
0.0235743 -0.0081365 -0.0396257 0.0329436 -0.0293798 -0.0441333 -0.0091251 -0.0386011 -0.0351380 0.0238148 -0.0454114 -0.0084498 -0.0071509 -0.0160245 -0.0348838 -0.0133470 -0.0348739 -0.0335657 -0.0095432 -0.0102590 -0.0397922 -0.0360083 0.0236029 -0.0066812 -0.0013363 0.0290104 -0.0377846 -0.0370268 1.0164427 -0.0447779 0.0005569 -0.0075951 -0.0323641 -0.0338075 -0.0155354 -0.0358235 -0.0043996 -0.0477085 -0.0050853 -0.0039325 0.0288670 0.0278299 -0.0389634 -0.0333066 0.0362953 -0.0012269 0.0298844 -0.0033007 -0.0335404 -0.0083786 -0.0001403 -0.0041482 -0.0352935 -0.0031888 -0.0340866 -0.0038229 -0.0336420 -0.0374417 0.0309457 0.0206496 -0.0054209 0.0245315 0.0352330 0.0361362 -0.0379543 -0.0036951 -0.0065409 -0.0065663 -0.0362974 -0.0030821 0.0296845 -0.0002247 -0.0044318 -0.0349312 -0.0388381 0.0057903 -0.0001601 0.0305692 0.0019007 0.0374936 -0.0025631
-0.2433230 -0.0349736 0.1592511 -0.2553138 0.1624041 0.1764532 -0.0426331 0.1668801 0.1673577 -0.2507252 0.1644920 -0.0344355 -0.0361102 -0.0448938 0.1739208 -0.0532354 0.1697444 0.1811757 -0.0471342 -0.0343678 0.1717055 0.1744375 -0.2430893 -0.0589268 -0.0491634 -0.2501802 0.1719088 0.1766263 -0.0447779 1.0101438 -0.0555249 -0.0522424 0.1638900 0.1747106 -0.0359560 0.1693267 -0.0364407 0.1684039 -0.0335383 -0.0425793 -0.2485247 -0.2512044 0.1851882 0.1683920 -0.2532302 -0.0408264 -0.2426803 -0.0374585 0.1744568 -0.0443263 -0.0366042 -0.0382700 0.1798206 -0.0406883 0.1807620 -0.0418275 0.1705997 0.1749326 -0.2579013 -0.2178804 -0.0291722 -0.2431822 -0.2617477 -0.2540543 0.1785356 -0.0468397 -0.0482980 -0.0362748 0.1806756 -0.0360781 -0.2555231 -0.0313491 -0.0225821 0.1753722 0.1723383 -0.0352444 -0.0358848 -0.2439135 -0.0502401 -0.2537706 -0.0399999
0.0183066 -0.0102267 -0.0366744 0.0241249 -0.0465528 -0.0488122 -0.0128996 -0.0384811 -0.0437317 0.0355043 -0.0463627 -0.0041883 -0.0094461 -0.0038211 -0.0500087 -0.0134525 -0.0381821 -0.0396504 -0.0045055 -0.0116901 -0.0398455 -0.0402851 0.0360769 -0.0144263 -0.0083363 0.0346414 -0.0520864 -0.0374167 0.0005569 -0.0555249 0.9803082 -0.0099987 -0.0385378 -0.0425762 -0.0177591 -0.0391343 -0.0083964 -0.0390893 -0.0106183 -0.0141269 0.0359582 0.0334658 -0.0515943 -0.0373038 0.0466165 -0.0040675 0.0327403 -0.0049787 -0.0429056 -0.0057493 -0.0037148 0.0057406 -0.0383993 -0.0023544 -0.0406484 0.0029433 -0.0348000 -0.0403156 0.0420189 0.0311680 -0.0058957 0.0349385 0.0410601 0.0444383 -0.0451944 -0.0096637 0.0088834 -0.0064886 -0.0393256 0.0001360 0.0445609 -0.0072909 -0.0124289 -0.0368658 -0.0389226 0.0019671 -0.0009018 0.0347297 -0.0065416 0.0400394 -0.0059672
0.0365488 -0.0008873 -0.0401428 0.0312841 -0.0450363 -0.0554449 -0.0034460 -0.0429980 -0.0389029 0.0376025 -0.0500566 -0.0086592 -0.0042345 -0.0005179 -0.0404460 -0.0060300 -0.0348991 -0.0417612 -0.0087523 -0.0045780 -0.0392247 -0.0452041 0.0261978 -0.0028574 -0.0106891 0.0356312 -0.0411688 -0.0359714 -0.0075951 -0.0522424 -0.0099987 1.0131059 -0.0387159 -0.0433374 -0.0026725 -0.0415631 -0.0035798 -0.0419341 -0.0061832 -0.0070483 0.0488109 0.0470085 -0.0464552 -0.0358653 0.0382562 -0.0031320 0.0413705 0.0010592 -0.0431019 0.0023897 0.0033903 -0.0135978 -0.0383689 0.0008957 -0.0371260 -0.0036669 -0.0411122 -0.0463816 0.0410026 0.0354450 -0.0026020 0.0443265 0.0404810 0.0416474 -0.0395338 0.0083541 0.0006173 0.0003686 -0.0463991 -0.0010395 0.0438534 -0.0030353 0.0036005 -0.0427890 -0.0416801 -0.0043307 -0.0061027 0.0411905 -0.0048757 0.0332925 -0.0041672
-0.2303697 -0.0397893 0.1599956 -0.2360253 0.1602834 0.1737663 -0.0327026 0.1597762 0.1581134 -0.2375970 0.1587221 -0.0237753 -0.0372431 -0.0394745 0.1624189 -0.0393367 0.1632264 0.1669042 -0.0413809 -0.0409897 0.1530935 0.1615808 -0.2242904 -0.0455397 -0.0437023 -0.2359966 0.1659404 0.1616797 -0.0323641 0.1638900 -0.0385378 -0.0387159 1.0318866 0.1563486 -0.0266272 0.1737441 -0.0359126 0.1703888 -0.0305685 -0.0297262 -0.2395291 -0.2375370 0.1802706 0.1670818 -0.2382667 -0.0348958 -0.2258124 -0.0324130 0.1697609 -0.0354775 -0.0342309 -0.0361461 0.1716357 -0.0305134 0.1686809 -0.0391303 0.1721763 0.1648933 -0.2352267 -0.2001971 -0.0240313 -0.2300238 -0.2385150 -0.2378883 0.1630671 -0.0374645 -0.0409060 -0.0349995 0.1680348 -0.0404412 -0.2352517 -0.0316887 -0.0186232 0.1684886 0.1620488 -0.0286563 -0.0332167 -0.2247367 -0.0318076 -0.2313604 -0.0350241
-0.2289667 -0.0406907 0.1567279 -0.2380745 0.1617646 0.1744188 -0.0327670 0.1640774 0.1664398 -0.2413246 0.1616142 -0.0271374 -0.0382816 -0.0444976 0.1648544 -0.0445963 0.1688415 0.1657706 -0.0405592 -0.0341175 0.1592913 0.1674275 -0.2287219 -0.0553236 -0.0396901 -0.2345088 0.1634161 0.1667414 -0.0338075 0.1747106 -0.0425762 -0.0433374 0.1563486 1.0312599 -0.0340390 0.1861926 -0.0343458 0.1764674 -0.0378257 -0.0348348 -0.2429374 -0.2449298 0.1763475 0.1715490 -0.2422619 -0.0319306 -0.2294827 -0.0306271 0.1753698 -0.0345005 -0.0357969 -0.0382403 0.1699927 -0.0325862 0.1723706 -0.0435034 0.1740691 0.1616013 -0.2442716 -0.2047082 -0.0266524 -0.2379098 -0.2463171 -0.2430426 0.1660256 -0.0404474 -0.0464673 -0.0365101 0.1713982 -0.0387951 -0.2440264 -0.0397453 -0.0245086 0.1748753 0.1659715 -0.0385280 -0.0384851 -0.2317280 -0.0397178 -0.2367261 -0.0385507
0.0306575 -0.0063640 -0.0409528 0.0312238 -0.0359234 -0.0435373 -0.0003444 -0.0354348 -0.0352220 0.0284114 -0.0324828 -0.0028638 -0.0055310 0.0021132 -0.0404875 -0.0104500 -0.0325355 -0.0339934 -0.0007308 -0.0129573 -0.0381556 -0.0264740 0.0292057 -0.0036569 -0.0047214 0.0348865 -0.0390706 -0.0355857 -0.0155354 -0.0359560 -0.0177591 -0.0026725 -0.0266272 -0.0340390 1.0156118 -0.0363801 -0.0009894 -0.0356720 0.0033214 -0.0089278 0.0305073 0.0308567 -0.0303637 -0.0340329 0.0229732 -0.0054027 0.0317081 -0.0034626 -0.0318714 -0.0002254 0.0016022 -0.0010685 -0.0361264 0.0025814 -0.0327179 -0.0044769 -0.0340239 -0.0374604 0.0384612 0.0250111 0.0044464 0.0329757 0.0269808 0.0369752 -0.0360805 -0.0016331 0.0038911 0.0003251 -0.0295679 -0.0046218 0.0322419 -0.0007135 0.0004737 -0.0406295 -0.0289634 0.0045316 0.0022233 0.0288623 -0.0047623 0.0395261 -0.0057223
-0.2507606 -0.0520825 0.1799205 -0.2513848 0.1733183 0.1809981 -0.0356702 0.1693960 0.1795026 -0.2553231 0.1791570 -0.0393924 -0.0418902 -0.0418784 0.1745332 -0.0476241 0.1720913 0.1833512 -0.0416945 -0.0480820 0.1674927 0.1783224 -0.2395658 -0.0491914 -0.0396290 -0.2552091 0.1837906 0.1805946 -0.0358235 0.1693267 -0.0391343 -0.0415631 0.1737441 0.1861926 -0.0363801 1.0466452 -0.0340683 0.1846113 -0.0282161 -0.0350590 -0.2569387 -0.2569859 0.1873394 0.1796707 -0.2583986 -0.0330035 -0.2433435 -0.0330440 0.1850587 -0.0451024 -0.0402493 -0.0396358 0.1852789 -0.0361752 0.1847839 -0.0424728 0.1845740 0.1747551 -0.2605569 -0.2182881 -0.0327262 -0.2521240 -0.2651697 -0.2593400 0.1795139 -0.0372716 -0.0501356 -0.0347966 0.1898343 -0.0408019 -0.2563093 -0.0395816 -0.0207615 0.1788057 0.1754234 -0.0387762 -0.0397650 -0.2482847 -0.0440474 -0.2549328 -0.0417873
0.0267673 -0.0119124 -0.0369173 0.0324422 -0.0339720 -0.0417169 -0.0032403 -0.0379826 -0.0417642 0.0257447 -0.0340208 -0.0027662 -0.0000406 -0.0052171 -0.0367847 -0.0003928 -0.0293993 -0.0347940 -0.0016834 -0.0043636 -0.0374819 -0.0390034 0.0354079 -0.0022270 -0.0036812 0.0340593 -0.0378263 -0.0365328 -0.0043996 -0.0364407 -0.0083964 -0.0035798 -0.0359126 -0.0343458 -0.0009894 -0.0340683 1.0208285 -0.0360985 0.0014111 0.0058986 0.0378039 0.0364770 -0.0330075 -0.0370415 0.0336763 0.0007792 0.0344293 -0.0036752 -0.0356710 -0.0017694 0.0023921 -0.0020672 -0.0308588 -0.0000671 -0.0329961 -0.0004538 -0.0347929 -0.0249642 0.0386777 0.0312027 -0.0113347 0.0354948 0.0383597 0.0369937 -0.0301028 -0.0028586 0.0043249 -0.0007371 -0.0406943 0.0016736 0.0297419 0.0017070 -0.0013741 -0.0406981 -0.0284144 -0.0034054 -0.0056833 0.0331414 0.0050983 0.0333557 -0.0054440
-0.2484029 -0.0362657 0.1656240 -0.2513260 0.1681279 0.1858410 -0.0399485 0.1678866 0.1648303 -0.2468807 0.1732065 -0.0339607 -0.0434016 -0.0409608 0.1720483 -0.0422592 0.1728574 0.1728087 -0.0428433 -0.0414435 0.1759897 0.1807924 -0.2390539 -0.0541498 -0.0449730 -0.2474223 0.1687407 0.1756132 -0.0477085 0.1684039 -0.0390893 -0.0419341 0.1703888 0.1764674 -0.0356720 0.1846113 -0.0360985 1.0399770 -0.0265661 -0.0338908 -0.2548853 -0.2528903 0.1893659 0.1810079 -0.2546845 -0.0357775 -0.2430136 -0.0314176 0.1860193 -0.0408867 -0.0391340 -0.0353255 0.1839783 -0.0384610 0.1860423 -0.0393232 0.1862625 0.1756240 -0.2575852 -0.2159837 -0.0269701 -0.2465776 -0.2614544 -0.2538838 0.1840477 -0.0369297 -0.0459181 -0.0375692 0.1819681 -0.0401974 -0.2563226 -0.0402210 -0.0221526 0.1823270 0.1755559 -0.0360562 -0.0389172 -0.2432170 -0.0442252 -0.2496853 -0.0418863
0.0203314 -0.0043240 -0.0373904 0.0253016 -0.0313167 -0.0360138 0.0029509 -0.0413250 -0.0373440 0.0269715 -0.0375610 -0.0060538 -0.0058288 -0.0035580 -0.0377444 -0.0062026 -0.0291716 -0.0323279 0.0026628 -0.0050630 -0.0366375 -0.0386204 0.0292012 -0.0098414 0.0009894 0.0267812 -0.0382075 -0.0364708 -0.0050853 -0.0335383 -0.0106183 -0.0061832 -0.0305685 -0.0378257 0.0033214 -0.0282161 0.0014111 -0.0265661 1.0050395 -0.0076492 0.0297288 0.0353004 -0.0353529 -0.0344314 0.0270878 -0.0029764 0.0284934 -0.0003315 -0.0333852 -0.0045320 -0.0006282 -0.0031030 -0.0259295 0.0013805 -0.0343511 0.0052672 -0.0412010 -0.0289598 0.0365873 0.0213094 0.0016807 0.0319331 0.0293029 0.0292576 -0.0352422 -0.0024527 0.0015243 -0.0072361 -0.0350948 -0.0000383 0.0398813 -0.0000005 0.0025401 -0.0347299 -0.0303475 0.0008619 -0.0000578 0.0353756 -0.0094234 0.0370501 -0.0032270
0.0349333 -0.0017054 -0.0325915 0.0368763 -0.0392713 -0.0401932 -0.0093228 -0.0332349 -0.0416002 0.0321689 -0.0383069 -0.0014318 -0.0032996 -0.0046335 -0.0385388 -0.0011410 -0.0352407 -0.0368766 0.0011555 0.0052299 -0.0349555 -0.0378803 0.0222403 -0.0019397 -0.0108238 0.0317516 -0.0409779 -0.0316126 -0.0039325 -0.0425793 -0.0141269 -0.0070483 -0.0297262 -0.0348348 -0.0089278 -0.0350590 0.0058986 -0.0338908 -0.0076492 1.0228562 0.0374964 0.0389361 -0.0330873 -0.0440424 0.0385505 -0.0061248 0.0278830 -0.0034500 -0.0400685 -0.0023283 0.0002028 0.0034998 -0.0382780 0.0092720 -0.0356601 -0.0049305 -0.0341284 -0.0365311 0.0325869 0.0260003 -0.0049302 0.0312328 0.0380657 0.0402564 -0.0330667 0.0027769 -0.0037335 -0.0020933 -0.0355056 0.0060265 0.0350353 0.0012741 -0.0010907 -0.0370204 -0.0365052 -0.0055650 0.0046771 0.0318456 -0.0001719 0.0318353 -0.0051395
0.3169925 0.0390150 -0.2377170 0.3386341 -0.2427785 -0.2571567 0.0342300 -0.2453354 -0.2446393 0.3391086 -0.2443695 0.0275544 0.0396727 0.0430586 -0.2429097 0.0449852 -0.2428806 -0.2492418 0.0291395 0.0380125 -0.2427652 -0.2467512 0.3052419 0.0419361 0.0335990 0.3225072 -0.2551864 -0.2463028 0.0288670 -0.2485247 0.0359582 0.0488109 -0.2395291 -0.2429374 0.0305073 -0.2569387 0.0378039 -0.2548853 0.0297288 0.0374964 1.3030493 0.3370372 -0.2664552 -0.2525829 0.3371573 0.0346215 0.3185239 0.0315963 -0.2564389 0.0481889 0.0406230 0.0456235 -0.2518849 0.0403945 -0.2527948 0.0471625 -0.2509373 -0.2435656 0.3382865 0.2905497 0.0234600 0.3267942 0.3398705 0.3433149 -0.2531943 0.0424315 0.0544588 0.0354191 -0.2542861 0.0408690 0.3414234 0.0385186 0.0168627 -0.2540547 -0.2423971 0.0362606 0.0346431 0.3266034 0.0433566 0.3319588 0.0364834
0.3199755 0.0390834 -0.2446454 0.3307717 -0.2438870 -0.2550938 0.0370298 -0.2426826 -0.2419914 0.3298029 -0.2479471 0.0293127 0.0386873 0.0430142 -0.2424177 0.0465794 -0.2465079 -0.2476416 0.0380065 0.0462940 -0.2390593 -0.2480757 0.3020569 0.0480224 0.0374096 0.3259625 -0.2490363 -0.2446713 0.0278299 -0.2512044 0.0334658 0.0470085 -0.2375370 -0.2449298 0.0308567 -0.2569859 0.0364770 -0.2528903 0.0353004 0.0389361 0.3370372 1.2971990 -0.2661568 -0.2530730 0.3386061 0.0262502 0.3183796 0.0296601 -0.2551689 0.0449741 0.0437847 0.0381484 -0.2562813 0.0407991 -0.2504503 0.0407026 -0.2521152 -0.2487143 0.3408488 0.2829792 0.0243817 0.3242078 0.3446539 0.3515129 -0.2504213 0.0421176 0.0463628 0.0368523 -0.2560059 0.0444994 0.3377768 0.0350223 0.0204111 -0.2509466 -0.2416688 0.0338860 0.0342321 0.3218619 0.0389513 0.3296410 0.0354928
-0.2594627 -0.0445911 0.1755717 -0.2650650 0.1730904 0.1913895 -0.0456629 0.1737658 0.1747816 -0.2666123 0.1859578 -0.0320999 -0.0428573 -0.0497425 0.1757495 -0.0448446 0.1823455 0.1861572 -0.0449571 -0.0496232 0.1787218 0.1790134 -0.2529733 -0.0613778 -0.0453286 -0.2584581 0.1773862 0.1819146 -0.0389634 0.1851882 -0.0515943 -0.0464552 0.1802706 0.1763475 -0.0303637 0.1873394 -0.0330075 0.1893659 -0.0353529 -0.0330873 -0.2664552 -0.2661568 1.0491178 0.1916755 -0.2646773 -0.0387816 -0.2540820 -0.0341694 0.1945721 -0.0410575 -0.0370855 -0.0420197 0.1917362 -0.0358257 0.1925716 -0.0430316 0.1917667 0.1844332 -0.2687661 -0.2224603 -0.0257318 -0.2534201 -0.2746828 -0.2672488 0.1863495 -0.0404830 -0.0462199 -0.0389570 0.1927703 -0.0439116 -0.2643507 -0.0377800 -0.0218682 0.1855098 0.1834846 -0.0392746 -0.0431918 -0.2531642 -0.0408617 -0.2615833 -0.0339514
-0.2407413 -0.0408189 0.1631516 -0.2516566 0.1700261 0.1719172 -0.0406844 0.1770651 0.1688025 -0.2500653 0.1723840 -0.0304975 -0.0398506 -0.0432391 0.1697352 -0.0477449 0.1754490 0.1801507 -0.0445914 -0.0438016 0.1657321 0.1713366 -0.2386467 -0.0504334 -0.0399544 -0.2500944 0.1768882 0.1792361 -0.0333066 0.1683920 -0.0373038 -0.0358653 0.1670818 0.1715490 -0.0340329 0.1796707 -0.0370415 0.1810079 -0.0344314 -0.0440424 -0.2525829 -0.2530730 0.1916755 1.0391533 -0.2502316 -0.0446850 -0.2388986 -0.0293287 0.1890230 -0.0380273 -0.0363940 -0.0399428 0.1825225 -0.0380992 0.1802574 -0.0382338 0.1802736 0.1721210 -0.2517456 -0.2154124 -0.0283218 -0.2439359 -0.2591208 -0.2549096 0.1778859 -0.0410631 -0.0470590 -0.0363731 0.1870719 -0.0393112 -0.2528946 -0.0372898 -0.0218864 0.1827286 0.1739022 -0.0329914 -0.0356035 -0.2422610 -0.0414870 -0.2486062 -0.0435196
0.3235141 0.0348020 -0.2395981 0.3251334 -0.2413207 -0.2572462 0.0344029 -0.2428400 -0.2411417 0.3339968 -0.2461115 0.0212362 0.0308227 0.0381802 -0.2432626 0.0331301 -0.2412311 -0.2470418 0.0445091 0.0437923 -0.2407049 -0.2477379 0.3150023 0.0386486 0.0303376 0.3236483 -0.2459264 -0.2423373 0.0362953 -0.2532302 0.0466165 0.0382562 -0.2382667 -0.2422619 0.0229732 -0.2583986 0.0336763 -0.2546845 0.0270878 0.0385505 0.3371573 0.3386061 -0.2646773 -0.2502316 1.3002939 0.0296009 0.3219227 0.0304801 -0.2578872 0.0427714 0.0424542 0.0378383 -0.2503695 0.0386191 -0.2518201 0.0475091 -0.2475855 -0.2412391 0.3374048 0.2780042 0.0271892 0.3284927 0.3466371 0.3419630 -0.2508852 0.0418044 0.0477916 0.0330103 -0.2573971 0.0443676 0.3416950 0.0425977 0.0124647 -0.2461305 -0.2390844 0.0341151 0.0406800 0.3189232 0.0450546 0.3238172 0.0423835
0.0277917 -0.0024915 -0.0292122 0.0355414 -0.0302149 -0.0369312 -0.0059515 -0.0404477 -0.0333216 0.0320443 -0.0426469 -0.0077711 -0.0003871 0.0061046 -0.0339823 0.0007661 -0.0332599 -0.0328151 -0.0073948 -0.0062595 -0.0306681 -0.0411380 0.0305851 -0.0002753 -0.0002796 0.0350778 -0.0286185 -0.0378310 -0.0012269 -0.0408264 -0.0040675 -0.0031320 -0.0348958 -0.0319306 -0.0054027 -0.0330035 0.0007792 -0.0357775 -0.0029764 -0.0061248 0.0346215 0.0262502 -0.0387816 -0.0446850 0.0296009 1.0191071 0.0302101 0.0015168 -0.0355859 -0.0035555 0.0029662 -0.0012393 -0.0333535 0.0008055 -0.0350241 -0.0001607 -0.0346543 -0.0354529 0.0327923 0.0293052 -0.0021314 0.0260282 0.0369630 0.0351896 -0.0321519 -0.0025036 0.0037056 -0.0052457 -0.0368188 -0.0012176 0.0350272 -0.0037617 -0.0068399 -0.0367087 -0.0310646 0.0046540 -0.0047269 0.0360774 0.0029980 0.0283330 -0.0023804
