1.0377177 -0.0177384 -0.0122874 -0.0104135 -0.0283324 -0.0127630 -0.0105165 -0.0139684 -0.0192739 -0.0149488 -0.0184482 -0.0049048 -0.0156516 -0.0037301 -0.0046201 -0.0217380 -0.0167190 -0.0081445 -0.0065909 -0.0161207 -0.0047434 0.0018880 -0.0162456 -0.0137370 -0.0079628 -0.0106614 -0.0226838 -0.0076027 -0.0164602 -0.0314529 -0.0142958 -0.0127888 0.0014532 -0.0075952 -0.0156332 -0.0015852 0.0013402 -0.0201249 -0.0025886 -0.0136482 -0.0100605 -0.0104004 -0.0056519 -0.0037740 -0.0052329 -0.0125663 0.0008515 -0.0103554 -0.0081324 -0.0069721 -0.0150394 -0.0063142 -0.0122164 -0.0047484 -0.0013914 -0.0078549 -0.0205978 -0.0058944 -0.0051738 -0.0104893 -0.0070807 -0.0207009 -0.0059806 -0.0051261 -0.0156142 -0.0188811 -0.0102467 -0.0068598 -0.0103122 -0.0025170 -0.0164665 -0.0008622 0.0008462 -0.0165913 -0.0045923 -0.0005143 -0.0129297 -0.0078149 -0.0048441 -0.0043665 -0.0048182
-0.0177384 1.0433019 0.0029897 -0.0070497 0.0032576 -0.0089062 -0.0279916 -0.0028999 0.0143034 -0.0213070 -0.0054298 -0.0019073 -0.0228397 -0.0144994 -0.0122154 -0.0222252 0.0142178 -0.0004377 -0.0137541 0.0170739 -0.0245012 -0.0201832 -0.0270707 -0.0220676 -0.0049317 -0.0251976 -0.0124745 0.0158934 -0.0049176 0.0006971 -0.0074342 -0.0228724 -0.0275806 -0.0059195 -0.0042206 -0.0103978 -0.0168953 0.0151945 -0.0096258 -0.0088560 -0.0019661 -0.0083729 -0.0069963 -0.0076403 -0.0196637 -0.0135253 -0.0099675 -0.0104923 -0.0005864 -0.0051646 0.0251876 -0.0175709 0.0216941 -0.0226788 -0.0068401 0.0004069 0.0108993 -0.0221251 -0.0249947 -0.0212073 -0.0038227 -0.0060503 -0.0113751 -0.0129873 -0.0021687 -0.0002970 -0.0178122 -0.0149588 -0.0290859 -0.0292986 -0.0036524 -0.0152614 -0.0371297 -0.0139892 -0.0131314 -0.0135443 0.0100594 -0.0146259 -0.0095596 -0.0250389 -0.0156943
-0.0122874 0.0029897 1.0227015 -0.0066915 0.0007933 -0.0128202 -0.0252399 0.0005488 0.0127960 -0.0299398 0.0005067 0.0008559 -0.0139931 -0.0020523 -0.0184719 -0.0230953 0.0156481 -0.0026709 -0.0211361 0.0159894 -0.0167540 -0.0210027 -0.0375060 -0.0270999 -0.0054392 -0.0176778 -0.0237800 0.0043068 -0.0099532 -0.0096145 -0.0164772 -0.0203720 -0.0291298 -0.0120380 0.0004534 -0.0070980 -0.0248629 0.0082193 -0.0118650 -0.0170943 -0.0056895 0.0003701 -0.0031426 -0.0150346 -0.0210417 -0.0107743 -0.0179217 -0.0196397 -0.0004099 -0.0074817 0.0170015 -0.0256668 0.0195974 -0.0205129 -0.0101427 -0.0021101 0.0072376 -0.0165052 -0.0218207 -0.0274530 -0.0026639 0.0001664 -0.0082013 -0.0135830 -0.0068752 -0.0157629 -0.0114149 -0.0072877 -0.0175711 -0.0176898 0.0078607 -0.0110257 -0.0382653 -0.0183074 -0.0117294 -0.0221185 0.0012599 -0.0124874 -0.0012376 -0.0128245 -0.0058226
-0.0104135 -0.0070497 -0.0066915 1.0379114 0.0006253 -0.0100254 -0.0268549 -0.0156799 0.0113887 -0.0300484 0.0073826 0.0018348 -0.0203623 -0.0162205 -0.0162028 -0.0273662 0.0243152 0.0086247 -0.0219020 0.0240221 -0.0261338 -0.0176631 -0.0470512 -0.0162183 -0.0195791 -0.0211348 -0.0199585 0.0156064 -0.0170067 0.0045680 -0.0155230 -0.0264482 -0.0263783 -0.0265813 0.0063539 -0.0187871 -0.0075487 0.0194016 -0.0014778 -0.0093493 0.0084217 0.0014988 -0.0002370 -0.0082229 -0.0290190 -0.0106833 -0.0236962 -0.0129240 0.0074618 -0.0157882 0.0286148 -0.0220679 0.0298012 -0.0355068 -0.0057278 0.0088890 0.0166203 -0.0149342 -0.0304688 -0.0248707 0.0044200 0.0052462 -0.0110921 -0.0137886 -0.0069627 -0.0153767 -0.0228842 -0.0090539 -0.0256833 -0.0415189 -0.0028421 -0.0097322 -0.0400464 -0.0188351 -0.0165824 -0.0291876 0.0054534 -0.0164517 0.0067317 -0.0189461 -0.0128876
-0.0283324 0.0032576 0.0007933 0.0006253 1.0317643 -0.0000814 -0.0271604 -0.0047627 0.0448171 -0.0328001 0.0094625 -0.0061412 -0.0134486 -0.0225209 -0.0302709 -0.0305905 0.0398036 0.0078575 -0.0284853 0.0340401 -0.0261880 -0.0276960 -0.0696689 -0.0261126 -0.0338770 -0.0286267 -0.0202202 0.0400538 -0.0134896 -0.0022095 -0.0172098 -0.0268697 -0.0500973 -0.0172848 0.0078607 -0.0169364 -0.0214947 0.0409247 -0.0066980 -0.0075304 0.0136204 0.0027643 -0.0013632 0.0059250 -0.0373393 -0.0088753 -0.0262711 -0.0168929 0.0107568 -0.0163688 0.0430726 -0.0355116 0.0454034 -0.0407193 -0.0077421 0.0144188 0.0213147 -0.0339485 -0.0480382 -0.0403871 0.0042276 0.0182251 -0.0173502 -0.0206939 0.0093029 -0.0168236 -0.0148033 -0.0098547 -0.0359254 -0.0408507 -0.0006382 -0.0222565 -0.0582491 -0.0169675 -0.0241974 -0.0341657 0.0198213 -0.0206013 0.0023003 -0.0129114 -0.0156025
-0.0127630 -0.0089062 -0.0128202 -0.0100254 -0.0000814 1.0515286 -0.0192123 -0.0076184 0.0108145 -0.0120950 0.0117368 -0.0006694 -0.0236929 -0.0084912 -0.0123191 -0.0065639 0.0189331 0.0090531 -0.0189478 0.0145751 -0.0281866 -0.0173118 -0.0356958 -0.0130591 -0.0217177 -0.0205197 -0.0235246 0.0165288 -0.0131867 0.0033984 -0.0123693 -0.0268673 -0.0264757 -0.0127054 0.0042733 -0.0066532 -0.0237378 0.0138411 -0.0063139 -0.0067203 -0.0002314 -0.0071428 -0.0046060 -0.0072564 -0.0229790 0.0026099 -0.0290447 -0.0197017 -0.0022431 -0.0159162 0.0186298 -0.0188219 0.0171230 -0.0276064 -0.0082308 0.0037154 0.0133203 -0.0124507 -0.0316545 -0.0269675 -0.0051790 0.0076583 -0.0120077 -0.0242592 0.0004515 -0.0197502 -0.0135333 -0.0072214 -0.0200028 -0.0206752 -0.0040618 -0.0222085 -0.0383621 -0.0024487 -0.0157975 -0.0237298 0.0020569 -0.0154943 0.0051904 -0.0201506 -0.0144087
-0.0105165 -0.0279916 -0.0252399 -0.0268549 -0.0271604 -0.0192123 1.0367965 -0.0147404 -0.0421617 0.0044408 -0.0338770 -0.0187787 -0.0019237 -0.0018601 0.0108829 0.0018456 -0.0398224 -0.0179481 -0.0051622 -0.0511042 0.0165079 -0.0040787 0.0119381 -0.0075651 -0.0038102 0.0031131 -0.0083058 -0.0382740 -0.0140183 -0.0148581 -0.0249187 0.0110046 0.0283802 0.0002053 -0.0289456 -0.0035488 -0.0099324 -0.0459384 -0.0087688 -0.0126437 -0.0204113 -0.0190854 -0.0201962 -0.0102702 0.0023612 -0.0116274 0.0108072 0.0072610 -0.0182250 0.0066145 -0.0414563 0.0070682 -0.0457226 0.0140099 -0.0086651 -0.0255384 -0.0275213 0.0122207 0.0123217 0.0119358 -0.0109112 -0.0227425 0.0021245 0.0090769 -0.0181728 -0.0131332 -0.0020727 -0.0093042 0.0087697 0.0135671 -0.0076178 -0.0017534 0.0374592 -0.0077441 0.0098801 0.0040195 -0.0230331 -0.0019984 -0.0240973 0.0030547 0.0005314
-0.0139684 -0.0028999 0.0005488 -0.0156799 -0.0047627 -0.0076184 -0.0147404 0.9942998 0.0052686 -0.0230193 -0.0006318 -0.0082083 -0.0117536 -0.0189033 -0.0131605 -0.0248265 0.0087103 -0.0033698 -0.0164373 0.0111124 -0.0132948 -0.0112860 -0.0120271 -0.0117516 -0.0178110 -0.0240303 -0.0114581 0.0092215 -0.0088252 -0.0043608 -0.0132796 -0.0142728 -0.0181083 -0.0057457 0.0008638 -0.0021966 -0.0196264 0.0038050 -0.0022683 0.0058457 -0.0068840 -0.0023750 -0.0043717 -0.0072071 -0.0243231 -0.0064280 -0.0196340 -0.0147704 -0.0025785 -0.0033111 0.0040043 -0.0134359 0.0074183 -0.0122920 0.0066614 0.0135034 0.0015963 -0.0187202 -0.0162284 -0.0177906 -0.0055836 0.0063808 -0.0071129 -0.0064945 -0.0103068 -0.0054866 -0.0113453 -0.0082434 -0.0225304 -0.0159063 -0.0119185 -0.0204954 -0.0173142 -0.0010369 -0.0075967 -0.0142523 -0.0071082 -0.0046777 -0.0016857 -0.0016796 -0.0144495
-0.0192739 0.0143034 0.0127960 0.0113887 0.0448171 0.0108145 -0.0421617 0.0052686 1.1024140 -0.0440069 0.0402215 0.0083300 -0.0495048 -0.0230215 -0.0181764 -0.0394620 0.0665639 0.0258600 -0.0366717 0.0844708 -0.0544651 -0.0209431 -0.0822594 -0.0438682 -0.0335136 -0.0398801 -0.0174746 0.0698914 -0.0055195 0.0278359 0.0088356 -0.0432647 -0.0647162 -0.0281024 0.0256364 -0.0232363 -0.0239456 0.0716697 -0.0049784 -0.0060322 0.0347666 0.0138908 0.0048660 0.0079240 -0.0551752 -0.0055740 -0.0445089 -0.0334839 0.0178621 -0.0082122 0.0730286 -0.0513388 0.0790516 -0.0652457 -0.0129945 0.0225983 0.0505356 -0.0372059 -0.0701854 -0.0680271 -0.0056270 0.0423889 -0.0150240 -0.0363729 0.0112245 -0.0105279 -0.0112301 -0.0017183 -0.0565617 -0.0558467 0.0145943 -0.0338429 -0.0929570 -0.0140587 -0.0375397 -0.0474993 0.0371564 -0.0352768 0.0137854 -0.0270303 -0.0265964
-0.0149488 -0.0213070 -0.0299398 -0.0300484 -0.0328001 -0.0120950 0.0044408 -0.0230193 -0.0440069 1.0331143 -0.0280214 -0.0294660 0.0007953 -0.0170596 -0.0141018 -0.0126211 -0.0347537 -0.0188794 0.0017689 -0.0396680 0.0129269 -0.0066894 0.0273996 -0.0065813 0.0010243 -0.0070731 -0.0136031 -0.0399180 -0.0187290 -0.0181247 -0.0183573 0.0078041 0.0177800 0.0009977 -0.0356257 0.0004345 0.0049017 -0.0509530 -0.0185183 -0.0013051 -0.0261479 -0.0208773 -0.0171624 -0.0220120 0.0165230 -0.0067043 0.0091502 -0.0009408 -0.0230248 0.0036375 -0.0449273 0.0114783 -0.0409652 0.0163643 0.0010293 -0.0272598 -0.0291791 0.0055257 0.0294228 0.0074259 -0.0068640 -0.0262597 -0.0061970 0.0044171 -0.0219892 -0.0115535 -0.0068109 -0.0128351 0.0099625 0.0123024 -0.0172115 0.0049272 0.0306665 -0.0095587 0.0050512 0.0078275 -0.0144021 0.0069158 -0.0230825 0.0000144 0.0007203
-0.0184482 -0.0054298 0.0005067 0.0073826 0.0094625 0.0117368 -0.0338770 -0.0006318 0.0402215 -0.0280214 1.0671616 0.0058803 -0.0349101 -0.0233839 -0.0270253 -0.0223649 0.0449868 0.0169652 -0.0354789 0.0565714 -0.0337233 -0.0304966 -0.0540205 -0.0321023 -0.0174500 -0.0273583 -0.0053878 0.0406325 -0.0102626 -0.0008288 -0.0135458 -0.0354834 -0.0495920 -0.0168131 0.0197279 -0.0121658 -0.0281172 0.0383553 -0.0079955 -0.0089898 0.0196893 -0.0083548 0.0066905 -0.0076730 -0.0420034 -0.0175549 -0.0244080 -0.0241079 0.0028961 -0.0283696 0.0501167 -0.0457986 0.0521000 -0.0472429 -0.0061539 0.0232784 0.0200991 -0.0321131 -0.0505646 -0.0596787 -0.0110009 0.0314130 -0.0113047 -0.0332938 0.0100287 -0.0094605 -0.0123222 -0.0013441 -0.0368057 -0.0513891 0.0103306 -0.0295712 -0.0635357 -0.0026539 -0.0238116 -0.0333756 0.0198438 -0.0296175 0.0086861 -0.0189219 -0.0223742
-0.0049048 -0.0019073 0.0008559 0.0018348 -0.0061412 -0.0006694 -0.0187787 -0.0082083 0.0083300 -0.0294660 0.0058803 1.0260128 -0.0140282 -0.0146805 -0.0127411 -0.0217745 0.0168548 0.0038843 -0.0085401 0.0216872 -0.0246995 -0.0160845 -0.0427616 -0.0065813 -0.0222656 -0.0183270 -0.0051147 0.0274464 -0.0085017 -0.0046123 -0.0133552 -0.0200005 -0.0246464 -0.0126985 0.0039677 -0.0094331 -0.0092674 0.0204087 -0.0095889 -0.0089505 -0.0045231 0.0035439 -0.0048958 -0.0087147 -0.0238692 -0.0022980 -0.0060929 -0.0101602 0.0039957 -0.0140952 0.0282069 -0.0166422 0.0171922 -0.0262985 -0.0063000 0.0056641 0.0075013 -0.0102839 -0.0237345 -0.0295468 -0.0004449 0.0109658 -0.0050798 -0.0131787 -0.0013210 -0.0098892 -0.0161720 -0.0043647 -0.0217340 -0.0173805 0.0095901 -0.0082495 -0.0334714 -0.0010592 -0.0100195 -0.0146762 0.0101449 -0.0131493 0.0033495 -0.0168719 -0.0133560
-0.0156516 -0.0228397 -0.0139931 -0.0203623 -0.0134486 -0.0236929 -0.0019237 -0.0117536 -0.0495048 0.0007953 -0.0349101 -0.0140282 1.0562073 -0.0174595 -0.0099661 -0.0034137 -0.0230851 -0.0206099 -0.0024798 -0.0493824 0.0101620 -0.0072964 0.0238030 -0.0056236 -0.0061926 0.0028521 -0.0085883 -0.0361094 -0.0076677 -0.0205173 -0.0292756 0.0046793 0.0217358 -0.0080078 -0.0282451 -0.0049227 0.0018367 -0.0363870 -0.0118812 -0.0094522 -0.0232784 -0.0194609 -0.0198195 -0.0154886 0.0221116 -0.0068681 0.0120974 0.0046973 -0.0134662 -0.0111467 -0.0422689 0.0066765 -0.0274856 0.0164701 -0.0075575 -0.0280082 -0.0260246 0.0074300 0.0169268 0.0013099 -0.0002233 -0.0351938 -0.0035367 0.0079957 -0.0179038 -0.0024110 0.0006064 -0.0091854 0.0039782 0.0108613 -0.0119216 -0.0051107 0.0272676 -0.0065057 0.0068709 0.0094030 -0.0219169 0.0026802 -0.0127250 0.0028560 -0.0049576
-0.0037301 -0.0144994 -0.0020523 -0.0162205 -0.0225209 -0.0084912 -0.0018601 -0.0189033 -0.0230215 -0.0170596 -0.0233839 -0.0146805 -0.0174595 1.0173752 -0.0076320 -0.0087264 -0.0150061 -0.0148376 -0.0035236 -0.0187863 -0.0141967 -0.0100818 0.0073943 -0.0121682 -0.0033611 -0.0083026 -0.0152450 -0.0123212 -0.0129908 -0.0140564 -0.0161253 -0.0142996 -0.0083396 -0.0067707 -0.0076557 -0.0126889 0.0025243 -0.0131219 -0.0141394 -0.0004456 -0.0069805 -0.0019723 -0.0109840 -0.0073319 -0.0030503 0.0001038 -0.0065588 -0.0053707 -0.0087497 -0.0157378 -0.0104395 -0.0039636 -0.0096692 -0.0001127 -0.0113819 -0.0078325 -0.0066256 0.0027837 -0.0007057 -0.0055061 -0.0085542 -0.0105487 -0.0173574 -0.0068539 -0.0142390 -0.0058410 -0.0012694 -0.0133835 0.0014655 -0.0110812 -0.0050095 -0.0069843 -0.0056914 -0.0113583 -0.0088325 -0.0019267 -0.0026118 -0.0055943 -0.0061708 -0.0088408 -0.0100027
-0.0046201 -0.0122154 -0.0184719 -0.0162028 -0.0302709 -0.0123191 0.0108829 -0.0131605 -0.0181764 -0.0141018 -0.0270253 -0.0127411 -0.0099661 -0.0076320 0.9937830 -0.0135888 -0.0120158 -0.0057380 -0.0146037 -0.0218840 -0.0154190 -0.0123880 -0.0116938 0.0004327 -0.0102052 -0.0002098 -0.0080678 -0.0122420 -0.0199723 -0.0180472 -0.0129199 -0.0091716 0.0025140 -0.0079788 -0.0108597 -0.0084102 0.0041582 -0.0085782 -0.0080216 -0.0137125 -0.0118507 -0.0076891 -0.0132125 0.0010301 -0.0019777 -0.0135046 -0.0103224 -0.0029790 -0.0096632 -0.0145043 -0.0094091 -0.0095629 -0.0144198 -0.0055985 -0.0135763 -0.0160971 -0.0123175 -0.0078229 -0.0056748 -0.0013363 -0.0060874 -0.0155048 -0.0001141 -0.0094260 -0.0110159 -0.0042916 -0.0071721 -0.0067031 -0.0020482 -0.0117645 -0.0099958 -0.0071549 -0.0010098 -0.0070022 -0.0014193 -0.0001667 -0.0085957 -0.0000935 -0.0024808 -0.0016020 -0.0111579
-0.0217380 -0.0222252 -0.0230953 -0.0273662 -0.0305905 -0.0065639 0.0018456 -0.0248265 -0.0394620 -0.0126211 -0.0223649 -0.0217745 -0.0034137 -0.0087264 -0.0135888 1.0370481 -0.0310463 -0.0228779 -0.0056932 -0.0389610 0.0021329 -0.0043958 0.0044645 -0.0041543 -0.0019352 0.0031210 -0.0104755 -0.0419921 -0.0192236 -0.0261380 -0.0114046 0.0008023 0.0180130 -0.0014098 -0.0240617 -0.0091201 -0.0101042 -0.0342387 -0.0120878 -0.0057252 -0.0232583 -0.0247187 -0.0028002 -0.0082999 0.0115256 -0.0120799 0.0080034 -0.0018899 -0.0142628 -0.0025772 -0.0378850 0.0108581 -0.0389792 0.0152646 -0.0055451 -0.0277872 -0.0314525 0.0005180 0.0166833 0.0111494 -0.0126699 -0.0234265 0.0035898 0.0074095 -0.0140983 -0.0053769 -0.0039375 -0.0081729 0.0071892 0.0157260 -0.0213248 -0.0044944 0.0327265 -0.0027723 0.0049502 0.0016747 -0.0154293 0.0046557 -0.0007668 0.0031913 0.0022761
-0.0167190 0.0142178 0.0156481 0.0243152 0.0398036 0.0189331 -0.0398224 0.0087103 0.0665639 -0.0347537 0.0449868 0.0168548 -0.0230851 -0.0150061 -0.0120158 -0.0310463 1.0725253 0.0238651 -0.0324792 0.0718073 -0.0373650 -0.0234717 -0.0815816 -0.0346433 -0.0320830 -0.0390281 -0.0165170 0.0643399 0.0021188 0.0331753 0.0001581 -0.0451659 -0.0572224 -0.0153582 0.0379406 -0.0213245 -0.0272885 0.0628196 0.0066143 0.0019121 0.0263598 0.0178422 0.0069971 -0.0005443 -0.0481700 -0.0062490 -0.0421911 -0.0261403 0.0120090 -0.0172321 0.0642566 -0.0398198 0.0686973 -0.0575930 -0.0061437 0.0233221 0.0423443 -0.0370630 -0.0550954 -0.0559632 -0.0039539 0.0439953 -0.0099134 -0.0276273 0.0147622 -0.0114808 -0.0180385 -0.0020021 -0.0385736 -0.0459040 0.0174899 -0.0241816 -0.0711445 -0.0143869 -0.0298471 -0.0369535 0.0364068 -0.0210020 0.0167945 -0.0262603 -0.0219423
-0.0081445 -0.0004377 -0.0026709 0.0086247 0.0078575 0.0090531 -0.0179481 -0.0033698 0.0258600 -0.0188794 0.0169652 0.0038843 -0.0206099 -0.0148376 -0.0057380 -0.0228779 0.0238651 1.0515814 -0.0155200 0.0347093 -0.0184041 -0.0233618 -0.0399538 -0.0163241 -0.0122819 -0.0234814 -0.0095078 0.0251132 -0.0084818 0.0052237 0.0069517 -0.0341250 -0.0264012 -0.0169752 0.0138332 -0.0080395 -0.0116093 0.0335760 -0.0057414 -0.0035591 0.0069352 0.0062014 -0.0023330 0.0026521 -0.0213534 -0.0109849 -0.0203046 -0.0154413 0.0055944 -0.0090545 0.0274343 -0.0171635 0.0267102 -0.0300961 -0.0033015 0.0081449 0.0227220 -0.0181386 -0.0256390 -0.0278469 -0.0055363 0.0192126 -0.0101600 -0.0124551 0.0051755 -0.0079370 -0.0122577 0.0048078 -0.0154050 -0.0292404 -0.0008414 -0.0151088 -0.0397301 -0.0066935 -0.0143967 -0.0259121 0.0151629 -0.0198239 -0.0023206 -0.0165510 -0.0098377
-0.0065909 -0.0137541 -0.0211361 -0.0219020 -0.0284853 -0.0189478 -0.0051622 -0.0164373 -0.0366717 0.0017689 -0.0354789 -0.0085401 -0.0024798 -0.0035236 -0.0146037 -0.0056932 -0.0324792 -0.0155200 1.0257903 -0.0350720 0.0001493 -0.0081357 0.0086446 -0.0126689 -0.0054215 -0.0156277 -0.0218567 -0.0228949 -0.0279763 -0.0126325 -0.0179092 -0.0030498 0.0099429 -0.0013275 -0.0170943 -0.0057162 -0.0064783 -0.0331459 -0.0036396 -0.0167455 -0.0106266 -0.0121897 -0.0179944 -0.0061013 0.0125482 -0.0076247 -0.0006340 0.0080740 -0.0195294 -0.0154679 -0.0228886 0.0077549 -0.0285235 0.0123250 -0.0061722 -0.0235187 -0.0197251 0.0084851 0.0097347 0.0081588 -0.0035338 -0.0312290 -0.0037498 0.0049613 -0.0179903 -0.0150870 -0.0025376 -0.0173970 -0.0006481 0.0024108 -0.0140552 -0.0032557 0.0241353 -0.0042210 0.0004757 0.0059863 -0.0176602 0.0050508 -0.0209591 -0.0026391 -0.0071245
-0.0161207 0.0170739 0.0159894 0.0240221 0.0340401 0.0145751 -0.0511042 0.0111124 0.0844708 -0.0396680 0.0565714 0.0216872 -0.0493824 -0.0187863 -0.0218840 -0.0389610 0.0718073 0.0347093 -0.0350720 1.1389958 -0.0547656 -0.0378909 -0.0860444 -0.0407722 -0.0461225 -0.0387043 -0.0218887 0.0764178 -0.0051457 0.0244539 -0.0013533 -0.0494781 -0.0813890 -0.0262588 0.0405467 -0.0171911 -0.0327150 0.0745394 -0.0081182 -0.0001280 0.0377904 0.0143237 0.0199073 0.0032186 -0.0686774 -0.0060668 -0.0472424 -0.0320159 0.0253943 -0.0121025 0.0939792 -0.0542027 0.0844173 -0.0724381 -0.0091481 0.0294899 0.0497503 -0.0529509 -0.0673467 -0.0699101 -0.0011300 0.0497008 -0.0205791 -0.0383423 0.0216486 -0.0161087 -0.0195938 -0.0031319 -0.0573945 -0.0609440 0.0080329 -0.0226051 -0.0999319 -0.0190068 -0.0397447 -0.0470453 0.0424986 -0.0346639 0.0256376 -0.0284097 -0.0207399
-0.0047434 -0.0245012 -0.0167540 -0.0261338 -0.0261880 -0.0281866 0.0165079 -0.0132948 -0.0544651 0.0129269 -0.0337233 -0.0246995 0.0101620 -0.0141967 -0.0154190 0.0021329 -0.0373650 -0.0184041 0.0001493 -0.0547656 1.0232202 0.0024953 0.0369802 0.0040611 0.0005515 -0.0009205 -0.0099207 -0.0414003 -0.0033665 -0.0198365 -0.0122190 0.0104255 0.0281415 0.0036955 -0.0246680 -0.0065638 0.0032449 -0.0463315 -0.0131801 -0.0141216 -0.0203975 -0.0182422 -0.0195640 -0.0064048 0.0163999 -0.0099257 0.0095374 0.0133276 -0.0205804 -0.0048732 -0.0451767 0.0097867 -0.0472069 0.0235880 0.0051406 -0.0290986 -0.0332522 0.0107506 0.0303217 0.0230961 -0.0093950 -0.0429096 0.0077814 0.0117986 -0.0179639 -0.0131132 0.0011748 -0.0108725 0.0135808 0.0219842 -0.0112013 0.0006577 0.0379426 0.0038129 0.0115144 0.0134378 -0.0228911 0.0144444 -0.0212253 0.0071768 0.0017681
0.0018880 -0.0201832 -0.0210027 -0.0176631 -0.0276960 -0.0173118 -0.0040787 -0.0112860 -0.0209431 -0.0066894 -0.0304966 -0.0160845 -0.0072964 -0.0100818 -0.0123880 -0.0043958 -0.0234717 -0.0233618 -0.0081357 -0.0378909 0.0024953 1.0629915 0.0103980 -0.0054020 -0.0040373 -0.0159527 -0.0034665 -0.0130745 -0.0125734 -0.0154038 -0.0114873 0.0045434 0.0065574 -0.0077005 -0.0280971 -0.0070931 0.0025069 -0.0311495 -0.0234242 -0.0066242 -0.0150172 -0.0134145 -0.0110962 -0.0054603 -0.0016117 -0.0094916 0.0071612 -0.0047814 -0.0150518 -0.0000690 -0.0228768 0.0036908 -0.0228868 0.0022947 -0.0042623 -0.0177577 -0.0151126 0.0019122 0.0072124 0.0106658 -0.0040574 -0.0229535 -0.0084435 0.0001606 -0.0111324 0.0015954 -0.0042994 -0.0053823 -0.0004531 0.0077854 -0.0086767 -0.0038300 0.0065897 -0.0159240 0.0100921 0.0059530 -0.0186879 -0.0038192 -0.0209550 -0.0056949 -0.0115642
-0.0162456 -0.0270707 -0.0375060 -0.0470512 -0.0696689 -0.0356958 0.0119381 -0.0120271 -0.0822594 0.0273996 -0.0540205 -0.0427616 0.0238030 0.0073943 -0.0116938 0.0044645 -0.0815816 -0.0399538 0.0086446 -0.0860444 0.0369802 0.0103980 1.1183101 0.0053890 0.0067649 0.0203077 -0.0060042 -0.0842610 -0.0132959 -0.0450450 -0.0224546 0.0217820 0.0615325 -0.0062236 -0.0583939 0.0008702 0.0205275 -0.0871946 -0.0349358 -0.0216578 -0.0433406 -0.0382238 -0.0245116 -0.0229650 0.0464669 -0.0126357 0.0337557 0.0176349 -0.0307064 -0.0077825 -0.0951353 0.0353774 -0.0908132 0.0727535 -0.0016848 -0.0471836 -0.0672256 0.0366609 0.0641618 0.0539506 -0.0191531 -0.0570513 0.0004988 0.0303735 -0.0344882 0.0033971 0.0040958 -0.0234225 0.0293272 0.0432664 -0.0345628 0.0122747 0.0659317 0.0015728 0.0270847 0.0343069 -0.0535102 0.0226678 -0.0469929 0.0208107 0.0025552
-0.0137370 -0.0220676 -0.0270999 -0.0162183 -0.0261126 -0.0130591 -0.0075651 -0.0117516 -0.0438682 -0.0065813 -0.0321023 -0.0065813 -0.0056236 -0.0121682 0.0004327 -0.0041543 -0.0346433 -0.0163241 -0.0126689 -0.0407722 0.0040611 -0.0054020 0.0053890 1.0372760 -0.0092623 0.0076369 -0.0219951 -0.0238221 -0.0205072 -0.0131859 -0.0101563 0.0023981 0.0101269 0.0035547 -0.0181279 -0.0160523 -0.0062785 -0.0266361 -0.0122611 -0.0052541 -0.0274493 -0.0202062 -0.0271383 -0.0158491 0.0052607 -0.0132922 -0.0034670 -0.0040296 -0.0201260 -0.0094134 -0.0196308 0.0003680 -0.0336825 0.0147710 -0.0056471 -0.0240022 -0.0258337 -0.0015441 0.0094830 0.0070456 -0.0114395 -0.0275656 -0.0043834 0.0115588 -0.0075325 -0.0091178 -0.0040428 -0.0170373 -0.0064186 0.0124469 -0.0181472 0.0005253 0.0172211 -0.0169757 0.0062905 0.0044047 -0.0244541 0.0047103 -0.0183494 -0.0037593 -0.0011876
-0.0079628 -0.0049317 -0.0054392 -0.0195791 -0.0338770 -0.0217177 -0.0038102 -0.0178110 -0.0335136 0.0010243 -0.0174500 -0.0222656 -0.0061926 -0.0033611 -0.0102052 -0.0019352 -0.0320830 -0.0122819 -0.0054215 -0.0461225 0.0005515 -0.0040373 0.0067649 -0.0092623 1.0412749 -0.0083417 -0.0004160 -0.0285036 -0.0192082 -0.0245224 -0.0196693 -0.0047711 0.0101713 -0.0019418 -0.0296556 -0.0025043 -0.0034619 -0.0400001 -0.0165636 -0.0195373 -0.0209932 -0.0124309 -0.0143759 -0.0141448 0.0024114 -0.0166926 0.0035057 -0.0056853 -0.0138364 -0.0064565 -0.0325090 0.0096874 -0.0385715 0.0054347 -0.0044143 -0.0127746 -0.0226214 0.0057401 0.0118074 0.0080663 -0.0108685 -0.0253798 -0.0038848 0.0031948 -0.0159014 0.0008521 -0.0004383 -0.0094210 0.0113007 0.0090519 -0.0084194 -0.0100216 0.0194898 -0.0093832 0.0050924 0.0083706 -0.0240562 0.0006643 -0.0180159 -0.0035862 -0.0003703
-0.0106614 -0.0251976 -0.0176778 -0.0211348 -0.0286267 -0.0205197 0.0031131 -0.0240303 -0.0398801 -0.0070731 -0.0273583 -0.0183270 0.0028521 -0.0083026 -0.0002098 0.0031210 -0.0390281 -0.0234814 -0.0156277 -0.0387043 -0.0009205 -0.0159527 0.0203077 0.0076369 -0.0083417 1.0305842 -0.0006345 -0.0411777 -0.0020683 -0.0304974 -0.0115462 -0.0003455 0.0231318 0.0052909 -0.0237446 0.0018092 0.0058516 -0.0433420 -0.0125486 -0.0126950 -0.0229541 -0.0088961 -0.0165025 -0.0034122 0.0102268 -0.0151304 0.0042669 0.0004594 -0.0212220 -0.0009650 -0.0362715 0.0110773 -0.0324173 0.0191806 -0.0117345 -0.0226052 -0.0322658 -0.0037415 0.0099169 0.0181880 -0.0085782 -0.0201633 -0.0078427 0.0041954 -0.0151840 -0.0162910 0.0045777 -0.0049137 0.0055798 0.0194734 -0.0174641 -0.0051019 0.0351188 -0.0056778 0.0065180 0.0061221 -0.0168369 -0.0021436 -0.0168262 0.0008552 -0.0008690
-0.0226838 -0.0124745 -0.0237800 -0.0199585 -0.0202202 -0.0235246 -0.0083058 -0.0114581 -0.0174746 -0.0136031 -0.0053878 -0.0051147 -0.0085883 -0.0152450 -0.0080678 -0.0104755 -0.0165170 -0.0095078 -0.0218567 -0.0218887 -0.0099207 -0.0034665 -0.0060042 -0.0219951 -0.0004160 -0.0006345 1.0390806 -0.0170307 -0.0105631 -0.0200624 -0.0211359 -0.0116908 -0.0021880 -0.0035287 -0.0103383 -0.0029453 -0.0033236 -0.0193625 -0.0066309 -0.0017930 -0.0105688 -0.0031378 -0.0136953 -0.0150073 -0.0118961 -0.0096456 -0.0005298 -0.0064093 -0.0143084 -0.0089643 -0.0108017 -0.0044466 -0.0078032 -0.0066716 -0.0028937 -0.0171445 -0.0120941 0.0001395 -0.0008201 -0.0111489 -0.0047130 -0.0100136 -0.0064861 -0.0046891 -0.0052847 0.0036703 -0.0114642 -0.0025258 -0.0000762 -0.0108420 -0.0087556 -0.0030066 -0.0056113 -0.0094818 0.0014761 -0.0074040 -0.0143367 -0.0055184 -0.0156642 0.0008938 -0.0137839
-0.0076027 0.0158934 0.0043068 0.0156064 0.0400538 0.0165288 -0.0382740 0.0092215 0.0698914 -0.0399180 0.0406325 0.0274464 -0.0361094 -0.0123212 -0.0122420 -0.0419921 0.0643399 0.0251132 -0.0228949 0.0764178 -0.0414003 -0.0130745 -0.0842610 -0.0238221 -0.0285036 -0.0411777 -0.0170307 1.0692856 -0.0043198 0.0199164 -0.0033477 -0.0503965 -0.0606853 -0.0190181 0.0379699 -0.0134919 -0.0294393 0.0719987 -0.0026825 -0.0040159 0.0281032 0.0125691 0.0034242 -0.0024752 -0.0491841 -0.0012831 -0.0403754 -0.0284303 0.0127335 -0.0152406 0.0658673 -0.0361776 0.0734784 -0.0563534 -0.0054477 0.0207534 0.0444870 -0.0377766 -0.0579378 -0.0511706 0.0024418 0.0463598 -0.0117815 -0.0308131 0.0148458 -0.0033961 -0.0136894 0.0001403 -0.0330302 -0.0508361 0.0180966 -0.0300671 -0.0714977 -0.0176631 -0.0317277 -0.0371744 0.0341977 -0.0258369 0.0223861 -0.0234134 -0.0204648
-0.0164602 -0.0049176 -0.0099532 -0.0170067 -0.0134896 -0.0131867 -0.0140183 -0.0088252 -0.0055195 -0.0187290 -0.0102626 -0.0085017 -0.0076677 -0.0129908 -0.0199723 -0.0192236 0.0021188 -0.0084818 -0.0279763 -0.0051457 -0.0033665 -0.0125734 -0.0132959 -0.0205072 -0.0192082 -0.0020683 -0.0105631 -0.0043198 1.0279105 -0.0226256 -0.0187449 -0.0132958 -0.0099678 -0.0163942 -0.0037980 -0.0064769 -0.0136487 -0.0015198 -0.0056973 -0.0095212 -0.0103852 -0.0055023 -0.0036959 -0.0166624 -0.0144828 -0.0080425 -0.0119513 -0.0124271 -0.0125796 -0.0066987 -0.0034032 -0.0143540 0.0068829 -0.0077289 -0.0089655 -0.0050807 0.0023914 -0.0161782 -0.0052986 -0.0165353 -0.0052804 -0.0044916 -0.0117008 -0.0052730 0.0006144 -0.0039502 -0.0099474 0.0036478 -0.0093708 -0.0125190 -0.0024027 -0.0071693 -0.0153358 -0.0142079 -0.0089402 -0.0107348 -0.0019676 -0.0046213 -0.0088707 -0.0087545 -0.0056569
-0.0314529 0.0006971 -0.0096145 0.0045680 -0.0022095 0.0033984 -0.0148581 -0.0043608 0.0278359 -0.0181247 -0.0008288 -0.0046123 -0.0205173 -0.0140564 -0.0180472 -0.0261380 0.0331753 0.0052237 -0.0126325 0.0244539 -0.0198365 -0.0154038 -0.0450450 -0.0131859 -0.0245224 -0.0304974 -0.0200624 0.0199164 -0.0226256 1.0342085 -0.0032806 -0.0195006 -0.0395578 -0.0170042 0.0114330 -0.0114552 -0.0221769 0.0315839 -0.0063514 -0.0066597 0.0066329 0.0034932 -0.0088215 -0.0035578 -0.0314404 -0.0072154 -0.0305314 -0.0171625 -0.0073970 -0.0123265 0.0297645 -0.0331677 0.0301177 -0.0358280 -0.0081682 0.0017137 0.0148751 -0.0191604 -0.0320856 -0.0311603 0.0020426 0.0087866 -0.0154652 -0.0235801 -0.0016163 -0.0175697 -0.0172036 -0.0084180 -0.0287848 -0.0344477 -0.0069728 -0.0181977 -0.0369504 -0.0209451 -0.0094036 -0.0200770 0.0012694 -0.0200155 0.0015894 -0.0265464 -0.0169353
-0.0142958 -0.0074342 -0.0164772 -0.0155230 -0.0172098 -0.0123693 -0.0249187 -0.0132796 0.0088356 -0.0183573 -0.0135458 -0.0133552 -0.0292756 -0.0161253 -0.0129199 -0.0114046 0.0001581 0.0069517 -0.0179092 -0.0013533 -0.0122190 -0.0114873 -0.0224546 -0.0101563 -0.0196693 -0.0115462 -0.0211359 -0.0033477 -0.0187449 -0.0032806 1.0127037 -0.0267731 -0.0123228 -0.0212565 -0.0068588 -0.0191486 -0.0134304 -0.0011864 -0.0057886 -0.0105680 0.0020884 -0.0111488 -0.0119000 -0.0032788 -0.0133595 -0.0034353 -0.0115134 -0.0129518 -0.0013066 -0.0252341 0.0090690 -0.0118621 0.0080100 -0.0132925 -0.0101032 0.0030960 -0.0088834 -0.0233404 -0.0193815 -0.0069902 -0.0087211 -0.0087862 -0.0091301 -0.0067342 -0.0018823 -0.0140410 -0.0035730 -0.0088486 -0.0060527 -0.0155531 -0.0084284 -0.0116855 -0.0207055 -0.0184125 -0.0125240 -0.0090844 -0.0046517 -0.0088972 -0.0065181 -0.0131025 -0.0189098
-0.0127888 -0.0228724 -0.0203720 -0.0264482 -0.0268697 -0.0268673 0.0110046 -0.0142728 -0.0432647 0.0078041 -0.0354834 -0.0200005 0.0046793 -0.0142996 -0.0091716 0.0008023 -0.0451659 -0.0341250 -0.0030498 -0.0494781 0.0104255 0.0045434 0.0217820 0.0023981 -0.0047711 -0.0003455 -0.0116908 -0.0503965 -0.0132958 -0.0195006 -0.0267731 1.0467215 0.0342473 -0.0020330 -0.0225264 -0.0099232 0.0095924 -0.0588767 -0.0237000 -0.0142023 -0.0242601 -0.0144450 -0.0227094 -0.0113630 0.0125859 -0.0152092 0.0091103 0.0057294 -0.0203235 -0.0018081 -0.0502634 0.0130129 -0.0540898 0.0315167 -0.0023116 -0.0281065 -0.0263334 0.0119071 0.0322331 0.0223627 -0.0033734 -0.0350546 0.0061321 0.0077652 -0.0223222 -0.0073387 0.0083522 -0.0143644 0.0075683 0.0171755 -0.0185261 0.0025114 0.0431948 -0.0043694 0.0064620 0.0118573 -0.0289416 0.0084881 -0.0166830 0.0059036 0.0080398
0.0014532 -0.0275806 -0.0291298 -0.0263783 -0.0500973 -0.0264757 0.0283802 -0.0181083 -0.0647162 0.0177800 -0.0495920 -0.0246464 0.0217358 -0.0083396 0.0025140 0.0180130 -0.0572224 -0.0264012 0.0099429 -0.0813890 0.0281415 0.0065574 0.0615325 0.0101269 0.0101713 0.0231318 -0.0021880 -0.0606853 -0.0099678 -0.0395578 -0.0123228 0.0342473 1.0359052 0.0117046 -0.0434122 0.0059352 0.0156482 -0.0708006 -0.0067847 -0.0132150 -0.0320067 -0.0196917 -0.0156242 -0.0090149 0.0304732 -0.0094830 0.0169031 0.0150464 -0.0218629 -0.0045301 -0.0509175 0.0297670 -0.0638927 0.0428130 0.0009334 -0.0353318 -0.0466384 0.0181187 0.0416787 0.0389759 -0.0071553 -0.0473502 0.0020693 0.0221912 -0.0256768 0.0050077 0.0103136 -0.0119187 0.0266450 0.0335162 -0.0237986 0.0117981 0.0541070 0.0074719 0.0131302 0.0272387 -0.0370438 0.0173813 -0.0276613 0.0161136 0.0094263
-0.0075952 -0.0059195 -0.0120380 -0.0265813 -0.0172848 -0.0127054 0.0002053 -0.0057457 -0.0281024 0.0009977 -0.0168131 -0.0126985 -0.0080078 -0.0067707 -0.0079788 -0.0014098 -0.0153582 -0.0169752 -0.0013275 -0.0262588 0.0036955 -0.0077005 -0.0062236 0.0035547 -0.0019418 0.0052909 -0.0035287 -0.0190181 -0.0163942 -0.0170042 -0.0212565 -0.0020330 0.0117046 1.0200653 -0.0141654 0.0019095 -0.0024401 -0.0141877 -0.0079937 -0.0041561 -0.0117755 -0.0017517 -0.0063227 -0.0063243 0.0019005 -0.0072301 0.0018455 -0.0021217 -0.0086467 -0.0038631 -0.0195960 -0.0050176 -0.0178926 0.0077198 -0.0059149 -0.0087970 -0.0157346 -0.0034105 0.0088942 0.0040521 -0.0071379 -0.0223223 -0.0032762 0.0022302 -0.0041292 0.0029944 0.0063545 -0.0135299 0.0026378 -0.0025328 -0.0110338 -0.0100892 0.0059910 -0.0062646 -0.0007307 0.0001274 -0.0170001 -0.0024173 -0.0072089 0.0018015 -0.0036976
-0.0156332 -0.0042206 0.0004534 0.0063539 0.0078607 0.0042733 -0.0289456 0.0008638 0.0256364 -0.0356257 0.0197279 0.0039677 -0.0282451 -0.0076557 -0.0108597 -0.0240617 0.0379406 0.0138332 -0.0170943 0.0405467 -0.0246680 -0.0280971 -0.0583939 -0.0181279 -0.0296556 -0.0237446 -0.0103383 0.0379699 -0.0037980 0.0114330 -0.0068588 -0.0225264 -0.0434122 -0.0141654 1.0240670 -0.0083532 -0.0256888 0.0478632 -0.0062549 -0.0040534 0.0185295 0.0026981 0.0029261 -0.0070573 -0.0415427 -0.0015281 -0.0260839 -0.0172121 0.0115882 -0.0113089 0.0357367 -0.0258585 0.0382890 -0.0334764 -0.0036629 0.0179630 0.0140846 -0.0174608 -0.0388381 -0.0372446 -0.0000595 0.0243545 -0.0108280 -0.0197179 0.0076960 -0.0059489 -0.0184884 -0.0029267 -0.0312339 -0.0292509 0.0078736 -0.0141880 -0.0483822 -0.0099103 -0.0191227 -0.0321894 0.0098628 -0.0246540 0.0058263 -0.0195422 -0.0115161
-0.0015852 -0.0103978 -0.0070980 -0.0187871 -0.0169364 -0.0066532 -0.0035488 -0.0021966 -0.0232363 0.0004345 -0.0121658 -0.0094331 -0.0049227 -0.0126889 -0.0084102 -0.0091201 -0.0213245 -0.0080395 -0.0057162 -0.0171911 -0.0065638 -0.0070931 0.0008702 -0.0160523 -0.0025043 0.0018092 -0.0029453 -0.0134919 -0.0064769 -0.0114552 -0.0191486 -0.0099232 0.0059352 0.0019095 -0.0083532 1.0250716 -0.0080908 -0.0162581 -0.0085999 -0.0047822 -0.0133152 -0.0077856 0.0013532 -0.0071505 0.0018677 -0.0144963 -0.0027711 -0.0104931 -0.0054992 -0.0009100 -0.0147361 0.0021273 -0.0199475 0.0015819 0.0022255 -0.0148113 -0.0154245 -0.0044928 0.0042309 0.0035734 -0.0162505 -0.0152365 -0.0070735 -0.0011309 -0.0124044 0.0053923 0.0039861 -0.0096520 -0.0023375 -0.0036926 -0.0074902 -0.0031950 -0.0071068 -0.0051315 0.0038294 -0.0007085 -0.0250959 0.0068333 -0.0111793 0.0054342 -0.0052457
0.0013402 -0.0168953 -0.0248629 -0.0075487 -0.0214947 -0.0237378 -0.0099324 -0.0196264 -0.0239456 0.0049017 -0.0281172 -0.0092674 0.0018367 0.0025243 0.0041582 -0.0101042 -0.0272885 -0.0116093 -0.0064783 -0.0327150 0.0032449 0.0025069 0.0205275 -0.0062785 -0.0034619 0.0058516 -0.0033236 -0.0294393 -0.0136487 -0.0221769 -0.0134304 0.0095924 0.0156482 -0.0024401 -0.0256888 -0.0080908 1.0296324 -0.0327579 -0.0107130 -0.0034112 -0.0177503 -0.0087360 -0.0146481 0.0015755 0.0066340 -0.0081036 -0.0008281 0.0011318 -0.0179017 -0.0023952 -0.0284219 0.0059427 -0.0194703 0.0115887 0.0003864 -0.0164634 -0.0256916 0.0050554 0.0161658 0.0137308 -0.0011588 -0.0255400 -0.0022535 0.0064017 -0.0197542 -0.0127542 0.0059958 -0.0076817 0.0032793 0.0093345 -0.0125338 0.0077481 0.0212990 -0.0023230 0.0077353 0.0038280 -0.0152168 0.0046414 -0.0203677 0.0005994 -0.0035374
-0.0201249 0.0151945 0.0082193 0.0194016 0.0409247 0.0138411 -0.0459384 0.0038050 0.0716697 -0.0509530 0.0383553 0.0204087 -0.0363870 -0.0131219 -0.0085782 -0.0342387 0.0628196 0.0335760 -0.0331459 0.0745394 -0.0463315 -0.0311495 -0.0871946 -0.0266361 -0.0400001 -0.0433420 -0.0193625 0.0719987 -0.0015198 0.0315839 -0.0011864 -0.0588767 -0.0708006 -0.0141877 0.0478632 -0.0162581 -0.0327579 1.1021767 0.0033441 0.0010380 0.0293434 0.0080337 -0.0020379 0.0012711 -0.0592093 -0.0008834 -0.0458277 -0.0259580 0.0157158 -0.0156195 0.0711684 -0.0518730 0.0718799 -0.0649927 -0.0127424 0.0359785 0.0484263 -0.0369169 -0.0611228 -0.0684787 0.0004182 0.0488717 -0.0080561 -0.0308179 0.0194975 -0.0076459 -0.0191042 -0.0023705 -0.0481478 -0.0584166 0.0148526 -0.0304443 -0.0833812 -0.0119518 -0.0282313 -0.0331084 0.0388484 -0.0296401 0.0259222 -0.0350276 -0.0113224
-0.0025886 -0.0096258 -0.0118650 -0.0014778 -0.0066980 -0.0063139 -0.0087688 -0.0022683 -0.0049784 -0.0185183 -0.0079955 -0.0095889 -0.0118812 -0.0141394 -0.0080216 -0.0120878 0.0066143 -0.0057414 -0.0036396 -0.0081182 -0.0131801 -0.0234242 -0.0349358 -0.0122611 -0.0165636 -0.0125486 -0.0066309 -0.0026825 -0.0056973 -0.0063514 -0.0057886 -0.0237000 -0.0067847 -0.0079937 -0.0062549 -0.0085999 -0.0107130 0.0033441 1.0077146 -0.0001068 0.0037131 -0.0034695 -0.0065351 -0.0049902 -0.0065321 -0.0064066 -0.0088104 -0.0092381 -0.0017418 -0.0080077 0.0081892 -0.0077675 0.0053511 -0.0086499 -0.0076316 -0.0020325 0.0032216 -0.0140606 -0.0138647 -0.0156455 0.0006946 0.0061562 -0.0106897 -0.0082856 -0.0029417 -0.0049555 -0.0020362 -0.0080618 -0.0145417 -0.0171559 -0.0031294 -0.0122520 -0.0129746 -0.0046853 -0.0055156 0.0002231 -0.0028953 -0.0062351 0.0013574 -0.0171214 -0.0027752
-0.0136482 -0.0088560 -0.0170943 -0.0093493 -0.0075304 -0.0067203 -0.0126437 0.0058457 -0.0060322 -0.0013051 -0.0089898 -0.0089505 -0.0094522 -0.0004456 -0.0137125 -0.0057252 0.0019121 -0.0035591 -0.0167455 -0.0001280 -0.0141216 -0.0066242 -0.0216578 -0.0052541 -0.0195373 -0.0126950 -0.0017930 -0.0040159 -0.0095212 -0.0066597 -0.0105680 -0.0142023 -0.0132150 -0.0041561 -0.0040534 -0.0047822 -0.0034112 0.0010380 -0.0001068 1.0111265 0.0009830 -0.0094198 -0.0081716 -0.0063532 -0.0125948 0.0018742 -0.0165605 -0.0085483 0.0010653 -0.0087620 0.0040712 -0.0081983 0.0102493 -0.0166475 -0.0065678 -0.0008120 -0.0001547 -0.0090728 -0.0133094 -0.0115345 -0.0071235 -0.0126926 -0.0122272 -0.0025955 0.0007302 -0.0057811 -0.0055956 -0.0051411 -0.0093025 -0.0115481 -0.0081620 -0.0015624 -0.0150140 -0.0054567 -0.0077546 -0.0140246 -0.0109545 -0.0082856 0.0011679 -0.0104294 0.0005285
-0.0100605 -0.0019661 -0.0056895 0.0084217 0.0136204 -0.0002314 -0.0204113 -0.0068840 0.0347666 -0.0261479 0.0196893 -0.0045231 -0.0232784 -0.0069805 -0.0118507 -0.0232583 0.0263598 0.0069352 -0.0106266 0.0377904 -0.0203975 -0.0150172 -0.0433406 -0.0274493 -0.0209932 -0.0229541 -0.0105688 0.0281032 -0.0103852 0.0066329 0.0020884 -0.0242601 -0.0320067 -0.0117755 0.0185295 -0.0133152 -0.0177503 0.0293434 0.0037131 0.0009830 1.0320269 0.0044739 -0.0003776 -0.0052524 -0.0206580 -0.0001712 -0.0284581 -0.0151886 0.0018372 -0.0016824 0.0336433 -0.0216484 0.0316789 -0.0318728 -0.0070611 0.0046919 0.0253042 -0.0200646 -0.0301180 -0.0301562 -0.0092498 0.0188437 -0.0043055 -0.0151718 0.0036568 -0.0076200 -0.0117628 -0.0028282 -0.0148618 -0.0255130 0.0040264 -0.0197428 -0.0434372 -0.0151027 -0.0140812 -0.0222005 0.0097059 -0.0162782 0.0087793 -0.0189417 -0.0141541
-0.0104004 -0.0083729 0.0003701 0.0014988 0.0027643 -0.0071428 -0.0190854 -0.0023750 0.0138908 -0.0208773 -0.0083548 0.0035439 -0.0194609 -0.0019723 -0.0076891 -0.0247187 0.0178422 0.0062014 -0.0121897 0.0143237 -0.0182422 -0.0134145 -0.0382238 -0.0202062 -0.0124309 -0.0088961 -0.0031378 0.0125691 -0.0055023 0.0034932 -0.0111488 -0.0144450 -0.0196917 -0.0017517 0.0026981 -0.0077856 -0.0087360 0.0080337 -0.0034695 -0.0094198 0.0044739 1.0149850 -0.0058079 -0.0093839 -0.0219180 -0.0000583 -0.0115359 -0.0089047 0.0031635 -0.0101128 0.0204439 -0.0183221 0.0164143 -0.0201345 0.0005362 0.0046287 0.0119252 -0.0088656 -0.0217858 -0.0200732 -0.0017885 0.0021325 -0.0099429 -0.0080915 0.0009860 -0.0091181 -0.0077911 -0.0112078 -0.0120300 -0.0248482 0.0010419 -0.0107675 -0.0273424 -0.0002508 -0.0125337 -0.0109277 0.0032088 -0.0077178 -0.0005272 -0.0149977 -0.0061920
-0.0056519 -0.0069963 -0.0031426 -0.0002370 -0.0013632 -0.0046060 -0.0201962 -0.0043717 0.0048660 -0.0171624 0.0066905 -0.0048958 -0.0198195 -0.0109840 -0.0132125 -0.0028002 0.0069971 -0.0023330 -0.0179944 0.0199073 -0.0195640 -0.0110962 -0.0245116 -0.0271383 -0.0143759 -0.0165025 -0.0136953 0.0034242 -0.0036959 -0.0088215 -0.0119000 -0.0227094 -0.0156242 -0.0063227 0.0029261 0.0013532 -0.0146481 -0.0020379 -0.0065351 -0.0081716 -0.0003776 -0.0058079 1.0090020 -0.0076353 -0.0069015 0.0063052 -0.0148737 -0.0039546 -0.0079127 -0.0054605 0.0070740 -0.0068386 0.0022169 -0.0177645 -0.0097037 -0.0021020 -0.0006987 -0.0121095 -0.0176685 -0.0129772 -0.0027608 -0.0064898 -0.0091403 -0.0134790 -0.0006340 -0.0106639 -0.0055887 -0.0043093 -0.0098468 -0.0170839 -0.0012795 -0.0026821 -0.0178551 -0.0081899 -0.0098462 -0.0085213 0.0004534 -0.0134585 -0.0070602 -0.0121704 -0.0137888
-0.0037740 -0.0076403 -0.0150346 -0.0082229 0.0059250 -0.0072564 -0.0102702 -0.0072071 0.0079240 -0.0220120 -0.0076730 -0.0087147 -0.0154886 -0.0073319 0.0010301 -0.0082999 -0.0005443 0.0026521 -0.0061013 0.0032186 -0.0064048 -0.0054603 -0.0229650 -0.0158491 -0.0141448 -0.0034122 -0.0150073 -0.0024752 -0.0166624 -0.0035578 -0.0032788 -0.0113630 -0.0090149 -0.0063243 -0.0070573 -0.0071505 0.0015755 0.0012711 -0.0049902 -0.0063532 -0.0052524 -0.0093839 -0.0076353 1.0176922 -0.0070429 -0.0035752 -0.0076627 -0.0043788 -0.0119837 -0.0080813 -0.0053770 -0.0119907 0.0002868 -0.0106763 -0.0082430 -0.0058008 0.0030620 -0.0051142 -0.0097201 -0.0014169 -0.0032975 -0.0027621 -0.0091760 -0.0070243 -0.0092460 -0.0036939 0.0015541 -0.0084287 -0.0139565 -0.0097685 -0.0083209 -0.0013735 -0.0130957 -0.0027329 0.0000137 -0.0086274 -0.0032101 -0.0026878 -0.0041408 -0.0106802 -0.0121262
-0.0052329 -0.0196637 -0.0210417 -0.0290190 -0.0373393 -0.0229790 0.0023612 -0.0243231 -0.0551752 0.0165230 -0.0420034 -0.0238692 0.0221116 -0.0030503 -0.0019777 0.0115256 -0.0481700 -0.0213534 0.0125482 -0.0686774 0.0163999 -0.0016117 0.0464669 0.0052607 0.0024114 0.0102268 -0.0118961 -0.0491841 -0.0144828 -0.0314404 -0.0133595 0.0125859 0.0304732 0.0019005 -0.0415427 0.0018677 0.0066340 -0.0592093 -0.0065321 -0.0125948 -0.0206580 -0.0219180 -0.0069015 -0.0070429 1.0262991 -0.0045730 0.0225583 0.0175364 -0.0213812 -0.0043399 -0.0509110 0.0164009 -0.0489835 0.0359685 0.0019882 -0.0248295 -0.0365038 0.0188230 0.0338944 0.0348108 -0.0043699 -0.0317938 -0.0007940 0.0152932 -0.0219365 -0.0059199 0.0066049 -0.0064878 0.0176739 0.0269854 -0.0137028 0.0102026 0.0425289 0.0005869 0.0159715 0.0226369 -0.0304246 0.0062217 -0.0178012 0.0085426 -0.0031605
-0.0125663 -0.0135253 -0.0107743 -0.0106833 -0.0088753 0.0026099 -0.0116274 -0.0064280 -0.0055740 -0.0067043 -0.0175549 -0.0022980 -0.0068681 0.0001038 -0.0135046 -0.0120799 -0.0062490 -0.0109849 -0.0076247 -0.0060668 -0.0099257 -0.0094916 -0.0126357 -0.0132922 -0.0166926 -0.0151304 -0.0096456 -0.0012831 -0.0080425 -0.0072154 -0.0034353 -0.0152092 -0.0094830 -0.0072301 -0.0015281 -0.0144963 -0.0081036 -0.0008834 -0.0064066 0.0018742 -0.0001712 -0.0000583 0.0063052 -0.0035752 -0.0045730 1.0166996 -0.0091700 -0.0069795 -0.0007666 -0.0030084 -0.0035938 -0.0027686 -0.0031991 -0.0104804 -0.0015692 -0.0087699 -0.0041184 -0.0028594 -0.0145596 -0.0111513 -0.0032758 -0.0063130 -0.0137538 -0.0047932 -0.0032183 -0.0014030 -0.0085098 -0.0061147 -0.0038573 -0.0106415 -0.0066228 -0.0121269 -0.0118714 -0.0083412 -0.0124107 0.0028518 0.0045232 -0.0042264 -0.0013547 -0.0106002 -0.0076966
