1.0487759 -0.0220946 -0.0277532 -0.0277746 0.0089957 -0.0325573 0.0358905 0.0134911 -0.0216815 -0.0211491 -0.0281143 -0.0220574 -0.0179896 -0.0183221 0.0113052 -0.0400890 0.0483932 0.0566949 -0.0493533 -0.0480578 -0.0114073 -0.0130088 -0.0091640 0.0039552 -0.0055497 -0.0091832 -0.0426867 -0.0612899 0.0113211 -0.0186634 -0.0378135 0.0340580 0.0146220 -0.0185536 0.0007498 -0.0263434 -0.0210449 0.0112174 0.0040867 -0.0053712 -0.0418259 -0.0279151 -0.0069991 -0.0054724 -0.0276859 -0.0315661 -0.0110668 0.0395975 -0.0265088 -0.0110289 -0.0206712 -0.0238059 0.0280828 0.0167425 0.0036431 -0.0416367 0.0626306 -0.0162339 -0.0524700 -0.0529392 -0.0107666 -0.0009071 -0.0154587 -0.0160054 -0.0206020 0.0068376 0.0139319 -0.0372255 0.0128659 -0.0172472 0.0537152 -0.0402622 -0.0546242 0.0209720 -0.0343601 0.0616636 0.0014621 0.0430353 -0.0424786 -0.0455298 0.0202321
-0.0220946 1.0234126 0.0040697 -0.0111126 -0.0214805 -0.0061762 -0.0289394 -0.0251345 -0.0027921 -0.0027014 -0.0063880 0.0016742 -0.0090622 -0.0092000 -0.0267242 -0.0053567 -0.0239777 -0.0308864 0.0079731 0.0110935 -0.0092793 -0.0141314 -0.0184655 -0.0141792 -0.0179711 -0.0068867 -0.0019047 0.0127808 -0.0152232 -0.0028445 -0.0016327 -0.0398666 -0.0157956 -0.0081082 -0.0102607 -0.0003776 -0.0138531 -0.0152062 -0.0128233 -0.0177651 0.0099579 0.0034927 -0.0135251 -0.0126924 -0.0022256 -0.0009744 -0.0127722 -0.0327633 -0.0007424 -0.0128142 0.0056240 -0.0010338 -0.0203952 -0.0202744 -0.0109708 0.0125442 -0.0287582 -0.0031731 0.0155583 0.0020535 -0.0122077 -0.0163597 -0.0067107 -0.0038571 0.0124198 -0.0101207 -0.0204234 0.0009406 -0.0158790 0.0000634 -0.0315098 0.0061624 0.0125578 -0.0270041 0.0103250 -0.0415078 -0.0204386 -0.0231049 0.0075416 0.0024526 -0.0202530
-0.0277532 0.0040697 1.0417107 -0.0091997 -0.0216776 -0.0029414 -0.0254799 -0.0133753 -0.0066629 -0.0075468 -0.0121321 -0.0009255 -0.0161433 -0.0125271 -0.0219877 -0.0095619 -0.0283384 -0.0276763 0.0020742 -0.0001291 -0.0117760 -0.0122231 -0.0198941 -0.0140617 -0.0186094 -0.0148245 -0.0108020 0.0109786 -0.0029026 -0.0253757 -0.0094619 -0.0216414 -0.0184108 -0.0141164 -0.0103567 -0.0059880 -0.0125199 -0.0170234 -0.0158566 -0.0106526 -0.0034028 -0.0005503 -0.0136966 -0.0208062 -0.0083406 0.0031688 -0.0068528 -0.0233504 -0.0024991 -0.0125453 0.0025935 -0.0018898 -0.0181276 -0.0201049 -0.0035580 -0.0013653 -0.0277791 -0.0015185 0.0071207 0.0009290 -0.0093296 -0.0136099 -0.0050883 0.0009348 0.0002799 -0.0156532 -0.0106614 0.0026493 -0.0166606 -0.0202686 -0.0216343 0.0002590 0.0045475 -0.0159794 0.0009802 -0.0327224 -0.0090929 -0.0238936 0.0062246 0.0007831 -0.0186228
-0.0277746 -0.0111126 -0.0091997 1.0411630 -0.0324253 -0.0019763 -0.0376026 -0.0255117 -0.0081680 -0.0198485 -0.0093137 -0.0044807 -0.0042629 -0.0132970 -0.0228020 -0.0101530 -0.0311221 -0.0331714 0.0013198 0.0092472 -0.0200688 -0.0095539 -0.0151545 -0.0315972 -0.0106071 -0.0169273 -0.0049072 0.0077928 -0.0182594 -0.0136604 -0.0029448 -0.0345241 -0.0140435 -0.0112826 -0.0083995 -0.0003401 -0.0056887 -0.0205675 -0.0203986 -0.0152007 0.0081017 -0.0032856 -0.0080097 -0.0065885 0.0006142 0.0022339 -0.0104476 -0.0271740 -0.0003168 -0.0094650 -0.0026286 -0.0036425 -0.0155535 -0.0145642 -0.0135415 0.0053188 -0.0318412 -0.0003578 0.0082141 0.0171513 -0.0066968 -0.0117388 0.0020618 -0.0040052 -0.0048120 -0.0162580 -0.0141868 -0.0068839 -0.0102035 -0.0049985 -0.0306030 0.0063337 0.0037094 -0.0256055 0.0120254 -0.0388476 -0.0080814 -0.0250074 0.0074468 0.0061570 -0.0216871
0.0089957 -0.0214805 -0.0216776 -0.0324253 1.0270231 -0.0245562 0.0200020 -0.0031057 -0.0221998 -0.0281681 -0.0195872 -0.0247817 -0.0046040 -0.0142948 0.0046173 -0.0242707 0.0207388 0.0257734 -0.0313110 -0.0266431 -0.0050663 -0.0144303 -0.0119014 -0.0001797 -0.0154557 0.0006379 -0.0290078 -0.0318816 -0.0042195 -0.0152587 -0.0259307 0.0148352 0.0013208 -0.0134902 -0.0109177 -0.0116937 -0.0132023 0.0027549 0.0080917 0.0006678 -0.0281160 -0.0126297 -0.0023754 -0.0078362 -0.0207010 -0.0131975 -0.0112496 0.0141897 -0.0241315 -0.0124844 -0.0143591 -0.0241813 0.0145359 0.0073471 -0.0021490 -0.0273898 0.0297673 -0.0141704 -0.0411071 -0.0385842 -0.0079030 0.0067693 -0.0205996 -0.0166236 -0.0177957 -0.0001965 0.0009062 -0.0297812 -0.0002766 -0.0131275 0.0257017 -0.0282691 -0.0387618 0.0053493 -0.0205396 0.0328443 -0.0153129 0.0230592 -0.0331300 -0.0281007 0.0031589
-0.0325573 -0.0061762 -0.0029414 -0.0019763 -0.0245562 1.0511198 -0.0405130 -0.0228710 0.0059693 -0.0144119 -0.0008998 0.0023261 -0.0139766 -0.0150226 -0.0351092 0.0049844 -0.0419660 -0.0496127 0.0149892 0.0208840 -0.0155750 -0.0136144 -0.0127639 -0.0320147 -0.0295937 -0.0127309 -0.0037719 0.0237248 -0.0209901 -0.0025478 0.0130889 -0.0430014 -0.0140272 -0.0081737 -0.0115879 -0.0016751 0.0080247 -0.0245157 -0.0146337 -0.0155134 0.0173270 0.0040353 -0.0223167 -0.0070105 0.0008350 0.0020604 -0.0083887 -0.0327988 0.0100433 -0.0117017 -0.0012666 0.0021671 -0.0246007 -0.0221535 -0.0058626 0.0105150 -0.0455355 0.0034079 0.0187605 0.0144952 -0.0075258 -0.0166736 0.0072224 -0.0001268 0.0083370 -0.0218059 -0.0172531 0.0077887 -0.0221568 -0.0020438 -0.0480406 0.0070074 0.0192961 -0.0322402 0.0125580 -0.0593757 -0.0214111 -0.0359825 0.0001153 0.0126027 -0.0232754
0.0358905 -0.0289394 -0.0254799 -0.0376026 0.0200020 -0.0405130 1.0919678 0.0216652 -0.0311489 -0.0189378 -0.0387216 -0.0328262 -0.0103618 -0.0159486 0.0296607 -0.0390919 0.0668216 0.0765859 -0.0756197 -0.0619630 0.0144056 -0.0049021 -0.0016614 0.0154012 -0.0015209 -0.0058757 -0.0451379 -0.0703679 0.0111296 -0.0239386 -0.0458000 0.0560860 0.0176150 -0.0119399 0.0000259 -0.0259471 -0.0221805 0.0088969 0.0154441 -0.0010978 -0.0588792 -0.0338322 0.0027466 -0.0031028 -0.0208352 -0.0378594 -0.0128863 0.0543405 -0.0324759 -0.0061154 -0.0214217 -0.0245358 0.0477042 0.0339146 0.0044249 -0.0523561 0.0787840 -0.0221669 -0.0733779 -0.0627325 -0.0140167 0.0043227 -0.0272135 -0.0199874 -0.0281207 0.0058509 0.0129416 -0.0502811 0.0266719 -0.0248504 0.0716127 -0.0588976 -0.0759612 0.0449491 -0.0430735 0.0911070 -0.0055992 0.0605306 -0.0477222 -0.0479477 0.0205587
0.0134911 -0.0251345 -0.0133753 -0.0255117 -0.0031057 -0.0228710 0.0216652 1.0180703 -0.0115178 -0.0145878 -0.0260709 -0.0144170 -0.0131918 -0.0091912 0.0050499 -0.0204972 0.0272012 0.0329663 -0.0374526 -0.0289493 -0.0038507 -0.0040560 -0.0082130 0.0012475 -0.0045749 -0.0060749 -0.0230344 -0.0355500 0.0028220 -0.0229344 -0.0223110 0.0220875 0.0039589 -0.0105589 -0.0042132 -0.0174527 -0.0115134 0.0012354 0.0000145 -0.0011525 -0.0250496 -0.0122778 -0.0076734 -0.0113345 -0.0105612 -0.0225221 -0.0091790 0.0200436 -0.0178662 -0.0053526 -0.0152916 -0.0149316 0.0135586 0.0104658 -0.0040811 -0.0272708 0.0301944 -0.0139047 -0.0352040 -0.0318718 -0.0077909 0.0017378 -0.0135974 -0.0084786 -0.0214070 0.0077777 -0.0016912 -0.0281523 0.0069128 -0.0140733 0.0290634 -0.0227736 -0.0303835 0.0163200 -0.0175959 0.0302241 -0.0108622 0.0249523 -0.0221310 -0.0257229 0.0091617
-0.0216815 -0.0027921 -0.0066629 -0.0081680 -0.0221998 0.0059693 -0.0311489 -0.0115178 1.0248178 -0.0111823 -0.0077271 -0.0015890 -0.0128966 -0.0025827 -0.0235444 -0.0077546 -0.0231906 -0.0293865 0.0009625 0.0044849 -0.0087582 -0.0061815 -0.0141992 -0.0045511 -0.0046351 -0.0058959 0.0007177 0.0145416 -0.0149086 -0.0045997 -0.0059611 -0.0237998 -0.0180875 -0.0051015 -0.0183574 -0.0007851 -0.0044739 -0.0142547 -0.0190903 -0.0133580 -0.0029135 -0.0020910 -0.0107456 -0.0056071 -0.0084506 -0.0029728 -0.0025816 -0.0228350 -0.0028368 -0.0004279 -0.0026743 0.0064481 -0.0172487 -0.0148843 -0.0089735 0.0030352 -0.0324489 -0.0065477 0.0098315 0.0098614 -0.0039977 -0.0168277 0.0062947 -0.0049717 -0.0022288 -0.0165158 -0.0156106 0.0035157 -0.0242571 -0.0024212 -0.0295573 0.0054928 0.0074030 -0.0183127 0.0078156 -0.0349922 -0.0112665 -0.0231359 -0.0029172 0.0065989 -0.0151946
-0.0211491 -0.0027014 -0.0075468 -0.0198485 -0.0281681 -0.0144119 -0.0189378 -0.0145878 -0.0111823 1.0066414 -0.0126877 -0.0090785 -0.0128688 -0.0058026 -0.0105535 -0.0086950 -0.0162891 -0.0121355 -0.0081839 -0.0087562 -0.0110879 -0.0074783 -0.0027046 -0.0163040 -0.0192656 -0.0148724 -0.0164444 0.0049306 -0.0231301 -0.0165784 -0.0026888 -0.0233654 -0.0048078 -0.0087560 -0.0190940 -0.0055481 -0.0045277 -0.0083752 -0.0141915 -0.0130518 0.0034570 -0.0069256 -0.0153125 -0.0083690 -0.0084977 -0.0034594 -0.0064518 -0.0231129 -0.0067656 -0.0046828 -0.0037307 -0.0072952 -0.0108729 -0.0136285 -0.0026476 -0.0144313 -0.0184726 -0.0104883 -0.0031847 -0.0013160 0.0004805 -0.0132769 -0.0016788 -0.0025408 -0.0108677 -0.0082443 -0.0098526 -0.0078174 -0.0082896 -0.0064661 -0.0167141 -0.0082580 0.0005702 -0.0079286 0.0037905 -0.0159978 -0.0030041 -0.0131103 -0.0004664 -0.0021136 -0.0251466
-0.0281143 -0.0063880 -0.0121321 -0.0093137 -0.0195872 -0.0008998 -0.0387216 -0.0260709 -0.0077271 -0.0126877 1.0245496 0.0040999 -0.0083980 -0.0126528 -0.0287650 -0.0032263 -0.0261134 -0.0308076 0.0014433 0.0059838 -0.0174894 -0.0103063 -0.0163355 -0.0207866 -0.0138292 -0.0093880 0.0010698 0.0095996 -0.0113148 -0.0140214 -0.0081835 -0.0287803 -0.0166904 -0.0104055 -0.0125279 -0.0050097 -0.0091795 -0.0121749 -0.0105652 -0.0158692 0.0023157 -0.0021398 -0.0111948 -0.0085920 -0.0023001 -0.0000321 -0.0052140 -0.0245728 -0.0033431 -0.0048642 0.0071680 -0.0098350 -0.0205532 -0.0131791 -0.0099839 -0.0056462 -0.0294976 -0.0075396 0.0100341 0.0074591 -0.0000264 -0.0178605 -0.0018126 0.0015943 -0.0073336 -0.0155634 -0.0082705 0.0124603 -0.0104652 -0.0114707 -0.0241903 0.0012010 0.0089959 -0.0186345 0.0049921 -0.0355622 -0.0199898 -0.0302500 0.0034123 0.0096601 -0.0192655
-0.0220574 0.0016742 -0.0009255 -0.0044807 -0.0247817 0.0023261 -0.0328262 -0.0144170 -0.0015890 -0.0090785 0.0040999 1.0282521 -0.0109653 -0.0099188 -0.0205440 0.0106848 -0.0252059 -0.0285709 0.0091825 0.0093032 -0.0065291 -0.0001717 -0.0128930 -0.0224075 -0.0083236 -0.0143909 0.0004442 0.0198196 -0.0093825 -0.0101133 0.0012004 -0.0341427 -0.0158372 -0.0017947 -0.0152416 -0.0053006 0.0008016 -0.0101206 -0.0128172 -0.0166544 0.0033169 -0.0048628 -0.0099833 -0.0043096 -0.0003531 0.0030479 -0.0071258 -0.0239842 0.0003034 -0.0075736 0.0010004 -0.0051720 -0.0177383 -0.0145817 -0.0070485 0.0023557 -0.0264167 0.0061782 0.0135758 0.0158643 -0.0049594 -0.0116799 -0.0029810 0.0002521 0.0057490 -0.0121028 -0.0108682 0.0100123 -0.0170784 -0.0074903 -0.0307702 0.0110384 0.0078102 -0.0169110 0.0069747 -0.0360028 -0.0039088 -0.0255101 0.0065942 0.0092783 -0.0202444
-0.0179896 -0.0090622 -0.0161433 -0.0042629 -0.0046040 -0.0139766 -0.0103618 -0.0131918 -0.0128966 -0.0128688 -0.0083980 -0.0109653 1.0288160 -0.0097005 -0.0007576 -0.0080452 -0.0088053 -0.0102987 -0.0079846 -0.0052437 0.0003657 -0.0099871 -0.0165824 -0.0181718 0.0030961 -0.0054558 -0.0128437 -0.0018795 -0.0198012 -0.0151234 -0.0148667 -0.0131004 -0.0077876 -0.0090077 -0.0040954 -0.0173190 -0.0046715 -0.0034209 -0.0094701 -0.0123721 0.0024100 -0.0019239 -0.0057128 -0.0073372 -0.0024187 -0.0070160 -0.0115629 -0.0131001 -0.0088930 -0.0088851 -0.0149047 -0.0051583 -0.0090366 -0.0040744 -0.0039421 -0.0043477 -0.0147258 -0.0082570 -0.0005759 -0.0071556 -0.0033091 -0.0155591 -0.0036518 -0.0074721 -0.0117334 -0.0137989 -0.0037007 -0.0013450 -0.0119999 0.0000927 -0.0099283 -0.0017253 -0.0022491 -0.0065796 0.0018522 -0.0071836 -0.0106760 -0.0065089 -0.0097953 -0.0125423 -0.0084938
-0.0183221 -0.0092000 -0.0125271 -0.0132970 -0.0142948 -0.0150226 -0.0159486 -0.0091912 -0.0025827 -0.0058026 -0.0126528 -0.0099188 -0.0097005 1.0419062 -0.0127127 -0.0096931 -0.0141896 -0.0112653 -0.0053008 -0.0058174 -0.0130142 -0.0024499 -0.0137188 -0.0111597 -0.0060956 -0.0117769 -0.0046646 0.0009095 -0.0084844 -0.0146580 -0.0037703 -0.0188221 -0.0100472 -0.0083527 -0.0171175 -0.0059213 -0.0109546 -0.0148322 -0.0058593 -0.0201780 -0.0027810 -0.0045336 -0.0155635 -0.0071179 -0.0081373 -0.0169610 -0.0105963 -0.0072267 -0.0057306 -0.0033001 -0.0009140 -0.0104756 -0.0091956 -0.0107284 -0.0114979 -0.0024859 -0.0116378 -0.0096091 -0.0022977 -0.0008136 -0.0048151 -0.0167594 -0.0010610 -0.0035105 0.0007202 -0.0118397 -0.0086994 -0.0038123 -0.0149328 -0.0059228 -0.0124568 -0.0015611 -0.0042398 -0.0143981 -0.0033012 -0.0120350 -0.0140776 -0.0126547 -0.0024435 -0.0015168 -0.0204432
0.0113052 -0.0267242 -0.0219877 -0.0228020 0.0046173 -0.0351092 0.0296607 0.0050499 -0.0235444 -0.0105535 -0.0287650 -0.0205440 -0.0007576 -0.0127127 1.0267133 -0.0173593 0.0303211 0.0294321 -0.0439625 -0.0420695 -0.0073811 -0.0157994 -0.0063921 0.0066717 -0.0091337 -0.0060661 -0.0306851 -0.0369712 0.0032410 -0.0220068 -0.0348548 0.0118105 0.0093437 -0.0141470 -0.0030542 -0.0200219 -0.0044842 0.0034126 -0.0107828 -0.0107712 -0.0269215 -0.0132828 -0.0002210 -0.0113619 -0.0240916 -0.0165880 -0.0120927 0.0211149 -0.0160773 -0.0067300 -0.0190700 -0.0132580 0.0168571 0.0149658 -0.0011973 -0.0223916 0.0329480 -0.0141994 -0.0398656 -0.0349072 -0.0089886 0.0054277 -0.0226820 -0.0124625 -0.0212523 0.0044833 0.0019117 -0.0273339 0.0060693 -0.0109262 0.0290764 -0.0266271 -0.0406726 0.0207603 -0.0272601 0.0369521 -0.0132755 0.0293750 -0.0261671 -0.0276976 0.0112404
-0.0400890 -0.0053567 -0.0095619 -0.0101530 -0.0242707 0.0049844 -0.0390919 -0.0204972 -0.0077546 -0.0086950 -0.0032263 0.0106848 -0.0080452 -0.0096931 -0.0173593 1.0419953 -0.0380423 -0.0462075 0.0217531 0.0188722 -0.0059998 -0.0153091 -0.0172269 -0.0258098 -0.0177474 -0.0084489 0.0077673 0.0282223 -0.0320424 -0.0178575 -0.0025575 -0.0408464 -0.0188953 0.0062209 -0.0195884 0.0027896 -0.0014134 -0.0229649 -0.0157887 -0.0208984 0.0288008 -0.0028712 -0.0110504 -0.0137414 -0.0012683 0.0015013 -0.0064986 -0.0322120 0.0056456 -0.0139255 0.0035379 0.0064990 -0.0331854 -0.0248965 -0.0116115 0.0092792 -0.0465912 0.0025582 0.0258098 0.0186982 -0.0047615 -0.0110252 0.0008186 0.0042204 -0.0014894 -0.0233465 -0.0165005 0.0147833 -0.0231204 -0.0121263 -0.0530563 0.0154729 0.0245746 -0.0312753 0.0056195 -0.0480701 -0.0122454 -0.0430949 0.0138063 0.0139968 -0.0363938
0.0483932 -0.0239777 -0.0283384 -0.0311221 0.0207388 -0.0419660 0.0668216 0.0272012 -0.0231906 -0.0162891 -0.0261134 -0.0252059 -0.0088053 -0.0141896 0.0303211 -0.0380423 1.0562528 0.0712444 -0.0692878 -0.0601974 0.0044623 -0.0052032 -0.0026372 0.0159656 0.0118156 -0.0024023 -0.0504111 -0.0613557 0.0227892 -0.0208697 -0.0421517 0.0570436 0.0180041 -0.0054620 0.0079330 -0.0189519 -0.0116831 0.0162901 0.0237991 0.0089379 -0.0492945 -0.0155737 -0.0041560 -0.0028393 -0.0175314 -0.0292988 -0.0061814 0.0498879 -0.0261928 -0.0030004 -0.0167229 -0.0213933 0.0368099 0.0246385 0.0036491 -0.0432663 0.0667345 -0.0126273 -0.0589654 -0.0556924 -0.0032521 0.0056499 -0.0222580 -0.0164713 -0.0237427 0.0081011 0.0150380 -0.0398027 0.0264437 -0.0082836 0.0653765 -0.0383971 -0.0625911 0.0356130 -0.0336770 0.0772639 0.0001935 0.0547388 -0.0424917 -0.0399070 0.0282499
0.0566949 -0.0308864 -0.0276763 -0.0331714 0.0257734 -0.0496127 0.0765859 0.0329663 -0.0293865 -0.0121355 -0.0308076 -0.0285709 -0.0102987 -0.0112653 0.0294321 -0.0462075 0.0712444 1.0893693 -0.0825035 -0.0673759 -0.0010137 -0.0046603 -0.0035398 0.0227836 0.0106362 0.0030634 -0.0511734 -0.0742360 0.0268681 -0.0163077 -0.0497065 0.0713627 0.0244321 -0.0075917 0.0176611 -0.0185537 -0.0165925 0.0171386 0.0206200 0.0087323 -0.0537593 -0.0283617 0.0050912 -0.0027551 -0.0346473 -0.0333019 -0.0051010 0.0645045 -0.0296111 0.0065777 -0.0220986 -0.0294327 0.0469934 0.0331058 0.0032530 -0.0490421 0.0852833 -0.0209451 -0.0724626 -0.0664346 -0.0082147 0.0084214 -0.0245524 -0.0200589 -0.0274087 0.0222937 0.0124524 -0.0520681 0.0320538 -0.0205873 0.0842170 -0.0550966 -0.0756295 0.0530039 -0.0400048 0.0943219 0.0010914 0.0658532 -0.0521803 -0.0550042 0.0294176
-0.0493533 0.0079731 0.0020742 0.0013198 -0.0313110 0.0149892 -0.0756197 -0.0374526 0.0009625 -0.0081839 0.0014433 0.0091825 -0.0079846 -0.0053008 -0.0439625 0.0217531 -0.0692878 -0.0825035 1.0938010 0.0399196 -0.0076290 -0.0087700 -0.0275443 -0.0439381 -0.0138819 -0.0188350 0.0088771 0.0545143 -0.0391186 -0.0029732 0.0138898 -0.0740540 -0.0344581 -0.0042387 -0.0305134 0.0078560 0.0085149 -0.0233736 -0.0347248 -0.0222189 0.0341945 0.0019006 -0.0189179 -0.0076056 0.0070564 0.0232009 -0.0092032 -0.0725231 0.0176747 -0.0143374 0.0109291 0.0140573 -0.0527027 -0.0390156 -0.0141501 0.0341005 -0.0813818 0.0015786 0.0518023 0.0404024 -0.0014267 -0.0325133 0.0063425 0.0089408 0.0076049 -0.0204981 -0.0287810 0.0188357 -0.0410204 0.0072746 -0.0818861 0.0387229 0.0509917 -0.0532240 0.0306089 -0.0823149 -0.0137082 -0.0708324 0.0281625 0.0401632 -0.0432097
-0.0480578 0.0110935 -0.0001291 0.0092472 -0.0266431 0.0208840 -0.0619630 -0.0289493 0.0044849 -0.0087562 0.0059838 0.0093032 -0.0052437 -0.0058174 -0.0420695 0.0188722 -0.0601974 -0.0673759 0.0399196 1.0705104 -0.0161033 -0.0057595 -0.0172738 -0.0379885 -0.0123451 -0.0154697 0.0233853 0.0426974 -0.0325282 0.0002833 0.0216358 -0.0627614 -0.0249833 -0.0038342 -0.0250008 0.0013843 -0.0003711 -0.0248919 -0.0207757 -0.0181870 0.0369252 0.0019588 -0.0201243 -0.0142636 0.0154073 0.0097071 -0.0012386 -0.0503154 0.0063948 -0.0175012 0.0089973 0.0074329 -0.0388258 -0.0330578 -0.0089341 0.0249293 -0.0693602 0.0012564 0.0454151 0.0326768 -0.0069486 -0.0331103 0.0095521 0.0047031 0.0078874 -0.0195471 -0.0218025 0.0241877 -0.0335999 0.0079104 -0.0640342 0.0268193 0.0431742 -0.0428323 0.0193607 -0.0736082 -0.0118880 -0.0539537 0.0251522 0.0292345 -0.0330021
-0.0114073 -0.0092793 -0.0117760 -0.0200688 -0.0050663 -0.0155750 0.0144056 -0.0038507 -0.0087582 -0.0110879 -0.0174894 -0.0065291 0.0003657 -0.0130142 -0.0073811 -0.0059998 0.0044623 -0.0010137 -0.0076290 -0.0161033 1.0190649 -0.0073212 -0.0067254 -0.0056526 -0.0105332 -0.0093952 -0.0098181 -0.0068464 -0.0073895 -0.0056621 -0.0181156 -0.0033924 0.0016275 0.0013750 -0.0089677 -0.0129267 -0.0070035 0.0008793 -0.0082587 -0.0076473 -0.0040033 -0.0054437 -0.0092836 -0.0068857 -0.0023362 -0.0080844 -0.0063629 -0.0009177 -0.0107413 -0.0025805 -0.0068094 -0.0099087 0.0067482 -0.0043864 -0.0047653 -0.0109578 0.0021153 -0.0153632 -0.0112324 -0.0114961 -0.0098643 -0.0008210 -0.0090317 -0.0051191 -0.0097841 -0.0021699 -0.0060160 -0.0065484 -0.0004917 -0.0079268 -0.0030668 -0.0123368 -0.0101270 0.0001430 -0.0084543 0.0025205 -0.0077108 -0.0014713 -0.0093033 -0.0110209 -0.0059778
-0.0130088 -0.0141314 -0.0122231 -0.0095539 -0.0144303 -0.0136144 -0.0049021 -0.0040560 -0.0061815 -0.0074783 -0.0103063 -0.0001717 -0.0099871 -0.0024499 -0.0157994 -0.0153091 -0.0052032 -0.0046603 -0.0087700 -0.0057595 -0.0073212 1.0296135 -0.0189688 -0.0068548 -0.0157371 -0.0142819 -0.0039339 -0.0055434 -0.0116005 -0.0118552 -0.0179730 -0.0071986 -0.0054871 -0.0103615 -0.0119036 -0.0144537 -0.0060783 -0.0075969 -0.0080570 -0.0075154 -0.0082410 -0.0050784 -0.0095183 -0.0072994 -0.0085636 -0.0149755 -0.0074997 -0.0134956 -0.0034984 -0.0070465 -0.0021830 -0.0045654 -0.0089033 -0.0063449 -0.0001764 -0.0012218 -0.0122707 -0.0048097 -0.0069666 -0.0061903 -0.0075260 -0.0088742 -0.0052776 -0.0054472 -0.0035986 -0.0053519 -0.0064440 -0.0101457 -0.0076387 -0.0099336 -0.0068877 0.0000716 -0.0063044 -0.0055146 -0.0034980 -0.0117363 -0.0147241 -0.0033474 -0.0082743 -0.0079108 -0.0069458
-0.0091640 -0.0184655 -0.0198941 -0.0151545 -0.0119014 -0.0127639 -0.0016614 -0.0082130 -0.0141992 -0.0027046 -0.0163355 -0.0128930 -0.0165824 -0.0137188 -0.0063921 -0.0172269 -0.0026372 -0.0035398 -0.0275443 -0.0172738 -0.0067254 -0.0189688 1.0151194 -0.0079331 -0.0116271 -0.0159509 -0.0157930 -0.0177011 -0.0077289 -0.0141013 -0.0133837 -0.0133186 -0.0040482 -0.0063148 -0.0130885 -0.0117886 -0.0031941 -0.0115096 -0.0070092 -0.0004538 -0.0132136 -0.0017916 -0.0071410 -0.0078416 -0.0132406 -0.0089674 -0.0067897 -0.0012404 -0.0042885 -0.0042953 -0.0100498 -0.0158658 -0.0054030 0.0004823 -0.0035239 -0.0163534 -0.0000475 -0.0086302 -0.0128468 -0.0176151 -0.0072727 -0.0213832 -0.0080593 -0.0116800 -0.0109580 -0.0024000 -0.0001175 -0.0138830 -0.0076334 -0.0086585 0.0036202 -0.0109534 -0.0161332 -0.0068242 -0.0092838 0.0074044 -0.0103002 -0.0029565 -0.0073114 -0.0100145 -0.0063490
0.0039552 -0.0141792 -0.0140617 -0.0315972 -0.0001797 -0.0320147 0.0154012 0.0012475 -0.0045511 -0.0163040 -0.0207866 -0.0224075 -0.0181718 -0.0111597 0.0066717 -0.0258098 0.0159656 0.0227836 -0.0439381 -0.0379885 -0.0056526 -0.0068548 -0.0079331 1.0451468 -0.0063830 -0.0101858 -0.0308072 -0.0357743 -0.0095100 -0.0162015 -0.0253101 0.0182191 0.0014331 -0.0066792 -0.0112616 -0.0272403 -0.0229511 -0.0060274 -0.0030555 -0.0056019 -0.0308841 -0.0152290 -0.0159731 -0.0007488 -0.0043018 -0.0175063 -0.0116982 0.0183467 -0.0158385 -0.0161288 -0.0113647 -0.0101007 0.0075906 0.0074201 -0.0057137 -0.0232896 0.0221193 -0.0117114 -0.0339363 -0.0405929 -0.0168967 0.0076277 -0.0160017 -0.0099778 -0.0212641 -0.0013035 0.0006142 -0.0234144 0.0067004 -0.0155350 0.0180064 -0.0267331 -0.0299541 0.0052295 -0.0294344 0.0287235 -0.0020669 0.0204062 -0.0305894 -0.0253834 0.0130459
-0.0055497 -0.0179711 -0.0186094 -0.0106071 -0.0154557 -0.0295937 -0.0015209 -0.0045749 -0.0046351 -0.0192656 -0.0138292 -0.0083236 0.0030961 -0.0060956 -0.0091337 -0.0177474 0.0118156 0.0106362 -0.0138819 -0.0123451 -0.0105332 -0.0157371 -0.0116271 -0.0063830 1.0141970 -0.0128076 -0.0083035 -0.0120431 -0.0014087 -0.0130157 -0.0256367 -0.0014520 -0.0044869 -0.0118633 -0.0138569 -0.0118613 -0.0070638 -0.0019935 0.0053247 -0.0128936 -0.0292256 -0.0082306 -0.0158609 -0.0078563 -0.0075327 -0.0110750 -0.0152112 -0.0032166 -0.0107615 -0.0132845 -0.0076229 -0.0163927 0.0015623 0.0040530 -0.0051936 -0.0178612 0.0053874 -0.0051553 -0.0193386 -0.0198576 -0.0094352 -0.0080171 -0.0092981 -0.0069492 -0.0168636 -0.0113705 -0.0011585 -0.0181117 -0.0011636 -0.0129273 0.0116313 -0.0187118 -0.0106198 -0.0007078 -0.0104661 0.0050293 -0.0039219 0.0011247 -0.0203342 -0.0175435 -0.0035647
-0.0091832 -0.0068867 -0.0148245 -0.0169273 0.0006379 -0.0127309 -0.0058757 -0.0060749 -0.0058959 -0.0148724 -0.0093880 -0.0143909 -0.0054558 -0.0117769 -0.0060661 -0.0084489 -0.0024023 0.0030634 -0.0188350 -0.0154697 -0.0093952 -0.0142819 -0.0159509 -0.0101858 -0.0128076 1.0172505 -0.0027882 -0.0070721 -0.0137303 -0.0178357 -0.0175773 -0.0127460 -0.0091761 -0.0069855 -0.0042260 -0.0067186 0.0004950 -0.0049305 -0.0095388 -0.0126119 -0.0009507 -0.0143826 -0.0056474 -0.0068591 -0.0106848 -0.0103210 -0.0007627 -0.0071960 -0.0086575 -0.0029145 -0.0030556 -0.0091422 -0.0053319 -0.0059334 -0.0020203 -0.0152623 0.0064838 -0.0111974 -0.0118947 -0.0110162 -0.0068553 -0.0130592 -0.0133501 -0.0055879 -0.0047931 -0.0072617 -0.0080802 -0.0115017 0.0007077 -0.0101503 0.0014734 -0.0181740 -0.0128186 -0.0031642 -0.0084960 -0.0047372 -0.0119528 -0.0056378 -0.0067676 -0.0065232 -0.0021706
-0.0426867 -0.0019047 -0.0108020 -0.0049072 -0.0290078 -0.0037719 -0.0451379 -0.0230344 0.0007177 -0.0164444 0.0010698 0.0004442 -0.0128437 -0.0046646 -0.0306851 0.0077673 -0.0504111 -0.0511734 0.0088771 0.0233853 -0.0098181 -0.0039339 -0.0157930 -0.0308072 -0.0083035 -0.0027882 1.0394076 0.0209173 -0.0284289 -0.0106807 0.0015226 -0.0427997 -0.0151584 -0.0040198 -0.0117066 0.0009088 -0.0004389 -0.0174450 -0.0253574 -0.0178730 0.0208741 0.0042924 -0.0127980 -0.0137428 0.0065604 0.0003382 -0.0115205 -0.0445184 0.0025176 -0.0179079 0.0001441 -0.0026749 -0.0330637 -0.0266666 -0.0097970 0.0155898 -0.0457230 0.0035906 0.0267716 0.0243633 -0.0051531 -0.0125939 0.0054363 0.0060729 0.0079382 -0.0205286 -0.0152494 0.0149955 -0.0220194 -0.0056440 -0.0531761 0.0157196 0.0308627 -0.0305678 0.0150950 -0.0571730 -0.0153796 -0.0404380 0.0099945 0.0083371 -0.0264375
-0.0612899 0.0127808 0.0109786 0.0077928 -0.0318816 0.0237248 -0.0703679 -0.0355500 0.0145416 0.0049306 0.0095996 0.0198196 -0.0018795 0.0009095 -0.0369712 0.0282223 -0.0613557 -0.0742360 0.0545143 0.0426974 -0.0068464 -0.0055434 -0.0177011 -0.0357743 -0.0120431 -0.0070721 0.0209173 1.0629703 -0.0271979 -0.0001219 0.0252887 -0.0685029 -0.0219612 -0.0007649 -0.0213713 0.0096572 0.0071822 -0.0262983 -0.0281002 -0.0183944 0.0412669 0.0111347 -0.0089604 -0.0137649 0.0205414 0.0113091 -0.0053243 -0.0535280 0.0130848 -0.0055059 0.0092668 0.0146011 -0.0398546 -0.0362587 -0.0116005 0.0353252 -0.0728030 0.0092603 0.0454955 0.0437973 -0.0010448 -0.0193036 0.0102920 0.0068569 0.0201907 -0.0230556 -0.0224827 0.0201683 -0.0345471 0.0041963 -0.0655034 0.0348812 0.0513829 -0.0512035 0.0280945 -0.0738621 -0.0116256 -0.0513616 0.0332036 0.0290035 -0.0346412
0.0113211 -0.0152232 -0.0029026 -0.0182594 -0.0042195 -0.0209901 0.0111296 0.0028220 -0.0149086 -0.0231301 -0.0113148 -0.0093825 -0.0198012 -0.0084844 0.0032410 -0.0320424 0.0227892 0.0268681 -0.0391186 -0.0325282 -0.0073895 -0.0116005 -0.0077289 -0.0095100 -0.0014087 -0.0137303 -0.0284289 -0.0271979 1.0289714 -0.0053175 -0.0431380 0.0028879 0.0083730 -0.0096294 -0.0060587 -0.0210644 -0.0108996 0.0052265 -0.0099237 -0.0005879 -0.0242602 -0.0111919 -0.0083963 -0.0084878 -0.0203700 -0.0223568 -0.0136612 0.0134177 -0.0157182 -0.0087978 -0.0076668 -0.0189896 0.0096740 0.0119691 -0.0044783 -0.0355493 0.0218363 -0.0139167 -0.0398255 -0.0170803 -0.0083263 -0.0002439 -0.0189759 -0.0190804 -0.0245929 0.0015985 0.0057675 -0.0203766 0.0014849 -0.0186366 0.0180719 -0.0198516 -0.0318625 0.0147413 -0.0171673 0.0246511 -0.0019900 0.0203634 -0.0324040 -0.0207319 0.0114624
-0.0186634 -0.0028445 -0.0253757 -0.0136604 -0.0152587 -0.0025478 -0.0239386 -0.0229344 -0.0045997 -0.0165784 -0.0140214 -0.0101133 -0.0151234 -0.0146580 -0.0220068 -0.0178575 -0.0208697 -0.0163077 -0.0029732 0.0002833 -0.0056621 -0.0118552 -0.0141013 -0.0162015 -0.0130157 -0.0178357 -0.0106807 -0.0001219 -0.0053175 1.0255142 -0.0113900 -0.0151635 -0.0099341 -0.0204840 -0.0133636 -0.0032132 -0.0140990 -0.0139009 -0.0062448 -0.0132810 -0.0000249 -0.0043868 -0.0047090 -0.0161572 -0.0007190 -0.0068436 -0.0047283 -0.0141673 -0.0035694 -0.0116770 -0.0007003 -0.0134942 -0.0128725 -0.0089029 -0.0094322 -0.0075790 -0.0188310 -0.0093086 0.0041798 -0.0096586 -0.0091870 -0.0066266 -0.0113680 -0.0057849 -0.0077156 -0.0033833 -0.0136819 -0.0011934 -0.0157023 -0.0146178 -0.0084181 -0.0028622 -0.0028446 -0.0167808 -0.0010560 -0.0129686 -0.0079866 -0.0070780 -0.0039450 -0.0090880 -0.0147903
-0.0378135 -0.0016327 -0.0094619 -0.0029448 -0.0259307 0.0130889 -0.0458000 -0.0223110 -0.0059611 -0.0026888 -0.0081835 0.0012004 -0.0148667 -0.0037703 -0.0348548 -0.0025575 -0.0421517 -0.0497065 0.0138898 0.0216358 -0.0181156 -0.0179730 -0.0133837 -0.0253101 -0.0256367 -0.0175773 0.0015226 0.0252887 -0.0431380 -0.0113900 1.0336007 -0.0324856 -0.0275284 -0.0080073 -0.0226258 -0.0058461 -0.0083778 -0.0253190 -0.0149337 -0.0109575 0.0206870 -0.0012478 -0.0157533 -0.0055513 -0.0004911 -0.0057524 -0.0137972 -0.0339988 0.0081943 -0.0161223 0.0014003 0.0062819 -0.0368792 -0.0287202 -0.0168464 0.0038115 -0.0543457 -0.0050395 0.0293110 0.0150921 -0.0092438 -0.0166988 -0.0006934 0.0003439 0.0027839 -0.0140054 -0.0242492 0.0137623 -0.0225558 -0.0016050 -0.0545726 0.0098100 0.0209982 -0.0388522 0.0107729 -0.0519669 -0.0082427 -0.0454393 0.0139656 0.0155623 -0.0214590
0.0340580 -0.0398666 -0.0216414 -0.0345241 0.0148352 -0.0430014 0.0560860 0.0220875 -0.0237998 -0.0233654 -0.0287803 -0.0341427 -0.0131004 -0.0188221 0.0118105 -0.0408464 0.0570436 0.0713627 -0.0740540 -0.0627614 -0.0033924 -0.0071986 -0.0133186 0.0182191 -0.0014520 -0.0127460 -0.0427997 -0.0685029 0.0028879 -0.0151635 -0.0324856 1.0853084 0.0177769 -0.0112308 0.0093086 -0.0235464 -0.0263062 0.0165392 0.0068032 0.0012373 -0.0509602 -0.0266461 -0.0062271 -0.0013189 -0.0341877 -0.0279385 -0.0132320 0.0504685 -0.0228034 -0.0010098 -0.0204129 -0.0283512 0.0425748 0.0321683 0.0047123 -0.0469718 0.0683193 -0.0218805 -0.0702292 -0.0521818 -0.0028680 0.0075536 -0.0264113 -0.0192200 -0.0372856 0.0073315 0.0138032 -0.0456274 0.0250628 -0.0173304 0.0639170 -0.0514416 -0.0596734 0.0422273 -0.0393525 0.0827394 -0.0001126 0.0571186 -0.0411280 -0.0488301 0.0314098
0.0146220 -0.0157956 -0.0184108 -0.0140435 0.0013208 -0.0140272 0.0176150 0.0039589 -0.0180875 -0.0048078 -0.0166904 -0.0158372 -0.0077876 -0.0100472 0.0093437 -0.0188953 0.0180041 0.0244321 -0.0344581 -0.0249833 0.0016275 -0.0054871 -0.0040482 0.0014331 -0.0044869 -0.0091761 -0.0151584 -0.0219612 0.0083730 -0.0099341 -0.0275284 0.0177769 1.0193971 -0.0042761 -0.0005269 -0.0074315 -0.0058885 0.0098800 0.0012908 -0.0040874 -0.0168553 -0.0171093 -0.0040404 -0.0037285 -0.0135872 -0.0099723 -0.0051292 0.0215969 -0.0175523 -0.0019291 -0.0062803 -0.0142490 0.0159410 0.0052767 0.0008389 -0.0176351 0.0179627 -0.0100399 -0.0233149 -0.0240211 -0.0046901 -0.0017765 -0.0129332 -0.0031952 -0.0148311 0.0028988 -0.0001495 -0.0149876 0.0090941 -0.0065477 0.0153405 -0.0155307 -0.0236121 0.0131809 -0.0146800 0.0214067 0.0004802 0.0144276 -0.0152882 -0.0203313 0.0060609
-0.0185536 -0.0081082 -0.0141164 -0.0112826 -0.0134902 -0.0081737 -0.0119399 -0.0105589 -0.0051015 -0.0087560 -0.0104055 -0.0017947 -0.0090077 -0.0083527 -0.0141470 0.0062209 -0.0054620 -0.0075917 -0.0042387 -0.0038342 0.0013750 -0.0103615 -0.0063148 -0.0066792 -0.0118633 -0.0069855 -0.0040198 -0.0007649 -0.0096294 -0.0204840 -0.0080073 -0.0112308 -0.0042761 1.0177687 -0.0068216 -0.0073908 -0.0085704 0.0001126 -0.0110229 -0.0006695 -0.0046418 -0.0110258 -0.0124934 -0.0089714 -0.0018650 -0.0067600 -0.0129023 -0.0053544 -0.0062176 -0.0099066 -0.0057173 -0.0002926 -0.0034158 -0.0041654 -0.0011692 -0.0065982 0.0001154 -0.0058050 -0.0062592 -0.0030878 -0.0057107 -0.0102246 -0.0048070 0.0004437 -0.0074958 -0.0062374 -0.0043181 -0.0038708 -0.0076227 -0.0058665 -0.0021755 -0.0047041 -0.0058194 -0.0078397 -0.0095208 -0.0042640 -0.0085257 -0.0022977 -0.0019945 -0.0066973 -0.0068006
0.0007498 -0.0102607 -0.0103567 -0.0083995 -0.0109177 -0.0115879 0.0000259 -0.0042132 -0.0183574 -0.0190940 -0.0125279 -0.0152416 -0.0040954 -0.0171175 -0.0030542 -0.0195884 0.0079330 0.0176611 -0.0305134 -0.0250008 -0.0089677 -0.0119036 -0.0130885 -0.0112616 -0.0138569 -0.0042260 -0.0117066 -0.0213713 -0.0060587 -0.0133636 -0.0226258 0.0093086 -0.0005269 -0.0068216 1.0238246 -0.0113276 -0.0115220 0.0039587 -0.0009269 -0.0010302 -0.0133627 -0.0055688 -0.0076650 0.0013263 -0.0055348 -0.0075292 -0.0065692 0.0095017 -0.0128061 -0.0014997 -0.0111088 -0.0136640 0.0059447 0.0034667 -0.0020498 -0.0163591 0.0023903 -0.0097346 -0.0219196 -0.0183395 -0.0046492 -0.0062659 -0.0014755 -0.0011475 -0.0076841 0.0006664 -0.0033940 -0.0073525 0.0016265 -0.0088663 0.0093635 -0.0184452 -0.0187311 -0.0016706 -0.0098850 0.0089421 -0.0060603 0.0159181 -0.0191514 -0.0159204 0.0034895
-0.0263434 -0.0003776 -0.0059880 -0.0003401 -0.0116937 -0.0016751 -0.0259471 -0.0174527 -0.0007851 -0.0055481 -0.0050097 -0.0053006 -0.0173190 -0.0059213 -0.0200219 0.0027896 -0.0189519 -0.0185537 0.0078560 0.0013843 -0.0129267 -0.0144537 -0.0117886 -0.0272403 -0.0118613 -0.0067186 0.0009088 0.0096572 -0.0210644 -0.0032132 -0.0058461 -0.0235464 -0.0074315 -0.0073908 -0.0113276 1.0222118 -0.0043568 -0.0223962 -0.0102193 -0.0063639 0.0022340 -0.0029834 -0.0102992 -0.0083612 0.0004855 -0.0004209 -0.0066177 -0.0207304 -0.0027969 -0.0029173 0.0021521 -0.0058871 -0.0168408 -0.0104060 -0.0031322 0.0035357 -0.0226732 -0.0027837 0.0191537 0.0109388 -0.0042382 -0.0068983 -0.0029103 -0.0054644 0.0063733 -0.0111529 -0.0115207 -0.0004389 -0.0175593 -0.0026024 -0.0259700 0.0007621 0.0049256 -0.0165028 0.0040412 -0.0227791 -0.0051717 -0.0141797 0.0077459 0.0090064 -0.0113948
-0.0210449 -0.0138531 -0.0125199 -0.0056887 -0.0132023 0.0080247 -0.0221805 -0.0115134 -0.0044739 -0.0045277 -0.0091795 0.0008016 -0.0046715 -0.0109546 -0.0044842 -0.0014134 -0.0116831 -0.0165925 0.0085149 -0.0003711 -0.0070035 -0.0060783 -0.0031941 -0.0229511 -0.0070638 0.0004950 -0.0004389 0.0071822 -0.0108996 -0.0140990 -0.0083778 -0.0263062 -0.0058885 -0.0085704 -0.0115220 -0.0043568 1.0324932 -0.0144231 -0.0075921 -0.0064132 0.0033573 -0.0007679 -0.0077017 -0.0104575 0.0010031 0.0053168 -0.0062914 -0.0155231 -0.0051869 -0.0099314 -0.0022718 -0.0012249 -0.0133786 -0.0091149 -0.0077889 -0.0054813 -0.0249760 -0.0068859 0.0026698 0.0028238 -0.0111382 -0.0042922 -0.0056703 -0.0062162 -0.0046783 -0.0092773 -0.0097135 -0.0078784 -0.0133083 -0.0018643 -0.0192912 0.0039575 0.0063598 -0.0136480 0.0083893 -0.0211774 -0.0006890 -0.0099465 0.0060469 -0.0016513 -0.0119025
0.0112174 -0.0152062 -0.0170234 -0.0205675 0.0027549 -0.0245157 0.0088969 0.0012354 -0.0142547 -0.0083752 -0.0121749 -0.0101206 -0.0034209 -0.0148322 0.0034126 -0.0229649 0.0162901 0.0171386 -0.0233736 -0.0248919 0.0008793 -0.0075969 -0.0115096 -0.0060274 -0.0019935 -0.0049305 -0.0174450 -0.0262983 0.0052265 -0.0139009 -0.0253190 0.0165392 0.0098800 0.0001126 0.0039587 -0.0223962 -0.0144231 1.0098732 -0.0012897 -0.0076009 -0.0220940 -0.0107004 -0.0034355 -0.0100348 -0.0121366 -0.0074783 -0.0066806 0.0106101 -0.0180241 -0.0040731 -0.0133204 -0.0137176 0.0119844 0.0055370 0.0045537 -0.0228194 0.0170799 -0.0142446 -0.0237330 -0.0168177 -0.0071616 -0.0010753 -0.0110899 -0.0053306 -0.0152801 -0.0034347 0.0026388 -0.0136498 0.0057306 -0.0064500 0.0199884 -0.0174851 -0.0235247 0.0092885 -0.0116588 0.0238438 -0.0048442 0.0152870 -0.0150205 -0.0169582 0.0122830
0.0040867 -0.0128233 -0.0158566 -0.0203986 0.0080917 -0.0146337 0.0154441 0.0000145 -0.0190903 -0.0141915 -0.0105652 -0.0128172 -0.0094701 -0.0058593 -0.0107828 -0.0157887 0.0237991 0.0206200 -0.0347248 -0.0207757 -0.0082587 -0.0080570 -0.0070092 -0.0030555 0.0053247 -0.0095388 -0.0253574 -0.0281002 -0.0099237 -0.0062448 -0.0149337 0.0068032 0.0012908 -0.0110229 -0.0009269 -0.0102193 -0.0075921 -0.0012897 1.0134064 -0.0069309 -0.0156216 -0.0082429 -0.0016886 -0.0018623 -0.0133847 -0.0203515 -0.0087537 0.0128396 -0.0051269 -0.0052637 -0.0101275 -0.0170473 0.0041246 0.0042125 0.0006663 -0.0191604 0.0143945 -0.0144468 -0.0175702 -0.0245346 -0.0042135 -0.0148998 -0.0074005 -0.0160707 -0.0127055 -0.0045322 -0.0005893 -0.0187590 0.0065198 -0.0133053 0.0135299 -0.0211024 -0.0217182 0.0126552 -0.0153623 0.0237359 -0.0071644 0.0142665 -0.0196769 -0.0202763 0.0059471
-0.0053712 -0.0177651 -0.0106526 -0.0152007 0.0006678 -0.0155134 -0.0010978 -0.0011525 -0.0133580 -0.0130518 -0.0158692 -0.0166544 -0.0123721 -0.0201780 -0.0107712 -0.0208984 0.0089379 0.0087323 -0.0222189 -0.0181870 -0.0076473 -0.0075154 -0.0004538 -0.0056019 -0.0128936 -0.0126119 -0.0178730 -0.0183944 -0.0005879 -0.0132810 -0.0109575 0.0012373 -0.0040874 -0.0006695 -0.0010302 -0.0063639 -0.0064132 -0.0076009 -0.0069309 1.0254018 -0.0121829 -0.0083877 -0.0108518 -0.0018998 -0.0114675 -0.0072938 -0.0075460 0.0072541 -0.0139888 0.0031706 -0.0067285 -0.0128859 0.0085185 -0.0003972 -0.0065034 -0.0076854 0.0112168 -0.0038905 -0.0180982 -0.0221130 0.0014957 -0.0004920 -0.0156981 -0.0033702 -0.0078895 -0.0049984 -0.0089051 -0.0146122 -0.0046188 -0.0080952 0.0173538 -0.0126929 -0.0158604 0.0041679 -0.0108144 0.0142371 -0.0027109 0.0082423 -0.0165568 -0.0091748 0.0008500
-0.0418259 0.0099579 -0.0034028 0.0081017 -0.0281160 0.0173270 -0.0588792 -0.0250496 -0.0029135 0.0034570 0.0023157 0.0033169 0.0024100 -0.0027810 -0.0269215 0.0288008 -0.0492945 -0.0537593 0.0341945 0.0369252 -0.0040033 -0.0082410 -0.0132136 -0.0308841 -0.0292256 -0.0009507 0.0208741 0.0412669 -0.0242602 -0.0000249 0.0206870 -0.0509602 -0.0168553 -0.0046418 -0.0133627 0.0022340 0.0033573 -0.0220940 -0.0156216 -0.0121829 1.0320667 0.0013850 -0.0112315 -0.0136036 0.0125866 0.0066058 -0.0076222 -0.0442406 0.0138933 -0.0082891 0.0062188 0.0043660 -0.0344493 -0.0277742 -0.0079101 0.0173860 -0.0576531 -0.0058670 0.0384891 0.0349853 -0.0012121 -0.0174988 0.0073512 -0.0007865 0.0067039 -0.0171565 -0.0137532 0.0212060 -0.0350574 0.0033035 -0.0551934 0.0265131 0.0341872 -0.0340424 0.0228517 -0.0588148 -0.0125116 -0.0468563 0.0192197 0.0209112 -0.0309709
-0.0279151 0.0034927 -0.0005503 -0.0032856 -0.0126297 0.0040353 -0.0338322 -0.0122778 -0.0020910 -0.0069256 -0.0021398 -0.0048628 -0.0019239 -0.0045336 -0.0132828 -0.0028712 -0.0155737 -0.0283617 0.0019006 0.0019588 -0.0054437 -0.0050784 -0.0017916 -0.0152290 -0.0082306 -0.0143826 0.0042924 0.0111347 -0.0111919 -0.0043868 -0.0012478 -0.0266461 -0.0171093 -0.0110258 -0.0055688 -0.0029834 -0.0007679 -0.0107004 -0.0082429 -0.0083877 0.0013850 1.0142076 -0.0046141 -0.0043853 -0.0025226 -0.0057300 -0.0027898 -0.0211197 0.0028073 -0.0056868 -0.0026958 -0.0027902 -0.0162237 -0.0069131 -0.0094492 0.0027938 -0.0245168 -0.0046901 0.0060442 0.0039181 -0.0034174 -0.0037661 -0.0036017 0.0038794 -0.0042969 -0.0073512 -0.0122790 0.0047282 -0.0147509 -0.0096012 -0.0219580 0.0062956 0.0073212 -0.0129021 0.0056292 -0.0188073 -0.0025438 -0.0127077 0.0055184 -0.0010550 -0.0185132
-0.0069991 -0.0135251 -0.0136966 -0.0080097 -0.0023754 -0.0223167 0.0027466 -0.0076734 -0.0107456 -0.0153125 -0.0111948 -0.0099833 -0.0057128 -0.0155635 -0.0002210 -0.0110504 -0.0041560 0.0050912 -0.0189179 -0.0201243 -0.0092836 -0.0095183 -0.0071410 -0.0159731 -0.0158609 -0.0056474 -0.0127980 -0.0089604 -0.0083963 -0.0047090 -0.0157533 -0.0062271 -0.0040404 -0.0124934 -0.0076650 -0.0102992 -0.0077017 -0.0034355 -0.0016886 -0.0108518 -0.0112315 -0.0046141 1.0043749 -0.0033814 -0.0105694 -0.0121583 -0.0124667 0.0079522 -0.0178687 -0.0031639 -0.0019489 -0.0045691 0.0019370 -0.0049786 -0.0043942 -0.0116219 0.0098245 0.0004028 -0.0089905 -0.0131337 -0.0075898 -0.0018501 -0.0030429 -0.0048650 -0.0117224 0.0013302 -0.0042595 -0.0132862 0.0025962 -0.0061998 0.0028297 -0.0102275 -0.0116127 -0.0086318 -0.0007216 0.0104711 -0.0022709 -0.0030753 -0.0175551 -0.0123942 -0.0004320
-0.0054724 -0.0126924 -0.0208062 -0.0065885 -0.0078362 -0.0070105 -0.0031028 -0.0113345 -0.0056071 -0.0083690 -0.0085920 -0.0043096 -0.0073372 -0.0071179 -0.0113619 -0.0137414 -0.0028393 -0.0027551 -0.0076056 -0.0142636 -0.0068857 -0.0072994 -0.0078416 -0.0007488 -0.0078563 -0.0068591 -0.0137428 -0.0137649 -0.0084878 -0.0161572 -0.0055513 -0.0013189 -0.0037285 -0.0089714 0.0013263 -0.0083612 -0.0104575 -0.0100348 -0.0018623 -0.0018998 -0.0136036 -0.0043853 -0.0033814 1.0063784 -0.0039111 -0.0054851 -0.0019791 -0.0116539 -0.0060730 -0.0114013 0.0012304 -0.0089333 -0.0023624 -0.0048283 -0.0002096 -0.0059525 -0.0007830 -0.0048510 -0.0059078 -0.0106918 0.0008389 0.0011910 -0.0113975 -0.0050498 -0.0092759 -0.0023520 -0.0004637 -0.0058328 -0.0057057 -0.0054362 -0.0007628 -0.0061744 -0.0072915 -0.0055998 -0.0025604 -0.0034955 -0.0042442 -0.0024870 -0.0061877 -0.0070615 -0.0029771
-0.0276859 -0.0022256 -0.0083406 0.0006142 -0.0207010 0.0008350 -0.0208352 -0.0105612 -0.0084506 -0.0084977 -0.0023001 -0.0003531 -0.0024187 -0.0081373 -0.0240916 -0.0012683 -0.0175314 -0.0346473 0.0070564 0.0154073 -0.0023362 -0.0085636 -0.0132406 -0.0043018 -0.0075327 -0.0106848 0.0065604 0.0205414 -0.0203700 -0.0007190 -0.0004911 -0.0341877 -0.0135872 -0.0018650 -0.0055348 0.0004855 0.0010031 -0.0121366 -0.0133847 -0.0114675 0.0125866 -0.0025226 -0.0105694 -0.0039111 1.0063374 0.0039278 -0.0034559 -0.0222995 0.0026065 -0.0059727 0.0002837 -0.0048048 -0.0218252 -0.0161015 -0.0040425 0.0044354 -0.0228399 -0.0000310 0.0186324 0.0116743 -0.0034379 -0.0125632 0.0033283 0.0010318 0.0014573 -0.0140397 -0.0119155 0.0096269 -0.0145931 0.0013795 -0.0291491 0.0109472 0.0153824 -0.0242667 0.0058029 -0.0362830 -0.0081219 -0.0268153 0.0072717 0.0100689 -0.0207109
