1.0422437 -0.0097102 -0.0228800 -0.0178073 -0.0149193 -0.0211704 -0.0116760 -0.0041332 0.0034605 -0.0162384 -0.0083420 0.0035987 -0.0097493 -0.0163529 -0.0192107 -0.0119601 0.0059554 -0.0037182 -0.0018888 -0.0179971 0.0008614 -0.0266201 -0.0077285 -0.0200896 -0.0276036 -0.0094251 -0.0103579 0.0038570 -0.0021503 -0.0090145 -0.0169320 -0.0111717 -0.0119089 0.0004725 -0.0099331 -0.0063760 -0.0166328 -0.0092297 -0.0168845 -0.0134963 -0.0052313 -0.0161295 -0.0101878 -0.0148743 -0.0144970 -0.0101750 -0.0000489 -0.0023358 -0.0060290 -0.0074068 -0.0201810 -0.0193668 -0.0061188 -0.0030120 -0.0072005 -0.0111099 -0.0111751 -0.0244609 -0.0222145 -0.0127165 0.0020440 -0.0009142 -0.0008460 0.0011045 -0.0198585 -0.0024473 -0.0119175 -0.0065365 -0.0156468 -0.0071749 -0.0111613 -0.0148926 -0.0078372 -0.0087359 0.0091085 -0.0121132 -0.0242383 -0.0112490 -0.0058535 -0.0170920 -0.0104721
-0.0097102 1.0450341 -0.0119449 -0.0035834 -0.0252956 -0.0054040 0.0001984 -0.0092056 0.0157749 -0.0054767 -0.0122145 0.0080813 -0.0024922 -0.0109532 -0.0077892 -0.0062888 0.0138770 -0.0105762 0.0029746 -0.0191348 0.0092125 -0.0217969 -0.0105215 -0.0358231 -0.0143050 -0.0093370 -0.0229705 0.0185322 0.0011303 -0.0153084 -0.0242838 -0.0313841 -0.0169626 0.0119316 -0.0022206 0.0033447 -0.0003181 -0.0121813 -0.0057386 -0.0171569 -0.0079126 -0.0081480 -0.0065880 -0.0024209 -0.0040653 -0.0144768 -0.0136145 -0.0023807 -0.0107244 -0.0024561 -0.0256450 -0.0201899 -0.0150672 -0.0065899 -0.0117899 0.0003426 -0.0308205 -0.0240850 -0.0199387 -0.0123599 0.0062169 -0.0117314 0.0043110 -0.0004334 -0.0088373 -0.0015933 -0.0211785 -0.0085098 -0.0195600 -0.0017395 -0.0182098 -0.0156555 -0.0077929 0.0000607 0.0060946 -0.0053849 -0.0271020 -0.0160857 -0.0032062 -0.0267536 -0.0163128
-0.0228800 -0.0119449 1.0299023 -0.0136237 -0.0113239 -0.0253696 -0.0253806 -0.0147913 -0.0213927 -0.0149911 -0.0080198 -0.0209954 -0.0166498 -0.0174504 -0.0174816 -0.0036662 -0.0177910 -0.0041687 -0.0102712 -0.0021385 -0.0120793 -0.0050599 -0.0108939 -0.0053481 -0.0119313 -0.0177076 0.0017701 -0.0178824 -0.0224274 -0.0160676 -0.0117058 -0.0097722 -0.0027407 -0.0160610 -0.0088827 -0.0185932 -0.0084437 -0.0172181 -0.0082754 -0.0034988 -0.0125852 -0.0065719 -0.0163420 -0.0090603 -0.0029985 -0.0045620 -0.0094455 -0.0081972 -0.0097601 -0.0110328 0.0052363 -0.0056059 -0.0123360 -0.0039881 0.0005062 -0.0120525 -0.0105414 -0.0101781 0.0003554 -0.0004347 -0.0099142 -0.0098995 -0.0130019 -0.0098391 0.0040236 -0.0129879 -0.0015253 -0.0136012 -0.0012180 -0.0097983 0.0004067 -0.0115094 -0.0128144 -0.0149905 -0.0042631 -0.0079172 -0.0097651 -0.0045898 -0.0234428 0.0004942 -0.0039099
-0.0178073 -0.0035834 -0.0136237 1.0247334 -0.0215490 -0.0004962 0.0093369 -0.0182526 0.0106569 0.0005029 -0.0032980 0.0255806 -0.0024139 -0.0078420 -0.0246834 -0.0193759 0.0358552 -0.0022877 -0.0003113 -0.0202114 0.0166605 -0.0268522 -0.0161550 -0.0358573 -0.0097258 -0.0017865 -0.0331996 0.0249719 0.0179314 -0.0211756 -0.0327713 -0.0369454 -0.0219912 0.0117913 -0.0104320 0.0098274 -0.0054502 -0.0054938 -0.0202542 -0.0261977 -0.0157800 -0.0181287 -0.0053187 -0.0059165 -0.0142512 -0.0167545 -0.0125297 0.0026612 -0.0015981 0.0029321 -0.0426023 -0.0250636 -0.0056669 -0.0143526 -0.0163826 -0.0062099 -0.0347998 -0.0294621 -0.0419023 -0.0180745 0.0116769 -0.0054217 0.0115989 0.0031758 -0.0242074 0.0128710 -0.0238698 -0.0015938 -0.0333999 -0.0005824 -0.0162546 -0.0229904 -0.0059805 0.0022326 0.0144272 -0.0102373 -0.0307082 -0.0294933 0.0030347 -0.0391988 -0.0119323
-0.0149193 -0.0252956 -0.0113239 -0.0215490 1.0276490 -0.0201784 -0.0222619 -0.0164406 -0.0205043 -0.0050809 -0.0183433 -0.0250220 -0.0166870 -0.0112399 -0.0091738 -0.0149873 -0.0250237 -0.0101819 -0.0166495 -0.0088590 -0.0266059 0.0009027 -0.0219023 -0.0032434 -0.0161692 -0.0095996 -0.0103536 -0.0198185 -0.0247653 -0.0077012 -0.0045168 -0.0046618 -0.0036785 -0.0207240 -0.0077256 -0.0238207 -0.0091083 -0.0129784 -0.0079332 -0.0084143 -0.0103571 0.0033024 -0.0155225 -0.0119709 -0.0099596 -0.0069078 -0.0071430 -0.0191347 -0.0086244 -0.0246901 0.0104059 -0.0073890 -0.0044359 -0.0035911 -0.0022365 0.0049543 0.0058265 -0.0023582 0.0033467 -0.0048089 -0.0249035 -0.0107277 -0.0197267 -0.0121444 -0.0109604 -0.0175981 -0.0034268 -0.0103136 0.0006112 -0.0109353 -0.0059780 0.0001627 -0.0078522 -0.0057432 -0.0149184 -0.0077852 0.0042650 0.0011443 -0.0136687 0.0045611 0.0002184
-0.0211704 -0.0054040 -0.0253696 -0.0004962 -0.0201784 1.0354031 0.0103747 -0.0064964 0.0116167 -0.0166154 -0.0147245 0.0228479 -0.0034776 -0.0085365 -0.0090534 -0.0154501 0.0255193 -0.0069022 -0.0038993 -0.0288106 0.0272710 -0.0262938 -0.0037415 -0.0366322 -0.0165977 -0.0062346 -0.0225774 0.0208286 0.0046788 -0.0140118 -0.0336308 -0.0312402 -0.0190850 0.0151419 -0.0018296 0.0082560 -0.0067741 -0.0017554 -0.0152630 -0.0254515 -0.0154932 -0.0173450 -0.0048050 -0.0113467 -0.0140142 -0.0131542 -0.0089060 0.0015061 -0.0090441 -0.0064979 -0.0389871 -0.0159125 -0.0073413 -0.0064352 -0.0187973 -0.0067141 -0.0316265 -0.0277816 -0.0330245 -0.0158854 0.0097548 0.0008504 0.0096208 0.0057977 -0.0155706 0.0140172 -0.0237566 0.0018147 -0.0231588 -0.0012665 -0.0149364 -0.0172712 -0.0013989 -0.0022263 0.0099538 -0.0160308 -0.0243975 -0.0247105 0.0060376 -0.0305866 -0.0135022
-0.0116760 0.0001984 -0.0253806 0.0093369 -0.0222619 0.0103747 1.0613142 -0.0078644 0.0431623 -0.0061886 0.0023222 0.0550673 0.0118880 -0.0012405 -0.0162269 -0.0175924 0.0597418 -0.0077531 0.0167287 -0.0317452 0.0568854 -0.0467761 -0.0105596 -0.0630032 -0.0014672 0.0147576 -0.0531978 0.0420412 0.0395494 -0.0136783 -0.0313394 -0.0574763 -0.0256422 0.0465859 -0.0043124 0.0325109 -0.0128749 0.0025165 -0.0089276 -0.0388110 -0.0139527 -0.0270881 -0.0175577 -0.0026727 -0.0205542 -0.0250879 -0.0219985 0.0119771 -0.0016991 0.0051985 -0.0718085 -0.0275400 -0.0089017 -0.0088039 -0.0238448 -0.0014932 -0.0526022 -0.0435645 -0.0555743 -0.0216426 0.0302926 -0.0110358 0.0236364 0.0127973 -0.0253372 0.0230873 -0.0396386 0.0029043 -0.0435820 0.0033220 -0.0318719 -0.0411636 0.0061889 0.0143733 0.0281187 -0.0080152 -0.0558722 -0.0451251 0.0170611 -0.0632886 -0.0235285
-0.0041332 -0.0092056 -0.0147913 -0.0182526 -0.0164406 -0.0064964 -0.0078644 1.0392362 -0.0010441 -0.0162278 -0.0096233 0.0079547 -0.0047293 -0.0044653 -0.0125573 -0.0112783 0.0009873 -0.0083834 -0.0071548 -0.0046779 -0.0009085 -0.0101296 -0.0023766 -0.0191789 -0.0157963 -0.0074121 -0.0219215 0.0024661 -0.0067564 -0.0119161 -0.0112302 -0.0210762 -0.0156308 0.0041339 -0.0154274 -0.0005850 -0.0084783 -0.0055021 -0.0037719 -0.0073712 -0.0128371 -0.0082559 -0.0090244 -0.0035821 -0.0108004 -0.0126598 -0.0164900 -0.0008685 -0.0045969 -0.0109357 -0.0107653 -0.0066584 -0.0109907 -0.0039045 -0.0026756 -0.0089290 -0.0128518 -0.0139864 -0.0105701 -0.0097396 -0.0041426 -0.0048880 -0.0014801 -0.0032553 -0.0062870 -0.0069019 -0.0056237 -0.0062132 -0.0100550 -0.0018550 -0.0168834 -0.0072994 -0.0078845 -0.0027582 -0.0073868 -0.0086314 -0.0071677 -0.0120182 -0.0067137 -0.0124116 -0.0108154
0.0034605 0.0157749 -0.0213927 0.0106569 -0.0205043 0.0116167 0.0431623 -0.0010441 1.0707475 -0.0070721 0.0018443 0.0803213 0.0111321 -0.0037704 -0.0129931 -0.0156244 0.0725427 -0.0061689 0.0280405 -0.0301733 0.0679968 -0.0576260 -0.0015484 -0.0683319 -0.0161007 0.0045351 -0.0503629 0.0704410 0.0520786 -0.0233092 -0.0576829 -0.0678100 -0.0395406 0.0457128 -0.0030979 0.0357681 -0.0106911 0.0046631 -0.0115971 -0.0478761 -0.0047706 -0.0338613 -0.0106007 -0.0057976 -0.0196204 -0.0166058 -0.0190743 0.0072869 -0.0023177 0.0179540 -0.0866114 -0.0378261 -0.0038326 -0.0063228 -0.0269291 -0.0089845 -0.0594968 -0.0574091 -0.0593457 -0.0251114 0.0384721 -0.0069405 0.0304571 0.0198142 -0.0424307 0.0365281 -0.0469620 -0.0024333 -0.0526503 0.0015921 -0.0318478 -0.0473710 0.0106515 0.0241829 0.0380260 -0.0064717 -0.0686401 -0.0568907 0.0188245 -0.0665872 -0.0122630
-0.0162384 -0.0054767 -0.0149911 0.0005029 -0.0050809 -0.0166154 -0.0061886 -0.0162278 -0.0070721 1.0385358 -0.0146569 -0.0045877 -0.0067430 -0.0188100 -0.0117280 -0.0081990 -0.0063536 -0.0011075 -0.0190211 -0.0146395 0.0059066 -0.0130268 -0.0072237 -0.0203755 -0.0097249 -0.0094845 -0.0179842 -0.0053265 -0.0200596 -0.0168149 -0.0133321 -0.0167652 -0.0086609 -0.0061751 -0.0195643 -0.0129492 -0.0065095 -0.0095072 -0.0104540 -0.0059132 -0.0099639 -0.0112658 -0.0076743 -0.0164357 -0.0093470 -0.0186185 -0.0079669 -0.0052333 -0.0134267 -0.0046613 -0.0127514 -0.0052069 -0.0041863 -0.0096812 -0.0048752 -0.0108713 -0.0032932 -0.0109366 -0.0073935 -0.0183718 -0.0042731 -0.0150837 -0.0034193 -0.0108480 -0.0149791 -0.0131707 -0.0148452 -0.0121310 -0.0134415 -0.0101380 -0.0059617 -0.0078114 -0.0090131 -0.0072074 -0.0057382 -0.0038522 -0.0128822 -0.0111950 -0.0066692 -0.0164794 0.0013434
-0.0083420 -0.0122145 -0.0080198 -0.0032980 -0.0183433 -0.0147245 0.0023222 -0.0096233 0.0018443 -0.0146569 1.0165569 0.0115414 -0.0055134 -0.0123750 -0.0111329 -0.0173595 0.0116327 -0.0156663 -0.0058723 -0.0097839 0.0025151 -0.0213860 -0.0072071 -0.0158056 -0.0177732 -0.0131558 -0.0179404 0.0037836 -0.0119952 -0.0192890 -0.0185645 -0.0173174 -0.0130730 0.0020668 -0.0120224 0.0000416 -0.0098974 -0.0002329 -0.0112451 -0.0176084 -0.0059531 -0.0103354 -0.0151715 -0.0143455 -0.0120483 -0.0126095 -0.0119218 -0.0043692 -0.0109685 -0.0033963 -0.0227842 -0.0115379 -0.0056807 -0.0064040 -0.0100962 -0.0047511 -0.0189938 -0.0181853 -0.0241672 -0.0147870 0.0000077 -0.0078375 -0.0035058 -0.0010814 -0.0114150 0.0033833 -0.0190811 -0.0071362 -0.0192282 -0.0099118 -0.0101486 -0.0149849 -0.0103235 -0.0044505 -0.0017011 -0.0082587 -0.0184321 -0.0131229 0.0002245 -0.0139503 -0.0069751
0.0035987 0.0080813 -0.0209954 0.0255806 -0.0250220 0.0228479 0.0550673 0.0079547 0.0803213 -0.0045877 0.0115414 1.0912325 0.0214847 0.0063067 -0.0143544 -0.0181209 0.0874047 -0.0078927 0.0209097 -0.0455412 0.0895049 -0.0565153 0.0072789 -0.0818868 -0.0098703 0.0094320 -0.0621639 0.0710208 0.0659010 -0.0189070 -0.0620208 -0.0749169 -0.0338191 0.0518768 0.0001775 0.0479387 -0.0132655 0.0169184 -0.0065263 -0.0502497 -0.0076250 -0.0373888 -0.0132458 0.0045651 -0.0271931 -0.0231678 -0.0219823 0.0154144 -0.0020129 0.0201577 -0.0936864 -0.0319441 -0.0110791 -0.0113183 -0.0312845 0.0003628 -0.0634546 -0.0597373 -0.0721069 -0.0323192 0.0456687 -0.0121504 0.0398448 0.0268456 -0.0374143 0.0420334 -0.0516044 0.0100991 -0.0576841 0.0131474 -0.0380337 -0.0451161 0.0161219 0.0288173 0.0395325 -0.0143147 -0.0783809 -0.0593179 0.0245365 -0.0713027 -0.0227257
-0.0097493 -0.0024922 -0.0166498 -0.0024139 -0.0166870 -0.0034776 0.0118880 -0.0047293 0.0111321 -0.0067430 -0.0055134 0.0214847 1.0341836 -0.0123177 -0.0166635 -0.0184179 0.0242406 -0.0052733 -0.0053285 -0.0196092 0.0175805 -0.0241104 -0.0110791 -0.0365515 -0.0083964 -0.0012689 -0.0309650 0.0217492 0.0133724 -0.0150280 -0.0273090 -0.0314578 -0.0148898 0.0167265 -0.0083141 0.0079066 -0.0118774 -0.0088435 -0.0145073 -0.0179432 -0.0006292 -0.0189050 -0.0055187 -0.0091109 -0.0148703 -0.0087732 -0.0087868 0.0003852 -0.0036100 0.0097403 -0.0380423 -0.0134323 -0.0083898 -0.0037209 -0.0148949 -0.0017098 -0.0293727 -0.0237732 -0.0287729 -0.0110894 0.0117863 -0.0031164 0.0093984 -0.0002172 -0.0164287 0.0104069 -0.0253513 -0.0019707 -0.0281534 0.0051774 -0.0184156 -0.0145376 0.0024283 0.0052213 0.0091672 -0.0086169 -0.0279372 -0.0235205 0.0032293 -0.0298092 -0.0128010
-0.0163529 -0.0109532 -0.0174504 -0.0078420 -0.0112399 -0.0085365 -0.0012405 -0.0044653 -0.0037704 -0.0188100 -0.0123750 0.0063067 -0.0123177 1.0176576 -0.0120472 -0.0041456 -0.0038427 -0.0063151 -0.0021387 -0.0097457 0.0030828 -0.0098542 -0.0007207 -0.0131534 -0.0155700 -0.0076781 -0.0138038 0.0015963 0.0022545 -0.0018611 -0.0151829 -0.0098046 -0.0112865 0.0000568 -0.0133744 -0.0004397 -0.0056700 -0.0045667 -0.0175541 -0.0120620 -0.0026483 -0.0165111 -0.0099195 -0.0069330 -0.0126537 -0.0063052 -0.0066652 -0.0034227 -0.0090367 -0.0104957 -0.0121650 -0.0155226 -0.0103825 -0.0066142 -0.0093664 -0.0101695 -0.0155492 -0.0197254 -0.0170499 -0.0164571 -0.0033134 -0.0150575 -0.0022641 0.0007477 -0.0126642 -0.0112014 -0.0118919 -0.0015553 -0.0098678 -0.0070069 -0.0099233 -0.0081779 -0.0098992 -0.0021279 -0.0038654 -0.0144947 -0.0101285 -0.0079779 -0.0047731 -0.0127918 -0.0095748
-0.0192107 -0.0077892 -0.0174816 -0.0246834 -0.0091738 -0.0090534 -0.0162269 -0.0125573 -0.0129931 -0.0117280 -0.0111329 -0.0143544 -0.0166635 -0.0120472 1.0392170 -0.0059122 -0.0137665 -0.0063196 -0.0116703 -0.0033672 -0.0185129 -0.0132334 -0.0016191 0.0051872 -0.0190138 -0.0219586 -0.0060220 -0.0143811 -0.0114465 -0.0040202 -0.0103576 -0.0112864 -0.0057504 -0.0149221 -0.0145068 -0.0071482 -0.0123676 -0.0176193 -0.0096655 -0.0085160 -0.0099584 -0.0022089 -0.0057600 -0.0041849 -0.0100981 -0.0101403 -0.0050410 -0.0101334 -0.0105348 -0.0134992 0.0027368 -0.0064832 -0.0077017 -0.0104422 -0.0068600 -0.0129567 0.0042939 -0.0041623 -0.0042358 -0.0103543 -0.0135468 -0.0058435 -0.0097479 -0.0101961 -0.0078354 -0.0134085 -0.0070060 -0.0116018 0.0007865 -0.0085868 -0.0088168 -0.0065235 -0.0105998 -0.0131631 -0.0061833 -0.0058708 0.0015771 -0.0028643 -0.0118921 -0.0030754 -0.0137889
-0.0119601 -0.0062888 -0.0036662 -0.0193759 -0.0149873 -0.0154501 -0.0175924 -0.0112783 -0.0156244 -0.0081990 -0.0173595 -0.0181209 -0.0184179 -0.0041456 -0.0059122 1.0342375 -0.0151449 -0.0106543 -0.0204207 -0.0097894 -0.0139038 -0.0048825 -0.0147321 -0.0126803 -0.0136589 -0.0033699 -0.0065374 -0.0141310 -0.0215512 -0.0153743 -0.0124967 -0.0147585 -0.0048436 -0.0138856 0.0009435 -0.0136780 -0.0044620 -0.0132469 -0.0129942 -0.0009939 -0.0124507 -0.0099889 -0.0144573 -0.0105237 -0.0003883 -0.0083699 -0.0059308 -0.0080062 -0.0110339 -0.0163016 -0.0010670 -0.0004258 -0.0005138 -0.0059858 -0.0008939 -0.0054049 0.0039452 -0.0044878 0.0004816 0.0006648 -0.0062135 -0.0081399 -0.0114196 -0.0087859 -0.0029670 -0.0185727 -0.0015287 -0.0093060 0.0018564 -0.0049032 -0.0073883 -0.0044036 -0.0118548 -0.0132554 -0.0097377 -0.0102794 -0.0062154 -0.0009639 -0.0084723 -0.0082705 -0.0057926
0.0059554 0.0138770 -0.0177910 0.0358552 -0.0250237 0.0255193 0.0597418 0.0009873 0.0725427 -0.0063536 0.0116327 0.0874047 0.0242406 -0.0038427 -0.0137665 -0.0151449 1.0678843 -0.0090972 0.0319323 -0.0404215 0.0896141 -0.0660825 -0.0034009 -0.0862707 -0.0027720 0.0125479 -0.0625663 0.0750924 0.0786824 -0.0203064 -0.0565269 -0.0781920 -0.0314803 0.0676894 -0.0034351 0.0517420 -0.0084858 0.0155094 -0.0092559 -0.0446903 -0.0041159 -0.0325695 -0.0103597 0.0088750 -0.0281179 -0.0157500 -0.0134094 0.0121057 -0.0000251 0.0240352 -0.0903597 -0.0358010 -0.0084234 -0.0041408 -0.0256884 0.0044862 -0.0649915 -0.0590626 -0.0719386 -0.0292427 0.0446316 -0.0049298 0.0428160 0.0284109 -0.0411995 0.0404850 -0.0468584 0.0055558 -0.0531450 0.0090745 -0.0360719 -0.0444230 0.0155563 0.0290296 0.0376556 -0.0084711 -0.0701899 -0.0603711 0.0331715 -0.0700073 -0.0149736
-0.0037182 -0.0105762 -0.0041687 -0.0022877 -0.0101819 -0.0069022 -0.0077531 -0.0083834 -0.0061689 -0.0011075 -0.0156663 -0.0078927 -0.0052733 -0.0063151 -0.0063196 -0.0106543 -0.0090972 1.0357956 -0.0067903 0.0022444 -0.0139734 -0.0008437 -0.0133612 -0.0029197 -0.0090355 -0.0071998 -0.0085629 -0.0074165 -0.0106687 -0.0075902 0.0029459 -0.0005575 -0.0038349 -0.0113719 -0.0058472 -0.0166553 -0.0009757 -0.0032539 -0.0083322 -0.0055402 -0.0055709 -0.0051903 -0.0036440 -0.0030571 -0.0033793 -0.0024960 -0.0065791 -0.0033323 -0.0058213 -0.0054090 -0.0015351 -0.0023257 -0.0044485 -0.0084617 -0.0026487 -0.0070178 -0.0003891 0.0014526 0.0012365 -0.0121174 -0.0068900 -0.0098913 -0.0040938 -0.0068461 -0.0026397 -0.0094309 -0.0023950 -0.0020886 -0.0069124 -0.0061086 0.0005564 0.0006969 -0.0069363 -0.0076670 -0.0051346 -0.0093053 0.0021160 0.0058707 -0.0111297 -0.0063762 -0.0015878
-0.0018888 0.0029746 -0.0102712 -0.0003113 -0.0166495 -0.0038993 0.0167287 -0.0071548 0.0280405 -0.0190211 -0.0058723 0.0209097 -0.0053285 -0.0021387 -0.0116703 -0.0204207 0.0319323 -0.0067903 1.0271466 -0.0253716 0.0367677 -0.0296506 -0.0157133 -0.0382423 -0.0059785 -0.0088366 -0.0369412 0.0300462 0.0077165 -0.0149537 -0.0393181 -0.0280667 -0.0206295 0.0165293 -0.0018351 0.0114536 -0.0107737 -0.0071487 -0.0108061 -0.0345683 -0.0066176 -0.0204756 -0.0127593 -0.0040119 -0.0134601 -0.0128505 -0.0242704 0.0054355 -0.0050101 0.0045525 -0.0427971 -0.0224643 -0.0095324 -0.0114741 -0.0177316 -0.0079886 -0.0279729 -0.0402149 -0.0380910 -0.0165970 0.0180288 -0.0110135 0.0046537 0.0054712 -0.0232412 0.0078935 -0.0196689 -0.0047251 -0.0289309 0.0006431 -0.0186590 -0.0237460 -0.0000375 -0.0029507 0.0183052 -0.0122768 -0.0353121 -0.0293938 0.0064578 -0.0381229 -0.0161809
-0.0179971 -0.0191348 -0.0021385 -0.0202114 -0.0088590 -0.0288106 -0.0317452 -0.0046779 -0.0301733 -0.0146395 -0.0097839 -0.0455412 -0.0196092 -0.0097457 -0.0033672 -0.0097894 -0.0404215 0.0022444 -0.0253716 1.0184246 -0.0401004 0.0073716 -0.0213530 0.0144792 -0.0052823 -0.0208592 0.0089744 -0.0332933 -0.0302117 -0.0037786 0.0006437 0.0129599 0.0006004 -0.0259045 -0.0144486 -0.0273849 -0.0027338 -0.0101381 -0.0065509 0.0110030 -0.0081784 0.0041790 -0.0077856 -0.0059817 0.0032574 0.0004325 0.0002857 -0.0151538 -0.0081909 -0.0136585 0.0298603 -0.0007450 -0.0007227 -0.0047445 0.0000567 -0.0049703 0.0209123 0.0203822 0.0315998 0.0043388 -0.0208955 -0.0121327 -0.0260738 -0.0111358 0.0084190 -0.0322761 0.0232503 -0.0131068 0.0135984 -0.0187153 0.0055437 0.0097279 -0.0169130 -0.0215526 -0.0239106 -0.0069517 0.0146097 0.0152344 -0.0118757 0.0132154 -0.0043461
0.0008614 0.0092125 -0.0120793 0.0166605 -0.0266059 0.0272710 0.0568854 -0.0009085 0.0679968 0.0059066 0.0025151 0.0895049 0.0175805 0.0030828 -0.0185129 -0.0139038 0.0896141 -0.0139734 0.0367677 -0.0401004 1.0896399 -0.0594886 -0.0033278 -0.0803337 -0.0163448 0.0069506 -0.0625809 0.0720351 0.0718740 -0.0134058 -0.0644704 -0.0709926 -0.0351811 0.0665925 0.0003514 0.0546509 -0.0173978 0.0161611 -0.0105676 -0.0488738 -0.0145840 -0.0395660 -0.0096309 0.0008370 -0.0264401 -0.0206953 -0.0213433 0.0179370 0.0002297 0.0257624 -0.0946654 -0.0358623 -0.0127393 -0.0114760 -0.0328505 0.0041559 -0.0596165 -0.0639940 -0.0771067 -0.0251729 0.0452730 -0.0149501 0.0434994 0.0283940 -0.0406351 0.0491323 -0.0482033 0.0058054 -0.0596884 0.0030028 -0.0456312 -0.0489971 0.0083888 0.0247220 0.0402939 -0.0081690 -0.0737037 -0.0554898 0.0219461 -0.0696129 -0.0177206
-0.0266201 -0.0217969 -0.0050599 -0.0268522 0.0009027 -0.0262938 -0.0467761 -0.0101296 -0.0576260 -0.0130268 -0.0213860 -0.0565153 -0.0241104 -0.0098542 -0.0132334 -0.0048825 -0.0660825 -0.0008437 -0.0296506 0.0073716 -0.0594886 1.0576179 -0.0151755 0.0279663 -0.0037892 -0.0230982 0.0173093 -0.0623909 -0.0508184 0.0045052 0.0157534 0.0384109 0.0131601 -0.0478765 -0.0136503 -0.0404267 -0.0098418 -0.0167270 -0.0008936 0.0198432 -0.0064582 0.0115423 -0.0103197 -0.0117621 0.0131765 -0.0024459 -0.0006224 -0.0206128 -0.0025964 -0.0240314 0.0532570 0.0078311 -0.0026958 -0.0044101 0.0135143 -0.0178843 0.0265662 0.0237064 0.0363873 0.0046594 -0.0398449 -0.0059433 -0.0388855 -0.0207520 0.0135691 -0.0391402 0.0223747 -0.0103466 0.0288160 -0.0128567 0.0184048 0.0183722 -0.0191157 -0.0264996 -0.0373668 -0.0007460 0.0359041 0.0275119 -0.0307570 0.0352859 -0.0084636
-0.0077285 -0.0105215 -0.0108939 -0.0161550 -0.0219023 -0.0037415 -0.0105596 -0.0023766 -0.0015484 -0.0072237 -0.0072071 0.0072789 -0.0110791 -0.0007207 -0.0016191 -0.0147321 -0.0034009 -0.0133612 -0.0157133 -0.0213530 -0.0033278 -0.0151755 1.0136502 -0.0144891 -0.0219251 -0.0100969 -0.0154323 -0.0028116 -0.0071139 -0.0144499 -0.0222197 -0.0189455 -0.0072868 -0.0090811 -0.0109671 -0.0071561 -0.0075163 -0.0060195 -0.0088099 -0.0066765 -0.0113319 -0.0137750 -0.0131066 -0.0122917 -0.0124163 -0.0152496 -0.0118300 -0.0079091 -0.0073503 -0.0056590 -0.0130989 -0.0074195 -0.0038598 0.0023241 -0.0101920 -0.0111436 -0.0111759 -0.0139146 -0.0114327 -0.0107031 0.0005582 -0.0130920 -0.0051661 -0.0078314 -0.0027789 0.0061716 -0.0124740 -0.0151044 -0.0190361 -0.0127870 -0.0127840 -0.0131769 -0.0084991 -0.0045066 0.0016851 -0.0037042 -0.0127669 -0.0132858 -0.0056468 -0.0228863 -0.0017400
-0.0200896 -0.0358231 -0.0053481 -0.0358573 -0.0032434 -0.0366322 -0.0630032 -0.0191789 -0.0683319 -0.0203755 -0.0158056 -0.0818868 -0.0365515 -0.0131534 0.0051872 -0.0126803 -0.0862707 -0.0029197 -0.0382423 0.0144792 -0.0803337 0.0279663 -0.0144891 1.0856783 -0.0163233 -0.0206425 0.0169438 -0.0734536 -0.0709464 -0.0051246 0.0201391 0.0354511 0.0166325 -0.0701963 -0.0143569 -0.0542807 -0.0001212 -0.0175936 -0.0106437 0.0177280 -0.0066712 0.0123604 -0.0064653 -0.0142768 0.0145784 0.0064324 -0.0025078 -0.0310126 -0.0122519 -0.0372216 0.0756192 0.0159699 0.0075260 0.0016262 0.0118847 -0.0177459 0.0392270 0.0324790 0.0555150 0.0108300 -0.0556602 -0.0100278 -0.0546937 -0.0344960 0.0155913 -0.0485807 0.0414835 -0.0263036 0.0423051 -0.0272123 0.0232043 0.0310004 -0.0201845 -0.0357053 -0.0473507 -0.0067994 0.0500856 0.0375494 -0.0306991 0.0465897 -0.0073962
-0.0276036 -0.0143050 -0.0119313 -0.0097258 -0.0161692 -0.0165977 -0.0014672 -0.0157963 -0.0161007 -0.0097249 -0.0177732 -0.0098703 -0.0083964 -0.0155700 -0.0190138 -0.0136589 -0.0027720 -0.0090355 -0.0059785 -0.0052823 -0.0163448 -0.0037892 -0.0219251 -0.0163233 1.0415452 -0.0111082 -0.0183735 -0.0101896 -0.0163031 -0.0264439 -0.0153869 -0.0082565 -0.0049648 -0.0098181 -0.0045855 -0.0018550 -0.0120249 -0.0088839 -0.0125277 -0.0116367 -0.0020159 -0.0096875 -0.0038366 -0.0082497 -0.0060230 -0.0049173 -0.0040297 -0.0096972 -0.0088470 -0.0068274 -0.0007548 -0.0022659 -0.0109125 -0.0071728 -0.0078008 -0.0098030 -0.0003104 -0.0008688 -0.0042439 -0.0030686 -0.0082047 -0.0161269 -0.0051929 -0.0019217 -0.0043726 -0.0151936 -0.0115802 -0.0152950 -0.0106249 -0.0087473 -0.0055994 0.0017668 -0.0066296 -0.0087043 -0.0057592 -0.0075137 -0.0041938 -0.0074910 -0.0055888 -0.0066252 -0.0118942
-0.0094251 -0.0093370 -0.0177076 -0.0017865 -0.0095996 -0.0062346 0.0147576 -0.0074121 0.0045351 -0.0094845 -0.0131558 0.0094320 -0.0012689 -0.0076781 -0.0219586 -0.0033699 0.0125479 -0.0071998 -0.0088366 -0.0208592 0.0069506 -0.0230982 -0.0100969 -0.0206425 -0.0111082 1.0376285 -0.0212214 0.0099654 0.0065213 -0.0094972 -0.0267204 -0.0306400 -0.0106446 0.0101297 -0.0088774 0.0006349 -0.0091444 -0.0062856 -0.0126253 -0.0208135 -0.0103276 -0.0071441 -0.0135942 -0.0064702 -0.0107285 -0.0089923 -0.0049198 -0.0007093 -0.0022401 0.0007758 -0.0281577 -0.0153584 -0.0072014 -0.0064175 -0.0117169 -0.0085516 -0.0217741 -0.0206901 -0.0186790 -0.0157067 0.0041894 -0.0040219 -0.0014789 0.0052551 -0.0124089 -0.0022646 -0.0237912 -0.0002148 -0.0150420 0.0001381 -0.0135744 -0.0159458 -0.0004476 -0.0064254 0.0068780 -0.0060450 -0.0253497 -0.0115879 -0.0031382 -0.0284217 -0.0082845
-0.0103579 -0.0229705 0.0017701 -0.0331996 -0.0103536 -0.0225774 -0.0531978 -0.0219215 -0.0503629 -0.0179842 -0.0179404 -0.0621639 -0.0309650 -0.0138038 -0.0060220 -0.0065374 -0.0625663 -0.0085629 -0.0369412 0.0089744 -0.0625809 0.0173093 -0.0154323 0.0169438 -0.0183735 -0.0212214 1.0506754 -0.0457469 -0.0532022 -0.0056985 0.0070244 0.0244805 0.0063543 -0.0505362 -0.0080745 -0.0486459 0.0004645 -0.0139113 -0.0120801 0.0146343 -0.0036482 0.0070286 -0.0088900 -0.0126508 -0.0004581 0.0042448 0.0041735 -0.0217266 -0.0104125 -0.0200266 0.0528633 0.0120514 -0.0013032 -0.0087452 0.0148464 -0.0079688 0.0221487 0.0192598 0.0333786 0.0062207 -0.0374306 -0.0075298 -0.0305594 -0.0242740 0.0088534 -0.0329248 0.0215247 -0.0149977 0.0224096 -0.0155008 0.0109984 0.0186768 -0.0189268 -0.0253086 -0.0318672 -0.0074953 0.0264177 0.0320029 -0.0245486 0.0366892 -0.0075277
0.0038570 0.0185322 -0.0178824 0.0249719 -0.0198185 0.0208286 0.0420412 0.0024661 0.0704410 -0.0053265 0.0037836 0.0710208 0.0217492 0.0015963 -0.0143811 -0.0141310 0.0750924 -0.0074165 0.0300462 -0.0332933 0.0720351 -0.0623909 -0.0028116 -0.0734536 -0.0101896 0.0099654 -0.0457469 1.0514061 0.0637175 -0.0214718 -0.0548713 -0.0682173 -0.0308801 0.0576945 0.0018039 0.0447182 -0.0107390 0.0089661 -0.0085529 -0.0415882 -0.0096890 -0.0267148 -0.0066567 -0.0009135 -0.0220563 -0.0194639 -0.0156953 0.0210004 -0.0019785 0.0186130 -0.0771512 -0.0318708 -0.0029054 -0.0066135 -0.0250950 -0.0023312 -0.0540464 -0.0493571 -0.0655886 -0.0236662 0.0394603 -0.0099218 0.0349622 0.0250793 -0.0397596 0.0360782 -0.0440406 0.0089008 -0.0473047 0.0070091 -0.0301364 -0.0378263 0.0094547 0.0282247 0.0368076 -0.0067296 -0.0588949 -0.0446341 0.0178359 -0.0651199 -0.0144887
-0.0021503 0.0011303 -0.0224274 0.0179314 -0.0247653 0.0046788 0.0395494 -0.0067564 0.0520786 -0.0200596 -0.0119952 0.0659010 0.0133724 0.0022545 -0.0114465 -0.0215512 0.0786824 -0.0106687 0.0077165 -0.0302117 0.0718740 -0.0508184 -0.0071139 -0.0709464 -0.0163031 0.0065213 -0.0532022 0.0637175 1.0718089 -0.0234593 -0.0534380 -0.0636374 -0.0377203 0.0510717 -0.0119288 0.0421865 -0.0168449 0.0046578 -0.0119325 -0.0394871 -0.0113046 -0.0350835 -0.0105477 -0.0063025 -0.0257027 -0.0209026 -0.0205202 0.0136387 -0.0043712 0.0115974 -0.0818469 -0.0279257 -0.0069075 -0.0112245 -0.0256296 -0.0003908 -0.0615458 -0.0537463 -0.0698232 -0.0278302 0.0372869 -0.0126702 0.0299579 0.0217837 -0.0318005 0.0313447 -0.0418759 0.0032342 -0.0461059 0.0001602 -0.0364109 -0.0432884 0.0104270 0.0158374 0.0351694 -0.0104102 -0.0647131 -0.0569723 0.0124352 -0.0637608 -0.0170947
-0.0090145 -0.0153084 -0.0160676 -0.0211756 -0.0077012 -0.0140118 -0.0136783 -0.0119161 -0.0233092 -0.0168149 -0.0192890 -0.0189070 -0.0150280 -0.0018611 -0.0040202 -0.0153743 -0.0203064 -0.0075902 -0.0149537 -0.0037786 -0.0134058 0.0045052 -0.0144499 -0.0051246 -0.0264439 -0.0094972 -0.0056985 -0.0214718 -0.0234593 0.9995425 -0.0150390 -0.0074861 -0.0014324 -0.0266016 -0.0145794 -0.0179184 -0.0085962 -0.0092573 -0.0153483 -0.0072496 -0.0012889 -0.0078054 -0.0104906 -0.0132156 -0.0052655 -0.0193603 -0.0050529 -0.0224515 -0.0065123 -0.0113347 0.0049253 -0.0010373 -0.0078939 -0.0140602 -0.0022819 -0.0136694 -0.0023248 0.0011540 0.0057234 -0.0004682 -0.0170694 -0.0136447 -0.0151824 -0.0096821 -0.0048629 -0.0162871 0.0003455 -0.0112667 0.0054096 -0.0142889 0.0015025 0.0034683 -0.0039982 -0.0181017 -0.0093141 -0.0138075 -0.0024940 0.0054642 -0.0100640 0.0010639 -0.0072704
-0.0169320 -0.0242838 -0.0117058 -0.0327713 -0.0045168 -0.0336308 -0.0313394 -0.0112302 -0.0576829 -0.0133321 -0.0185645 -0.0620208 -0.0273090 -0.0151829 -0.0103576 -0.0124967 -0.0565269 0.0029459 -0.0393181 0.0006437 -0.0644704 0.0157534 -0.0222197 0.0201391 -0.0153869 -0.0267204 0.0070244 -0.0548713 -0.0534380 -0.0150390 1.0379366 0.0208298 0.0113902 -0.0494179 -0.0108508 -0.0385396 -0.0108587 -0.0231021 -0.0068178 0.0116619 -0.0092198 0.0027531 -0.0078756 -0.0139935 0.0004180 0.0013879 -0.0001905 -0.0174591 -0.0068085 -0.0272847 0.0503824 0.0056946 -0.0010254 -0.0086853 0.0118445 -0.0111471 0.0277932 0.0222820 0.0277842 -0.0007478 -0.0437009 -0.0115417 -0.0207994 -0.0225531 0.0090560 -0.0397797 0.0148651 -0.0166153 0.0227141 -0.0173709 0.0126329 0.0164758 -0.0168331 -0.0340725 -0.0331541 -0.0099044 0.0267726 0.0292361 -0.0298914 0.0271363 -0.0062081
-0.0111717 -0.0313841 -0.0097722 -0.0369454 -0.0046618 -0.0312402 -0.0574763 -0.0210762 -0.0678100 -0.0167652 -0.0173174 -0.0749169 -0.0314578 -0.0098046 -0.0112864 -0.0147585 -0.0781920 -0.0005575 -0.0280667 0.0129599 -0.0709926 0.0384109 -0.0189455 0.0354511 -0.0082565 -0.0306400 0.0244805 -0.0682173 -0.0636374 -0.0074861 0.0208298 1.0715495 0.0204316 -0.0555328 -0.0149736 -0.0487136 -0.0043330 -0.0198737 -0.0091359 0.0288143 -0.0067261 0.0160554 -0.0101660 -0.0011576 0.0137988 -0.0016043 0.0030111 -0.0176792 -0.0126377 -0.0333492 0.0755342 0.0135427 -0.0024358 -0.0010938 0.0113367 -0.0173832 0.0416642 0.0424833 0.0486526 0.0166956 -0.0482367 -0.0161417 -0.0478687 -0.0273673 0.0223134 -0.0453861 0.0275857 -0.0226862 0.0353198 -0.0186518 0.0127210 0.0304821 -0.0221913 -0.0287778 -0.0396198 -0.0080919 0.0491117 0.0372126 -0.0335530 0.0467094 -0.0046847
-0.0119089 -0.0169626 -0.0027407 -0.0219912 -0.0036785 -0.0190850 -0.0256422 -0.0156308 -0.0395406 -0.0086609 -0.0130730 -0.0338191 -0.0148898 -0.0112865 -0.0057504 -0.0048436 -0.0314803 -0.0038349 -0.0206295 0.0006004 -0.0351811 0.0131601 -0.0072868 0.0166325 -0.0049648 -0.0106446 0.0063543 -0.0308801 -0.0377203 -0.0014324 0.0113902 0.0204316 1.0266179 -0.0293473 -0.0047328 -0.0198309 0.0046148 -0.0074771 -0.0146273 0.0135022 -0.0046121 0.0071866 -0.0082164 -0.0071325 0.0017924 0.0043362 -0.0028286 -0.0082756 -0.0071377 -0.0122717 0.0265128 0.0021882 0.0033968 -0.0038339 0.0022856 -0.0023129 0.0149848 0.0165177 0.0195434 0.0024599 -0.0210069 -0.0003729 -0.0248873 -0.0121770 0.0046432 -0.0204288 0.0088591 -0.0087848 0.0098261 -0.0097424 0.0111756 0.0094435 -0.0124646 -0.0157727 -0.0160913 0.0029901 0.0174548 0.0133775 -0.0085587 0.0212069 0.0026056
0.0004725 0.0119316 -0.0160610 0.0117913 -0.0207240 0.0151419 0.0465859 0.0041339 0.0457128 -0.0061751 0.0020668 0.0518768 0.0167265 0.0000568 -0.0149221 -0.0138856 0.0676894 -0.0113719 0.0165293 -0.0259045 0.0665925 -0.0478765 -0.0090811 -0.0701963 -0.0098181 0.0101297 -0.0505362 0.0576945 0.0510717 -0.0266016 -0.0494179 -0.0555328 -0.0293473 1.0528709 0.0014777 0.0365067 -0.0166130 0.0022325 -0.0065756 -0.0403107 -0.0065152 -0.0261538 -0.0074457 -0.0066908 -0.0249507 -0.0101674 -0.0158116 0.0121580 -0.0024883 0.0166658 -0.0772848 -0.0280167 -0.0072358 -0.0078698 -0.0228224 0.0055236 -0.0497771 -0.0401145 -0.0613079 -0.0234327 0.0373887 -0.0063849 0.0275643 0.0162628 -0.0380099 0.0270334 -0.0394279 0.0044396 -0.0438122 0.0041731 -0.0298060 -0.0408207 0.0072932 0.0202529 0.0283809 -0.0093085 -0.0509814 -0.0471260 0.0176045 -0.0557308 -0.0140957
-0.0099331 -0.0022206 -0.0088827 -0.0104320 -0.0077256 -0.0018296 -0.0043124 -0.0154274 -0.0030979 -0.0195643 -0.0120224 0.0001775 -0.0083141 -0.0133744 -0.0145068 0.0009435 -0.0034351 -0.0058472 -0.0018351 -0.0144486 0.0003514 -0.0136503 -0.0109671 -0.0143569 -0.0045855 -0.0088774 -0.0080745 0.0018039 -0.0119288 -0.0145794 -0.0108508 -0.0149736 -0.0047328 0.0014777 1.0206344 -0.0060038 -0.0064347 -0.0034764 -0.0074278 -0.0053596 -0.0041672 -0.0108103 -0.0073711 -0.0039589 -0.0063532 -0.0078105 -0.0066034 -0.0044923 -0.0035125 -0.0057651 -0.0126836 -0.0127859 -0.0051712 -0.0072219 -0.0100743 -0.0126158 -0.0097299 -0.0136773 -0.0138437 -0.0117617 -0.0034521 -0.0083529 -0.0012826 -0.0083204 -0.0095552 0.0000620 -0.0083326 -0.0029942 -0.0083542 -0.0076593 -0.0068950 -0.0045364 -0.0037285 0.0055342 0.0012751 -0.0061454 -0.0066187 -0.0061879 -0.0000598 -0.0162357 -0.0078761
-0.0063760 0.0033447 -0.0185932 0.0098274 -0.0238207 0.0082560 0.0325109 -0.0005850 0.0357681 -0.0129492 0.0000416 0.0479387 0.0079066 -0.0004397 -0.0071482 -0.0136780 0.0517420 -0.0166553 0.0114536 -0.0273849 0.0546509 -0.0404267 -0.0071561 -0.0542807 -0.0018550 0.0006349 -0.0486459 0.0447182 0.0421865 -0.0179184 -0.0385396 -0.0487136 -0.0198309 0.0365067 -0.0060038 1.0295284 -0.0101169 0.0090420 -0.0063281 -0.0306665 -0.0085346 -0.0297817 -0.0096055 -0.0008286 -0.0141992 -0.0137708 -0.0131801 0.0056014 -0.0026305 0.0095582 -0.0617179 -0.0158878 -0.0064391 -0.0090903 -0.0123950 -0.0047458 -0.0432330 -0.0387673 -0.0464195 -0.0143038 0.0277516 -0.0079923 0.0221012 0.0120824 -0.0261533 0.0195137 -0.0309563 0.0072248 -0.0389975 0.0020958 -0.0257357 -0.0321582 0.0018445 0.0165222 0.0251934 -0.0071357 -0.0477163 -0.0391777 0.0131263 -0.0517740 -0.0128013
-0.0166328 -0.0003181 -0.0084437 -0.0054502 -0.0091083 -0.0067741 -0.0128749 -0.0084783 -0.0106911 -0.0065095 -0.0098974 -0.0132655 -0.0118774 -0.0056700 -0.0123676 -0.0044620 -0.0084858 -0.0009757 -0.0107737 -0.0027338 -0.0173978 -0.0098418 -0.0075163 -0.0001212 -0.0120249 -0.0091444 0.0004645 -0.0107390 -0.0168449 -0.0085962 -0.0108587 -0.0043330 0.0046148 -0.0166130 -0.0064347 -0.0101169 1.0071517 -0.0046878 -0.0053687 -0.0044978 -0.0082799 -0.0020129 -0.0081775 0.0002125 -0.0066867 -0.0054694 -0.0078051 -0.0134163 -0.0132570 -0.0075471 0.0033978 -0.0075994 -0.0026809 -0.0026011 0.0005293 -0.0103153 0.0016853 0.0022771 -0.0025041 -0.0022849 -0.0031359 -0.0087854 -0.0066707 -0.0068077 -0.0036241 -0.0125114 -0.0022621 -0.0138848 0.0000511 -0.0105403 0.0023926 0.0026658 -0.0076554 -0.0074697 -0.0043955 -0.0034982 -0.0036706 -0.0038899 -0.0117005 0.0038024 -0.0026253
-0.0092297 -0.0121813 -0.0172181 -0.0054938 -0.0129784 -0.0017554 0.0025165 -0.0055021 0.0046631 -0.0095072 -0.0002329 0.0169184 -0.0088435 -0.0045667 -0.0176193 -0.0132469 0.0155094 -0.0032539 -0.0071487 -0.0101381 0.0161611 -0.0167270 -0.0060195 -0.0175936 -0.0088839 -0.0062856 -0.0139113 0.0089661 0.0046578 -0.0092573 -0.0231021 -0.0198737 -0.0074771 0.0022325 -0.0034764 0.0090420 -0.0046878 1.0030147 -0.0080316 -0.0129536 -0.0056791 -0.0065107 -0.0093424 0.0005825 -0.0079550 -0.0062907 -0.0038762 -0.0017554 -0.0072517 -0.0040348 -0.0191470 -0.0137657 -0.0049383 -0.0053172 -0.0054490 -0.0119379 -0.0148281 -0.0163092 -0.0126553 -0.0103944 0.0019456 -0.0074812 -0.0026026 0.0004830 -0.0110112 0.0089446 -0.0081542 -0.0007124 -0.0156677 0.0023343 -0.0124472 -0.0101964 0.0000594 -0.0028480 0.0045669 -0.0032324 -0.0192271 -0.0089991 -0.0066063 -0.0221817 -0.0033187
-0.0168845 -0.0057386 -0.0082754 -0.0202542 -0.0079332 -0.0152630 -0.0089276 -0.0037719 -0.0115971 -0.0104540 -0.0112451 -0.0065263 -0.0145073 -0.0175541 -0.0096655 -0.0129942 -0.0092559 -0.0083322 -0.0108061 -0.0065509 -0.0105676 -0.0008936 -0.0088099 -0.0106437 -0.0125277 -0.0126253 -0.0120801 -0.0085529 -0.0119325 -0.0153483 -0.0068178 -0.0091359 -0.0146273 -0.0065756 -0.0074278 -0.0063281 -0.0053687 -0.0080316 1.0276994 -0.0069861 -0.0061676 -0.0014133 -0.0042550 -0.0056945 -0.0095315 -0.0037359 -0.0089280 -0.0050481 -0.0031000 -0.0080453 -0.0046760 -0.0061955 -0.0018845 -0.0010413 -0.0006206 -0.0085337 -0.0020302 -0.0000901 0.0012104 -0.0037458 -0.0032975 -0.0097414 -0.0113330 -0.0064112 -0.0054443 -0.0131999 -0.0047973 -0.0106185 -0.0099715 -0.0059871 -0.0043625 -0.0054805 -0.0008375 -0.0028737 -0.0026015 -0.0052247 -0.0037215 -0.0057701 -0.0047528 0.0020792 -0.0069990
-0.0134963 -0.0171569 -0.0034988 -0.0261977 -0.0084143 -0.0254515 -0.0388110 -0.0073712 -0.0478761 -0.0059132 -0.0176084 -0.0502497 -0.0179432 -0.0120620 -0.0085160 -0.0009939 -0.0446903 -0.0055402 -0.0345683 0.0110030 -0.0488738 0.0198432 -0.0066765 0.0177280 -0.0116367 -0.0208135 0.0146343 -0.0415882 -0.0394871 -0.0072496 0.0116619 0.0288143 0.0135022 -0.0403107 -0.0053596 -0.0306665 -0.0044978 -0.0129536 -0.0069861 1.0383441 -0.0077609 0.0072392 -0.0026784 -0.0100604 -0.0029770 0.0074218 -0.0007466 -0.0179377 -0.0159905 -0.0199335 0.0373865 0.0104472 -0.0011781 -0.0058942 0.0064737 -0.0114062 0.0293534 0.0135766 0.0307577 -0.0029380 -0.0279581 -0.0105608 -0.0275464 -0.0193280 0.0143905 -0.0298107 0.0147196 -0.0056265 0.0137237 -0.0117226 0.0066086 0.0086694 -0.0090738 -0.0235190 -0.0226251 -0.0055940 0.0303753 0.0237153 -0.0231683 0.0229238 0.0013571
-0.0052313 -0.0079126 -0.0125852 -0.0157800 -0.0103571 -0.0154932 -0.0139527 -0.0128371 -0.0047706 -0.0099639 -0.0059531 -0.0076250 -0.0006292 -0.0026483 -0.0099584 -0.0124507 -0.0041159 -0.0055709 -0.0066176 -0.0081784 -0.0145840 -0.0064582 -0.0113319 -0.0066712 -0.0020159 -0.0103276 -0.0036482 -0.0096890 -0.0113046 -0.0012889 -0.0092198 -0.0067261 -0.0046121 -0.0065152 -0.0041672 -0.0085346 -0.0082799 -0.0056791 -0.0061676 -0.0077609 1.0202860 -0.0073161 -0.0121631 -0.0073800 -0.0022648 -0.0064245 -0.0063690 -0.0030656 -0.0070721 -0.0038094 0.0023387 -0.0063270 -0.0080809 -0.0005242 0.0015667 -0.0024127 -0.0066592 -0.0024170 -0.0023063 -0.0004056 -0.0077483 -0.0017498 -0.0066314 -0.0021999 -0.0031782 -0.0091836 -0.0021095 -0.0074191 -0.0086361 0.0011054 -0.0065945 -0.0007131 -0.0033783 -0.0053833 -0.0073853 -0.0019350 0.0020669 -0.0017932 -0.0078479 -0.0040295 -0.0023945
-0.0161295 -0.0081480 -0.0065719 -0.0181287 0.0033024 -0.0173450 -0.0270881 -0.0082559 -0.0338613 -0.0112658 -0.0103354 -0.0373888 -0.0189050 -0.0165111 -0.0022089 -0.0099889 -0.0325695 -0.0051903 -0.0204756 0.0041790 -0.0395660 0.0115423 -0.0137750 0.0123604 -0.0096875 -0.0071441 0.0070286 -0.0267148 -0.0350835 -0.0078054 0.0027531 0.0160554 0.0071866 -0.0261538 -0.0108103 -0.0297817 -0.0020129 -0.0065107 -0.0014133 0.0072392 -0.0073161 1.0182469 -0.0059560 -0.0076761 0.0011258 0.0016722 -0.0041022 -0.0131519 -0.0047069 -0.0168715 0.0257607 0.0017171 -0.0047179 -0.0011456 0.0054397 -0.0081986 0.0149955 0.0111336 0.0192880 -0.0031151 -0.0238796 -0.0095392 -0.0198275 -0.0134746 0.0063630 -0.0168078 0.0123807 -0.0075432 0.0157077 -0.0093496 0.0044881 0.0087740 -0.0091822 -0.0114494 -0.0189265 -0.0086196 0.0193201 0.0152802 -0.0131166 0.0176486 -0.0000354
-0.0101878 -0.0065880 -0.0163420 -0.0053187 -0.0155225 -0.0048050 -0.0175577 -0.0090244 -0.0106007 -0.0076743 -0.0151715 -0.0132458 -0.0055187 -0.0099195 -0.0057600 -0.0144573 -0.0103597 -0.0036440 -0.0127593 -0.0077856 -0.0096309 -0.0103197 -0.0131066 -0.0064653 -0.0038366 -0.0135942 -0.0088900 -0.0066567 -0.0105477 -0.0104906 -0.0078756 -0.0101660 -0.0082164 -0.0074457 -0.0073711 -0.0096055 -0.0081775 -0.0093424 -0.0042550 -0.0026784 -0.0121631 -0.0059560 1.0061122 0.0019507 -0.0016252 -0.0085299 -0.0107463 -0.0067814 -0.0018608 -0.0028514 0.0064344 -0.0007766 -0.0013545 -0.0049210 -0.0038943 -0.0116188 -0.0071430 -0.0040416 -0.0044578 -0.0105488 -0.0136292 -0.0042419 -0.0049309 -0.0052877 -0.0042926 -0.0075534 -0.0022824 -0.0103484 -0.0057072 -0.0095649 -0.0051135 -0.0050141 -0.0085518 -0.0022244 -0.0007557 -0.0031541 -0.0080683 -0.0056950 -0.0076389 -0.0012705 -0.0081125
-0.0148743 -0.0024209 -0.0090603 -0.0059165 -0.0119709 -0.0113467 -0.0026727 -0.0035821 -0.0057976 -0.0164357 -0.0143455 0.0045651 -0.0091109 -0.0069330 -0.0041849 -0.0105237 0.0088750 -0.0030571 -0.0040119 -0.0059817 0.0008370 -0.0117621 -0.0122917 -0.0142768 -0.0082497 -0.0064702 -0.0126508 -0.0009135 -0.0063025 -0.0132156 -0.0139935 -0.0011576 -0.0071325 -0.0066908 -0.0039589 -0.0008286 0.0002125 0.0005825 -0.0056945 -0.0100604 -0.0073800 -0.0076761 0.0019507 1.0124222 -0.0077669 -0.0055936 -0.0089345 -0.0016140 -0.0036840 -0.0040068 -0.0102585 -0.0144009 -0.0058409 -0.0039248 -0.0065156 -0.0053081 -0.0132454 -0.0043349 -0.0171362 -0.0107775 -0.0021627 -0.0098303 0.0000754 0.0011780 -0.0058268 0.0007338 -0.0025574 -0.0053109 -0.0066740 -0.0016265 -0.0091282 -0.0067561 -0.0095154 0.0063874 -0.0047637 -0.0077499 -0.0072311 -0.0096673 -0.0053057 -0.0113560 -0.0075029
-0.0144970 -0.0040653 -0.0029985 -0.0142512 -0.0099596 -0.0140142 -0.0205542 -0.0108004 -0.0196204 -0.0093470 -0.0120483 -0.0271931 -0.0148703 -0.0126537 -0.0100981 -0.0003883 -0.0281179 -0.0033793 -0.0134601 0.0032574 -0.0264401 0.0131765 -0.0124163 0.0145784 -0.0060230 -0.0107285 -0.0004581 -0.0220563 -0.0257027 -0.0052655 0.0004180 0.0137988 0.0017924 -0.0249507 -0.0063532 -0.0141992 -0.0066867 -0.0079550 -0.0095315 -0.0029770 -0.0022648 0.0011258 -0.0016252 -0.0077669 1.0287215 -0.0069001 -0.0044513 -0.0058374 -0.0045812 -0.0086382 0.0167883 -0.0028343 -0.0014806 -0.0022573 0.0032866 -0.0092527 0.0103213 0.0065170 0.0094483 -0.0008185 -0.0152994 -0.0055213 -0.0199323 -0.0129779 0.0036376 -0.0140276 0.0097688 -0.0164639 0.0022222 -0.0059194 0.0029242 0.0033999 -0.0123055 -0.0198361 -0.0113572 -0.0023525 0.0057110 0.0046659 -0.0066304 0.0107370 -0.0071262
