1.1624149 -0.0324480 -0.0143137 0.2466326 -0.2888573 0.0134203 -0.0043616 0.2766978 0.0052143 -0.3175955 -0.3185257 0.2831627 -0.0419330 -0.0205795 -0.0376333 0.2764922 -0.3095697 -0.3205020 -0.3322118 0.2547852 -0.0107083 -0.3200471 0.2824480 -0.0077197 0.2993044 0.3210961 -0.0279959 0.0050263 -0.0076965 -0.3107591 0.2547453 0.0005643 0.2924579 0.3173826 -0.3308826 -0.3347247 0.0122840 -0.3464982 -0.0033925 -0.3494494 -0.0046828 0.3104900 0.2862394 -0.0273205 0.0060692 -0.2971253 -0.0213921 0.2938876 -0.0265426 -0.0065944 -0.0066060 0.2973563 -0.0316652 -0.3353461 -0.0058032 -0.0209933 -0.3074180 -0.0053750 -0.3221736 -0.0319727 0.0137706 -0.0323330 0.2876421 0.3144422 0.3082763 -0.3194491 0.2841595 -0.0341438 -0.0210443 0.3094872 -0.3191232 0.0121084 -0.3322192 -0.0295083 -0.0409048 -0.0187634 -0.3009576 0.2826528 -0.0193749 -0.3015518 -0.0117050
-0.0324480 1.0304840 -0.0214181 -0.0210124 0.0217571 0.0117825 0.0188000 -0.0162996 -0.0193071 -0.0160161 -0.0212635 -0.0204599 -0.0085225 -0.0241273 -0.0265170 -0.0141088 0.0007808 0.0030046 0.0141293 -0.0160800 -0.0185654 0.0025916 -0.0198420 -0.0086132 -0.0266253 -0.0363691 -0.0140163 -0.0107785 -0.0301162 0.0031231 -0.0061928 -0.0274657 -0.0223525 -0.0180618 -0.0073578 0.0145537 -0.0156472 0.0108131 -0.0066449 0.0114681 -0.0169455 -0.0217594 -0.0088582 -0.0026926 -0.0123228 0.0025089 -0.0058218 -0.0151869 -0.0111886 -0.0120639 -0.0141847 -0.0145046 0.0026297 -0.0048909 0.0074591 -0.0009286 -0.0081781 -0.0090542 0.0033241 0.0023705 -0.0060808 -0.0038302 -0.0125027 -0.0219706 -0.0231143 0.0093712 -0.0167183 -0.0106952 -0.0118585 -0.0250659 0.0063473 -0.0105628 0.0046560 -0.0041910 -0.0030834 -0.0093754 0.0096850 -0.0157167 -0.0138688 0.0005471 -0.0059008
-0.0143137 -0.0214181 0.9836421 -0.0216692 0.0391434 -0.0127594 0.0038275 -0.0284127 -0.0076072 -0.0064452 0.0130768 -0.0079404 -0.0112838 -0.0153170 -0.0207013 -0.0105851 0.0179103 0.0040030 -0.0038414 -0.0170346 -0.0181344 0.0001418 -0.0215847 -0.0038140 -0.0252457 -0.0045369 -0.0191756 0.0025432 -0.0100043 -0.0201570 -0.0168402 -0.0014223 -0.0107855 -0.0112055 -0.0103653 -0.0160497 0.0073450 -0.0040209 -0.0161528 -0.0092807 -0.0158942 -0.0265980 -0.0292026 -0.0218197 -0.0031534 -0.0013968 -0.0010289 -0.0155188 -0.0040843 -0.0036109 -0.0107744 -0.0170115 -0.0076208 0.0041395 -0.0095266 -0.0195444 0.0107714 -0.0026559 0.0063723 -0.0154674 -0.0217569 -0.0188827 -0.0203788 -0.0132957 -0.0102241 -0.0159577 -0.0166017 -0.0012454 0.0001883 -0.0201951 0.0019932 -0.0039564 0.0013793 -0.0168747 -0.0095461 -0.0161934 -0.0226227 -0.0099782 -0.0115625 0.0119798 -0.0120374
0.2466326 -0.0210124 -0.0216692 1.1243080 -0.2816393 -0.0049978 -0.0035572 0.2771134 -0.0026993 -0.2960242 -0.3267893 0.2626878 -0.0272934 -0.0292114 -0.0171499 0.2665900 -0.2880371 -0.3191055 -0.3077349 0.2838923 -0.0193764 -0.3072760 0.2756401 0.0151284 0.2825229 0.2791187 -0.0044880 0.0064225 -0.0132759 -0.3217279 0.2824355 -0.0249877 0.2721210 0.2902753 -0.3148225 -0.3174663 -0.0268962 -0.3341227 0.0018646 -0.3308174 -0.0071579 0.2779585 0.2941584 -0.0322728 0.0118538 -0.2964525 -0.0197206 0.2804620 -0.0244043 -0.0195261 -0.0158277 0.2803056 -0.0168713 -0.3210907 0.0122245 -0.0119848 -0.3089570 -0.0100760 -0.3058365 -0.0104821 0.0038952 -0.0152912 0.2879702 0.2887298 0.2855634 -0.3063622 0.2868000 -0.0158951 -0.0189378 0.2814184 -0.3224877 0.0035208 -0.3173367 -0.0195298 -0.0305094 -0.0334062 -0.2812848 0.2766776 -0.0224156 -0.3093573 -0.0109261
-0.2888573 0.0217571 0.0391434 -0.2816393 1.2503856 -0.0255680 0.0284353 -0.3058671 -0.0426689 0.2800803 0.2374746 -0.2749259 -0.0125586 -0.0230345 -0.0057968 -0.2899861 0.3011016 0.2732283 0.3620687 -0.2871318 -0.0298893 0.2906201 -0.2975456 0.0565580 -0.2985381 -0.3052755 -0.0368205 -0.0242089 -0.0413189 0.2885442 -0.2945721 -0.0306517 -0.2823408 -0.3026381 0.2614827 0.3256685 -0.0040548 0.3083022 0.0344866 0.2990816 -0.0189297 -0.3098880 -0.3177296 0.0229330 -0.0366396 0.3103409 -0.0191245 -0.2955346 0.0102813 -0.0197387 -0.0116429 -0.2922590 0.0003370 0.2962751 0.0206700 -0.0072341 0.2798153 -0.0233955 0.3301804 0.0346554 0.0117975 -0.0228770 -0.2969777 -0.2929431 -0.2966897 0.2614129 -0.2960233 -0.0095929 0.0015137 -0.2998738 0.2803650 0.0119901 0.2869521 -0.0170064 0.0198217 -0.0017319 0.2929102 -0.2806551 0.0284069 0.2987914 0.0026971
0.0134203 0.0117825 -0.0127594 -0.0049978 -0.0255680 1.1008830 0.0533077 0.0088742 -0.0159091 0.0048041 -0.0425143 0.0018327 -0.0184322 -0.0119148 -0.0293140 -0.0019099 -0.0334963 -0.0293318 -0.0395909 -0.0009710 -0.0213184 -0.0312104 -0.0037435 -0.0048984 0.0025159 0.0033550 -0.0333924 -0.0126093 -0.0317880 0.0022176 0.0005570 -0.0148490 0.0101070 0.0094953 -0.0335160 -0.0355248 -0.0075540 -0.0265669 -0.0046818 -0.0516660 -0.0206292 0.0111173 -0.0000852 -0.0173075 -0.0118477 0.0063648 -0.0138071 0.0071156 -0.0261340 -0.0185575 -0.0133881 -0.0028014 -0.0182194 -0.0414535 -0.0118369 0.0067859 -0.0257381 -0.0122741 -0.0352392 0.0096654 0.0013343 -0.0309892 0.0015169 0.0066637 0.0148508 -0.0267926 0.0050012 -0.0190754 -0.0151698 0.0096126 -0.0310693 -0.0008919 -0.0291932 -0.0167416 -0.0070824 -0.0080034 -0.0223462 0.0095705 -0.0001768 0.0084138 0.0014200
-0.0043616 0.0188000 0.0038275 -0.0035572 0.0284353 0.0533077 1.1431175 -0.0225096 -0.0262872 0.0410925 -0.0337345 -0.0100555 -0.0281404 -0.0236405 -0.0234766 -0.0140865 -0.0001770 -0.0224126 -0.0173220 -0.0185278 -0.0154998 -0.0062946 -0.0236887 0.0137819 -0.0277017 -0.0076759 -0.0355542 -0.0096700 -0.0311181 0.0141288 -0.0102348 -0.0308455 -0.0196349 -0.0168852 -0.0351178 -0.0183586 -0.0215714 -0.0064702 -0.0141264 -0.0340591 -0.0138514 -0.0144221 -0.0215178 -0.0041350 -0.0106369 0.0341679 -0.0180155 -0.0132525 -0.0133623 -0.0242535 -0.0126879 -0.0132117 -0.0177722 -0.0219348 -0.0067444 0.0125169 -0.0064215 -0.0155733 -0.0128671 0.0099644 0.0103315 -0.0208245 -0.0152678 -0.0091276 -0.0120231 -0.0022046 -0.0116893 -0.0274500 -0.0097127 -0.0113539 -0.0190092 0.0056247 -0.0229428 -0.0200176 -0.0171639 -0.0128944 -0.0060639 -0.0029361 0.0208184 0.0045435 -0.0089997
0.2766978 -0.0162996 -0.0284127 0.2771134 -0.3058671 0.0088742 -0.0225096 1.1781089 -0.0024211 -0.3034153 -0.3366907 0.2683455 -0.0133751 -0.0218182 -0.0179562 0.2814277 -0.3005568 -0.3246381 -0.3198155 0.2865924 -0.0211651 -0.3149266 0.2983066 0.0030224 0.2996098 0.2853869 -0.0133888 0.0054151 -0.0140450 -0.3271278 0.2972377 -0.0212384 0.2830311 0.2959361 -0.3195957 -0.3260075 -0.0225221 -0.3391311 0.0066079 -0.3363837 -0.0084195 0.3032819 0.3178569 -0.0326901 0.0017191 -0.3004752 -0.0145044 0.2890529 -0.0307248 -0.0228248 -0.0194083 0.2935492 -0.0269378 -0.3292736 0.0038599 -0.0054205 -0.3176106 -0.0098872 -0.3175264 -0.0064361 0.0127991 -0.0188848 0.2985494 0.2958145 0.2964311 -0.3115768 0.2974014 -0.0150749 -0.0166125 0.2955278 -0.3310423 0.0110404 -0.3270607 -0.0178701 -0.0315084 -0.0188358 -0.2882358 0.2821330 -0.0248444 -0.3181258 -0.0186295
0.0052143 -0.0193071 -0.0076072 -0.0026993 -0.0426689 -0.0159091 -0.0262872 -0.0024211 0.9507239 -0.0351629 -0.0073347 0.0041508 -0.0071346 -0.0019720 -0.0254910 0.0045000 -0.0216323 -0.0017425 -0.0242428 -0.0018930 -0.0046302 -0.0224159 -0.0009682 -0.0265035 0.0016061 0.0086068 0.0030035 -0.0045955 0.0139785 -0.0196121 -0.0091142 0.0162012 0.0014703 0.0037372 -0.0145515 -0.0166054 -0.0086360 -0.0254195 -0.0190913 -0.0037125 -0.0010491 0.0009574 -0.0060435 -0.0010859 0.0071486 -0.0280761 -0.0099051 -0.0017383 -0.0079213 -0.0001794 0.0036580 0.0002365 -0.0066154 -0.0001639 -0.0056867 -0.0156609 -0.0109590 -0.0066475 -0.0253476 -0.0189701 -0.0097988 -0.0039984 -0.0064114 0.0085044 0.0091935 -0.0159997 0.0011048 -0.0095511 0.0039330 0.0026611 -0.0070180 -0.0121897 -0.0138007 -0.0058173 -0.0044706 -0.0150584 -0.0186259 0.0027478 -0.0125074 -0.0146049 -0.0083901
-0.3175955 -0.0160161 -0.0064452 -0.2960242 0.2800803 0.0048041 0.0410925 -0.3034153 -0.0351629 1.2607880 0.2984466 -0.2927304 0.0082847 -0.0178028 0.0311424 -0.2972288 0.3098924 0.3123997 0.2809671 -0.2955858 -0.0159082 0.3064858 -0.3181468 -0.0180947 -0.3219274 -0.3314793 -0.0034146 -0.0142935 -0.0193417 0.3335589 -0.2882608 -0.0046533 -0.3032338 -0.3278717 0.3041096 0.3019599 -0.0102011 0.3443222 -0.0170172 0.3228824 0.0027569 -0.3198489 -0.3135049 0.0105534 -0.0268545 0.3520487 -0.0020714 -0.3138886 -0.0009306 -0.0087338 -0.0007496 -0.3139318 0.0088481 0.3348035 -0.0223234 0.0237151 0.3041315 -0.0084571 0.3114587 0.0054983 -0.0242814 0.0064667 -0.3036603 -0.3206424 -0.3256063 0.3178387 -0.3092083 0.0002483 -0.0047714 -0.3140491 0.3130099 -0.0327711 0.3110810 0.0084780 0.0266394 -0.0008380 0.2892317 -0.2962185 0.0267340 0.3084177 -0.0051481
-0.3185257 -0.0212635 0.0130768 -0.3267893 0.2374746 -0.0425143 -0.0337345 -0.3366907 -0.0073347 0.2984466 1.2016944 -0.3020096 0.0109302 0.0349152 0.0188821 -0.3247746 0.3255677 0.3551067 0.3068561 -0.3287516 0.0292690 0.3181489 -0.3346064 -0.0752455 -0.3364233 -0.3390171 -0.0008278 -0.0139738 -0.0072816 0.3345013 -0.3238671 0.0197064 -0.3222044 -0.3376395 0.3801956 0.3384022 0.0170894 0.3799100 -0.0494928 0.3822508 0.0037894 -0.3451495 -0.3476282 0.0143731 -0.0161595 0.2887700 0.0197159 -0.3273998 0.0278741 0.0114752 0.0180240 -0.3327519 0.0228301 0.3648312 -0.0283973 -0.0006740 0.3462990 0.0262570 0.3330483 -0.0245953 -0.0417211 0.0286121 -0.3284164 -0.3347262 -0.3358357 0.3354883 -0.3357385 0.0174069 0.0170416 -0.3371288 0.3570029 -0.0431673 0.3748451 0.0173832 0.0382989 0.0222575 0.2992021 -0.3202857 -0.0139371 0.3308221 -0.0173547
0.2831627 -0.0204599 -0.0079404 0.2626878 -0.2749259 0.0018327 -0.0100555 0.2683455 0.0041508 -0.2927304 -0.3020096 1.1306090 -0.0173852 -0.0102768 -0.0309143 0.2610952 -0.2817345 -0.2984125 -0.3010129 0.2608962 -0.0164539 -0.2990790 0.2664181 -0.0006314 0.2808660 0.2809414 -0.0183437 0.0103173 -0.0072183 -0.3003437 0.2630518 -0.0213163 0.2718697 0.2888519 -0.3029603 -0.3070797 -0.0016763 -0.3172882 0.0009364 -0.3245575 -0.0065346 0.2782409 0.2885273 -0.0298294 0.0075927 -0.2840336 -0.0117824 0.2673656 -0.0274850 -0.0152529 -0.0081316 0.2744481 -0.0222544 -0.3080133 0.0021599 -0.0129454 -0.2925399 -0.0041873 -0.2929564 -0.0129860 0.0096194 -0.0216338 0.2702496 0.2869241 0.2888425 -0.2957033 0.2771998 -0.0258915 -0.0166733 0.2775350 -0.3059411 0.0022109 -0.3074568 -0.0253273 -0.0320963 -0.0183530 -0.2751377 0.2701431 -0.0269676 -0.2873106 -0.0095950
-0.0419330 -0.0085225 -0.0112838 -0.0272934 -0.0125586 -0.0184322 -0.0281404 -0.0133751 -0.0071346 0.0082847 0.0109302 -0.0173852 0.9623727 -0.0108328 -0.0037229 -0.0309957 0.0052114 0.0150063 0.0083377 -0.0199788 -0.0080599 0.0108790 -0.0279986 -0.0189109 -0.0330910 -0.0311116 -0.0049922 -0.0111082 -0.0127090 -0.0011411 -0.0269105 -0.0062777 -0.0210360 -0.0284432 0.0176906 0.0175121 -0.0087888 0.0288548 -0.0132213 0.0253174 -0.0021293 -0.0287320 -0.0172929 -0.0056524 -0.0063214 0.0038338 -0.0037698 -0.0241762 0.0001015 -0.0053376 -0.0020776 -0.0257468 0.0034276 0.0184938 -0.0044174 -0.0052091 0.0223685 -0.0002468 0.0085824 -0.0095071 -0.0160373 0.0020636 -0.0177472 -0.0256658 -0.0271391 0.0167213 -0.0227375 0.0037598 -0.0103286 -0.0199682 0.0074546 -0.0118228 0.0228433 0.0004778 0.0028859 0.0040879 0.0067990 -0.0211273 -0.0226828 -0.0048324 -0.0154922
-0.0205795 -0.0241273 -0.0153170 -0.0292114 -0.0230345 -0.0119148 -0.0236405 -0.0218182 -0.0019720 -0.0178028 0.0349152 -0.0102768 -0.0108328 0.9593528 -0.0134610 -0.0215443 -0.0002143 0.0096881 -0.0077192 -0.0200575 -0.0031765 0.0042435 -0.0101796 -0.0239251 -0.0160327 -0.0089333 -0.0152722 -0.0119570 -0.0160738 -0.0099385 -0.0221840 0.0255476 -0.0126324 -0.0108892 0.0276097 -0.0040753 0.0076164 0.0000184 -0.0271545 0.0060535 -0.0027559 -0.0106539 -0.0218828 -0.0060856 -0.0087033 -0.0181465 -0.0079094 -0.0133766 -0.0092959 -0.0044815 0.0010240 -0.0110489 -0.0070076 0.0104028 -0.0090552 -0.0111789 0.0003372 -0.0009070 -0.0054461 -0.0098708 -0.0072164 -0.0065717 -0.0171721 -0.0021341 -0.0128880 -0.0128231 -0.0164848 -0.0079019 -0.0134151 -0.0129597 0.0120511 -0.0109246 0.0107997 -0.0029120 0.0002620 -0.0042678 -0.0014772 -0.0098967 -0.0102145 0.0015236 -0.0088603
-0.0376333 -0.0265170 -0.0207013 -0.0171499 -0.0057968 -0.0293140 -0.0234766 -0.0179562 -0.0254910 0.0311424 0.0188821 -0.0309143 -0.0037229 -0.0134610 1.0110960 -0.0316035 0.0318216 0.0139715 0.0058433 -0.0158953 -0.0106168 0.0036377 -0.0323455 -0.0208591 -0.0307123 -0.0379114 -0.0232788 -0.0017251 -0.0146200 -0.0005432 -0.0331759 -0.0220274 -0.0335672 -0.0331140 0.0221475 0.0129742 -0.0155014 0.0280492 -0.0138005 0.0103568 -0.0090525 -0.0234934 -0.0156969 -0.0121593 -0.0136093 0.0082216 -0.0109428 -0.0257439 -0.0006791 -0.0130886 -0.0152168 -0.0252732 0.0071312 0.0315334 -0.0006714 -0.0062155 0.0178139 -0.0111185 0.0250973 -0.0182185 -0.0098429 0.0022167 -0.0160071 -0.0254955 -0.0368783 0.0061155 -0.0163554 0.0079737 0.0004967 -0.0149524 -0.0053412 -0.0155667 0.0136900 -0.0063195 0.0010565 -0.0072403 0.0149363 -0.0220768 -0.0148043 0.0135215 -0.0114321
0.2764922 -0.0141088 -0.0105851 0.2665900 -0.2899861 -0.0019099 -0.0140865 0.2814277 0.0045000 -0.2972288 -0.3247746 0.2610952 -0.0309957 -0.0215443 -0.0316035 1.1758018 -0.2966681 -0.3144350 -0.3170563 0.2777889 -0.0122273 -0.3110241 0.2810186 -0.0101364 0.2929780 0.2965242 -0.0219515 0.0019540 0.0014916 -0.3115804 0.2671534 -0.0118988 0.2807266 0.3003304 -0.3173069 -0.3258813 -0.0125463 -0.3377561 -0.0056728 -0.3364778 -0.0161398 0.2972674 0.2948986 -0.0294512 0.0128794 -0.2946075 -0.0189293 0.2876799 -0.0383814 -0.0193144 -0.0151412 0.2872083 -0.0203957 -0.3246212 0.0011715 -0.0163430 -0.3087576 -0.0030137 -0.3154394 -0.0142692 0.0127439 -0.0223883 0.2873694 0.2953184 0.2979720 -0.3121759 0.2804433 -0.0307292 -0.0186224 0.2862621 -0.3159112 0.0054443 -0.3192990 -0.0292571 -0.0370588 -0.0244929 -0.2905401 0.2791143 -0.0203623 -0.3031454 -0.0085353
-0.3095697 0.0007808 0.0179103 -0.2880371 0.3011016 -0.0334963 -0.0001770 -0.3005568 -0.0216323 0.3098924 0.3255677 -0.2817345 0.0052114 -0.0002143 0.0318216 -0.2966681 1.2395928 0.3045246 0.3273003 -0.2933613 -0.0005613 0.3109120 -0.3114819 -0.0134885 -0.3162913 -0.3211450 -0.0068620 -0.0089818 -0.0217489 0.3215737 -0.2923158 -0.0012606 -0.2925285 -0.3224453 0.3114050 0.3172150 0.0027940 0.3462220 -0.0148601 0.3341860 -0.0079286 -0.3097095 -0.3112737 0.0218344 -0.0112366 0.2999599 0.0053664 -0.2990294 0.0171911 -0.0078976 0.0015452 -0.3101143 0.0207441 0.3219081 -0.0135527 0.0062607 0.3084124 -0.0038145 0.3279170 -0.0027396 -0.0230833 0.0114743 -0.2957810 -0.3072894 -0.3168496 0.3017583 -0.3021939 0.0169433 0.0173271 -0.3092684 0.3200324 -0.0224939 0.3180593 0.0114264 0.0339781 0.0098220 0.2817492 -0.2865555 0.0172254 0.3021750 -0.0091224
-0.3205020 0.0030046 0.0040030 -0.3191055 0.2732283 -0.0293318 -0.0224126 -0.3246381 -0.0017425 0.3123997 0.3551067 -0.2984125 0.0150063 0.0096881 0.0139715 -0.3144350 0.3045246 1.2294818 0.3281342 -0.3135013 0.0140010 0.3357188 -0.3262646 -0.0336860 -0.3308093 -0.3315069 0.0074397 -0.0085876 0.0058021 0.3404122 -0.3144855 0.0084172 -0.3122287 -0.3300967 0.3476250 0.3433157 0.0000640 0.3583787 -0.0257800 0.3746582 -0.0009257 -0.3314832 -0.3340027 0.0238014 -0.0143123 0.3010435 0.0061237 -0.3164656 0.0167134 0.0093069 0.0065943 -0.3233358 0.0174850 0.3625547 -0.0168829 -0.0007900 0.3284473 -0.0001343 0.3217464 -0.0056705 -0.0324528 0.0070911 -0.3222631 -0.3249967 -0.3294898 0.3363135 -0.3264789 0.0208906 0.0119207 -0.3254115 0.3606202 -0.0283600 0.3550790 0.0160001 0.0286896 0.0193513 0.3054889 -0.3086016 0.0038377 0.3278384 -0.0020336
-0.3322118 0.0141293 -0.0038414 -0.3077349 0.3620687 -0.0395909 -0.0173220 -0.3198155 -0.0242428 0.2809671 0.3068561 -0.3010129 0.0083377 -0.0077192 0.0058433 -0.3170563 0.3273003 0.3281342 1.1960846 -0.3019356 -0.0054726 0.3171923 -0.3276821 0.0128165 -0.3292693 -0.3429590 -0.0038390 -0.0159214 -0.0263081 0.3339468 -0.3082903 -0.0260700 -0.3144366 -0.3371965 0.3263241 0.3456651 -0.0170763 0.3558370 0.0032917 0.3630890 -0.0121297 -0.3331959 -0.3264207 0.0248340 -0.0231331 0.3017325 -0.0113382 -0.3194224 0.0197212 -0.0002523 0.0021145 -0.3235046 0.0200712 0.3404694 -0.0024414 -0.0036118 0.3187175 -0.0064194 0.3417964 0.0142646 -0.0162406 0.0020692 -0.3190775 -0.3300948 -0.3360995 0.3111390 -0.3171158 0.0125110 0.0044695 -0.3264637 0.3331930 -0.0141296 0.3391576 0.0140109 0.0285174 0.0044619 0.3020471 -0.3113349 0.0162943 0.3203247 -0.0048303
0.2547852 -0.0160800 -0.0170346 0.2838923 -0.2871318 -0.0009710 -0.0185278 0.2865924 -0.0018930 -0.2955858 -0.3287516 0.2608962 -0.0199788 -0.0200575 -0.0158953 0.2777889 -0.2933613 -0.3135013 -0.3019356 1.1582131 -0.0112312 -0.3054582 0.2854589 0.0045039 0.2852254 0.2844163 -0.0091331 0.0051254 -0.0049677 -0.3155825 0.2801317 -0.0166799 0.2747445 0.2930502 -0.3127449 -0.3128961 -0.0200718 -0.3313735 0.0044079 -0.3310504 -0.0155534 0.2961785 0.2968471 -0.0260658 0.0018501 -0.2961380 -0.0121924 0.2803794 -0.0244716 -0.0170676 -0.0159963 0.2888312 -0.0262075 -0.3195765 0.0018532 -0.0123718 -0.3063986 -0.0132683 -0.3057906 -0.0077162 0.0139929 -0.0207360 0.2829072 0.2869283 0.2934116 -0.2992495 0.2943141 -0.0160440 -0.0203805 0.2822602 -0.3188190 0.0063168 -0.3183007 -0.0203306 -0.0316756 -0.0208379 -0.2809573 0.2739381 -0.0292123 -0.3079747 -0.0214063
-0.0107083 -0.0185654 -0.0181344 -0.0193764 -0.0298893 -0.0213184 -0.0154998 -0.0211651 -0.0046302 -0.0159082 0.0292690 -0.0164539 -0.0080599 -0.0031765 -0.0106168 -0.0122273 -0.0005613 0.0140010 -0.0054726 -0.0112312 0.9911669 0.0045349 -0.0158623 -0.0259245 -0.0157690 -0.0128205 -0.0083613 0.0050362 -0.0050263 0.0083126 -0.0177245 -0.0119996 -0.0170082 -0.0133642 0.0194651 0.0053171 -0.0019529 0.0028483 -0.0205292 0.0155647 -0.0010623 -0.0139669 -0.0191530 -0.0036738 -0.0019064 -0.0073291 -0.0084035 -0.0121388 0.0023894 0.0067514 0.0055564 -0.0165715 -0.0009322 0.0152598 -0.0094080 -0.0140630 0.0117921 -0.0043416 -0.0029169 -0.0198586 -0.0140905 -0.0000891 -0.0199264 -0.0116889 -0.0127853 0.0038705 -0.0158740 -0.0027957 -0.0021330 -0.0178836 0.0159297 -0.0234619 0.0103465 0.0019637 -0.0011239 -0.0008769 0.0013205 -0.0122210 -0.0097776 0.0010893 -0.0081556
-0.3200471 0.0025916 0.0001418 -0.3072760 0.2906201 -0.0312104 -0.0062946 -0.3149266 -0.0224159 0.3064858 0.3181489 -0.2990790 0.0108790 0.0042435 0.0036377 -0.3110241 0.3109120 0.3357188 0.3171923 -0.3054582 0.0045349 1.1965122 -0.3217370 0.0008043 -0.3308621 -0.3347746 0.0118442 -0.0242826 -0.0116526 0.3166975 -0.3052483 -0.0060392 -0.3055201 -0.3340790 0.3344225 0.3414450 -0.0087907 0.3535094 -0.0139692 0.3561591 -0.0028168 -0.3279365 -0.3215165 0.0082955 -0.0248928 0.2967405 0.0011572 -0.3109378 0.0225281 0.0006125 0.0025662 -0.3177980 0.0137950 0.3390661 -0.0108650 -0.0074877 0.3221086 -0.0116340 0.3208367 0.0181439 -0.0294219 0.0076025 -0.3135146 -0.3247762 -0.3322410 0.3296847 -0.3136734 0.0159106 0.0020232 -0.3220556 0.3322082 -0.0008804 0.3272880 0.0207560 0.0299265 0.0124581 0.2949236 -0.3056402 0.0139586 0.3015367 0.0064019
0.2824480 -0.0198420 -0.0215847 0.2756401 -0.2975456 -0.0037435 -0.0236887 0.2983066 -0.0009682 -0.3181468 -0.3346064 0.2664181 -0.0279986 -0.0101796 -0.0323455 0.2810186 -0.3114819 -0.3262646 -0.3276821 0.2854589 -0.0158623 -0.3217370 1.1399996 -0.0083639 0.3085164 0.3067856 -0.0197444 -0.0019888 -0.0065826 -0.3249708 0.2663672 -0.0214485 0.2952768 0.3168169 -0.3331009 -0.3296256 -0.0084493 -0.3507464 0.0070334 -0.3510301 -0.0022958 0.3066463 0.3173226 -0.0278910 0.0043612 -0.3066893 -0.0145756 0.2999628 -0.0279806 -0.0106937 -0.0137983 0.3074747 -0.0348849 -0.3376727 -0.0051248 -0.0240977 -0.3172437 -0.0004759 -0.3257606 -0.0064786 0.0166541 -0.0306761 0.2953096 0.3100201 0.3082843 -0.3200523 0.2996897 -0.0214614 -0.0187755 0.3094040 -0.3340223 0.0087211 -0.3334338 -0.0254282 -0.0345981 -0.0187840 -0.3009567 0.2869079 -0.0265235 -0.3170688 -0.0190949
-0.0077197 -0.0086132 -0.0038140 0.0151284 0.0565580 -0.0048984 0.0137819 0.0030224 -0.0265035 -0.0180947 -0.0752455 -0.0006314 -0.0189109 -0.0239251 -0.0208591 -0.0101364 -0.0134885 -0.0336860 0.0128165 0.0045039 -0.0259245 0.0008043 -0.0083639 0.9985789 -0.0051233 -0.0075552 -0.0246662 -0.0201706 -0.0311164 -0.0363954 0.0015157 -0.0286799 -0.0046474 -0.0066387 -0.0419525 -0.0005242 -0.0330029 -0.0279854 0.0534877 -0.0407428 -0.0164486 0.0021129 0.0020134 -0.0200967 -0.0234584 -0.0006219 -0.0223219 -0.0052195 -0.0119070 -0.0317694 -0.0162744 -0.0013362 -0.0080338 -0.0295334 0.0027476 -0.0174560 -0.0366340 -0.0264454 0.0333488 0.0073512 0.0171289 -0.0162604 0.0057148 0.0014482 -0.0014715 -0.0343821 0.0015891 -0.0158470 -0.0200472 -0.0029825 -0.0369797 0.0137388 -0.0225929 -0.0124694 -0.0132259 -0.0154004 0.0159764 0.0087776 0.0116458 -0.0216432 -0.0040106
0.2993044 -0.0266253 -0.0252457 0.2825229 -0.2985381 0.0025159 -0.0277017 0.2996098 0.0016061 -0.3219274 -0.3364233 0.2808660 -0.0330910 -0.0160327 -0.0307123 0.2929780 -0.3162913 -0.3308093 -0.3292693 0.2852254 -0.0157690 -0.3308621 0.3085164 -0.0051233 1.1640531 0.3130233 -0.0181794 0.0058446 -0.0077522 -0.3271185 0.2739640 -0.0134553 0.2945079 0.3186234 -0.3368156 -0.3360293 -0.0108205 -0.3538637 0.0000950 -0.3551355 -0.0033654 0.3197646 0.3206127 -0.0304137 0.0055796 -0.3085667 -0.0098764 0.2952260 -0.0315558 -0.0128783 -0.0141125 0.3033179 -0.0260747 -0.3380811 0.0028266 -0.0174541 -0.3221455 -0.0071408 -0.3290326 -0.0176511 0.0148402 -0.0383446 0.2975493 0.3113116 0.3182563 -0.3240162 0.3117250 -0.0233736 -0.0202835 0.3155341 -0.3382778 0.0052204 -0.3397772 -0.0251514 -0.0406203 -0.0243876 -0.3036687 0.2924510 -0.0240266 -0.3162210 -0.0192856
0.3210961 -0.0363691 -0.0045369 0.2791187 -0.3052755 0.0033550 -0.0076759 0.2853869 0.0086068 -0.3314793 -0.3390171 0.2809414 -0.0311116 -0.0089333 -0.0379114 0.2965242 -0.3211450 -0.3315069 -0.3429590 0.2844163 -0.0128205 -0.3347746 0.3067856 -0.0075552 0.3130233 1.1832098 -0.0295231 0.0074918 0.0013505 -0.3247547 0.2795525 -0.0103034 0.3054614 0.3402934 -0.3484207 -0.3540420 0.0045760 -0.3643755 -0.0100547 -0.3679311 -0.0030522 0.3290495 0.3006487 -0.0325959 0.0097855 -0.3115350 -0.0177742 0.3144121 -0.0341615 -0.0129782 -0.0091617 0.3143198 -0.0403280 -0.3493293 -0.0009555 -0.0220878 -0.3238085 -0.0035824 -0.3394542 -0.0211810 0.0178709 -0.0288028 0.3092118 0.3333533 0.3335660 -0.3390642 0.3049529 -0.0301169 -0.0165793 0.3251639 -0.3365223 0.0090489 -0.3524970 -0.0355238 -0.0386970 -0.0172629 -0.3163964 0.3010327 -0.0166679 -0.3239942 -0.0083425
-0.0279959 -0.0140163 -0.0191756 -0.0044880 -0.0368205 -0.0333924 -0.0355542 -0.0133888 0.0030035 -0.0034146 -0.0008278 -0.0183437 -0.0049922 -0.0152722 -0.0232788 -0.0219515 -0.0068620 0.0074397 -0.0038390 -0.0091331 -0.0083613 0.0118442 -0.0197444 -0.0246662 -0.0181794 -0.0295231 0.9385409 -0.0027623 0.0075234 -0.0077442 -0.0086051 0.0078893 -0.0093762 -0.0151296 0.0261507 0.0042842 -0.0141862 -0.0035306 -0.0131192 0.0170474 -0.0060870 -0.0149054 -0.0115039 -0.0083598 -0.0096418 -0.0131208 0.0000076 -0.0067152 0.0003408 0.0083350 -0.0027031 -0.0138930 0.0006457 0.0105661 -0.0099034 -0.0001127 0.0013133 -0.0221506 -0.0004862 -0.0099164 -0.0112035 -0.0030732 -0.0141584 -0.0199844 -0.0202304 0.0155556 -0.0157688 -0.0109229 -0.0141908 -0.0169155 0.0052102 -0.0060736 -0.0005496 0.0024564 -0.0063738 -0.0137709 0.0060883 -0.0157025 -0.0137538 -0.0050503 -0.0110326
0.0050263 -0.0107785 0.0025432 0.0064225 -0.0242089 -0.0126093 -0.0096700 0.0054151 -0.0045955 -0.0142935 -0.0139738 0.0103173 -0.0111082 -0.0119570 -0.0017251 0.0019540 -0.0089818 -0.0085876 -0.0159214 0.0051254 0.0050362 -0.0242826 -0.0019888 -0.0201706 0.0058446 0.0074918 -0.0027623 1.0139321 -0.0068924 -0.0257618 -0.0016672 -0.0091418 0.0054152 0.0091495 -0.0174074 -0.0158566 -0.0021665 -0.0151673 -0.0129988 -0.0151023 -0.0098909 0.0072488 0.0018149 0.0046154 0.0105976 -0.0194539 -0.0050797 0.0057657 -0.0059775 -0.0027960 -0.0004422 0.0037369 -0.0069955 -0.0151063 -0.0017875 -0.0069851 -0.0142486 -0.0010247 -0.0184224 -0.0117864 -0.0049668 -0.0064764 0.0103554 0.0092781 0.0091216 -0.0142407 0.0040203 -0.0052521 0.0041489 0.0020111 -0.0085430 -0.0074249 -0.0134719 -0.0065342 -0.0053496 -0.0029860 -0.0208849 0.0075616 -0.0103029 -0.0182671 -0.0087354
-0.0076965 -0.0301162 -0.0100043 -0.0132759 -0.0413189 -0.0317880 -0.0311181 -0.0140450 0.0139785 -0.0193417 -0.0072816 -0.0072183 -0.0127090 -0.0160738 -0.0146200 0.0014916 -0.0217489 0.0058021 -0.0263081 -0.0049677 -0.0050263 -0.0116526 -0.0065826 -0.0311164 -0.0077522 0.0013505 0.0075234 -0.0068924 0.9604095 -0.0177307 -0.0155873 0.0046654 -0.0022034 0.0008287 0.0060951 -0.0064149 -0.0052532 -0.0239177 -0.0235587 0.0008437 0.0057962 -0.0015321 -0.0138358 -0.0097112 -0.0012433 -0.0194124 -0.0082328 -0.0048094 -0.0147223 0.0067638 0.0057616 -0.0051164 -0.0096115 0.0034601 -0.0074291 -0.0073167 -0.0087706 -0.0153153 -0.0247761 -0.0234044 -0.0091627 -0.0191523 0.0010828 0.0045629 -0.0035919 0.0022309 -0.0041902 -0.0038701 -0.0060701 -0.0055257 -0.0020429 -0.0062016 -0.0055847 -0.0020648 -0.0128582 -0.0027124 -0.0134258 -0.0047158 -0.0153430 -0.0042614 -0.0069837
-0.3107591 0.0031231 -0.0201570 -0.3217279 0.2885442 0.0022176 0.0141288 -0.3271278 -0.0196121 0.3335589 0.3345013 -0.3003437 -0.0011411 -0.0099385 -0.0005432 -0.3115804 0.3215737 0.3404122 0.3339468 -0.3155825 0.0083126 0.3166975 -0.3249708 -0.0363954 -0.3271185 -0.3247547 -0.0077442 -0.0257618 -0.0177307 1.2345723 -0.3130573 -0.0184877 -0.3149124 -0.3334529 0.3159676 0.3194459 -0.0048164 0.3663555 -0.0191790 0.3497865 -0.0065176 -0.3315391 -0.3309674 0.0203448 -0.0242048 0.3415011 -0.0078921 -0.3192494 0.0123408 -0.0019304 0.0021733 -0.3221149 0.0075967 0.3525433 -0.0177814 0.0017049 0.3154203 -0.0012640 0.3319656 -0.0123888 -0.0230211 0.0177236 -0.3216945 -0.3249298 -0.3230828 0.3043235 -0.3272240 -0.0020135 0.0001952 -0.3267971 0.3320470 -0.0289436 0.3345001 0.0099736 0.0262365 0.0041531 0.2974319 -0.3082389 0.0145812 0.3379900 0.0002364
0.2547453 -0.0061928 -0.0168402 0.2824355 -0.2945721 0.0005570 -0.0102348 0.2972377 -0.0091142 -0.2882608 -0.3238671 0.2630518 -0.0269105 -0.0221840 -0.0331759 0.2671534 -0.2923158 -0.3144855 -0.3082903 0.2801317 -0.0177245 -0.3052483 0.2663672 0.0015157 0.2739640 0.2795525 -0.0086051 -0.0016672 -0.0155873 -0.3130573 1.1169171 -0.0289618 0.2678387 0.2754734 -0.3111980 -0.3166422 -0.0145493 -0.3199486 0.0075072 -0.3228006 -0.0139013 0.2925164 0.2950351 -0.0343485 -0.0021752 -0.2976356 -0.0192067 0.2760963 -0.0254405 -0.0195256 -0.0171627 0.2778475 -0.0290068 -0.3174688 0.0099554 -0.0015528 -0.3086197 -0.0106391 -0.3039492 -0.0117412 0.0036869 -0.0220720 0.2840291 0.2806704 0.2703243 -0.2960517 0.2867209 -0.0104161 -0.0285519 0.2710566 -0.3193144 0.0044998 -0.3161854 -0.0223560 -0.0354073 -0.0251805 -0.2764297 0.2697975 -0.0291339 -0.3081325 -0.0181019
0.0005643 -0.0274657 -0.0014223 -0.0249877 -0.0306517 -0.0148490 -0.0308455 -0.0212384 0.0162012 -0.0046533 0.0197064 -0.0213163 -0.0062777 0.0255476 -0.0220274 -0.0118988 -0.0012606 0.0084172 -0.0260700 -0.0166799 -0.0119996 -0.0060392 -0.0214485 -0.0286799 -0.0134553 -0.0103034 0.0078893 -0.0091418 0.0046654 -0.0184877 -0.0289618 0.9484608 -0.0095926 -0.0118452 0.0273511 -0.0009727 0.0018290 -0.0052778 -0.0209726 0.0076852 -0.0051859 -0.0071438 -0.0147014 -0.0077427 0.0009066 -0.0250032 -0.0057249 -0.0083504 -0.0125195 0.0059260 0.0037244 -0.0077523 -0.0082044 0.0053142 -0.0103933 -0.0071634 0.0065868 -0.0079568 -0.0046995 -0.0140433 -0.0110036 -0.0035920 -0.0191611 -0.0103412 -0.0128556 0.0110839 -0.0212586 -0.0141455 -0.0066704 -0.0105432 0.0105770 -0.0102373 0.0091066 -0.0049601 -0.0098987 -0.0035391 -0.0071214 -0.0117668 -0.0159215 0.0000717 -0.0129524
0.2924579 -0.0223525 -0.0107855 0.2721210 -0.2823408 0.0101070 -0.0196349 0.2830311 0.0014703 -0.3032338 -0.3222044 0.2718697 -0.0210360 -0.0126324 -0.0335672 0.2807266 -0.2925285 -0.3122287 -0.3144366 0.2747445 -0.0170082 -0.3055201 0.2952768 -0.0046474 0.2945079 0.3054614 -0.0093762 0.0054152 -0.0022034 -0.3149124 0.2678387 -0.0095926 1.1339722 0.2978280 -0.3145790 -0.3151650 -0.0028517 -0.3306271 -0.0005238 -0.3334631 -0.0040076 0.2946641 0.2953235 -0.0273850 0.0090039 -0.2922938 -0.0128719 0.2876800 -0.0262664 -0.0115041 -0.0048597 0.2896908 -0.0247210 -0.3183534 0.0049886 -0.0136663 -0.3025480 -0.0007153 -0.3059730 -0.0071097 0.0200302 -0.0266811 0.2836925 0.2997831 0.2997202 -0.3041006 0.2875365 -0.0202596 -0.0200985 0.2879460 -0.3146281 0.0081365 -0.3163038 -0.0239640 -0.0357246 -0.0202897 -0.2849588 0.2796819 -0.0152219 -0.2982646 -0.0080725
0.3173826 -0.0180618 -0.0112055 0.2902753 -0.3026381 0.0094953 -0.0168852 0.2959361 0.0037372 -0.3278717 -0.3376395 0.2888519 -0.0284432 -0.0108892 -0.0331140 0.3003304 -0.3224453 -0.3300967 -0.3371965 0.2930502 -0.0133642 -0.3340790 0.3168169 -0.0066387 0.3186234 0.3402934 -0.0151296 0.0091495 0.0008287 -0.3334529 0.2754734 -0.0118452 0.2978280 1.1683115 -0.3428474 -0.3471345 0.0002356 -0.3594454 -0.0024762 -0.3623680 -0.0059595 0.3304148 0.3063835 -0.0279186 0.0068070 -0.3142130 -0.0141699 0.3123564 -0.0347732 -0.0076681 -0.0085970 0.3194408 -0.0307329 -0.3453291 -0.0000832 -0.0172126 -0.3232535 -0.0006498 -0.3327452 -0.0162914 0.0161319 -0.0304028 0.3086885 0.3278235 0.3310615 -0.3301842 0.3073276 -0.0260162 -0.0212240 0.3218858 -0.3322234 0.0102634 -0.3440184 -0.0294636 -0.0397736 -0.0191976 -0.3083801 0.2995391 -0.0206321 -0.3217817 -0.0123147
-0.3308826 -0.0073578 -0.0103653 -0.3148225 0.2614827 -0.0335160 -0.0351178 -0.3195957 -0.0145515 0.3041096 0.3801956 -0.3029603 0.0176906 0.0276097 0.0221475 -0.3173069 0.3114050 0.3476250 0.3263241 -0.3127449 0.0194651 0.3344225 -0.3331009 -0.0419525 -0.3368156 -0.3484207 0.0261507 -0.0174074 0.0060951 0.3159676 -0.3111980 0.0273511 -0.3145790 -0.3428474 1.1747538 0.3569857 -0.0030584 0.3597758 -0.0209471 0.3861704 0.0089535 -0.3353738 -0.3291299 0.0184123 -0.0223735 0.2930130 0.0039124 -0.3219545 0.0314548 0.0163468 0.0080721 -0.3261791 0.0183222 0.3650462 -0.0192353 0.0023586 0.3367775 -0.0048818 0.3319080 -0.0098358 -0.0322220 0.0302634 -0.3203683 -0.3327789 -0.3415013 0.3340855 -0.3250734 0.0128230 0.0021881 -0.3308142 0.3490060 -0.0313579 0.3574590 0.0185792 0.0333730 0.0136354 0.3066324 -0.3103182 -0.0000784 0.3180160 -0.0016819
-0.3347247 0.0145537 -0.0160497 -0.3174663 0.3256685 -0.0355248 -0.0183586 -0.3260075 -0.0166054 0.3019599 0.3384022 -0.3070797 0.0175121 -0.0040753 0.0129742 -0.3258813 0.3172150 0.3433157 0.3456651 -0.3128961 0.0053171 0.3414450 -0.3296256 -0.0005242 -0.3360293 -0.3540420 0.0042842 -0.0158566 -0.0064149 0.3194459 -0.3166422 -0.0009727 -0.3151650 -0.3471345 0.3569857 1.1677858 -0.0038507 0.3640918 0.0107652 0.3831477 -0.0011290 -0.3386627 -0.3363768 0.0245816 -0.0240393 0.3092916 -0.0017615 -0.3227628 0.0183089 0.0071063 0.0041166 -0.3280755 0.0241537 0.3651089 -0.0001248 -0.0054332 0.3327383 -0.0163848 0.3567678 0.0076386 -0.0218060 0.0111064 -0.3256788 -0.3345702 -0.3430276 0.3328162 -0.3259245 0.0120555 0.0068655 -0.3317637 0.3452336 -0.0237235 0.3541245 0.0237585 0.0337665 0.0154816 0.3217390 -0.3143312 0.0116611 0.3113440 -0.0005074
0.0122840 -0.0156472 0.0073450 -0.0268962 -0.0040548 -0.0075540 -0.0215714 -0.0225221 -0.0086360 -0.0102011 0.0170894 -0.0016763 -0.0087888 0.0076164 -0.0155014 -0.0125463 0.0027940 0.0000640 -0.0170763 -0.0200718 -0.0019529 -0.0087907 -0.0084493 -0.0330029 -0.0108205 0.0045760 -0.0141862 -0.0021665 -0.0052532 -0.0048164 -0.0145493 0.0018290 -0.0028517 0.0002356 -0.0030584 -0.0038507 0.9703714 0.0039132 -0.0218299 -0.0036184 -0.0046235 -0.0122768 -0.0111166 -0.0026014 -0.0021463 -0.0092005 0.0115523 -0.0069300 -0.0117451 0.0074613 0.0015908 -0.0111574 -0.0064348 0.0017074 -0.0110417 -0.0144013 0.0148208 0.0039262 0.0051410 -0.0218576 -0.0139253 -0.0104381 -0.0215924 0.0012944 0.0041894 -0.0142655 -0.0136915 0.0010934 0.0080812 -0.0072313 0.0098058 -0.0076043 0.0032496 -0.0060744 -0.0025156 0.0037005 -0.0163236 -0.0116118 -0.0149297 -0.0021471 -0.0048652
-0.3464982 0.0108131 -0.0040209 -0.3341227 0.3083022 -0.0265669 -0.0064702 -0.3391311 -0.0254195 0.3443222 0.3799100 -0.3172882 0.0288548 0.0000184 0.0280492 -0.3377561 0.3462220 0.3583787 0.3558370 -0.3313735 0.0028483 0.3535094 -0.3507464 -0.0279854 -0.3538637 -0.3643755 -0.0035306 -0.0151673 -0.0239177 0.3663555 -0.3199486 -0.0052778 -0.3306271 -0.3594454 0.3597758 0.3640918 0.0039132 1.2524409 -0.0244875 0.3838256 -0.0058279 -0.3558179 -0.3501395 0.0202164 -0.0229736 0.3314393 0.0111197 -0.3408855 0.0257355 -0.0016432 0.0094081 -0.3440081 0.0247074 0.3756430 -0.0111010 0.0017375 0.3543794 -0.0015909 0.3573481 0.0055368 -0.0353659 0.0340577 -0.3367247 -0.3514040 -0.3540207 0.3379056 -0.3405403 0.0187905 0.0112065 -0.3461293 0.3688553 -0.0289416 0.3725375 0.0121716 0.0399605 0.0213411 0.3198431 -0.3296839 0.0005701 0.3332825 -0.0073413
-0.0033925 -0.0066449 -0.0161528 0.0018646 0.0344866 -0.0046818 -0.0141264 0.0066079 -0.0190913 -0.0170172 -0.0494928 0.0009364 -0.0132213 -0.0271545 -0.0138005 -0.0056728 -0.0148601 -0.0257800 0.0032917 0.0044079 -0.0205292 -0.0139692 0.0070334 0.0534877 0.0000950 -0.0100547 -0.0131192 -0.0129988 -0.0235587 -0.0191790 0.0075072 -0.0209726 -0.0005238 -0.0024762 -0.0209471 0.0107652 -0.0218299 -0.0244875 0.9774714 -0.0193820 -0.0080743 0.0081706 -0.0019160 -0.0129929 -0.0127424 -0.0077138 -0.0148667 0.0025691 -0.0083254 -0.0202510 -0.0116315 0.0037041 -0.0093464 -0.0198751 0.0097981 -0.0086176 -0.0232380 -0.0192544 0.0290163 0.0001084 0.0162177 -0.0172985 0.0033761 0.0009134 -0.0026092 -0.0154137 0.0098064 -0.0061978 -0.0044615 0.0024169 -0.0267096 0.0015608 -0.0314466 -0.0092373 -0.0083983 -0.0115745 0.0185638 0.0080655 0.0010093 -0.0228523 -0.0088417
-0.3494494 0.0114681 -0.0092807 -0.3308174 0.2990816 -0.0516660 -0.0340591 -0.3363837 -0.0037125 0.3228824 0.3822508 -0.3245575 0.0253174 0.0060535 0.0103568 -0.3364778 0.3341860 0.3746582 0.3630890 -0.3310504 0.0155647 0.3561591 -0.3510301 -0.0407428 -0.3551355 -0.3679311 0.0170474 -0.0151023 0.0008437 0.3497865 -0.3228006 0.0076852 -0.3334631 -0.3623680 0.3861704 0.3831477 -0.0036184 0.3838256 -0.0193820 1.2012748 -0.0030077 -0.3515027 -0.3499477 0.0366624 -0.0229108 0.3179811 0.0090048 -0.3365064 0.0271891 0.0160164 0.0066691 -0.3434197 0.0189443 0.3877422 -0.0122611 0.0025304 0.3532395 -0.0099625 0.3446902 -0.0079013 -0.0354535 0.0186275 -0.3401234 -0.3527129 -0.3564245 0.3529875 -0.3392704 0.0272194 0.0044231 -0.3502147 0.3716114 -0.0306031 0.3847995 0.0302347 0.0325012 0.0141934 0.3188911 -0.3315862 0.0014778 0.3363317 0.0002094
-0.0046828 -0.0169455 -0.0158942 -0.0071579 -0.0189297 -0.0206292 -0.0138514 -0.0084195 -0.0010491 0.0027569 0.0037894 -0.0065346 -0.0021293 -0.0027559 -0.0090525 -0.0161398 -0.0079286 -0.0009257 -0.0121297 -0.0155534 -0.0010623 -0.0028168 -0.0022958 -0.0164486 -0.0033654 -0.0030522 -0.0060870 -0.0098909 0.0057962 -0.0065176 -0.0139013 -0.0051859 -0.0040076 -0.0059595 0.0089535 -0.0011290 -0.0046235 -0.0058279 -0.0080743 -0.0030077 0.9627541 -0.0084007 -0.0073417 -0.0099550 -0.0074852 -0.0086439 -0.0063866 -0.0031883 -0.0063984 0.0079035 0.0051052 -0.0026906 -0.0035539 0.0031614 -0.0089614 -0.0045115 0.0006403 -0.0077741 -0.0027737 -0.0084415 -0.0006808 -0.0025132 -0.0075719 -0.0015368 0.0009113 -0.0051085 -0.0073574 -0.0090629 -0.0042800 -0.0011484 -0.0004600 -0.0008041 -0.0036511 -0.0050672 -0.0064628 -0.0056892 -0.0002366 -0.0039555 -0.0002241 -0.0080970 -0.0063242
0.3104900 -0.0217594 -0.0265980 0.2779585 -0.3098880 0.0111173 -0.0144221 0.3032819 0.0009574 -0.3198489 -0.3451495 0.2782409 -0.0287320 -0.0106539 -0.0234934 0.2972674 -0.3097095 -0.3314832 -0.3331959 0.2961785 -0.0139669 -0.3279365 0.3066463 0.0021129 0.3197646 0.3290495 -0.0149054 0.0072488 -0.0015321 -0.3315391 0.2925164 -0.0071438 0.2946641 0.3304148 -0.3353738 -0.3386627 -0.0122768 -0.3558179 0.0081706 -0.3515027 -0.0084007 1.1484345 0.3075503 -0.0285440 0.0063856 -0.3087851 -0.0092677 0.3066188 -0.0286020 -0.0131048 -0.0117361 0.3059925 -0.0233551 -0.3408848 0.0005501 -0.0124502 -0.3208131 -0.0014068 -0.3264790 -0.0117846 0.0160883 -0.0339003 0.3052444 0.3174816 0.3120071 -0.3206043 0.3102821 -0.0227745 -0.0202516 0.3181400 -0.3346090 0.0153832 -0.3391489 -0.0188193 -0.0399260 -0.0209440 -0.3042766 0.2942777 -0.0223003 -0.3215938 -0.0144906
0.2862394 -0.0088582 -0.0292026 0.2941584 -0.3177296 -0.0000852 -0.0215178 0.3178569 -0.0060435 -0.3135049 -0.3476282 0.2885273 -0.0172929 -0.0218828 -0.0156969 0.2948986 -0.3112737 -0.3340027 -0.3264207 0.2968471 -0.0191530 -0.3215165 0.3173226 0.0020134 0.3206127 0.3006487 -0.0115039 0.0018149 -0.0138358 -0.3309674 0.2950351 -0.0147014 0.2953235 0.3063835 -0.3291299 -0.3363768 -0.0111166 -0.3501395 -0.0019160 -0.3499477 -0.0073417 0.3075503 1.1601714 -0.0293681 0.0011517 -0.3100541 -0.0104604 0.2979581 -0.0205998 -0.0125019 -0.0168125 0.3110077 -0.0239609 -0.3403554 0.0045843 -0.0043173 -0.3291382 -0.0016991 -0.3251931 -0.0065245 0.0128200 -0.0243662 0.3091699 0.3049755 0.3080806 -0.3198951 0.3098423 -0.0196671 -0.0253953 0.3086165 -0.3402954 0.0106091 -0.3360410 -0.0245072 -0.0311238 -0.0238431 -0.3007827 0.2941070 -0.0307242 -0.3266593 -0.0144210
-0.0273205 -0.0026926 -0.0218197 -0.0322728 0.0229330 -0.0173075 -0.0041350 -0.0326901 -0.0010859 0.0105534 0.0143731 -0.0298294 -0.0056524 -0.0060856 -0.0121593 -0.0294512 0.0218344 0.0238014 0.0248340 -0.0260658 -0.0036738 0.0082955 -0.0278910 -0.0200967 -0.0304137 -0.0325959 -0.0083598 0.0046154 -0.0097112 0.0203448 -0.0343485 -0.0077427 -0.0273850 -0.0279186 0.0184123 0.0245816 -0.0026014 0.0202164 -0.0129929 0.0366624 -0.0099550 -0.0285440 -0.0293681 0.9969510 0.0033875 0.0156047 -0.0051387 -0.0314067 -0.0118118 -0.0051704 -0.0057576 -0.0298650 -0.0080030 0.0138494 0.0027791 -0.0087859 0.0192653 -0.0149549 0.0189259 -0.0172467 0.0049946 -0.0090075 -0.0280572 -0.0261690 -0.0290338 0.0327730 -0.0291087 -0.0107687 -0.0025156 -0.0300954 0.0288319 -0.0075500 0.0199778 -0.0010567 -0.0001074 0.0005054 0.0136567 -0.0270096 -0.0048006 0.0175792 -0.0064588
0.0060692 -0.0123228 -0.0031534 0.0118538 -0.0366396 -0.0118477 -0.0106369 0.0017191 0.0071486 -0.0268545 -0.0161595 0.0075927 -0.0063214 -0.0087033 -0.0136093 0.0128794 -0.0112366 -0.0143123 -0.0231331 0.0018501 -0.0019064 -0.0248928 0.0043612 -0.0234584 0.0055796 0.0097855 -0.0096418 0.0105976 -0.0012433 -0.0242048 -0.0021752 0.0009066 0.0090039 0.0068070 -0.0223735 -0.0240393 -0.0021463 -0.0229736 -0.0127424 -0.0229108 -0.0074852 0.0063856 0.0011517 0.0033875 1.0067058 -0.0241361 -0.0049348 0.0078104 0.0004105 -0.0045950 -0.0017685 0.0028830 -0.0046576 -0.0187714 -0.0052652 -0.0105285 -0.0151398 -0.0028467 -0.0325141 -0.0040397 -0.0094978 0.0014456 0.0065117 0.0073207 0.0078753 -0.0080776 0.0068846 -0.0065205 -0.0051704 0.0077567 -0.0050849 -0.0039583 -0.0103047 -0.0068696 -0.0090260 -0.0037355 -0.0208152 0.0112814 -0.0090211 -0.0130471 0.0019080
-0.2971253 0.0025089 -0.0013968 -0.2964525 0.3103409 0.0063648 0.0341679 -0.3004752 -0.0280761 0.3520487 0.2887700 -0.2840336 0.0038338 -0.0181465 0.0082216 -0.2946075 0.2999599 0.3010435 0.3017325 -0.2961380 -0.0073291 0.2967405 -0.3066893 -0.0006219 -0.3085667 -0.3115350 -0.0131208 -0.0194539 -0.0194124 0.3415011 -0.2976356 -0.0250032 -0.2922938 -0.3142130 0.2930130 0.3092916 -0.0092005 0.3314393 -0.0077138 0.3179811 -0.0086439 -0.3087851 -0.3100541 0.0156047 -0.0241361 1.2831525 -0.0028898 -0.3025381 0.0058889 -0.0041645 -0.0043201 -0.3014039 0.0056571 0.3091832 -0.0123516 0.0241266 0.2871490 -0.0177771 0.3037449 0.0104658 -0.0185440 -0.0021980 -0.3011000 -0.3023959 -0.3031224 0.3036229 -0.3014453 0.0051097 0.0028593 -0.3073657 0.3030155 -0.0179704 0.3069705 0.0005667 0.0255449 0.0051422 0.2817996 -0.2851645 0.0357940 0.3375505 0.0028845
