1.0436196 -0.0267542 -0.0171910 -0.0349135 -0.0083713 -0.0235730 0.0277431 -0.0346306 -0.0264882 -0.0121432 0.0215054 0.0314105 -0.0439495 -0.0367185 -0.0494546 -0.0340851 0.0589269 0.0484775 -0.0036823 -0.0137899 -0.0230630 0.0021752 -0.0341487 0.0168797 -0.0438620 -0.0142373 -0.0399914 0.0545032 -0.0107041 -0.0241804 0.0112980 0.0153055 -0.0365363 -0.0079107 -0.0058560 -0.0420599 -0.0000233 -0.0292507 -0.0042919 -0.0220615 -0.0142515 -0.0019358 -0.0000230 -0.0004086 0.0086180 -0.0225858 -0.0090949 0.0109997 -0.0058878 -0.0245380 -0.0580408 -0.0405285 -0.0697645 0.0142874 -0.0397176 0.0144738 -0.0024128 -0.0335542 0.0085494 -0.0280432 -0.0036342 0.0061754 -0.0044554 0.0563942 -0.0034290 -0.0110338 -0.0149344 0.0101748 -0.0073172 -0.0103212 0.0177444 0.0415906 0.0205462 0.0294235 -0.0569771 -0.0203795 -0.0437552 -0.0249723 -0.0165918 -0.0238155 -0.0466827
-0.0267542 1.0158260 -0.0051298 -0.0130084 -0.0130454 -0.0123060 -0.0227323 -0.0048054 -0.0152183 -0.0064607 -0.0191152 -0.0186150 0.0070455 -0.0108217 0.0077204 -0.0066195 -0.0209835 -0.0178493 -0.0034010 -0.0027204 -0.0043741 -0.0086629 -0.0159913 -0.0196396 -0.0114135 -0.0042123 -0.0101218 -0.0232357 -0.0149975 -0.0088392 -0.0180240 -0.0109189 0.0029188 -0.0096712 -0.0107553 -0.0117066 -0.0139685 -0.0038752 -0.0101289 0.0033926 -0.0072559 -0.0144475 -0.0103717 -0.0038316 -0.0156903 -0.0044348 -0.0134133 -0.0135762 -0.0082294 -0.0069351 0.0090693 -0.0031265 0.0117587 -0.0190715 -0.0005947 -0.0124992 -0.0097638 -0.0016731 -0.0102984 0.0002299 -0.0078497 -0.0091348 -0.0153887 -0.0205003 -0.0130801 -0.0042787 -0.0053447 -0.0198101 -0.0059296 -0.0056054 -0.0052920 -0.0196960 -0.0166260 -0.0193221 0.0090581 -0.0091985 0.0014897 -0.0009725 -0.0076228 -0.0032641 0.0030477
-0.0171910 -0.0051298 1.0328416 -0.0193835 -0.0140474 -0.0228261 -0.0129165 -0.0154498 -0.0145480 -0.0105146 -0.0126702 -0.0057694 -0.0160648 -0.0091061 -0.0152537 -0.0140956 -0.0063517 -0.0102076 -0.0161785 -0.0105861 -0.0200919 -0.0067080 -0.0178475 -0.0301288 -0.0084379 -0.0098712 -0.0063207 -0.0057828 -0.0111524 -0.0074254 -0.0091555 -0.0028300 -0.0137023 -0.0054654 -0.0022143 -0.0094301 -0.0180178 -0.0118988 -0.0092158 -0.0089910 -0.0078361 -0.0079869 -0.0173219 -0.0073435 -0.0109296 -0.0096774 -0.0134791 -0.0123423 -0.0073459 -0.0093927 -0.0096203 -0.0104764 -0.0069962 -0.0093619 -0.0097049 -0.0083359 -0.0107369 -0.0050697 -0.0064114 -0.0134304 -0.0099056 -0.0123690 -0.0106027 -0.0065739 -0.0092688 -0.0079926 -0.0067591 -0.0013173 -0.0104156 -0.0038822 -0.0102860 -0.0122207 -0.0066894 -0.0056986 -0.0115090 -0.0002244 -0.0063355 -0.0106755 0.0005456 -0.0159624 -0.0112443
-0.0349135 -0.0130084 -0.0193835 1.0532659 -0.0089941 -0.0046637 -0.0469537 0.0057419 -0.0016219 -0.0114134 -0.0424606 -0.0500008 0.0110733 0.0140406 0.0093185 -0.0137640 -0.0449616 -0.0406467 -0.0080366 -0.0124567 0.0020892 -0.0173400 -0.0104644 -0.0431006 0.0046745 -0.0099253 -0.0008108 -0.0569169 -0.0032815 0.0022691 -0.0245533 -0.0275690 0.0195445 -0.0151402 -0.0094709 0.0122243 -0.0162894 0.0144050 -0.0161922 0.0013209 -0.0055527 -0.0120700 -0.0171144 -0.0123581 -0.0255091 -0.0070195 -0.0065522 -0.0240717 -0.0123551 -0.0044050 0.0310807 0.0188604 0.0413774 -0.0221325 0.0210618 -0.0225378 -0.0096768 0.0078703 -0.0179274 -0.0051991 -0.0116180 -0.0220383 -0.0132144 -0.0469012 -0.0124884 -0.0085827 -0.0034673 -0.0239564 -0.0136078 -0.0038410 -0.0309492 -0.0485282 -0.0317859 -0.0285328 0.0372408 -0.0026662 0.0022304 0.0082642 -0.0132133 -0.0002018 0.0211569
-0.0083713 -0.0130454 -0.0140474 -0.0089941 1.0133771 -0.0128846 -0.0168704 -0.0085294 -0.0043469 -0.0220627 -0.0180309 -0.0179212 -0.0145860 -0.0100542 -0.0096144 -0.0125938 -0.0196613 -0.0075249 -0.0086489 -0.0097142 -0.0146920 -0.0142484 -0.0201653 -0.0217588 -0.0078834 -0.0132048 -0.0126837 -0.0119732 -0.0196087 -0.0127149 -0.0099116 -0.0158843 -0.0072699 -0.0076277 -0.0111381 -0.0073703 -0.0074327 -0.0140789 -0.0135565 -0.0034980 -0.0001054 -0.0027967 -0.0101727 -0.0121824 -0.0147044 -0.0081541 -0.0071538 -0.0116117 -0.0063245 -0.0119422 0.0011458 -0.0042013 -0.0099629 -0.0066228 -0.0083573 -0.0100529 -0.0137935 -0.0069557 -0.0033867 -0.0061423 -0.0166620 -0.0129867 -0.0121275 -0.0102333 -0.0035667 -0.0084708 -0.0060047 -0.0087236 -0.0186856 -0.0154596 -0.0129420 -0.0123726 -0.0105220 -0.0098017 -0.0006874 -0.0068816 -0.0071511 -0.0050589 -0.0009560 -0.0085723 -0.0028175
-0.0235730 -0.0123060 -0.0228261 -0.0046637 -0.0128846 1.0480740 -0.0405366 -0.0140123 -0.0071259 -0.0179699 -0.0273725 -0.0274805 0.0102687 0.0050768 0.0074789 -0.0046443 -0.0274559 -0.0311716 -0.0152845 -0.0062909 -0.0054139 -0.0162293 0.0010400 -0.0206443 0.0231719 -0.0080662 -0.0064255 -0.0445497 -0.0120476 0.0000225 -0.0167030 -0.0310299 0.0117334 -0.0112386 -0.0129011 0.0026554 -0.0117771 0.0022658 -0.0112761 -0.0037201 -0.0094671 -0.0174078 -0.0184075 -0.0126046 -0.0178323 0.0016872 -0.0079222 -0.0190501 -0.0092361 0.0032366 0.0252438 0.0067635 0.0202953 -0.0193451 0.0113775 -0.0226155 -0.0160847 -0.0062922 -0.0149422 0.0020981 -0.0114108 -0.0167496 -0.0188646 -0.0407281 -0.0080198 -0.0126391 0.0025397 -0.0144741 -0.0088554 -0.0022041 -0.0245923 -0.0358953 -0.0220479 -0.0260994 0.0237057 -0.0063665 0.0050362 -0.0013435 -0.0063813 0.0012372 0.0096093
0.0277431 -0.0227323 -0.0129165 -0.0469537 -0.0168704 -0.0405366 1.0935339 -0.0300822 -0.0309902 -0.0201476 0.0456512 0.0364413 -0.0527713 -0.0554450 -0.0629331 -0.0231917 0.0665615 0.0511753 -0.0104887 -0.0195940 -0.0218020 0.0075666 -0.0380782 0.0257361 -0.0410490 -0.0109172 -0.0301298 0.0769757 -0.0153000 -0.0308412 0.0273337 0.0362935 -0.0502461 -0.0013618 -0.0034552 -0.0452699 0.0076753 -0.0412082 0.0014388 -0.0273922 -0.0240561 -0.0028556 0.0044762 0.0036914 0.0050373 -0.0204269 -0.0135497 0.0147114 0.0014628 -0.0273501 -0.0704337 -0.0476779 -0.0816800 0.0266370 -0.0426800 0.0205515 0.0081383 -0.0375320 0.0116766 -0.0230067 -0.0032880 0.0069749 -0.0016565 0.0801389 0.0005836 -0.0129528 -0.0180225 0.0114549 -0.0055668 -0.0143669 0.0188010 0.0658177 0.0244681 0.0350233 -0.0693747 -0.0142226 -0.0437476 -0.0315274 -0.0131829 -0.0339375 -0.0576897
-0.0346306 -0.0048054 -0.0154498 0.0057419 -0.0085294 -0.0140123 -0.0300822 1.0340084 -0.0053161 -0.0038951 -0.0332064 -0.0231750 0.0090068 0.0134447 0.0148322 -0.0059205 -0.0339792 -0.0265394 -0.0096091 -0.0124394 0.0053076 -0.0247188 -0.0106299 -0.0358826 0.0020988 -0.0147862 0.0010995 -0.0325331 -0.0007479 -0.0049400 -0.0261698 -0.0286615 0.0119645 -0.0130368 -0.0135363 0.0122172 -0.0106595 0.0068109 -0.0122441 -0.0040298 -0.0040414 -0.0144991 -0.0194038 -0.0151159 -0.0166525 -0.0032396 -0.0104816 -0.0163924 -0.0116274 0.0031215 0.0231322 0.0064291 0.0285991 -0.0132991 0.0079802 -0.0137932 -0.0059780 -0.0001369 -0.0193906 -0.0002267 -0.0091306 -0.0185177 -0.0148351 -0.0354664 -0.0093774 0.0021229 0.0048079 -0.0182861 -0.0065386 -0.0042397 -0.0201165 -0.0346939 -0.0187054 -0.0322949 0.0231637 -0.0035529 0.0064463 0.0052515 0.0003916 0.0054134 0.0139865
-0.0264882 -0.0152183 -0.0145480 -0.0016219 -0.0043469 -0.0071259 -0.0309902 -0.0053161 1.0097853 -0.0171246 -0.0323841 -0.0278740 0.0099904 0.0018057 0.0098912 0.0002274 -0.0299456 -0.0304265 -0.0120399 -0.0070580 -0.0050782 -0.0119131 0.0038320 -0.0226958 -0.0078774 -0.0067795 -0.0018316 -0.0326007 -0.0103025 0.0032130 -0.0245872 -0.0063097 0.0059253 -0.0180774 -0.0141970 0.0084607 -0.0138706 0.0019464 -0.0156343 -0.0023583 0.0047815 -0.0116716 -0.0090861 -0.0101450 -0.0128044 -0.0062729 -0.0001883 -0.0199262 -0.0123268 -0.0068638 0.0184468 0.0061914 0.0194515 -0.0163202 0.0102815 -0.0178905 -0.0151317 0.0021513 -0.0139012 -0.0020933 -0.0058812 -0.0149502 -0.0137554 -0.0320092 -0.0050840 -0.0075049 -0.0072523 -0.0111094 -0.0050598 -0.0011186 -0.0198551 -0.0294393 -0.0102656 -0.0141842 0.0157560 -0.0057626 0.0043175 0.0044133 -0.0032264 0.0009426 0.0037246
-0.0121432 -0.0064607 -0.0105146 -0.0114134 -0.0220627 -0.0179699 -0.0201476 -0.0038951 -0.0171246 1.0256400 -0.0210814 -0.0122298 -0.0187126 -0.0033961 -0.0080112 -0.0131751 -0.0129927 -0.0071546 -0.0206436 -0.0042067 -0.0090726 -0.0114731 -0.0024452 -0.0112318 -0.0187578 -0.0150946 -0.0088042 -0.0031412 -0.0167295 -0.0153779 -0.0119010 -0.0084605 -0.0034595 -0.0110586 -0.0107999 -0.0072094 -0.0051847 -0.0128455 -0.0112953 -0.0102127 -0.0075467 -0.0126104 -0.0211986 -0.0114559 0.0002494 -0.0057599 -0.0123262 -0.0039498 -0.0120111 -0.0082856 -0.0062312 -0.0144782 -0.0077187 -0.0086909 -0.0060924 0.0028833 -0.0150602 -0.0130583 -0.0083196 -0.0060400 -0.0024182 -0.0120786 0.0000624 -0.0061423 -0.0043502 -0.0063167 -0.0074982 -0.0027722 -0.0047037 -0.0126702 -0.0069390 -0.0111775 -0.0151108 -0.0074853 -0.0030158 -0.0073668 -0.0150513 -0.0078572 -0.0063427 -0.0173498 -0.0115750
0.0215054 -0.0191152 -0.0126702 -0.0424606 -0.0180309 -0.0273725 0.0456512 -0.0332064 -0.0323841 -0.0210814 1.0630383 0.0630865 -0.0574196 -0.0460137 -0.0540122 -0.0316130 0.0573794 0.0559327 -0.0181977 -0.0143560 -0.0286190 0.0093779 -0.0322961 0.0260712 -0.0475114 -0.0135808 -0.0372886 0.0640885 -0.0150332 -0.0245278 0.0139177 0.0252015 -0.0549872 -0.0043700 -0.0075905 -0.0398048 0.0068270 -0.0458719 0.0024691 -0.0183130 -0.0211437 0.0056869 0.0024762 -0.0029877 0.0081121 -0.0234915 -0.0132245 0.0096863 0.0032975 -0.0248920 -0.0681166 -0.0372959 -0.0811075 0.0225702 -0.0420074 0.0108029 0.0010332 -0.0341967 0.0172700 -0.0242754 0.0077081 0.0023832 -0.0006321 0.0676156 -0.0062186 -0.0042999 -0.0228893 0.0004968 -0.0156741 -0.0156573 0.0201179 0.0549483 0.0169321 0.0319462 -0.0639234 -0.0099857 -0.0412636 -0.0272275 -0.0123831 -0.0312830 -0.0570335
0.0314105 -0.0186150 -0.0057694 -0.0500008 -0.0179212 -0.0274805 0.0364413 -0.0231750 -0.0278740 -0.0122298 0.0630865 1.0611254 -0.0504934 -0.0544054 -0.0597161 -0.0177962 0.0636903 0.0476891 0.0003417 -0.0052921 -0.0254906 0.0072549 -0.0235616 0.0371038 -0.0460883 -0.0044169 -0.0405016 0.0610242 -0.0029364 -0.0239637 0.0220248 0.0231993 -0.0440166 -0.0075384 -0.0025081 -0.0473279 0.0032655 -0.0377921 -0.0009861 -0.0163174 -0.0179855 0.0073298 0.0054189 0.0042724 0.0106217 -0.0143667 -0.0031836 0.0190951 -0.0052980 -0.0211803 -0.0581431 -0.0459058 -0.0786747 0.0169975 -0.0347884 0.0167754 0.0005675 -0.0312956 0.0120956 -0.0230268 0.0037285 0.0053106 0.0048331 0.0652497 -0.0044690 -0.0077638 -0.0171840 0.0094166 -0.0137798 -0.0130955 0.0268492 0.0623557 0.0190943 0.0359458 -0.0613949 -0.0089171 -0.0404734 -0.0268816 -0.0160893 -0.0165176 -0.0577790
-0.0439495 0.0070455 -0.0160648 0.0110733 -0.0145860 0.0102687 -0.0527713 0.0090068 0.0099904 -0.0187126 -0.0574196 -0.0504934 1.0545470 0.0285604 0.0185143 0.0021712 -0.0653269 -0.0556397 -0.0135661 -0.0078214 0.0032690 -0.0143196 -0.0023952 -0.0450216 0.0138976 -0.0023423 0.0032460 -0.0697774 -0.0072107 0.0159701 -0.0486908 -0.0400908 0.0260373 -0.0102475 -0.0183439 0.0251085 -0.0171206 0.0220354 -0.0202784 0.0025624 0.0063852 -0.0179826 -0.0259756 -0.0173469 -0.0155000 -0.0001823 -0.0033779 -0.0255657 -0.0144442 0.0069640 0.0495508 0.0255165 0.0563144 -0.0227437 0.0311679 -0.0352985 -0.0048873 0.0195572 -0.0200408 0.0009110 -0.0155369 -0.0325706 -0.0157586 -0.0629222 -0.0082100 -0.0127354 0.0040918 -0.0269888 -0.0077595 0.0009210 -0.0303290 -0.0542454 -0.0362807 -0.0436897 0.0491275 0.0045573 0.0285663 0.0163420 -0.0073613 0.0094297 0.0341169
-0.0367185 -0.0108217 -0.0091061 0.0140406 -0.0100542 0.0050768 -0.0554450 0.0134447 0.0018057 -0.0033961 -0.0460137 -0.0544054 0.0285604 1.0530895 0.0230263 -0.0056911 -0.0625367 -0.0610750 -0.0153606 -0.0141318 0.0002596 -0.0292602 -0.0014374 -0.0495841 0.0079313 -0.0069638 0.0187956 -0.0727211 -0.0108898 -0.0065395 -0.0513716 -0.0377338 0.0269071 -0.0085103 -0.0103996 0.0308347 -0.0118929 0.0175602 -0.0224792 0.0065455 0.0036909 -0.0191527 -0.0196865 -0.0171046 -0.0153819 -0.0046955 -0.0123834 -0.0299574 -0.0158383 0.0101736 0.0479610 0.0306607 0.0622487 -0.0233202 0.0300974 -0.0245009 -0.0150260 0.0177223 -0.0267449 0.0085365 -0.0125468 -0.0186405 -0.0147283 -0.0688677 -0.0092263 -0.0073850 0.0057026 -0.0191550 -0.0071209 -0.0054122 -0.0374974 -0.0650100 -0.0288468 -0.0466101 0.0562049 -0.0032648 0.0202085 0.0150647 -0.0070347 0.0034212 0.0361459
-0.0494546 0.0077204 -0.0152537 0.0093185 -0.0096144 0.0074789 -0.0629331 0.0148322 0.0098912 -0.0080112 -0.0540122 -0.0597161 0.0185143 0.0230263 1.0596756 -0.0037392 -0.0624579 -0.0603445 -0.0205536 -0.0051443 0.0028375 -0.0277689 0.0048367 -0.0521177 0.0226287 -0.0071253 0.0185551 -0.0759262 -0.0209334 -0.0002319 -0.0396233 -0.0388128 0.0347958 -0.0103408 -0.0037431 0.0271628 -0.0191426 0.0203536 -0.0221640 -0.0039288 -0.0031787 -0.0231499 -0.0272114 -0.0248311 -0.0224318 0.0006340 -0.0041787 -0.0326739 -0.0089006 0.0059275 0.0506228 0.0255464 0.0549580 -0.0325154 0.0300976 -0.0333637 -0.0188308 0.0145952 -0.0240550 0.0162691 -0.0127184 -0.0224894 -0.0173160 -0.0716272 -0.0152374 -0.0156593 0.0037872 -0.0234801 -0.0047425 -0.0014215 -0.0360652 -0.0612244 -0.0368516 -0.0463321 0.0561606 0.0022333 0.0277456 0.0171849 -0.0025597 0.0061088 0.0346205
-0.0340851 -0.0066195 -0.0140956 -0.0137640 -0.0125938 -0.0046443 -0.0231917 -0.0059205 0.0002274 -0.0131751 -0.0316130 -0.0177962 0.0021712 -0.0056911 -0.0037392 1.0402466 -0.0218323 -0.0211289 -0.0120189 -0.0145419 -0.0061033 -0.0179792 -0.0079868 -0.0319578 -0.0050027 -0.0022560 0.0013022 -0.0278825 -0.0092315 -0.0119056 -0.0253715 -0.0224779 0.0041600 -0.0121558 -0.0127989 0.0006433 -0.0139171 0.0008902 -0.0063649 0.0002826 -0.0014329 -0.0127350 -0.0102857 -0.0123176 -0.0170263 -0.0000449 -0.0049232 -0.0107908 -0.0079677 -0.0000496 0.0157150 -0.0014745 0.0136725 -0.0133252 0.0053989 -0.0158675 -0.0091694 0.0070553 -0.0108685 -0.0087037 -0.0096936 -0.0165608 -0.0161651 -0.0182430 -0.0048521 -0.0099095 -0.0003107 -0.0149651 -0.0122851 -0.0061180 -0.0155959 -0.0304419 -0.0110203 -0.0216847 0.0077936 -0.0020822 -0.0011721 -0.0038117 -0.0041172 -0.0077866 0.0060422
0.0589269 -0.0209835 -0.0063517 -0.0449616 -0.0196613 -0.0274559 0.0665615 -0.0339792 -0.0299456 -0.0129927 0.0573794 0.0636903 -0.0653269 -0.0625367 -0.0624579 -0.0218323 1.0780818 0.0623894 -0.0006959 -0.0017509 -0.0262703 0.0115510 -0.0328997 0.0644956 -0.0534827 -0.0077364 -0.0518984 0.0853611 0.0052737 -0.0314196 0.0465964 0.0355940 -0.0517607 -0.0032217 -0.0005281 -0.0524999 0.0105736 -0.0410617 0.0150578 -0.0232910 -0.0220027 0.0100007 0.0162600 0.0043996 0.0127645 -0.0167605 -0.0100129 0.0207777 0.0042762 -0.0296465 -0.0704845 -0.0468650 -0.0870992 0.0266542 -0.0480926 0.0221918 0.0065897 -0.0376113 0.0144268 -0.0177873 0.0047305 0.0142176 0.0056167 0.0778731 -0.0015590 -0.0058908 -0.0191246 0.0145259 -0.0121481 -0.0090886 0.0352854 0.0749423 0.0305013 0.0462110 -0.0781167 -0.0150329 -0.0434766 -0.0276567 -0.0077574 -0.0241910 -0.0635479
0.0484775 -0.0178493 -0.0102076 -0.0406467 -0.0075249 -0.0311716 0.0511753 -0.0265394 -0.0304265 -0.0071546 0.0559327 0.0476891 -0.0556397 -0.0610750 -0.0603445 -0.0211289 0.0623894 1.0685486 -0.0032731 -0.0084408 -0.0259095 0.0129450 -0.0250954 0.0461332 -0.0405766 -0.0067810 -0.0383202 0.0695066 0.0003257 -0.0253741 0.0347466 0.0286676 -0.0445061 -0.0065396 0.0051408 -0.0422716 0.0116613 -0.0437027 0.0106715 -0.0197112 -0.0195651 0.0115477 0.0136399 0.0039645 0.0109886 -0.0180663 -0.0068772 0.0166086 0.0048538 -0.0253110 -0.0634051 -0.0418416 -0.0764251 0.0270960 -0.0382306 0.0211363 0.0022305 -0.0336242 0.0149415 -0.0247427 0.0015177 0.0106165 0.0008127 0.0624268 -0.0042385 -0.0030508 -0.0219397 0.0094984 -0.0024809 -0.0206404 0.0317480 0.0611525 0.0293512 0.0386457 -0.0695759 -0.0119043 -0.0412204 -0.0270030 -0.0123539 -0.0199253 -0.0583548
-0.0036823 -0.0034010 -0.0161785 -0.0080366 -0.0086489 -0.0152845 -0.0104887 -0.0096091 -0.0120399 -0.0206436 -0.0181977 0.0003417 -0.0135661 -0.0153606 -0.0205536 -0.0120189 -0.0006959 -0.0032731 1.0268819 -0.0122001 -0.0095770 -0.0114650 -0.0054822 -0.0098119 -0.0123179 -0.0091765 -0.0109997 0.0012031 -0.0160733 -0.0216425 -0.0142173 -0.0086851 -0.0088845 -0.0056531 -0.0061272 -0.0104805 0.0038678 -0.0107480 -0.0007284 -0.0086638 -0.0101851 -0.0090193 -0.0085827 -0.0055508 -0.0037104 -0.0129040 -0.0156893 -0.0099196 -0.0112308 -0.0112895 -0.0092259 -0.0159982 -0.0172552 -0.0067476 -0.0105422 -0.0103582 -0.0095997 -0.0149480 -0.0177362 -0.0051363 -0.0100172 -0.0024290 -0.0138349 -0.0016369 -0.0130415 -0.0136105 -0.0097975 -0.0084096 -0.0092575 -0.0112069 -0.0049969 -0.0039607 -0.0077386 -0.0078909 -0.0125932 -0.0075421 -0.0081818 -0.0032664 -0.0062688 -0.0140856 -0.0125970
-0.0137899 -0.0027204 -0.0105861 -0.0124567 -0.0097142 -0.0062909 -0.0195940 -0.0124394 -0.0070580 -0.0042067 -0.0143560 -0.0052921 -0.0078214 -0.0141318 -0.0051443 -0.0145419 -0.0017509 -0.0084408 -0.0122001 1.0186218 -0.0113408 -0.0062919 -0.0114753 -0.0123352 -0.0054457 -0.0144789 -0.0182283 -0.0112448 -0.0141085 -0.0104691 -0.0109793 -0.0069123 -0.0046314 -0.0046071 -0.0119736 -0.0064214 -0.0085057 -0.0077212 -0.0054973 -0.0093488 -0.0019063 -0.0113068 -0.0076680 -0.0067115 -0.0089199 -0.0004682 -0.0094662 -0.0092797 -0.0061958 -0.0032003 -0.0075133 0.0062087 -0.0024478 -0.0088037 -0.0081986 -0.0123690 -0.0029094 -0.0041892 -0.0076018 -0.0047559 0.0008887 -0.0127387 -0.0092064 -0.0050563 -0.0097468 -0.0121250 -0.0046789 -0.0108563 -0.0043871 -0.0095427 -0.0030898 0.0013383 -0.0045030 -0.0046632 -0.0077591 -0.0012237 -0.0037426 -0.0051853 -0.0015648 -0.0090977 -0.0036498
-0.0230630 -0.0043741 -0.0200919 0.0020892 -0.0146920 -0.0054139 -0.0218020 0.0053076 -0.0050782 -0.0090726 -0.0286190 -0.0254906 0.0032690 0.0002596 0.0028375 -0.0061033 -0.0262703 -0.0259095 -0.0095770 -0.0113408 1.0253401 -0.0111209 -0.0007017 -0.0231658 -0.0030516 -0.0024819 0.0014516 -0.0231919 -0.0058637 0.0113152 -0.0279829 -0.0219985 0.0093324 -0.0103970 -0.0130029 0.0085034 -0.0070494 0.0054276 -0.0146518 -0.0014891 -0.0032651 -0.0078997 -0.0110779 -0.0132969 -0.0095447 0.0057225 -0.0147552 -0.0148421 -0.0032456 -0.0029543 0.0155375 0.0056944 0.0195805 -0.0085949 0.0115767 -0.0147412 -0.0048487 -0.0033182 -0.0078438 -0.0010608 -0.0117689 -0.0190237 -0.0071635 -0.0281863 -0.0079901 -0.0081650 -0.0005363 -0.0079161 0.0026949 -0.0054122 -0.0158594 -0.0326014 -0.0159294 -0.0180860 0.0139802 -0.0053235 0.0050860 -0.0018904 -0.0037933 0.0039643 0.0076787
0.0021752 -0.0086629 -0.0067080 -0.0173400 -0.0142484 -0.0162293 0.0075666 -0.0247188 -0.0119131 -0.0114731 0.0093779 0.0072549 -0.0143196 -0.0292602 -0.0277689 -0.0179792 0.0115510 0.0129450 -0.0114650 -0.0062919 -0.0111209 1.0312587 -0.0118099 0.0036046 -0.0226161 -0.0144949 -0.0285930 0.0204909 -0.0096586 -0.0081589 0.0005505 0.0016331 -0.0239198 -0.0015059 -0.0080995 -0.0212851 -0.0000657 -0.0167626 -0.0066044 -0.0136637 -0.0072733 -0.0081863 -0.0081993 -0.0064502 -0.0053721 -0.0088934 -0.0115037 0.0098113 -0.0015935 -0.0205311 -0.0257674 -0.0185200 -0.0281562 -0.0016013 -0.0203325 -0.0059237 -0.0005378 -0.0222138 -0.0066746 -0.0199416 0.0034901 -0.0020212 0.0030463 0.0229544 -0.0027443 -0.0173280 -0.0173656 -0.0045767 -0.0071402 -0.0080890 0.0026567 0.0153675 0.0019821 0.0108615 -0.0203418 -0.0107744 -0.0241537 -0.0089390 -0.0128224 -0.0151319 -0.0213815
-0.0341487 -0.0159913 -0.0178475 -0.0104644 -0.0201653 0.0010400 -0.0380782 -0.0106299 0.0038320 -0.0024452 -0.0322961 -0.0235616 -0.0023952 -0.0014374 0.0048367 -0.0079868 -0.0328997 -0.0250954 -0.0054822 -0.0114753 -0.0007017 -0.0118099 1.0153308 -0.0270493 -0.0106185 -0.0121951 0.0015977 -0.0288847 -0.0146585 -0.0046174 -0.0177872 -0.0267110 0.0131294 -0.0157152 -0.0196848 0.0038107 -0.0049834 0.0044814 -0.0068822 -0.0035919 -0.0008093 -0.0130696 -0.0100629 -0.0102886 -0.0079207 -0.0044333 -0.0113280 -0.0170730 -0.0097343 0.0045642 0.0198795 0.0001096 0.0172239 -0.0146869 0.0118064 -0.0145632 -0.0124051 0.0023735 -0.0118690 -0.0099828 -0.0106978 -0.0270558 -0.0149496 -0.0324782 -0.0100677 -0.0075363 -0.0059200 -0.0125511 -0.0067071 -0.0099739 -0.0181744 -0.0352409 -0.0219708 -0.0213042 0.0198431 -0.0099734 -0.0036030 0.0036094 -0.0062681 -0.0010440 0.0033815
0.0168797 -0.0196396 -0.0301288 -0.0431006 -0.0217588 -0.0206443 0.0257361 -0.0358826 -0.0226958 -0.0112318 0.0260712 0.0371038 -0.0450216 -0.0495841 -0.0521177 -0.0319578 0.0644956 0.0461332 -0.0098119 -0.0123352 -0.0231658 0.0036046 -0.0270493 1.0657158 -0.0367927 -0.0221142 -0.0438872 0.0667299 -0.0082182 -0.0334647 0.0093711 0.0164530 -0.0457706 -0.0075334 0.0009942 -0.0395109 0.0079728 -0.0383918 -0.0012217 -0.0245915 -0.0206212 0.0038882 0.0028163 0.0026914 0.0079124 -0.0222281 -0.0119311 0.0137746 -0.0025814 -0.0218034 -0.0585655 -0.0387687 -0.0662170 0.0187114 -0.0426416 0.0101046 -0.0009175 -0.0332664 0.0005653 -0.0252019 0.0017036 0.0080578 -0.0035208 0.0583739 -0.0031525 -0.0140741 -0.0213892 -0.0005414 -0.0106147 -0.0192629 0.0180239 0.0481347 0.0219113 0.0214396 -0.0645479 -0.0095984 -0.0331676 -0.0376231 -0.0092382 -0.0208726 -0.0570103
-0.0438620 -0.0114135 -0.0084379 0.0046745 -0.0078834 0.0231719 -0.0410490 0.0020988 -0.0078774 -0.0187578 -0.0475114 -0.0460883 0.0138976 0.0079313 0.0226287 -0.0050027 -0.0534827 -0.0405766 -0.0123179 -0.0054457 -0.0030516 -0.0226161 -0.0106185 -0.0367927 1.0304482 -0.0107195 0.0146818 -0.0566632 -0.0132264 -0.0111527 -0.0397838 -0.0329928 0.0142816 -0.0111734 -0.0098529 0.0167922 -0.0203199 0.0163574 -0.0237613 -0.0052585 0.0052463 -0.0208446 -0.0193364 -0.0136026 -0.0146358 -0.0030389 -0.0041819 -0.0166176 -0.0132814 -0.0015787 0.0319614 0.0084455 0.0458862 -0.0315178 0.0202888 -0.0188134 -0.0198591 0.0141552 -0.0227715 0.0053090 -0.0066218 -0.0202381 -0.0098570 -0.0506988 -0.0155252 -0.0062992 0.0004079 -0.0268524 -0.0100916 -0.0024915 -0.0208069 -0.0442762 -0.0282680 -0.0314046 0.0415217 -0.0043457 0.0161057 0.0147356 -0.0009481 0.0058159 0.0279360
-0.0142373 -0.0042123 -0.0098712 -0.0099253 -0.0132048 -0.0080662 -0.0109172 -0.0147862 -0.0067795 -0.0150946 -0.0135808 -0.0044169 -0.0023423 -0.0069638 -0.0071253 -0.0022560 -0.0077364 -0.0067810 -0.0091765 -0.0144789 -0.0024819 -0.0144949 -0.0121951 -0.0221142 -0.0107195 1.0350968 -0.0081922 -0.0109264 -0.0095424 -0.0143275 -0.0152386 -0.0169343 -0.0035625 -0.0047859 -0.0074081 -0.0034400 -0.0073969 -0.0079365 -0.0087176 -0.0004913 -0.0121585 -0.0091522 -0.0089283 -0.0059764 -0.0084029 -0.0148496 -0.0160741 -0.0045422 -0.0126549 -0.0085861 -0.0042681 -0.0083184 -0.0056736 -0.0157144 -0.0031666 -0.0147890 -0.0093031 -0.0096963 -0.0119518 -0.0011477 -0.0064554 -0.0133398 -0.0106007 -0.0123815 -0.0040626 -0.0070409 -0.0029469 -0.0079796 -0.0078297 -0.0067223 -0.0113812 -0.0133906 -0.0081687 -0.0090847 -0.0064495 -0.0132354 -0.0057489 -0.0044332 -0.0018889 -0.0062662 -0.0001918
-0.0399914 -0.0101218 -0.0063207 -0.0008108 -0.0126837 -0.0064255 -0.0301298 0.0010995 -0.0018316 -0.0088042 -0.0372886 -0.0405016 0.0032460 0.0187956 0.0185551 0.0013022 -0.0518984 -0.0383202 -0.0109997 -0.0182283 0.0014516 -0.0285930 0.0015977 -0.0438872 0.0146818 -0.0081922 1.0332122 -0.0489641 -0.0161303 -0.0126736 -0.0383106 -0.0337324 0.0174691 -0.0088187 -0.0094413 0.0119403 -0.0203705 0.0092304 -0.0120971 0.0099486 0.0050878 -0.0167775 -0.0211610 -0.0157387 -0.0153658 -0.0001765 -0.0128947 -0.0208676 -0.0131780 -0.0005183 0.0322344 0.0130634 0.0416059 -0.0199657 0.0186576 -0.0160619 -0.0130157 0.0030176 -0.0178402 -0.0090840 -0.0075714 -0.0262430 -0.0112694 -0.0491968 -0.0059707 -0.0071810 -0.0001369 -0.0204656 -0.0070130 -0.0043205 -0.0220154 -0.0430581 -0.0239503 -0.0279636 0.0287653 -0.0077056 0.0160461 0.0016009 -0.0021671 0.0053495 0.0213600
0.0545032 -0.0232357 -0.0057828 -0.0569169 -0.0119732 -0.0445497 0.0769757 -0.0325331 -0.0326007 -0.0031412 0.0640885 0.0610242 -0.0697774 -0.0727211 -0.0759262 -0.0278825 0.0853611 0.0695066 0.0012031 -0.0112448 -0.0231919 0.0204909 -0.0288847 0.0667299 -0.0566632 -0.0109264 -0.0489641 1.0786476 0.0021800 -0.0332250 0.0471539 0.0423775 -0.0514109 -0.0074831 -0.0027649 -0.0502735 0.0062656 -0.0512624 0.0087956 -0.0237414 -0.0201799 0.0099632 0.0153238 0.0120052 0.0132541 -0.0167681 -0.0092919 0.0281875 0.0061126 -0.0284743 -0.0778709 -0.0484415 -0.0932484 0.0292230 -0.0490486 0.0320560 0.0039739 -0.0371052 0.0213616 -0.0266973 0.0093573 0.0253492 0.0047814 0.0861624 0.0021640 -0.0096940 -0.0211554 0.0226545 -0.0062567 -0.0189489 0.0333849 0.0819261 0.0316607 0.0550396 -0.0817925 -0.0138928 -0.0487396 -0.0320219 -0.0115437 -0.0238151 -0.0723586
-0.0107041 -0.0149975 -0.0111524 -0.0032815 -0.0196087 -0.0120476 -0.0153000 -0.0007479 -0.0103025 -0.0167295 -0.0150332 -0.0029364 -0.0072107 -0.0108898 -0.0209334 -0.0092315 0.0052737 0.0003257 -0.0160733 -0.0141085 -0.0058637 -0.0096586 -0.0146585 -0.0082182 -0.0132264 -0.0095424 -0.0161303 0.0021800 1.0062568 -0.0163631 -0.0195253 0.0018650 -0.0120831 -0.0154487 -0.0125769 -0.0129793 -0.0087291 -0.0154277 -0.0106025 -0.0109425 -0.0079573 -0.0056474 -0.0135635 -0.0067341 -0.0046970 -0.0073868 0.0031468 -0.0029604 -0.0076546 -0.0059903 -0.0071645 -0.0132283 -0.0072075 -0.0023647 -0.0065363 -0.0080970 -0.0104374 -0.0098989 -0.0064527 -0.0120203 0.0005444 -0.0065250 -0.0070760 -0.0026937 -0.0121804 -0.0047190 -0.0155453 -0.0181631 -0.0031237 -0.0117901 -0.0065214 -0.0022046 -0.0058916 -0.0045748 -0.0126977 -0.0081200 -0.0148581 -0.0047443 -0.0103246 -0.0134288 -0.0142028
-0.0241804 -0.0088392 -0.0074254 0.0022691 -0.0127149 0.0000225 -0.0308412 -0.0049400 0.0032130 -0.0153779 -0.0245278 -0.0239637 0.0159701 -0.0065395 -0.0002319 -0.0119056 -0.0314196 -0.0253741 -0.0216425 -0.0104691 0.0113152 -0.0081589 -0.0046174 -0.0334647 -0.0111527 -0.0143275 -0.0126736 -0.0332250 -0.0163631 1.0255454 -0.0328751 -0.0174827 0.0133723 -0.0100816 -0.0124155 0.0042349 -0.0156696 -0.0052500 -0.0229932 -0.0133306 -0.0020289 -0.0096567 -0.0198019 -0.0102482 -0.0178606 -0.0058704 -0.0078054 -0.0184210 -0.0137691 -0.0061197 0.0156130 -0.0012805 0.0174349 -0.0191617 0.0130052 -0.0180828 -0.0070020 0.0012950 -0.0132634 -0.0080432 -0.0119829 -0.0111841 -0.0142401 -0.0312193 -0.0069496 -0.0023596 -0.0030792 -0.0193842 -0.0144874 -0.0020838 -0.0192832 -0.0372107 -0.0221320 -0.0229434 0.0173064 -0.0145262 0.0012077 0.0019739 -0.0124171 -0.0011007 0.0129582
0.0112980 -0.0180240 -0.0091555 -0.0245533 -0.0099116 -0.0167030 0.0273337 -0.0261698 -0.0245872 -0.0119010 0.0139177 0.0220248 -0.0486908 -0.0513716 -0.0396233 -0.0253715 0.0465964 0.0347466 -0.0142173 -0.0109793 -0.0279829 0.0005505 -0.0177872 0.0093711 -0.0397838 -0.0152386 -0.0383106 0.0471539 -0.0195253 -0.0328751 1.0225077 0.0173994 -0.0425448 -0.0116815 -0.0054166 -0.0443675 -0.0094394 -0.0366399 -0.0076803 -0.0202029 -0.0210182 -0.0011469 -0.0015604 0.0044057 -0.0021642 -0.0170718 -0.0064273 0.0097344 0.0008186 -0.0254388 -0.0520889 -0.0306545 -0.0622641 0.0156709 -0.0337178 0.0081876 -0.0095731 -0.0252745 0.0009980 -0.0240605 -0.0034827 0.0003818 -0.0021142 0.0436835 0.0013818 -0.0094463 -0.0154109 0.0078334 -0.0091483 -0.0173718 0.0122366 0.0425152 0.0146794 0.0234142 -0.0540880 -0.0209103 -0.0395399 -0.0252786 -0.0095445 -0.0205179 -0.0484230
0.0153055 -0.0109189 -0.0028300 -0.0275690 -0.0158843 -0.0310299 0.0362935 -0.0286615 -0.0063097 -0.0084605 0.0252015 0.0231993 -0.0400908 -0.0377338 -0.0388128 -0.0224779 0.0355940 0.0286676 -0.0086851 -0.0069123 -0.0219985 0.0016331 -0.0267110 0.0164530 -0.0329928 -0.0169343 -0.0337324 0.0423775 0.0018650 -0.0174827 0.0173994 1.0488248 -0.0370714 -0.0030905 -0.0090226 -0.0378645 -0.0047845 -0.0296508 0.0033597 -0.0221846 -0.0189451 0.0062813 0.0015108 -0.0042321 0.0015809 -0.0170050 -0.0071920 0.0068847 -0.0026774 -0.0171722 -0.0464569 -0.0400734 -0.0519217 0.0120330 -0.0350867 0.0029938 -0.0031710 -0.0270370 0.0042687 -0.0160358 -0.0086891 0.0083698 -0.0017241 0.0445076 -0.0064611 -0.0120172 -0.0160514 0.0006315 -0.0077580 -0.0140733 0.0163934 0.0329264 0.0149640 0.0123690 -0.0529934 -0.0157009 -0.0336124 -0.0193505 -0.0123783 -0.0238609 -0.0447800
-0.0365363 0.0029188 -0.0137023 0.0195445 -0.0072699 0.0117334 -0.0502461 0.0119645 0.0059253 -0.0034595 -0.0549872 -0.0440166 0.0260373 0.0269071 0.0347958 0.0041600 -0.0517607 -0.0445061 -0.0088845 -0.0046314 0.0093324 -0.0239198 0.0131294 -0.0457706 0.0142816 -0.0035625 0.0174691 -0.0514109 -0.0120831 0.0133723 -0.0425448 -0.0370714 1.0429295 -0.0106748 -0.0081138 0.0192488 -0.0115101 0.0167356 -0.0141094 -0.0046754 0.0014124 -0.0154927 -0.0200362 -0.0099915 -0.0120908 0.0010485 -0.0068191 -0.0205257 -0.0116994 0.0099989 0.0364831 0.0213504 0.0447891 -0.0230099 0.0237600 -0.0240594 -0.0087663 0.0181997 -0.0183638 0.0094651 -0.0075368 -0.0097059 -0.0069541 -0.0468105 -0.0123324 -0.0090817 0.0061361 -0.0124335 -0.0025635 0.0004512 -0.0232842 -0.0470877 -0.0265186 -0.0295353 0.0433816 0.0035313 0.0185044 0.0101919 0.0016278 0.0034486 0.0384168
-0.0079107 -0.0096712 -0.0054654 -0.0151402 -0.0076277 -0.0112386 -0.0013618 -0.0130368 -0.0180774 -0.0110586 -0.0043700 -0.0075384 -0.0102475 -0.0085103 -0.0103408 -0.0121558 -0.0032217 -0.0065396 -0.0056531 -0.0046071 -0.0103970 -0.0015059 -0.0157152 -0.0075334 -0.0111734 -0.0047859 -0.0088187 -0.0074831 -0.0154487 -0.0100816 -0.0116815 -0.0030905 -0.0106748 1.0260501 -0.0092381 -0.0005271 -0.0085655 -0.0049858 -0.0054384 -0.0085318 -0.0039765 -0.0084575 -0.0071180 0.0031469 0.0004203 -0.0103825 -0.0063061 -0.0021250 -0.0062849 -0.0062896 -0.0044620 -0.0058822 -0.0082571 -0.0066443 -0.0052217 -0.0083779 -0.0067034 -0.0010798 0.0002036 0.0025032 -0.0072340 -0.0016027 0.0013528 -0.0016075 -0.0084954 -0.0078915 -0.0054136 -0.0034277 -0.0080738 -0.0057211 -0.0097739 -0.0034915 -0.0018269 -0.0071953 -0.0091800 -0.0052931 -0.0045169 -0.0013154 -0.0108072 -0.0066230 -0.0044345
-0.0058560 -0.0107553 -0.0022143 -0.0094709 -0.0111381 -0.0129011 -0.0034552 -0.0135363 -0.0141970 -0.0107999 -0.0075905 -0.0025081 -0.0183439 -0.0103996 -0.0037431 -0.0127989 -0.0005281 0.0051408 -0.0061272 -0.0119736 -0.0130029 -0.0080995 -0.0196848 0.0009942 -0.0098529 -0.0074081 -0.0094413 -0.0027649 -0.0125769 -0.0124155 -0.0054166 -0.0090226 -0.0081138 -0.0092381 1.0237887 -0.0153047 -0.0022049 -0.0062619 -0.0067196 -0.0082374 -0.0110542 -0.0024867 -0.0001085 -0.0084774 0.0026913 -0.0135799 -0.0072405 0.0019364 -0.0075092 -0.0041495 -0.0105422 -0.0056084 -0.0082762 -0.0014711 -0.0063937 -0.0086234 -0.0066495 -0.0144722 -0.0039938 -0.0084161 -0.0082373 0.0010226 -0.0081471 0.0007541 -0.0082347 -0.0045352 -0.0036310 -0.0042608 -0.0029964 -0.0117006 -0.0084808 -0.0000168 -0.0020925 -0.0016881 -0.0082467 -0.0019158 -0.0124916 -0.0065990 -0.0126190 -0.0083116 -0.0141787
-0.0420599 -0.0117066 -0.0094301 0.0122243 -0.0073703 0.0026554 -0.0452699 0.0122172 0.0084607 -0.0072094 -0.0398048 -0.0473279 0.0251085 0.0308347 0.0271628 0.0006433 -0.0524999 -0.0422716 -0.0104805 -0.0064214 0.0085034 -0.0212851 0.0038107 -0.0395109 0.0167922 -0.0034400 0.0119403 -0.0502735 -0.0129793 0.0042349 -0.0443675 -0.0378645 0.0192488 -0.0005271 -0.0153047 1.0274445 -0.0124229 0.0152847 -0.0150007 0.0046832 0.0039852 -0.0165264 -0.0170813 -0.0109244 -0.0160188 -0.0037762 0.0003246 -0.0188307 -0.0102669 0.0041589 0.0309013 0.0190487 0.0466054 -0.0261181 0.0191065 -0.0236510 -0.0124802 0.0078760 -0.0208382 0.0086427 -0.0133501 -0.0171375 -0.0146986 -0.0450121 -0.0073076 -0.0094267 0.0012702 -0.0182617 -0.0067375 -0.0029032 -0.0256770 -0.0455894 -0.0229095 -0.0420822 0.0400208 -0.0013638 0.0251375 0.0113138 -0.0023728 0.0092902 0.0306203
-0.0000233 -0.0139685 -0.0180178 -0.0162894 -0.0074327 -0.0117771 0.0076753 -0.0106595 -0.0138706 -0.0051847 0.0068270 0.0032655 -0.0171206 -0.0118929 -0.0191426 -0.0139171 0.0105736 0.0116613 0.0038678 -0.0085057 -0.0070494 -0.0000657 -0.0049834 0.0079728 -0.0203199 -0.0073969 -0.0203705 0.0062656 -0.0087291 -0.0156696 -0.0094394 -0.0047845 -0.0115101 -0.0085655 -0.0022049 -0.0124229 1.0054096 -0.0113108 -0.0038988 -0.0131169 -0.0100330 0.0037514 -0.0084109 -0.0055244 -0.0030596 -0.0070228 -0.0101636 -0.0004802 -0.0031482 -0.0066770 -0.0198878 -0.0161256 -0.0199464 -0.0016581 -0.0064297 -0.0045492 -0.0021364 -0.0079583 -0.0065419 -0.0038638 -0.0068234 -0.0090118 -0.0050979 0.0086617 -0.0023491 -0.0083569 -0.0062197 0.0037621 -0.0057156 0.0005394 -0.0002580 0.0055598 0.0071426 0.0097768 -0.0149387 -0.0078396 -0.0122875 -0.0066820 -0.0093827 -0.0120559 -0.0176725
-0.0292507 -0.0038752 -0.0118988 0.0144050 -0.0140789 0.0022658 -0.0412082 0.0068109 0.0019464 -0.0128455 -0.0458719 -0.0377921 0.0220354 0.0175602 0.0203536 0.0008902 -0.0410617 -0.0437027 -0.0107480 -0.0077212 0.0054276 -0.0167626 0.0044814 -0.0383918 0.0163574 -0.0079365 0.0092304 -0.0512624 -0.0154277 -0.0052500 -0.0366399 -0.0296508 0.0167356 -0.0049858 -0.0062619 0.0152847 -0.0113108 1.0290582 -0.0175558 0.0012805 0.0086916 -0.0109324 -0.0146736 -0.0118813 -0.0116738 0.0048813 -0.0027768 -0.0235726 -0.0078607 0.0069116 0.0288274 0.0117112 0.0327512 -0.0238866 0.0206301 -0.0221513 -0.0063252 0.0084198 -0.0190825 0.0022104 -0.0073865 -0.0204374 -0.0035903 -0.0435561 -0.0121606 -0.0076730 0.0033058 -0.0127483 -0.0054020 0.0016114 -0.0223100 -0.0399570 -0.0216928 -0.0209768 0.0356292 0.0012569 0.0099142 0.0109939 0.0039059 0.0075492 0.0263821
-0.0042919 -0.0101289 -0.0092158 -0.0161922 -0.0135565 -0.0112761 0.0014388 -0.0122441 -0.0156343 -0.0112953 0.0024691 -0.0009861 -0.0202784 -0.0224792 -0.0221640 -0.0063649 0.0150578 0.0106715 -0.0007284 -0.0054973 -0.0146518 -0.0066044 -0.0068822 -0.0012217 -0.0237613 -0.0087176 -0.0120971 0.0087956 -0.0106025 -0.0229932 -0.0076803 0.0033597 -0.0141094 -0.0054384 -0.0067196 -0.0150007 -0.0038988 -0.0175558 1.0049565 -0.0066868 -0.0082055 -0.0031409 -0.0037609 0.0011950 -0.0059236 -0.0068613 -0.0119327 -0.0036150 -0.0057467 -0.0100429 -0.0160537 -0.0095539 -0.0175097 0.0019793 -0.0159480 0.0012436 -0.0071524 -0.0104052 0.0004540 -0.0076658 -0.0046153 -0.0002208 0.0036447 0.0155858 -0.0099078 -0.0066370 -0.0163015 0.0002394 -0.0056083 -0.0049910 -0.0002464 0.0077038 0.0023814 0.0004498 -0.0155837 -0.0062976 -0.0176011 -0.0074454 -0.0101512 -0.0109731 -0.0208623
-0.0220615 0.0033926 -0.0089910 0.0013209 -0.0034980 -0.0037201 -0.0273922 -0.0040298 -0.0023583 -0.0102127 -0.0183130 -0.0163174 0.0025624 0.0065455 -0.0039288 0.0002826 -0.0232910 -0.0197112 -0.0086638 -0.0093488 -0.0014891 -0.0136637 -0.0035919 -0.0245915 -0.0052585 -0.0004913 0.0099486 -0.0237414 -0.0109425 -0.0133306 -0.0202029 -0.0221846 -0.0046754 -0.0085318 -0.0082374 0.0046832 -0.0131169 0.0012805 -0.0066868 0.9988903 -0.0098153 -0.0040303 -0.0164689 -0.0095208 -0.0106602 -0.0074977 -0.0051256 -0.0106491 -0.0107718 -0.0010812 0.0061823 0.0033621 0.0106565 -0.0028813 0.0037121 -0.0148017 -0.0065067 -0.0001538 -0.0160902 -0.0023938 -0.0049820 -0.0140118 -0.0089658 -0.0254038 -0.0087430 -0.0002880 0.0039357 -0.0017270 0.0009848 -0.0046143 -0.0089232 -0.0160387 -0.0179627 -0.0158082 0.0082258 -0.0105253 0.0060670 0.0016237 -0.0011992 -0.0058381 0.0061715
-0.0142515 -0.0072559 -0.0078361 -0.0055527 -0.0001054 -0.0094671 -0.0240561 -0.0040414 0.0047815 -0.0075467 -0.0211437 -0.0179855 0.0063852 0.0036909 -0.0031787 -0.0014329 -0.0220027 -0.0195651 -0.0101851 -0.0019063 -0.0032651 -0.0072733 -0.0008093 -0.0206212 0.0052463 -0.0121585 0.0050878 -0.0201799 -0.0079573 -0.0020289 -0.0210182 -0.0189451 0.0014124 -0.0039765 -0.0110542 0.0039852 -0.0100330 0.0086916 -0.0082055 -0.0098153 1.0070935 -0.0073858 -0.0079161 -0.0071074 -0.0016935 -0.0031736 -0.0069439 -0.0100849 -0.0097841 0.0009651 0.0079501 0.0095425 0.0142734 -0.0045885 0.0053998 -0.0094657 -0.0097962 0.0012152 -0.0145213 -0.0019202 -0.0053462 -0.0137218 -0.0093364 -0.0184940 -0.0064568 -0.0061491 -0.0056062 -0.0134644 -0.0023643 -0.0059582 -0.0098534 -0.0258575 -0.0088225 -0.0149539 0.0156727 -0.0041494 0.0095814 -0.0014953 0.0031432 0.0018792 0.0062342
-0.0019358 -0.0144475 -0.0079869 -0.0120700 -0.0027967 -0.0174078 -0.0028556 -0.0144991 -0.0116716 -0.0126104 0.0056869 0.0073298 -0.0179826 -0.0191527 -0.0231499 -0.0127350 0.0100007 0.0115477 -0.0090193 -0.0113068 -0.0078997 -0.0081863 -0.0130696 0.0038882 -0.0208446 -0.0091522 -0.0167775 0.0099632 -0.0056474 -0.0096567 -0.0011469 0.0062813 -0.0154927 -0.0084575 -0.0024867 -0.0165264 0.0037514 -0.0109324 -0.0031409 -0.0040303 -0.0073858 1.0232787 0.0032148 -0.0002995 -0.0049520 -0.0057543 -0.0057381 -0.0010972 0.0019608 -0.0100676 -0.0221941 -0.0147930 -0.0241587 0.0033547 -0.0122160 0.0012085 -0.0041745 -0.0103906 0.0004372 -0.0099533 -0.0010436 -0.0051016 -0.0039804 0.0136920 -0.0040807 -0.0020742 -0.0077137 0.0003515 -0.0096317 -0.0062596 0.0042282 0.0069525 -0.0010043 0.0066441 -0.0168104 -0.0091918 -0.0190587 -0.0094911 0.0011563 -0.0135731 -0.0186560
-0.0000230 -0.0103717 -0.0173219 -0.0171144 -0.0101727 -0.0184075 0.0044762 -0.0194038 -0.0090861 -0.0211986 0.0024762 0.0054189 -0.0259756 -0.0196865 -0.0272114 -0.0102857 0.0162600 0.0136399 -0.0085827 -0.0076680 -0.0110779 -0.0081993 -0.0100629 0.0028163 -0.0193364 -0.0089283 -0.0211610 0.0153238 -0.0135635 -0.0198019 -0.0015604 0.0015108 -0.0200362 -0.0071180 -0.0001085 -0.0170813 -0.0084109 -0.0146736 -0.0037609 -0.0164689 -0.0079161 0.0032148 1.0271175 -0.0035710 -0.0019421 -0.0114748 -0.0081242 0.0008001 -0.0022691 -0.0113687 -0.0195216 -0.0169983 -0.0253437 0.0038831 -0.0093490 -0.0074908 -0.0018216 -0.0069426 -0.0008889 -0.0140816 -0.0096268 0.0010311 -0.0052562 0.0141199 -0.0067420 0.0004032 -0.0087457 -0.0033793 -0.0037136 -0.0083537 0.0007017 0.0120475 0.0102251 0.0068977 -0.0160489 -0.0163992 -0.0141354 -0.0158938 -0.0091674 -0.0095518 -0.0208023
-0.0004086 -0.0038316 -0.0073435 -0.0123581 -0.0121824 -0.0126046 0.0036914 -0.0151159 -0.0101450 -0.0114559 -0.0029877 0.0042724 -0.0173469 -0.0171046 -0.0248311 -0.0123176 0.0043996 0.0039645 -0.0055508 -0.0067115 -0.0132969 -0.0064502 -0.0102886 0.0026914 -0.0136026 -0.0059764 -0.0157387 0.0120052 -0.0067341 -0.0102482 0.0044057 -0.0042321 -0.0099915 0.0031469 -0.0084774 -0.0109244 -0.0055244 -0.0118813 0.0011950 -0.0095208 -0.0071074 -0.0002995 -0.0035710 1.0130984 -0.0030427 -0.0126404 -0.0149444 -0.0039288 -0.0008064 -0.0084810 -0.0169437 -0.0115750 -0.0149029 -0.0030083 -0.0138119 -0.0002411 -0.0006198 -0.0054186 0.0027055 -0.0092599 -0.0038185 -0.0066977 -0.0054785 0.0071233 -0.0068208 -0.0075664 -0.0092775 -0.0015067 -0.0029291 -0.0015732 -0.0017237 0.0083965 0.0011364 -0.0013544 -0.0189549 -0.0062232 -0.0066004 -0.0073637 -0.0123994 -0.0090828 -0.0132735
0.0086180 -0.0156903 -0.0109296 -0.0255091 -0.0147044 -0.0178323 0.0050373 -0.0166525 -0.0128044 0.0002494 0.0081121 0.0106217 -0.0155000 -0.0153819 -0.0224318 -0.0170263 0.0127645 0.0109886 -0.0037104 -0.0089199 -0.0095447 -0.0053721 -0.0079207 0.0079124 -0.0146358 -0.0084029 -0.0153658 0.0132541 -0.0046970 -0.0178606 -0.0021642 0.0015809 -0.0120908 0.0004203 0.0026913 -0.0160188 -0.0030596 -0.0116738 -0.0059236 -0.0106602 -0.0016935 -0.0049520 -0.0019421 -0.0030427 1.0025209 -0.0072296 -0.0099519 0.0037351 -0.0009677 -0.0071681 -0.0152003 -0.0153600 -0.0193842 0.0025998 -0.0140997 -0.0003210 -0.0047739 -0.0143930 -0.0031652 -0.0100919 -0.0099551 -0.0069617 -0.0008933 0.0120657 -0.0032998 -0.0060207 -0.0067736 -0.0012534 -0.0048686 -0.0024744 0.0045375 0.0091540 0.0108745 0.0089080 -0.0231623 -0.0058131 -0.0137464 -0.0053741 -0.0076849 -0.0074866 -0.0205544
