1.0403447 -0.0162543 -0.0071769 -0.0088089 -0.0088156 -0.0406916 0.0093667 -0.0146517 -0.0005817 -0.0104879 -0.0211413 0.0120992 -0.0175233 -0.0017704 -0.0090573 -0.0209931 0.0085669 -0.0268681 -0.0076648 0.0080596 -0.0430963 -0.0047700 0.0032175 -0.0070614 -0.0305632 -0.0223535 -0.0078874 0.0130017 -0.0152009 -0.0138642 -0.0296420 -0.0179171 -0.0177617 -0.0104250 -0.0218695 0.0041450 0.0002773 -0.0050387 -0.0049310 -0.0219702 -0.0026461 -0.0283822 0.0056296 -0.0321169 -0.0125116 -0.0228608 -0.0242389 -0.0198654 -0.0151495 0.0037192 -0.0077206 -0.0069305 0.0144924 -0.0157136 -0.0054672 -0.0199647 0.0105355 0.0019560 -0.0201575 -0.0192672 -0.0148428 -0.0278403 -0.0135621 0.0036965 -0.0004794 -0.0063654 -0.0010296 -0.0017176 -0.0011060 -0.0216361 -0.0018031 -0.0203388 -0.0143149 -0.0001816 -0.0039396 -0.0171987 0.0015190 -0.0135939 -0.0126983 -0.0207333 -0.0114612
-0.0162543 1.0389786 0.0055867 -0.0085973 -0.0069340 -0.0083048 0.0076784 -0.0043051 -0.0083346 -0.0189215 -0.0076645 0.0002264 -0.0195198 0.0014283 -0.0111965 -0.0048117 -0.0045443 -0.0133718 -0.0064170 0.0071800 -0.0208351 -0.0139633 -0.0027928 -0.0099800 -0.0105239 -0.0212571 -0.0149724 0.0112779 -0.0154447 -0.0088745 -0.0152106 -0.0117805 -0.0093096 -0.0115515 -0.0126066 -0.0010689 -0.0072120 -0.0159452 -0.0018974 -0.0210295 -0.0031727 -0.0188284 -0.0018755 -0.0197570 -0.0041484 -0.0110941 -0.0161683 -0.0177354 -0.0090492 -0.0097743 -0.0095477 0.0043735 0.0096073 -0.0042423 -0.0114424 -0.0160178 -0.0012376 -0.0095527 -0.0189483 -0.0216277 -0.0094405 -0.0202120 -0.0024863 0.0021574 -0.0080215 -0.0119934 -0.0061977 -0.0112626 -0.0114706 -0.0112747 -0.0070488 -0.0063013 -0.0184399 -0.0084198 -0.0031703 -0.0206336 -0.0124375 -0.0197542 -0.0055568 -0.0248376 -0.0114081
-0.0071769 0.0055867 1.0309570 -0.0155986 -0.0103883 -0.0260600 0.0039647 -0.0166490 -0.0030428 -0.0150841 -0.0124774 0.0064043 -0.0150605 -0.0008616 -0.0226918 -0.0149501 0.0053405 -0.0161713 -0.0023931 -0.0017436 -0.0236384 -0.0157303 0.0104552 -0.0001631 -0.0295668 -0.0253773 -0.0083956 0.0096108 -0.0222491 -0.0083436 -0.0274019 -0.0254675 -0.0158562 -0.0110150 -0.0088168 -0.0027403 -0.0060100 -0.0070292 -0.0114533 -0.0097440 0.0045611 -0.0337278 -0.0112544 -0.0234349 -0.0102508 -0.0144029 -0.0174259 -0.0292961 -0.0116709 -0.0092676 -0.0121944 -0.0083101 0.0118223 -0.0095327 -0.0040655 -0.0209348 0.0075980 -0.0040984 -0.0226335 -0.0217778 -0.0128532 -0.0222671 -0.0111070 0.0004413 -0.0031032 -0.0161630 0.0005628 0.0029734 0.0001919 -0.0206600 -0.0042509 -0.0132378 -0.0201039 -0.0012453 -0.0079617 -0.0219283 -0.0011442 -0.0112423 -0.0098877 -0.0208216 -0.0115301
-0.0088089 -0.0085973 -0.0155986 1.0418231 -0.0135256 -0.0064030 -0.0069851 -0.0183333 -0.0101190 -0.0180016 -0.0129370 -0.0143032 -0.0228527 0.0045629 -0.0209964 -0.0208737 -0.0012596 -0.0089164 -0.0104916 0.0085957 -0.0262839 -0.0196252 -0.0060809 -0.0178074 -0.0282159 -0.0261423 -0.0163365 0.0042813 -0.0118437 -0.0023640 -0.0183862 -0.0186222 -0.0139376 -0.0014808 -0.0095007 -0.0099750 0.0025948 -0.0084993 -0.0097451 -0.0154674 -0.0019676 -0.0180499 -0.0035399 -0.0152835 -0.0118704 -0.0115772 -0.0160184 -0.0133631 -0.0047900 -0.0066591 -0.0063933 -0.0056305 0.0033685 -0.0133295 -0.0113872 -0.0193895 -0.0050773 -0.0040536 -0.0233138 -0.0120915 -0.0125422 -0.0209195 -0.0178029 -0.0052973 0.0034870 -0.0032881 -0.0103103 0.0014794 -0.0037517 -0.0093731 0.0007094 -0.0111338 -0.0141983 -0.0117941 -0.0073494 -0.0180427 -0.0034842 -0.0098720 -0.0106017 -0.0067915 -0.0005311
-0.0088156 -0.0069340 -0.0103883 -0.0135256 1.0089920 -0.0172031 -0.0019843 -0.0070635 -0.0082469 -0.0125358 -0.0124010 0.0147395 -0.0149400 -0.0109734 -0.0099441 -0.0089381 -0.0002140 -0.0151261 -0.0031232 0.0056038 -0.0335173 -0.0137044 -0.0021929 -0.0104792 -0.0337284 -0.0246093 -0.0171617 0.0139058 -0.0095874 -0.0114818 -0.0216636 -0.0164847 -0.0210371 -0.0036139 -0.0087603 -0.0063880 -0.0109873 -0.0019299 -0.0035806 -0.0220191 0.0040365 -0.0314477 -0.0193709 -0.0259705 -0.0066987 -0.0199018 -0.0139557 -0.0227902 -0.0098705 0.0001750 -0.0140373 -0.0123148 0.0077337 -0.0078225 -0.0080886 -0.0253167 0.0067412 0.0025013 -0.0173245 -0.0161169 -0.0027086 -0.0274428 -0.0157367 0.0090539 -0.0078015 -0.0077060 -0.0011509 -0.0039774 0.0000451 -0.0221630 -0.0047129 -0.0085386 -0.0301028 -0.0030320 -0.0015711 -0.0205154 -0.0036385 -0.0161918 -0.0137121 -0.0294005 -0.0059082
-0.0406916 -0.0083048 -0.0260600 -0.0064030 -0.0172031 1.0676680 -0.0571282 -0.0077529 -0.0161474 -0.0028649 -0.0146466 -0.0492740 -0.0027244 -0.0444269 -0.0077832 -0.0119241 -0.0337333 0.0190609 -0.0368639 -0.0550405 0.0401240 -0.0141646 -0.0629516 -0.0265266 0.0502786 0.0408454 -0.0155259 -0.0452396 -0.0234253 -0.0297979 0.0037418 -0.0149837 0.0188595 -0.0157897 0.0039602 -0.0225522 -0.0164311 -0.0134949 -0.0135334 0.0146234 -0.0188459 0.0330501 -0.0117063 0.0383688 -0.0048468 0.0078538 0.0159991 0.0317789 -0.0057922 -0.0218534 -0.0082905 -0.0137306 -0.0418380 0.0091713 -0.0029721 0.0210257 -0.0459364 -0.0261432 0.0197526 0.0266807 0.0038668 0.0190597 0.0099608 -0.0298896 -0.0224875 -0.0178196 -0.0361133 -0.0285675 -0.0278333 0.0099008 -0.0315579 0.0002834 0.0201453 -0.0299724 -0.0138783 0.0324776 -0.0224521 0.0139628 -0.0207226 0.0259018 -0.0249648
0.0093667 0.0076784 0.0039647 -0.0069851 -0.0019843 -0.0571282 1.0650488 -0.0205010 0.0139269 -0.0221309 -0.0144332 0.0491716 -0.0323755 0.0330561 -0.0208301 -0.0015463 0.0309821 -0.0438648 0.0152694 0.0464996 -0.0682261 -0.0046187 0.0504242 0.0045362 -0.0698844 -0.0642066 0.0001131 0.0541776 0.0078192 0.0041623 -0.0574161 -0.0253380 -0.0391581 0.0029839 -0.0319065 0.0087726 -0.0007726 -0.0004575 -0.0020283 -0.0380380 0.0233495 -0.0626374 -0.0044482 -0.0667986 -0.0208800 -0.0309962 -0.0430891 -0.0574970 -0.0013690 0.0014778 -0.0022487 -0.0073027 0.0448686 -0.0141826 -0.0101045 -0.0397719 0.0393879 0.0191799 -0.0470704 -0.0404617 -0.0198495 -0.0549412 -0.0300677 0.0205997 0.0235320 -0.0027280 0.0175805 0.0180319 0.0077944 -0.0346094 0.0080427 -0.0245154 -0.0437545 0.0089282 0.0088376 -0.0650992 0.0109630 -0.0218995 0.0069751 -0.0459409 0.0032109
-0.0146517 -0.0043051 -0.0166490 -0.0183333 -0.0070635 -0.0077529 -0.0205010 1.0496979 -0.0152853 -0.0124493 -0.0158990 -0.0208978 -0.0053862 -0.0128576 -0.0132430 -0.0084150 -0.0053275 0.0023425 -0.0168406 -0.0102667 -0.0003368 -0.0142852 -0.0257507 -0.0150617 -0.0014366 -0.0057856 -0.0092675 -0.0159531 -0.0136822 -0.0184082 0.0052118 -0.0056795 -0.0035021 -0.0051643 -0.0117630 -0.0129342 -0.0174652 -0.0128196 -0.0092807 -0.0018149 -0.0175874 0.0061288 -0.0152671 0.0012222 -0.0023322 -0.0013685 0.0007216 0.0002422 -0.0072978 -0.0165937 0.0013582 -0.0050633 -0.0109028 -0.0065329 -0.0006887 -0.0044090 -0.0170330 -0.0159108 -0.0036290 -0.0012017 0.0010477 -0.0011825 -0.0059975 -0.0090878 -0.0056869 -0.0072311 -0.0138322 -0.0101412 -0.0101031 -0.0024144 -0.0133922 -0.0031994 -0.0011158 -0.0097838 0.0017183 -0.0048545 -0.0100733 -0.0018709 -0.0046331 -0.0062780 -0.0134819
-0.0005817 -0.0083346 -0.0030428 -0.0101190 -0.0082469 -0.0161474 0.0139269 -0.0152853 1.0129696 -0.0105124 -0.0187817 0.0108563 -0.0062687 0.0051385 -0.0137985 -0.0167583 0.0035813 -0.0159185 -0.0017115 0.0054216 -0.0252844 -0.0077191 0.0037226 -0.0045469 -0.0259043 -0.0363447 -0.0059861 0.0155892 -0.0023341 0.0087615 -0.0188717 -0.0071944 -0.0152928 -0.0062229 -0.0156541 -0.0052123 -0.0037825 -0.0041876 -0.0050553 -0.0187202 0.0020840 -0.0248132 -0.0118201 -0.0250979 -0.0129402 -0.0078055 -0.0181308 -0.0292659 -0.0102480 -0.0072800 -0.0047623 -0.0097962 0.0087497 -0.0077996 -0.0051957 -0.0209172 0.0048438 0.0017044 -0.0209569 -0.0212462 -0.0146589 -0.0185329 -0.0128361 -0.0023712 0.0051670 -0.0116405 0.0036504 -0.0014978 -0.0083136 -0.0217193 0.0019072 -0.0066731 -0.0173501 0.0006716 -0.0003825 -0.0205146 -0.0010319 -0.0153102 -0.0033015 -0.0180339 -0.0071440
-0.0104879 -0.0189215 -0.0150841 -0.0180016 -0.0125358 -0.0028649 -0.0221309 -0.0124493 -0.0105124 1.0183420 -0.0098692 -0.0241445 -0.0119532 -0.0184988 -0.0062316 -0.0121472 -0.0153521 -0.0086868 -0.0157713 -0.0225386 0.0041663 -0.0124341 -0.0249830 -0.0193683 -0.0049935 -0.0105495 -0.0165208 -0.0145912 -0.0145277 -0.0128529 -0.0120193 -0.0007955 -0.0030492 -0.0043765 -0.0036266 -0.0054454 -0.0036043 -0.0024422 -0.0200264 -0.0074757 -0.0179974 0.0019588 -0.0130429 0.0005373 -0.0152160 -0.0076707 -0.0078883 -0.0036305 -0.0118870 -0.0087237 -0.0036620 -0.0178485 -0.0191456 -0.0023658 -0.0036491 0.0021037 -0.0135590 -0.0184808 0.0078966 -0.0089686 -0.0017443 -0.0028015 -0.0037403 -0.0087988 -0.0137243 -0.0095976 -0.0152906 -0.0140272 -0.0064942 -0.0073599 -0.0159600 -0.0053224 0.0009814 -0.0069116 -0.0082720 -0.0039644 -0.0126581 0.0009299 -0.0203236 0.0022968 -0.0096385
-0.0211413 -0.0076645 -0.0124774 -0.0129370 -0.0124010 -0.0146466 -0.0144332 -0.0158990 -0.0187817 -0.0098692 1.0197228 0.0084745 -0.0186493 -0.0115113 -0.0078632 -0.0175042 -0.0152658 -0.0097159 -0.0104885 -0.0144317 -0.0117860 -0.0097921 -0.0119400 -0.0020455 -0.0089485 -0.0145985 -0.0165689 -0.0125262 -0.0055712 -0.0079412 -0.0184655 -0.0225934 -0.0035255 -0.0085050 -0.0200714 -0.0134316 -0.0111739 -0.0107218 -0.0099298 -0.0085612 -0.0074795 -0.0036831 -0.0109038 -0.0044566 -0.0051329 -0.0018449 -0.0097270 -0.0140157 -0.0043846 -0.0088394 -0.0058242 -0.0111028 -0.0044512 -0.0098138 -0.0042203 -0.0084936 -0.0033846 -0.0040680 -0.0122993 -0.0089395 -0.0108443 -0.0080373 -0.0107708 0.0001134 -0.0026426 -0.0103488 -0.0085490 -0.0056731 -0.0088926 -0.0049031 -0.0045962 -0.0085975 -0.0146073 -0.0102893 -0.0053531 -0.0064018 -0.0092841 -0.0078024 -0.0064895 -0.0151760 -0.0137505
0.0120992 0.0002264 0.0064043 -0.0143032 0.0147395 -0.0492740 0.0491716 -0.0208978 0.0108563 -0.0241445 0.0084745 1.0715281 -0.0428189 0.0382330 -0.0224101 0.0043878 0.0281252 -0.0432359 0.0236098 0.0510400 -0.0650268 -0.0020541 0.0628910 0.0046967 -0.0627500 -0.0690378 0.0078879 0.0527978 0.0054574 0.0134370 -0.0585028 -0.0266769 -0.0401989 0.0032761 -0.0284263 0.0109044 0.0016304 0.0018601 -0.0001143 -0.0353630 0.0141376 -0.0567858 -0.0077814 -0.0674297 -0.0167482 -0.0266319 -0.0336849 -0.0536328 -0.0017716 0.0088794 -0.0056721 -0.0061449 0.0431144 -0.0188182 -0.0065902 -0.0342541 0.0354907 0.0197338 -0.0460714 -0.0433780 -0.0170308 -0.0401970 -0.0252500 0.0336299 0.0130096 0.0046359 0.0159608 0.0212323 0.0099505 -0.0426710 0.0165302 -0.0154435 -0.0439383 0.0098611 0.0040395 -0.0529521 0.0157947 -0.0280622 0.0038291 -0.0489555 0.0122243
-0.0175233 -0.0195198 -0.0150605 -0.0228527 -0.0149400 -0.0027244 -0.0323755 -0.0053862 -0.0062687 -0.0119532 -0.0186493 -0.0428189 1.0477422 -0.0279234 -0.0100802 -0.0107886 -0.0228286 0.0076820 -0.0264288 -0.0359753 0.0332497 -0.0135206 -0.0449874 -0.0235741 0.0151188 0.0140464 -0.0203501 -0.0339443 -0.0128307 -0.0258842 0.0149605 0.0051162 0.0062961 -0.0111788 0.0020342 -0.0101162 -0.0097408 -0.0139189 -0.0171737 0.0066424 -0.0160631 0.0208471 -0.0130479 0.0203846 -0.0027814 -0.0055017 0.0147022 0.0117976 -0.0104183 -0.0112385 0.0006175 -0.0082221 -0.0339977 0.0002650 -0.0035599 0.0066269 -0.0265839 -0.0180680 0.0105523 0.0071141 -0.0012472 0.0069688 0.0036476 -0.0260010 -0.0152495 -0.0080310 -0.0189029 -0.0167048 -0.0049313 0.0058445 -0.0252034 -0.0029061 0.0199094 -0.0149988 -0.0094179 0.0166912 -0.0097443 -0.0046180 -0.0134920 0.0123791 -0.0205706
-0.0017704 0.0014283 -0.0008616 0.0045629 -0.0109734 -0.0444269 0.0330561 -0.0128576 0.0051385 -0.0184988 -0.0115113 0.0382330 -0.0279234 1.0316206 -0.0234724 -0.0131504 0.0164803 -0.0297348 0.0085962 0.0312851 -0.0522707 -0.0103428 0.0319172 0.0004683 -0.0417852 -0.0532137 0.0062363 0.0327024 0.0027923 0.0049435 -0.0503994 -0.0150821 -0.0235745 0.0055121 -0.0262706 0.0076617 0.0022903 -0.0006489 0.0006281 -0.0283906 0.0070150 -0.0546752 -0.0184955 -0.0393352 -0.0184717 -0.0179818 -0.0279660 -0.0498301 -0.0074712 0.0033829 -0.0148678 -0.0014185 0.0269434 -0.0173408 -0.0087170 -0.0300715 0.0197531 0.0057647 -0.0430711 -0.0340942 -0.0190170 -0.0366827 -0.0217394 0.0170526 -0.0007426 0.0029661 0.0148620 0.0074371 0.0017177 -0.0355538 0.0102322 -0.0211823 -0.0336824 0.0063374 0.0116224 -0.0421442 0.0073173 -0.0173129 0.0070877 -0.0346812 0.0002436
-0.0090573 -0.0111965 -0.0226918 -0.0209964 -0.0099441 -0.0077832 -0.0208301 -0.0132430 -0.0137985 -0.0062316 -0.0078632 -0.0224101 -0.0100802 -0.0234724 1.0255828 -0.0143981 -0.0160118 -0.0009964 -0.0062754 -0.0202796 -0.0049644 -0.0168246 -0.0185188 -0.0193450 -0.0049062 -0.0004079 -0.0046377 -0.0152527 -0.0115107 -0.0256111 -0.0086934 -0.0016553 -0.0057600 -0.0156277 -0.0113603 -0.0114981 -0.0131843 -0.0036965 -0.0124602 -0.0054934 -0.0125824 0.0002291 -0.0171376 0.0013848 -0.0121723 -0.0080214 -0.0058797 0.0028214 -0.0102558 -0.0072124 -0.0061361 -0.0116753 -0.0191474 0.0018442 -0.0072291 -0.0054582 -0.0085931 -0.0050653 -0.0007431 0.0025858 -0.0062096 0.0011499 -0.0040856 -0.0137583 -0.0145745 -0.0141330 -0.0092951 -0.0117101 -0.0055946 -0.0005388 -0.0103431 -0.0049625 0.0013026 -0.0113301 -0.0071636 0.0011725 -0.0143668 0.0046844 -0.0137985 -0.0015930 -0.0213510
-0.0209931 -0.0048117 -0.0149501 -0.0208737 -0.0089381 -0.0119241 -0.0015463 -0.0084150 -0.0167583 -0.0121472 -0.0175042 0.0043878 -0.0107886 -0.0131504 -0.0143981 1.0320636 -0.0005721 -0.0011160 -0.0045703 -0.0037058 -0.0212605 -0.0030018 -0.0104696 -0.0089160 -0.0218335 -0.0182433 -0.0109341 0.0045172 -0.0142220 -0.0089232 -0.0198479 -0.0099797 -0.0146012 -0.0079448 -0.0154767 -0.0086767 -0.0081078 -0.0097864 -0.0136688 -0.0130310 -0.0044026 -0.0162449 -0.0115463 -0.0180884 -0.0038929 -0.0160820 -0.0138008 -0.0156755 -0.0061139 -0.0087139 -0.0077721 -0.0132435 -0.0011514 -0.0012520 -0.0068770 -0.0109786 -0.0001371 -0.0081345 -0.0097000 -0.0143613 -0.0034012 -0.0149148 -0.0168870 -0.0087829 -0.0071177 -0.0120250 -0.0016322 -0.0091427 -0.0032891 -0.0203307 0.0024868 0.0006950 -0.0102514 -0.0060191 -0.0008881 -0.0076277 -0.0012064 -0.0066524 -0.0041558 -0.0093401 0.0019502
0.0085669 -0.0045443 0.0053405 -0.0012596 -0.0002140 -0.0337333 0.0309821 -0.0053275 0.0035813 -0.0153521 -0.0152658 0.0281252 -0.0228286 0.0164803 -0.0160118 -0.0005721 1.0360898 -0.0230468 0.0032368 0.0267426 -0.0403537 0.0022863 0.0242415 0.0024667 -0.0362365 -0.0354930 0.0024709 0.0287587 0.0162529 0.0113275 -0.0368167 -0.0203669 -0.0185056 -0.0029760 -0.0167139 0.0042266 -0.0022540 -0.0010830 0.0022791 -0.0171010 0.0060726 -0.0392469 -0.0102001 -0.0327930 -0.0056690 -0.0163662 -0.0185413 -0.0284460 -0.0037573 0.0049384 -0.0041363 -0.0013066 0.0222994 -0.0139187 -0.0044508 -0.0162024 0.0198112 0.0063366 -0.0235136 -0.0199352 -0.0113089 -0.0334983 -0.0132805 0.0113048 0.0098546 -0.0009577 0.0124537 0.0076594 0.0022224 -0.0248909 0.0102316 -0.0159697 -0.0269454 0.0036486 0.0013587 -0.0346295 0.0073751 -0.0108747 0.0023636 -0.0201761 0.0056650
-0.0268681 -0.0133718 -0.0161713 -0.0089164 -0.0151261 0.0190609 -0.0438648 0.0023425 -0.0159185 -0.0086868 -0.0097159 -0.0432359 0.0076820 -0.0297348 -0.0009964 -0.0011160 -0.0230468 1.0456610 -0.0334646 -0.0387624 0.0280100 -0.0130426 -0.0589173 -0.0193331 0.0263103 0.0352598 -0.0098361 -0.0418231 -0.0217149 -0.0171460 0.0237967 0.0060937 0.0117736 -0.0148913 0.0101808 -0.0119416 -0.0110781 -0.0181793 -0.0063280 0.0112469 -0.0167337 0.0266054 -0.0005721 0.0280890 0.0059984 0.0100091 0.0090760 0.0312700 -0.0020248 -0.0136793 -0.0002208 -0.0116832 -0.0316385 0.0028562 -0.0030302 0.0097174 -0.0329210 -0.0164751 0.0212694 0.0200753 0.0023707 0.0266156 0.0074929 -0.0179542 -0.0176466 -0.0099246 -0.0215903 -0.0205396 -0.0130480 0.0089736 -0.0150857 0.0045737 0.0158630 -0.0149665 -0.0103645 0.0203143 -0.0195425 0.0022172 -0.0021888 0.0190776 -0.0145302
-0.0076648 -0.0064170 -0.0023931 -0.0104916 -0.0031232 -0.0368639 0.0152694 -0.0168406 -0.0017115 -0.0157713 -0.0104885 0.0236098 -0.0264288 0.0085962 -0.0062754 -0.0045703 0.0032368 -0.0334646 1.0277575 0.0255975 -0.0421266 -0.0060000 0.0274637 -0.0067139 -0.0357176 -0.0540869 -0.0105480 0.0333979 0.0023615 -0.0100446 -0.0339800 -0.0198130 -0.0278235 -0.0001943 -0.0227209 -0.0005752 -0.0018500 -0.0020546 0.0002464 -0.0299789 -0.0061161 -0.0477059 -0.0079144 -0.0420395 -0.0106755 -0.0143320 -0.0305501 -0.0459394 -0.0023099 0.0032094 -0.0131228 -0.0082097 0.0289990 -0.0105225 -0.0094339 -0.0359724 0.0163027 0.0069029 -0.0293625 -0.0246844 -0.0199386 -0.0368728 -0.0160262 0.0124932 -0.0011403 -0.0029139 0.0142025 0.0097812 -0.0122191 -0.0189962 0.0051968 -0.0101035 -0.0309683 -0.0013562 0.0075772 -0.0363396 0.0006655 -0.0137213 -0.0035342 -0.0371658 0.0074687
0.0080596 0.0071800 -0.0017436 0.0085957 0.0056038 -0.0550405 0.0464996 -0.0102667 0.0054216 -0.0225386 -0.0144317 0.0510400 -0.0359753 0.0312851 -0.0202796 -0.0037058 0.0267426 -0.0387624 0.0255975 1.0695372 -0.0721301 0.0019567 0.0523403 0.0086664 -0.0677204 -0.0719258 0.0017538 0.0530814 0.0080063 0.0151814 -0.0594109 -0.0323211 -0.0312527 0.0035096 -0.0328297 0.0056361 -0.0046162 0.0098612 -0.0011605 -0.0378035 0.0190542 -0.0610558 -0.0016982 -0.0605146 -0.0095668 -0.0324515 -0.0373880 -0.0571027 -0.0020836 0.0034611 -0.0100361 -0.0033601 0.0454565 -0.0172843 -0.0192399 -0.0390901 0.0373900 0.0167379 -0.0471633 -0.0437017 -0.0264296 -0.0528803 -0.0262682 0.0293701 0.0153747 0.0050943 0.0255343 0.0252514 0.0063067 -0.0484005 0.0197768 -0.0212155 -0.0434932 0.0110771 0.0112913 -0.0577024 0.0093365 -0.0195993 0.0016166 -0.0444489 0.0141889
-0.0430963 -0.0208351 -0.0236384 -0.0262839 -0.0335173 0.0401240 -0.0682261 -0.0003368 -0.0252844 0.0041663 -0.0117860 -0.0650268 0.0332497 -0.0522707 -0.0049644 -0.0212605 -0.0403537 0.0280100 -0.0421266 -0.0721301 1.1037329 -0.0096884 -0.0792218 -0.0380794 0.0530542 0.0621556 -0.0183859 -0.0703467 -0.0300275 -0.0297209 0.0415500 0.0105632 0.0201475 -0.0182827 0.0132528 -0.0256060 -0.0146654 -0.0186969 -0.0205520 0.0278783 -0.0323653 0.0548454 -0.0134702 0.0542509 0.0150530 0.0187893 0.0223251 0.0551524 -0.0088584 -0.0210837 0.0027096 -0.0077344 -0.0628159 0.0034518 0.0033421 0.0294714 -0.0536793 -0.0295105 0.0377592 0.0359895 0.0083684 0.0411913 0.0068579 -0.0363719 -0.0253907 -0.0160924 -0.0321583 -0.0279450 -0.0206855 0.0353714 -0.0344613 0.0063811 0.0413207 -0.0244037 -0.0227184 0.0462347 -0.0301237 0.0136845 -0.0234367 0.0453827 -0.0316999
-0.0047700 -0.0139633 -0.0157303 -0.0196252 -0.0137044 -0.0141646 -0.0046187 -0.0142852 -0.0077191 -0.0124341 -0.0097921 -0.0020541 -0.0135206 -0.0103428 -0.0168246 -0.0030018 0.0022863 -0.0130426 -0.0060000 0.0019567 -0.0096884 1.0354059 0.0028316 -0.0099177 -0.0162296 -0.0197791 -0.0029325 -0.0005313 -0.0096175 -0.0141215 -0.0224427 -0.0138587 -0.0089309 0.0002393 -0.0072304 -0.0062657 -0.0012239 -0.0058873 -0.0050930 -0.0106759 -0.0108443 -0.0156426 -0.0080842 -0.0121721 -0.0061385 -0.0047695 -0.0132568 -0.0157718 -0.0053011 -0.0041775 -0.0128270 -0.0037529 -0.0024265 -0.0052244 0.0010955 -0.0169200 -0.0044427 -0.0052685 -0.0119982 -0.0182566 -0.0044171 -0.0125571 -0.0103033 -0.0058493 -0.0048352 -0.0077135 0.0017655 -0.0053337 -0.0106935 -0.0127325 -0.0094822 -0.0057020 -0.0086273 -0.0067472 -0.0073622 -0.0056969 -0.0009104 -0.0121950 -0.0097235 -0.0121866 -0.0003415
0.0032175 -0.0027928 0.0104552 -0.0060809 -0.0021929 -0.0629516 0.0504242 -0.0257507 0.0037226 -0.0249830 -0.0119400 0.0628910 -0.0449874 0.0319172 -0.0185188 -0.0104696 0.0242415 -0.0589173 0.0274637 0.0523403 -0.0792218 0.0028316 1.0974643 0.0122874 -0.0692813 -0.0860297 -0.0151976 0.0702627 0.0025451 0.0144746 -0.0538736 -0.0402575 -0.0488848 -0.0036133 -0.0336027 0.0132588 0.0013590 -0.0013434 0.0066814 -0.0515769 0.0258993 -0.0754028 -0.0129312 -0.0836434 -0.0160199 -0.0434940 -0.0391008 -0.0737198 -0.0038459 0.0066247 -0.0114453 -0.0077149 0.0643160 -0.0281955 -0.0152983 -0.0535161 0.0480930 0.0216775 -0.0653525 -0.0595427 -0.0302841 -0.0615874 -0.0331507 0.0350818 0.0192079 -0.0007142 0.0372315 0.0203949 0.0174841 -0.0461475 0.0346453 -0.0233630 -0.0531192 0.0205829 0.0127135 -0.0640941 0.0226122 -0.0223915 0.0115237 -0.0571779 0.0144591
-0.0070614 -0.0099800 -0.0001631 -0.0178074 -0.0104792 -0.0265266 0.0045362 -0.0150617 -0.0045469 -0.0193683 -0.0020455 0.0046967 -0.0235741 0.0004683 -0.0193450 -0.0089160 0.0024667 -0.0193331 -0.0067139 0.0086664 -0.0380794 -0.0099177 0.0122874 1.0265291 -0.0375344 -0.0329188 -0.0115881 0.0181002 -0.0100931 -0.0068628 -0.0274327 -0.0154497 -0.0182353 -0.0126152 -0.0194878 -0.0051932 -0.0116518 -0.0090175 -0.0036062 -0.0230688 -0.0026840 -0.0169334 -0.0082302 -0.0286245 -0.0091752 -0.0126288 -0.0205315 -0.0245959 -0.0163076 -0.0095962 -0.0090817 -0.0122879 0.0138317 -0.0137211 -0.0098907 -0.0131277 0.0077899 -0.0053866 -0.0321799 -0.0194828 -0.0113112 -0.0331520 -0.0132872 0.0026245 -0.0067893 0.0026083 0.0007469 -0.0025396 -0.0004971 -0.0202059 0.0091973 -0.0090239 -0.0232970 -0.0048181 0.0041143 -0.0242021 0.0009541 -0.0121372 -0.0016803 -0.0170364 -0.0035268
-0.0305632 -0.0105239 -0.0295668 -0.0282159 -0.0337284 0.0502786 -0.0698844 -0.0014366 -0.0259043 -0.0049935 -0.0089485 -0.0627500 0.0151188 -0.0417852 -0.0049062 -0.0218335 -0.0362365 0.0263103 -0.0357176 -0.0677204 0.0530542 -0.0162296 -0.0692813 -0.0375344 1.0810525 0.0552917 -0.0101469 -0.0729882 -0.0283998 -0.0507022 0.0119374 -0.0050173 0.0283510 -0.0281069 0.0234258 -0.0297223 -0.0179781 -0.0193984 -0.0195927 0.0235960 -0.0352563 0.0420142 -0.0163579 0.0522419 0.0011864 0.0084194 0.0276009 0.0554082 -0.0122554 -0.0134526 -0.0108243 -0.0191728 -0.0570345 0.0065787 0.0002027 0.0245970 -0.0495430 -0.0297870 0.0363524 0.0230573 0.0151353 0.0307685 0.0128746 -0.0431817 -0.0302829 -0.0118348 -0.0343370 -0.0274407 -0.0213157 0.0191647 -0.0309965 0.0061246 0.0328051 -0.0254415 -0.0283972 0.0411138 -0.0295220 0.0133824 -0.0185282 0.0315431 -0.0269285
-0.0223535 -0.0212571 -0.0253773 -0.0261423 -0.0246093 0.0408454 -0.0642066 -0.0057856 -0.0363447 -0.0105495 -0.0145985 -0.0690378 0.0140464 -0.0532137 -0.0004079 -0.0182433 -0.0354930 0.0352598 -0.0540869 -0.0719258 0.0621556 -0.0197791 -0.0860297 -0.0329188 0.0552917 1.0970217 -0.0168921 -0.0826563 -0.0296689 -0.0498416 0.0426375 0.0164361 0.0288926 -0.0133688 0.0190844 -0.0235806 -0.0187518 -0.0170908 -0.0203802 0.0265583 -0.0307997 0.0519153 -0.0092159 0.0663581 -0.0018842 0.0173837 0.0201899 0.0532085 -0.0152353 -0.0212743 -0.0082495 -0.0082717 -0.0651264 0.0137361 0.0026712 0.0306840 -0.0508340 -0.0310331 0.0366260 0.0306517 0.0059006 0.0395680 0.0139652 -0.0441955 -0.0323782 -0.0121051 -0.0407565 -0.0359839 -0.0304187 0.0310718 -0.0409430 -0.0029818 0.0363593 -0.0217602 -0.0221805 0.0515664 -0.0348476 0.0130558 -0.0147604 0.0418495 -0.0278972
-0.0078874 -0.0149724 -0.0083956 -0.0163365 -0.0171617 -0.0155259 0.0001131 -0.0092675 -0.0059861 -0.0165208 -0.0165689 0.0078879 -0.0203501 0.0062363 -0.0046377 -0.0109341 0.0024709 -0.0098361 -0.0105480 0.0017538 -0.0183859 -0.0029325 -0.0151976 -0.0115881 -0.0101469 -0.0168921 1.0241350 -0.0012283 -0.0100268 -0.0098127 -0.0182542 -0.0182524 -0.0125921 -0.0120643 -0.0148192 -0.0123791 -0.0078586 -0.0066109 -0.0033710 -0.0079505 -0.0075721 -0.0196734 -0.0071983 -0.0212925 -0.0083573 -0.0185352 -0.0144313 -0.0058647 -0.0082499 -0.0087313 -0.0073307 -0.0119275 0.0001829 -0.0130318 -0.0057666 -0.0158280 -0.0045268 -0.0033035 -0.0133150 -0.0119978 -0.0088218 -0.0191341 -0.0069686 0.0009051 -0.0012066 -0.0094843 -0.0021686 -0.0030903 -0.0068267 -0.0174307 -0.0082522 -0.0091897 -0.0148322 -0.0061773 -0.0075046 -0.0122627 -0.0079024 -0.0090440 -0.0032992 -0.0210686 -0.0121253
0.0130017 0.0112779 0.0096108 0.0042813 0.0139058 -0.0452396 0.0541776 -0.0159531 0.0155892 -0.0145912 -0.0125262 0.0527978 -0.0339443 0.0327024 -0.0152527 0.0045172 0.0287587 -0.0418231 0.0333979 0.0530814 -0.0703467 -0.0005313 0.0702627 0.0181002 -0.0729882 -0.0826563 -0.0012283 1.0538067 0.0120563 0.0230706 -0.0566141 -0.0266287 -0.0283357 0.0085653 -0.0299587 0.0161339 -0.0019780 0.0079321 0.0011143 -0.0374354 0.0262947 -0.0622290 -0.0021595 -0.0700538 -0.0226592 -0.0280627 -0.0362889 -0.0575268 0.0029136 0.0146054 -0.0071268 0.0039903 0.0443515 -0.0161991 -0.0075927 -0.0402691 0.0415491 0.0217038 -0.0455320 -0.0342928 -0.0184183 -0.0506186 -0.0244671 0.0290948 0.0149379 0.0039931 0.0229917 0.0174613 0.0107254 -0.0326402 0.0254887 -0.0178092 -0.0467880 0.0123008 0.0129296 -0.0579068 0.0163714 -0.0232624 0.0046476 -0.0489678 0.0112472
-0.0152009 -0.0154447 -0.0222491 -0.0118437 -0.0095874 -0.0234253 0.0078192 -0.0136822 -0.0023341 -0.0145277 -0.0055712 0.0054574 -0.0128307 0.0027923 -0.0115107 -0.0142220 0.0162529 -0.0217149 0.0023615 0.0080063 -0.0300275 -0.0096175 0.0025451 -0.0100931 -0.0283998 -0.0296689 -0.0100268 0.0120563 1.0194123 -0.0106862 -0.0313134 -0.0109230 -0.0175532 -0.0073189 -0.0111600 0.0008780 -0.0037380 -0.0066524 -0.0138337 -0.0146482 -0.0100311 -0.0190688 -0.0182363 -0.0158932 -0.0144488 -0.0167897 -0.0068249 -0.0211331 -0.0091561 -0.0071695 -0.0077405 -0.0043479 0.0116680 -0.0071069 -0.0086141 -0.0161399 0.0019398 -0.0072170 -0.0235257 -0.0098912 -0.0108416 -0.0204841 -0.0064727 0.0040501 0.0004213 -0.0063857 0.0032539 -0.0036641 -0.0056295 -0.0155607 -0.0041507 -0.0148925 -0.0140305 -0.0078347 0.0024796 -0.0268419 -0.0059570 -0.0144224 -0.0052588 -0.0168764 -0.0035838
-0.0138642 -0.0088745 -0.0083436 -0.0023640 -0.0114818 -0.0297979 0.0041623 -0.0184082 0.0087615 -0.0128529 -0.0079412 0.0134370 -0.0258842 0.0049435 -0.0256111 -0.0089232 0.0113275 -0.0171460 -0.0100446 0.0151814 -0.0297209 -0.0141215 0.0144746 -0.0068628 -0.0507022 -0.0498416 -0.0098127 0.0230706 -0.0106862 1.0186677 -0.0347262 -0.0237360 -0.0251877 0.0031444 -0.0137937 0.0040439 -0.0043026 -0.0114334 -0.0035827 -0.0230249 0.0009032 -0.0281374 -0.0016975 -0.0365498 -0.0170591 -0.0183423 -0.0116019 -0.0251005 -0.0083435 -0.0043705 -0.0017826 -0.0091904 0.0173318 -0.0140998 -0.0056623 -0.0242510 0.0125698 -0.0014329 -0.0250737 -0.0237000 -0.0183220 -0.0327695 -0.0163394 0.0067472 0.0029119 -0.0065232 0.0069187 0.0018713 -0.0030894 -0.0310529 0.0035150 -0.0150172 -0.0315308 -0.0067858 0.0037261 -0.0300450 -0.0009859 -0.0124820 -0.0044656 -0.0257158 0.0037668
-0.0296420 -0.0152106 -0.0274019 -0.0183862 -0.0216636 0.0037418 -0.0574161 0.0052118 -0.0188717 -0.0120193 -0.0184655 -0.0585028 0.0149605 -0.0503994 -0.0086934 -0.0198479 -0.0368167 0.0237967 -0.0339800 -0.0594109 0.0415500 -0.0224427 -0.0538736 -0.0274327 0.0119374 0.0426375 -0.0182542 -0.0566141 -0.0313134 -0.0347262 1.0324063 -0.0045151 0.0248407 -0.0115456 0.0064893 -0.0182042 -0.0208998 -0.0177809 -0.0229577 0.0081970 -0.0332815 0.0257908 -0.0141177 0.0462363 0.0019514 -0.0005898 0.0157967 0.0341015 -0.0083805 -0.0236956 -0.0017840 -0.0107049 -0.0479720 0.0046399 -0.0008749 0.0075689 -0.0478841 -0.0341517 0.0276863 0.0185682 0.0082530 0.0223802 0.0071083 -0.0303912 -0.0273536 -0.0160785 -0.0385625 -0.0262980 -0.0145969 0.0146320 -0.0251293 0.0020968 0.0205447 -0.0182454 -0.0191734 0.0307706 -0.0222070 0.0138451 -0.0195842 0.0179665 -0.0211993
-0.0179171 -0.0117805 -0.0254675 -0.0186222 -0.0164847 -0.0149837 -0.0253380 -0.0056795 -0.0071944 -0.0007955 -0.0225934 -0.0266769 0.0051162 -0.0150821 -0.0016553 -0.0099797 -0.0203669 0.0060937 -0.0198130 -0.0323211 0.0105632 -0.0138587 -0.0402575 -0.0154497 -0.0050173 0.0164361 -0.0182524 -0.0266287 -0.0109230 -0.0237360 -0.0045151 1.0473648 0.0129577 -0.0004942 0.0007471 -0.0114430 -0.0109436 -0.0066138 -0.0101924 -0.0100103 -0.0157769 0.0046280 0.0011747 0.0098442 -0.0023846 -0.0022991 0.0000310 0.0117983 -0.0089637 -0.0129391 -0.0020626 -0.0080060 -0.0192579 -0.0022986 -0.0005932 0.0013452 -0.0233933 -0.0187944 0.0089551 0.0018374 -0.0070346 0.0075102 -0.0025156 -0.0125978 -0.0230122 -0.0055332 -0.0231800 -0.0214943 -0.0099480 -0.0018884 -0.0196557 -0.0050566 0.0036131 -0.0212623 -0.0094209 0.0112331 -0.0146246 0.0005108 -0.0161635 0.0053951 -0.0147360
-0.0177617 -0.0093096 -0.0158562 -0.0139376 -0.0210371 0.0188595 -0.0391581 -0.0035021 -0.0152928 -0.0030492 -0.0035255 -0.0401989 0.0062961 -0.0235745 -0.0057600 -0.0146012 -0.0185056 0.0117736 -0.0278235 -0.0312527 0.0201475 -0.0089309 -0.0488848 -0.0182353 0.0283510 0.0288926 -0.0125921 -0.0283357 -0.0175532 -0.0251877 0.0248407 0.0129577 1.0238742 -0.0091793 0.0123996 -0.0104054 -0.0063969 -0.0100555 -0.0073904 0.0108765 -0.0132629 0.0300569 -0.0081098 0.0277126 0.0006512 0.0069573 0.0077616 0.0262186 -0.0048281 -0.0136697 -0.0058199 -0.0083847 -0.0270141 -0.0015741 -0.0009793 0.0135830 -0.0264225 -0.0165232 0.0169783 0.0115259 0.0052691 0.0119868 0.0050972 -0.0184319 -0.0140715 -0.0046787 -0.0204910 -0.0141114 -0.0101030 0.0117565 -0.0193002 -0.0012055 0.0128540 -0.0124182 -0.0097499 0.0176301 -0.0205368 0.0050447 -0.0103641 0.0193069 -0.0112848
-0.0104250 -0.0115515 -0.0110150 -0.0014808 -0.0036139 -0.0157897 0.0029839 -0.0051643 -0.0062229 -0.0043765 -0.0085050 0.0032761 -0.0111788 0.0055121 -0.0156277 -0.0079448 -0.0029760 -0.0148913 -0.0001943 0.0035096 -0.0182827 0.0002393 -0.0036133 -0.0126152 -0.0281069 -0.0133688 -0.0120643 0.0085653 -0.0073189 0.0031444 -0.0115456 -0.0004942 -0.0091793 0.9946822 -0.0109301 -0.0024549 -0.0025093 0.0007971 0.0013877 -0.0098599 -0.0059477 -0.0153955 -0.0087064 -0.0139899 -0.0056739 -0.0080015 -0.0075270 -0.0139119 -0.0038949 0.0018271 -0.0018487 -0.0044640 0.0016415 -0.0125162 -0.0078006 -0.0083305 0.0005309 0.0054840 -0.0121860 -0.0112115 -0.0049220 -0.0179421 -0.0088882 0.0059616 -0.0034376 -0.0098560 -0.0059642 -0.0036542 -0.0053220 -0.0125848 -0.0021382 -0.0080172 -0.0023054 -0.0038986 0.0029357 -0.0164094 -0.0039491 -0.0070673 -0.0081612 -0.0110395 -0.0067274
-0.0218695 -0.0126066 -0.0088168 -0.0095007 -0.0087603 0.0039602 -0.0319065 -0.0117630 -0.0156541 -0.0036266 -0.0200714 -0.0284263 0.0020342 -0.0262706 -0.0113603 -0.0154767 -0.0167139 0.0101808 -0.0227209 -0.0328297 0.0132528 -0.0072304 -0.0336027 -0.0194878 0.0234258 0.0190844 -0.0148192 -0.0299587 -0.0111600 -0.0137937 0.0064893 0.0007471 0.0123996 -0.0109301 1.0040534 -0.0137200 -0.0082122 -0.0145688 -0.0107908 0.0142223 -0.0240277 0.0177947 -0.0052719 0.0142226 0.0033217 -0.0008760 0.0088922 0.0102853 -0.0151776 -0.0116734 -0.0003853 -0.0134961 -0.0237363 0.0040430 -0.0026597 0.0083691 -0.0243623 -0.0161590 0.0131107 0.0055057 0.0019761 0.0087676 0.0069167 -0.0184475 -0.0135216 -0.0055687 -0.0148721 -0.0163174 -0.0140392 0.0032365 -0.0170702 -0.0025820 0.0105834 -0.0249777 -0.0098519 0.0172417 -0.0159294 0.0015973 -0.0104279 0.0149437 -0.0100869
0.0041450 -0.0010689 -0.0027403 -0.0099750 -0.0063880 -0.0225522 0.0087726 -0.0129342 -0.0052123 -0.0054454 -0.0134316 0.0109044 -0.0101162 0.0076617 -0.0114981 -0.0086767 0.0042266 -0.0119416 -0.0005752 0.0056361 -0.0256060 -0.0062657 0.0132588 -0.0051932 -0.0297223 -0.0235806 -0.0123791 0.0161339 0.0008780 0.0040439 -0.0182042 -0.0114430 -0.0104054 -0.0024549 -0.0137200 0.9809564 -0.0043840 -0.0015504 -0.0040597 -0.0154137 -0.0051359 -0.0213559 -0.0041011 -0.0299741 -0.0076592 -0.0114233 -0.0149122 -0.0213592 0.0000703 -0.0029757 -0.0020719 -0.0018648 0.0101997 -0.0013458 -0.0075146 -0.0192278 0.0055953 -0.0017297 -0.0178129 -0.0215571 -0.0141102 -0.0251265 -0.0042349 0.0064888 -0.0018926 -0.0027687 0.0066214 -0.0028602 -0.0025769 -0.0165553 0.0077599 -0.0114426 -0.0151616 0.0004634 -0.0027681 -0.0219111 0.0066346 -0.0076801 -0.0027018 -0.0153624 -0.0066234
0.0002773 -0.0072120 -0.0060100 0.0025948 -0.0109873 -0.0164311 -0.0007726 -0.0174652 -0.0037825 -0.0036043 -0.0111739 0.0016304 -0.0097408 0.0022903 -0.0131843 -0.0081078 -0.0022540 -0.0110781 -0.0018500 -0.0046162 -0.0146654 -0.0012239 0.0013590 -0.0116518 -0.0179781 -0.0187518 -0.0078586 -0.0019780 -0.0037380 -0.0043026 -0.0208998 -0.0109436 -0.0063969 -0.0025093 -0.0082122 -0.0043840 1.0170220 -0.0048397 -0.0042338 -0.0193280 -0.0013253 -0.0122107 -0.0043651 -0.0156017 -0.0054183 -0.0078706 -0.0121857 -0.0110593 -0.0009816 -0.0049088 0.0017288 -0.0081029 0.0028944 -0.0136338 -0.0004822 -0.0148489 -0.0013699 -0.0019587 -0.0020111 -0.0155191 -0.0110836 -0.0167243 -0.0082209 0.0007887 -0.0065613 -0.0019337 0.0042279 -0.0005863 0.0030066 -0.0124038 -0.0058543 -0.0025100 -0.0118808 -0.0038449 -0.0012441 -0.0121750 -0.0054513 -0.0024959 -0.0086911 -0.0087877 0.0013982
-0.0050387 -0.0159452 -0.0070292 -0.0084993 -0.0019299 -0.0134949 -0.0004575 -0.0128196 -0.0041876 -0.0024422 -0.0107218 0.0018601 -0.0139189 -0.0006489 -0.0036965 -0.0097864 -0.0010830 -0.0181793 -0.0020546 0.0098612 -0.0186969 -0.0058873 -0.0013434 -0.0090175 -0.0193984 -0.0170908 -0.0066109 0.0079321 -0.0066524 -0.0114334 -0.0177809 -0.0066138 -0.0100555 0.0007971 -0.0145688 -0.0015504 -0.0048397 1.0207651 -0.0071078 -0.0107093 -0.0023860 -0.0111784 -0.0055895 -0.0197216 -0.0048833 -0.0113708 -0.0158065 -0.0151965 -0.0050864 0.0033342 -0.0050971 0.0009856 0.0008872 -0.0059118 -0.0059838 -0.0104378 0.0045508 0.0036784 -0.0117974 -0.0195407 -0.0074493 -0.0093170 -0.0139477 0.0003602 0.0017533 -0.0112959 -0.0033553 -0.0041728 -0.0010726 -0.0131038 0.0001956 -0.0102372 -0.0157108 -0.0023861 0.0008245 -0.0138194 0.0054428 -0.0013575 -0.0049360 -0.0141619 -0.0034335
-0.0049310 -0.0018974 -0.0114533 -0.0097451 -0.0035806 -0.0135334 -0.0020283 -0.0092807 -0.0050553 -0.0200264 -0.0099298 -0.0001143 -0.0171737 0.0006281 -0.0124602 -0.0136688 0.0022791 -0.0063280 0.0002464 -0.0011605 -0.0205520 -0.0050930 0.0066814 -0.0036062 -0.0195927 -0.0203802 -0.0033710 0.0011143 -0.0138337 -0.0035827 -0.0229577 -0.0101924 -0.0073904 0.0013877 -0.0107908 -0.0040597 -0.0042338 -0.0071078 1.0202906 -0.0123736 -0.0022384 -0.0175893 -0.0034384 -0.0187717 -0.0057850 -0.0100028 -0.0159593 -0.0184659 -0.0021115 -0.0106813 -0.0052874 -0.0097445 0.0013420 -0.0067914 -0.0085297 -0.0093221 0.0062837 -0.0029092 -0.0109529 -0.0080448 -0.0067445 -0.0165803 -0.0151617 0.0052752 -0.0025583 -0.0062966 0.0026864 -0.0002381 0.0038882 -0.0070738 -0.0107923 -0.0072503 -0.0215174 0.0004315 0.0000103 -0.0198633 -0.0066696 -0.0134407 -0.0020568 -0.0163346 -0.0031165
-0.0219702 -0.0210295 -0.0097440 -0.0154674 -0.0220191 0.0146234 -0.0380380 -0.0018149 -0.0187202 -0.0074757 -0.0085612 -0.0353630 0.0066424 -0.0283906 -0.0054934 -0.0130310 -0.0171010 0.0112469 -0.0299789 -0.0378035 0.0278783 -0.0106759 -0.0515769 -0.0230688 0.0235960 0.0265583 -0.0079505 -0.0374354 -0.0146482 -0.0230249 0.0081970 -0.0100103 0.0108765 -0.0098599 0.0142223 -0.0154137 -0.0193280 -0.0107093 -0.0123736 1.0218313 -0.0150498 0.0174924 -0.0113674 0.0214501 -0.0049455 0.0025004 0.0073152 0.0170465 -0.0089062 -0.0087026 0.0045544 -0.0128593 -0.0310816 -0.0021373 -0.0017295 0.0132841 -0.0299249 -0.0194624 0.0188097 0.0085084 0.0056537 0.0182887 0.0039860 -0.0211718 -0.0080861 -0.0114768 -0.0130076 -0.0209262 -0.0145999 0.0093008 -0.0135398 -0.0027128 0.0122192 -0.0149247 -0.0119704 0.0240421 -0.0171072 0.0087990 -0.0116623 0.0181583 -0.0144861
-0.0026461 -0.0031727 0.0045611 -0.0019676 0.0040365 -0.0188459 0.0233495 -0.0175874 0.0020840 -0.0179974 -0.0074795 0.0141376 -0.0160631 0.0070150 -0.0125824 -0.0044026 0.0060726 -0.0167337 -0.0061161 0.0190542 -0.0323653 -0.0108443 0.0258993 -0.0026840 -0.0352563 -0.0307997 -0.0075721 0.0262947 -0.0100311 0.0009032 -0.0332815 -0.0157769 -0.0132629 -0.0059477 -0.0240277 -0.0051359 -0.0013253 -0.0023860 -0.0022384 -0.0150498 1.0241140 -0.0293789 -0.0082952 -0.0255753 -0.0087932 -0.0103756 -0.0152032 -0.0242111 -0.0008676 -0.0039793 -0.0027262 -0.0049156 0.0110241 -0.0100285 -0.0128139 -0.0147064 0.0172650 0.0084823 -0.0185509 -0.0184722 -0.0125606 -0.0233035 -0.0119617 0.0075968 0.0059073 -0.0020882 0.0148457 0.0010683 0.0006900 -0.0192133 0.0055987 -0.0015745 -0.0217182 0.0014477 0.0039314 -0.0224622 0.0027801 -0.0053455 0.0027331 -0.0263233 0.0037726
-0.0283822 -0.0188284 -0.0337278 -0.0180499 -0.0314477 0.0330501 -0.0626374 0.0061288 -0.0248132 0.0019588 -0.0036831 -0.0567858 0.0208471 -0.0546752 0.0002291 -0.0162449 -0.0392469 0.0266054 -0.0477059 -0.0610558 0.0548454 -0.0156426 -0.0754028 -0.0169334 0.0420142 0.0519153 -0.0196734 -0.0622290 -0.0190688 -0.0281374 0.0257908 0.0046280 0.0300569 -0.0153955 0.0177947 -0.0213559 -0.0122107 -0.0111784 -0.0175893 0.0174924 -0.0293789 1.0556312 -0.0008534 0.0510608 0.0091500 0.0113166 0.0179517 0.0446312 -0.0065580 -0.0168279 0.0041011 -0.0118665 -0.0482766 0.0110463 -0.0015532 0.0255387 -0.0516200 -0.0296055 0.0338505 0.0286584 0.0105761 0.0387952 0.0072981 -0.0304666 -0.0253320 -0.0115427 -0.0298931 -0.0279675 -0.0150911 0.0296161 -0.0310732 0.0106777 0.0336052 -0.0215018 -0.0230454 0.0406525 -0.0186410 0.0121240 -0.0136988 0.0366773 -0.0247831
0.0056296 -0.0018755 -0.0112544 -0.0035399 -0.0193709 -0.0117063 -0.0044482 -0.0152671 -0.0118201 -0.0130429 -0.0109038 -0.0077814 -0.0130479 -0.0184955 -0.0171376 -0.0115463 -0.0102001 -0.0005721 -0.0079144 -0.0016982 -0.0134702 -0.0080842 -0.0129312 -0.0082302 -0.0163579 -0.0092159 -0.0071983 -0.0021595 -0.0182363 -0.0016975 -0.0141177 0.0011747 -0.0081098 -0.0087064 -0.0052719 -0.0041011 -0.0043651 -0.0055895 -0.0034384 -0.0113674 -0.0082952 -0.0008534 1.0062712 -0.0165909 -0.0026757 -0.0107077 -0.0162719 -0.0095240 -0.0080362 -0.0075893 -0.0022576 -0.0044044 0.0012220 -0.0124226 0.0024722 -0.0071081 -0.0113873 -0.0049880 -0.0069599 -0.0085023 -0.0028760 -0.0113820 -0.0083819 0.0027010 0.0030017 -0.0058355 -0.0084801 -0.0035096 -0.0038855 -0.0071837 -0.0059691 -0.0038442 -0.0080826 -0.0059445 -0.0030550 -0.0086939 -0.0049893 -0.0049957 -0.0027166 -0.0165717 0.0054757
-0.0321169 -0.0197570 -0.0234349 -0.0152835 -0.0259705 0.0383688 -0.0667986 0.0012222 -0.0250979 0.0005373 -0.0044566 -0.0674297 0.0203846 -0.0393352 0.0013848 -0.0180884 -0.0327930 0.0280890 -0.0420395 -0.0605146 0.0542509 -0.0121721 -0.0836434 -0.0286245 0.0522419 0.0663581 -0.0212925 -0.0700538 -0.0158932 -0.0365498 0.0462363 0.0098442 0.0277126 -0.0139899 0.0142226 -0.0299741 -0.0156017 -0.0197216 -0.0187717 0.0214501 -0.0255753 0.0510608 -0.0165909 1.0592810 -0.0009708 0.0209890 0.0218166 0.0522823 -0.0073585 -0.0191814 0.0005967 -0.0110774 -0.0566581 0.0032741 0.0036607 0.0337822 -0.0472917 -0.0257643 0.0370632 0.0293972 0.0092666 0.0336438 0.0155831 -0.0296402 -0.0243749 -0.0179457 -0.0341589 -0.0346132 -0.0119184 0.0290679 -0.0292488 -0.0002129 0.0376701 -0.0258981 -0.0213491 0.0468317 -0.0288139 0.0140582 -0.0234204 0.0370837 -0.0261062
-0.0125116 -0.0041484 -0.0102508 -0.0118704 -0.0066987 -0.0048468 -0.0208800 -0.0023322 -0.0129402 -0.0152160 -0.0051329 -0.0167482 -0.0027814 -0.0184717 -0.0121723 -0.0038929 -0.0056690 0.0059984 -0.0106755 -0.0095668 0.0150530 -0.0061385 -0.0160199 -0.0091752 0.0011864 -0.0018842 -0.0083573 -0.0226592 -0.0144488 -0.0170591 0.0019514 -0.0023846 0.0006512 -0.0056739 0.0033217 -0.0076592 -0.0054183 -0.0048833 -0.0057850 -0.0049455 -0.0087932 0.0091500 -0.0026757 -0.0009708 1.0126350 -0.0029007 -0.0039199 0.0036137 -0.0093529 -0.0075519 -0.0036310 -0.0082110 -0.0170443 -0.0002511 -0.0058922 -0.0004673 -0.0159014 -0.0112216 0.0009915 -0.0060704 0.0003108 0.0034882 0.0023617 -0.0099106 -0.0124464 -0.0081418 -0.0045831 -0.0066098 -0.0069916 0.0065606 -0.0090639 -0.0082397 -0.0060898 -0.0115689 -0.0043646 0.0025496 -0.0097216 0.0030156 -0.0079927 -0.0032321 -0.0069206
