1.0630275 -0.0534224 -0.0002272 -0.0116428 -0.0153606 -0.0423462 0.0383294 -0.0173282 0.0366197 -0.0348552 0.0397370 0.0242464 -0.0243798 -0.0604385 0.0076231 -0.0473420 -0.0555143 -0.0568518 -0.0435136 0.0010562 -0.0014142 -0.0129834 0.0094982 -0.0497279 -0.0404130 -0.0096046 0.0078110 -0.0276286 -0.0360157 0.0180020 -0.0219018 0.0141872 0.0167029 -0.0151559 -0.0102554 -0.0030962 -0.0610965 0.0118527 -0.0215728 -0.0095774 -0.0253162 0.0104827 -0.0139259 -0.0491900 0.0262124 -0.0109612 -0.0308451 0.0438778 0.0083764 -0.0360180 0.0487616 -0.0317625 -0.0257348 -0.0347258 0.0630705 -0.0263543 -0.0460335 -0.0251417 0.0057124 -0.0306167 0.0336009 -0.0036448 -0.0447053 -0.0025664 0.0441582 0.0121624 -0.0204136 0.0134775 0.0262605 0.0069563 -0.0265173 -0.0599959 -0.0206377 0.0016465 -0.0539832 0.0098038 -0.0496603 -0.0350453 0.0037769 -0.0015967 0.0115245
-0.0534224 1.0859762 0.0056041 -0.0104476 -0.0290801 0.0118446 -0.0482224 -0.0120599 -0.0598733 -0.0170090 -0.0572814 -0.0508939 -0.0087312 0.0302842 -0.0351936 0.0246729 0.0469958 0.0587027 0.0163921 -0.0276094 -0.0235492 -0.0084827 -0.0209931 -0.0100762 0.0183613 -0.0088362 -0.0269121 0.0236161 0.0087479 -0.0422489 0.0075374 -0.0377836 -0.0385640 0.0014661 -0.0006387 -0.0116557 0.0426076 -0.0264774 0.0033409 -0.0133456 0.0177913 -0.0265860 -0.0109523 0.0338051 -0.0359779 -0.0103134 0.0087313 -0.0647067 -0.0256089 0.0132626 -0.0598469 0.0073787 0.0259451 0.0125584 -0.0682992 -0.0039743 0.0208613 0.0090297 -0.0151814 0.0024384 -0.0543354 -0.0208541 0.0394154 -0.0120044 -0.0705464 -0.0368946 0.0049311 -0.0181215 -0.0256797 -0.0337226 0.0025458 0.0397081 0.0114424 -0.0179505 0.0414205 -0.0336148 0.0348706 0.0230526 -0.0342268 -0.0149343 -0.0257819
-0.0002272 0.0056041 1.0435917 -0.0156766 -0.0221417 -0.0242021 0.0039817 -0.0019335 0.0119193 -0.0157241 -0.0107525 0.0040405 -0.0199389 -0.0255342 -0.0078618 -0.0069423 -0.0007414 -0.0166232 -0.0189608 -0.0112413 -0.0076862 -0.0204550 -0.0087547 -0.0273836 -0.0239579 -0.0095152 -0.0097288 -0.0045333 -0.0254623 -0.0185179 -0.0232020 -0.0137731 0.0029596 -0.0052528 -0.0042820 -0.0148345 -0.0085904 -0.0031813 -0.0022275 -0.0137683 -0.0194302 -0.0069013 0.0059554 -0.0177679 -0.0025711 -0.0179751 -0.0197127 -0.0117314 -0.0027960 -0.0093279 0.0008502 -0.0118600 -0.0218771 -0.0060555 0.0001017 -0.0180876 -0.0145547 -0.0155054 -0.0051674 -0.0119017 -0.0088770 0.0025921 -0.0140331 -0.0018545 -0.0042513 -0.0032368 -0.0209079 -0.0145721 -0.0098382 -0.0037450 -0.0204570 -0.0204901 -0.0155553 -0.0074936 -0.0095362 -0.0048442 -0.0248325 -0.0083093 -0.0174480 -0.0046943 -0.0091518
-0.0116428 -0.0104476 -0.0156766 1.0322388 -0.0200403 -0.0189782 -0.0175908 -0.0108643 -0.0065393 -0.0164492 -0.0117852 -0.0033948 -0.0082088 -0.0208785 -0.0103954 -0.0190439 -0.0139584 -0.0155758 -0.0064963 -0.0018859 -0.0161750 -0.0141918 -0.0102245 -0.0208324 -0.0065504 -0.0132093 0.0090903 -0.0122084 -0.0204033 -0.0129467 -0.0177378 -0.0088656 -0.0031000 -0.0118636 -0.0245013 -0.0046788 -0.0058853 -0.0147243 -0.0132080 -0.0173338 -0.0056172 -0.0050201 -0.0142878 -0.0103269 0.0011300 -0.0037117 -0.0093456 -0.0065241 -0.0020075 -0.0168268 -0.0007530 -0.0056130 -0.0068354 -0.0045966 -0.0016281 -0.0067644 -0.0217918 -0.0107251 -0.0166061 -0.0118644 -0.0077892 -0.0083634 -0.0060282 -0.0090147 -0.0086985 -0.0061658 -0.0048894 -0.0124192 0.0009424 -0.0003349 -0.0100222 -0.0078294 -0.0121333 -0.0112909 -0.0104426 0.0010791 -0.0192163 -0.0134814 -0.0089219 -0.0033427 -0.0188509
-0.0153606 -0.0290801 -0.0221417 -0.0200403 1.0265750 -0.0246512 -0.0007216 -0.0164935 -0.0114594 -0.0170116 0.0015319 -0.0005947 -0.0184866 -0.0235125 -0.0042252 -0.0229655 -0.0132524 -0.0249759 -0.0118156 -0.0094970 -0.0068995 -0.0219788 -0.0249200 -0.0049124 -0.0140938 -0.0114647 -0.0173358 -0.0050497 -0.0104215 -0.0026957 -0.0116072 -0.0026529 -0.0068007 -0.0071388 -0.0024117 -0.0079710 -0.0159388 -0.0109259 -0.0091209 -0.0170162 -0.0090946 -0.0024486 -0.0159409 -0.0040622 -0.0026930 -0.0114965 -0.0230766 -0.0021697 -0.0081652 -0.0085291 0.0071819 -0.0110291 -0.0120506 -0.0085827 0.0017209 -0.0056308 -0.0112508 -0.0200158 -0.0050485 -0.0016937 -0.0058369 -0.0125755 -0.0150001 -0.0047942 -0.0047909 -0.0090251 -0.0142512 -0.0094468 -0.0035476 -0.0107150 -0.0076745 -0.0138959 -0.0167293 -0.0096543 -0.0158542 -0.0086021 -0.0240645 -0.0033034 -0.0055153 -0.0122341 0.0019114
-0.0423462 0.0118446 -0.0242021 -0.0189782 -0.0246512 1.0155089 -0.0393776 -0.0185992 -0.0411776 -0.0248857 -0.0348133 -0.0366376 -0.0052122 0.0082647 -0.0248371 0.0088338 0.0194329 0.0254979 0.0024869 -0.0164248 -0.0158764 -0.0154392 -0.0161700 -0.0042861 0.0296160 -0.0071493 -0.0309362 0.0061003 -0.0010175 -0.0330975 -0.0044603 -0.0187202 -0.0208281 -0.0046550 -0.0096457 -0.0171121 0.0257941 -0.0220984 0.0035409 -0.0090886 0.0114314 -0.0161271 -0.0042598 0.0147123 -0.0274212 -0.0093512 0.0049013 -0.0412738 -0.0192095 0.0088783 -0.0383782 0.0073819 0.0045027 0.0121323 -0.0432092 -0.0117415 0.0180664 0.0020975 -0.0049914 0.0125058 -0.0310546 -0.0060901 0.0196094 -0.0155582 -0.0411472 -0.0266689 0.0034955 -0.0185287 -0.0142152 -0.0248610 -0.0035270 0.0352848 0.0011573 -0.0135965 0.0193430 -0.0245175 0.0164243 0.0041768 -0.0179847 -0.0076410 -0.0134734
0.0383294 -0.0482224 0.0039817 -0.0175908 -0.0007216 -0.0393776 1.0714667 -0.0137904 0.0405094 -0.0223567 0.0223306 0.0167236 -0.0121310 -0.0470790 0.0155281 -0.0335330 -0.0510301 -0.0740218 -0.0356296 0.0093108 0.0015079 -0.0103892 -0.0085290 -0.0260601 -0.0514907 -0.0127600 0.0120220 -0.0292521 -0.0357621 0.0199368 -0.0347050 0.0115912 0.0147277 -0.0279226 -0.0116762 -0.0010293 -0.0602700 0.0100301 -0.0283757 -0.0148006 -0.0337794 0.0072836 0.0038385 -0.0402485 0.0354931 -0.0179840 -0.0372699 0.0334932 0.0060926 -0.0309843 0.0530177 -0.0260899 -0.0275782 -0.0275152 0.0671096 -0.0135422 -0.0511565 -0.0204978 -0.0074231 -0.0154853 0.0442982 -0.0168056 -0.0583501 -0.0102362 0.0443310 0.0001412 -0.0167252 0.0036824 0.0049444 0.0152865 -0.0173638 -0.0508529 -0.0127114 0.0028255 -0.0523112 0.0159616 -0.0498378 -0.0206505 0.0215893 -0.0032380 0.0146755
-0.0173282 -0.0120599 -0.0019335 -0.0108643 -0.0164935 -0.0185992 -0.0137904 1.0372500 -0.0136786 0.0061195 -0.0244585 -0.0090991 -0.0116442 -0.0137843 -0.0130878 -0.0051962 0.0005598 -0.0092801 -0.0253335 -0.0059635 -0.0168667 -0.0082549 -0.0053914 -0.0182427 -0.0084847 -0.0220238 -0.0123339 -0.0004107 -0.0047894 -0.0164325 -0.0159150 -0.0030257 -0.0115855 -0.0019096 -0.0054857 -0.0138042 -0.0051945 -0.0091976 -0.0010444 -0.0081816 -0.0024737 -0.0153299 -0.0099345 -0.0090966 -0.0093458 -0.0042832 -0.0060063 -0.0054862 -0.0106388 -0.0115229 -0.0042049 -0.0104648 -0.0033877 -0.0038038 -0.0109011 0.0032249 0.0013507 -0.0081823 -0.0103690 0.0065896 -0.0110576 -0.0125256 -0.0022551 0.0016594 0.0020397 -0.0085766 -0.0109611 -0.0028886 -0.0142844 -0.0118317 -0.0089102 0.0003292 -0.0034467 -0.0089614 -0.0037438 -0.0174081 -0.0116469 -0.0056859 -0.0112193 0.0025294 -0.0146814
0.0366197 -0.0598733 0.0119193 -0.0065393 -0.0114594 -0.0411776 0.0405094 -0.0136786 1.1207596 -0.0133606 0.0586826 0.0319203 -0.0207704 -0.0777011 0.0201605 -0.0500173 -0.0721231 -0.0864767 -0.0524145 0.0123721 0.0079079 -0.0192218 0.0116393 -0.0492466 -0.0460639 -0.0124440 0.0177607 -0.0471454 -0.0381778 0.0393878 -0.0373509 0.0286925 0.0267673 -0.0222848 -0.0100996 -0.0072246 -0.0784031 0.0076223 -0.0315968 0.0103635 -0.0399604 0.0141380 -0.0103409 -0.0614946 0.0453250 -0.0135296 -0.0406306 0.0707703 0.0178828 -0.0368868 0.0641330 -0.0459871 -0.0348320 -0.0421018 0.0898357 -0.0156177 -0.0619791 -0.0184618 -0.0021477 -0.0217681 0.0559426 -0.0098212 -0.0821404 -0.0066170 0.0688996 0.0277106 -0.0280797 0.0125694 0.0093385 0.0199744 -0.0193964 -0.0712032 -0.0357955 -0.0081145 -0.0727833 0.0210084 -0.0599692 -0.0379164 0.0191722 -0.0109494 0.0242909
-0.0348552 -0.0170090 -0.0157241 -0.0164492 -0.0170116 -0.0248857 -0.0223567 0.0061195 -0.0133606 1.0464598 -0.0207432 -0.0091373 -0.0035999 -0.0190739 -0.0168884 -0.0030667 -0.0086483 -0.0084254 -0.0018465 -0.0142608 0.0023538 -0.0060074 -0.0111269 -0.0197027 -0.0229037 -0.0114760 -0.0127533 -0.0143060 0.0097087 -0.0073198 -0.0167025 -0.0066385 -0.0150055 -0.0076279 -0.0104334 -0.0020660 -0.0021884 -0.0039715 -0.0052091 -0.0080512 0.0028064 -0.0134631 -0.0192853 -0.0147428 -0.0100387 -0.0157224 -0.0189097 -0.0044940 -0.0128149 -0.0167288 -0.0046707 -0.0010895 -0.0075329 -0.0069849 -0.0100140 -0.0124997 -0.0081336 -0.0082132 -0.0085379 -0.0023102 -0.0023066 -0.0130280 -0.0088047 -0.0046657 0.0019815 -0.0142131 -0.0055711 -0.0152380 -0.0091256 -0.0133352 -0.0109432 -0.0075807 -0.0118975 -0.0061459 -0.0105361 -0.0158715 -0.0132930 -0.0042843 -0.0116701 -0.0048601 -0.0090851
0.0397370 -0.0572814 -0.0107525 -0.0117852 0.0015319 -0.0348133 0.0223306 -0.0244585 0.0586826 -0.0207432 1.0892252 0.0459152 -0.0109751 -0.0677417 0.0072732 -0.0537026 -0.0578828 -0.0793791 -0.0445290 -0.0005893 0.0034150 -0.0200518 -0.0099225 -0.0401931 -0.0470323 -0.0185864 0.0153859 -0.0385006 -0.0348673 0.0255027 -0.0316407 0.0179286 0.0240333 -0.0262766 -0.0168495 -0.0007675 -0.0741526 0.0108208 -0.0337638 0.0009836 -0.0371474 0.0131960 -0.0090567 -0.0502983 0.0324471 -0.0182393 -0.0313747 0.0399109 0.0164117 -0.0391765 0.0550951 -0.0337657 -0.0234151 -0.0329222 0.0739601 -0.0155050 -0.0612153 -0.0193581 0.0070689 -0.0303232 0.0486556 -0.0103465 -0.0750964 -0.0025563 0.0608001 0.0229315 -0.0265649 0.0082383 0.0096420 0.0198251 -0.0197828 -0.0695266 -0.0347973 0.0027395 -0.0602906 0.0233204 -0.0455485 -0.0281002 0.0170363 -0.0107459 0.0098870
0.0242464 -0.0508939 0.0040405 -0.0033948 -0.0005947 -0.0366376 0.0167236 -0.0090991 0.0319203 -0.0091373 0.0459152 1.0394961 -0.0084775 -0.0544439 0.0088159 -0.0315008 -0.0367008 -0.0555997 -0.0299130 0.0034482 0.0049028 -0.0066651 -0.0042313 -0.0240372 -0.0417115 -0.0136011 0.0103996 -0.0285656 -0.0270218 0.0243330 -0.0236501 0.0105126 0.0187561 -0.0191716 -0.0101252 -0.0051373 -0.0482961 0.0095089 -0.0169920 -0.0114866 -0.0246110 0.0050007 -0.0025957 -0.0329812 0.0146391 -0.0116084 -0.0314179 0.0349659 0.0116249 -0.0286007 0.0326592 -0.0283784 -0.0191717 -0.0257387 0.0442731 -0.0164080 -0.0336006 -0.0142334 0.0004908 -0.0129484 0.0310338 -0.0077375 -0.0523742 -0.0052189 0.0333477 0.0235047 -0.0144770 0.0040094 0.0111814 0.0116955 -0.0150606 -0.0443023 -0.0230405 -0.0041285 -0.0357119 0.0212795 -0.0333949 -0.0176928 0.0105515 -0.0063955 0.0109859
-0.0243798 -0.0087312 -0.0199389 -0.0082088 -0.0184866 -0.0052122 -0.0121310 -0.0116442 -0.0207704 -0.0035999 -0.0109751 -0.0084775 1.0580833 -0.0078786 -0.0120924 0.0008581 0.0017388 -0.0059826 -0.0040495 -0.0149900 -0.0060563 0.0030225 -0.0171230 -0.0019494 -0.0148760 -0.0210230 -0.0280374 -0.0074973 -0.0054598 -0.0042761 -0.0143616 -0.0134983 -0.0180876 -0.0091099 -0.0083479 -0.0071757 -0.0026881 -0.0147700 0.0019428 -0.0086759 -0.0119585 -0.0103394 -0.0032982 -0.0075712 -0.0157376 -0.0124764 -0.0046723 0.0019381 -0.0157675 -0.0090785 -0.0064209 -0.0026297 -0.0020769 -0.0042591 -0.0086700 -0.0049285 -0.0086505 -0.0093017 -0.0166230 -0.0098452 -0.0065882 -0.0158514 -0.0003137 -0.0085196 -0.0137940 -0.0193973 -0.0066337 -0.0088771 -0.0120193 -0.0156625 -0.0003736 -0.0059233 0.0004885 -0.0096050 -0.0027235 -0.0053932 0.0002129 -0.0058679 -0.0137168 -0.0132863 -0.0140537
-0.0604385 0.0302842 -0.0255342 -0.0208785 -0.0235125 0.0082647 -0.0470790 -0.0137843 -0.0777011 -0.0190739 -0.0677417 -0.0544439 -0.0078786 1.0725327 -0.0226780 0.0282811 0.0523120 0.0689161 0.0137362 -0.0198058 -0.0220141 -0.0063150 -0.0127893 0.0218319 0.0311226 -0.0099879 -0.0319868 0.0154820 0.0202367 -0.0618057 0.0136782 -0.0408422 -0.0358617 0.0105473 -0.0076536 -0.0227394 0.0432325 -0.0247726 0.0122335 -0.0165366 0.0184194 -0.0283881 -0.0156578 0.0207152 -0.0447144 -0.0005183 0.0181881 -0.0645827 -0.0374609 0.0139399 -0.0702029 0.0262311 0.0173317 0.0153049 -0.0822716 0.0099893 0.0380238 0.0022274 -0.0139591 0.0156572 -0.0663351 -0.0140338 0.0514916 -0.0046844 -0.0723587 -0.0403778 0.0125308 -0.0279932 -0.0266846 -0.0298427 0.0072157 0.0535195 0.0137465 -0.0176387 0.0479825 -0.0353938 0.0480489 0.0217563 -0.0378581 -0.0061532 -0.0361987
0.0076231 -0.0351936 -0.0078618 -0.0103954 -0.0042252 -0.0248371 0.0155281 -0.0130878 0.0201605 -0.0168884 0.0072732 0.0088159 -0.0120924 -0.0226780 1.0379823 -0.0290627 -0.0334902 -0.0414219 -0.0270688 0.0024650 -0.0116736 -0.0131070 -0.0229998 -0.0351009 -0.0362730 -0.0125242 -0.0106739 -0.0254410 -0.0332782 0.0078714 -0.0204182 0.0137192 0.0107650 -0.0165751 -0.0132676 -0.0030590 -0.0395373 -0.0016771 -0.0251814 -0.0075200 -0.0188462 0.0031688 -0.0108672 -0.0232275 0.0098726 -0.0186858 -0.0164749 0.0182323 0.0012259 -0.0194507 0.0176266 -0.0173190 -0.0154464 -0.0225424 0.0313877 -0.0126077 -0.0297701 -0.0092075 0.0005248 -0.0105010 0.0165976 -0.0013073 -0.0296122 -0.0066045 0.0082793 0.0100762 -0.0189551 0.0071904 -0.0033413 0.0016424 -0.0256991 -0.0219872 -0.0170875 0.0043224 -0.0278421 0.0001097 -0.0284729 -0.0192804 0.0038799 -0.0051333 -0.0020709
-0.0473420 0.0246729 -0.0069423 -0.0190439 -0.0229655 0.0088338 -0.0335330 -0.0051962 -0.0500173 -0.0030667 -0.0537026 -0.0315008 0.0008581 0.0282811 -0.0290627 1.0270725 0.0218638 0.0266025 0.0059133 -0.0152088 -0.0216172 -0.0076831 -0.0141124 -0.0110640 0.0193132 -0.0092989 -0.0289731 0.0085779 0.0158094 -0.0283108 0.0065086 -0.0368223 -0.0210524 -0.0034310 0.0017481 -0.0222783 0.0277689 -0.0140845 0.0040950 -0.0079404 -0.0052611 -0.0191718 -0.0044057 0.0069508 -0.0284440 -0.0058542 0.0117665 -0.0441542 -0.0175674 0.0145589 -0.0417981 0.0019014 0.0156419 0.0200448 -0.0606875 0.0028354 0.0159023 -0.0054939 -0.0167850 -0.0017766 -0.0473386 -0.0109964 0.0292502 -0.0122674 -0.0546912 -0.0327637 -0.0065841 -0.0148204 -0.0334397 -0.0233839 0.0008212 0.0253985 0.0076076 -0.0182440 0.0342973 -0.0225974 0.0199881 0.0056006 -0.0215331 -0.0072644 -0.0256504
-0.0555143 0.0469958 -0.0007414 -0.0139584 -0.0132524 0.0194329 -0.0510301 0.0005598 -0.0721231 -0.0086483 -0.0578828 -0.0367008 0.0017388 0.0523120 -0.0334902 0.0218638 1.0498949 0.0508651 0.0294659 -0.0263776 -0.0177795 0.0013092 -0.0194535 0.0145049 0.0176963 0.0065490 -0.0367934 0.0272489 0.0199224 -0.0455730 0.0215611 -0.0404095 -0.0296697 0.0009375 0.0020816 -0.0155001 0.0409138 -0.0167454 0.0128981 -0.0113799 0.0145503 -0.0189285 -0.0110289 0.0317721 -0.0417379 0.0015733 0.0125882 -0.0525104 -0.0287203 0.0213794 -0.0497695 0.0150220 0.0164826 0.0175253 -0.0587589 0.0011063 0.0367131 0.0099080 -0.0114304 0.0045660 -0.0497674 -0.0007759 0.0457138 -0.0113201 -0.0555299 -0.0383541 0.0064341 -0.0174868 -0.0243541 -0.0310743 0.0065565 0.0424061 0.0103729 -0.0111731 0.0461957 -0.0286990 0.0341960 0.0166308 -0.0223810 -0.0050674 -0.0255973
-0.0568518 0.0587027 -0.0166232 -0.0155758 -0.0249759 0.0254979 -0.0740218 -0.0092801 -0.0864767 -0.0084254 -0.0793791 -0.0555997 -0.0059826 0.0689161 -0.0414219 0.0266025 0.0508651 1.0982076 0.0332306 -0.0320361 -0.0255583 0.0128275 -0.0170631 0.0257980 0.0361412 -0.0151461 -0.0362196 0.0332351 0.0271833 -0.0653247 0.0166906 -0.0418221 -0.0410063 0.0048252 0.0066559 -0.0146742 0.0616441 -0.0334552 0.0190430 -0.0089807 0.0238676 -0.0226756 -0.0123389 0.0371972 -0.0514828 -0.0035636 0.0247921 -0.0609328 -0.0308591 0.0268806 -0.0662691 0.0267059 0.0172227 0.0222664 -0.0824363 0.0069865 0.0479079 0.0081143 -0.0134358 0.0096846 -0.0558650 0.0042874 0.0575605 0.0002053 -0.0718124 -0.0367519 0.0167581 -0.0245617 -0.0246463 -0.0361040 0.0199267 0.0624062 0.0229323 -0.0188629 0.0508864 -0.0390986 0.0508016 0.0215593 -0.0294376 -0.0078731 -0.0292879
-0.0435136 0.0163921 -0.0189608 -0.0064963 -0.0118156 0.0024869 -0.0356296 -0.0253335 -0.0524145 -0.0018465 -0.0445290 -0.0299130 -0.0040495 0.0137362 -0.0270688 0.0059133 0.0294659 0.0332306 1.0277224 -0.0105118 -0.0244355 -0.0043025 -0.0223071 -0.0088893 0.0127759 -0.0072242 -0.0163723 0.0191520 -0.0049739 -0.0373654 -0.0037295 -0.0337921 -0.0223429 -0.0086735 -0.0111183 -0.0236948 0.0198031 -0.0160025 -0.0044637 -0.0121268 0.0121736 -0.0156522 -0.0126935 0.0141390 -0.0420867 0.0029188 0.0029437 -0.0410053 -0.0252548 0.0039847 -0.0372679 0.0062850 0.0114625 0.0091612 -0.0466217 0.0000077 0.0190738 -0.0016788 -0.0145672 -0.0065222 -0.0383684 -0.0083094 0.0182175 -0.0046563 -0.0461882 -0.0231478 0.0037753 -0.0085861 -0.0138497 -0.0282274 -0.0043614 0.0224633 -0.0022204 -0.0067603 0.0294160 -0.0283593 0.0098237 0.0080482 -0.0181353 0.0000071 -0.0283666
0.0010562 -0.0276094 -0.0112413 -0.0018859 -0.0094970 -0.0164248 0.0093108 -0.0059635 0.0123721 -0.0142608 -0.0005893 0.0034482 -0.0149900 -0.0198058 0.0024650 -0.0152088 -0.0263776 -0.0320361 -0.0105118 1.0396117 -0.0095752 -0.0163084 -0.0161581 -0.0282025 -0.0367296 -0.0227003 0.0012028 -0.0090476 -0.0195252 0.0093164 -0.0124107 0.0054994 0.0075695 -0.0078964 -0.0103326 -0.0011606 -0.0349279 -0.0014348 -0.0157320 -0.0076715 -0.0187058 -0.0043832 -0.0108340 -0.0172234 0.0050023 -0.0064695 -0.0100728 0.0090119 0.0080312 -0.0163846 0.0155998 -0.0138336 -0.0093042 -0.0115451 0.0117947 -0.0153265 -0.0298212 -0.0025803 -0.0080499 -0.0201931 0.0084601 -0.0064326 -0.0174553 -0.0021720 0.0136092 0.0046932 -0.0108149 -0.0004958 -0.0008861 0.0054095 -0.0131040 -0.0289621 -0.0146357 -0.0075650 -0.0171858 -0.0009821 -0.0211760 -0.0118004 0.0074129 -0.0082137 0.0082842
-0.0014142 -0.0235492 -0.0076862 -0.0161750 -0.0068995 -0.0158764 0.0015079 -0.0168667 0.0079079 0.0023538 0.0034150 0.0049028 -0.0060563 -0.0220141 -0.0116736 -0.0216172 -0.0177795 -0.0255583 -0.0244355 -0.0095752 1.0266947 -0.0087088 -0.0118198 -0.0187255 -0.0064143 -0.0005843 -0.0009118 -0.0193030 -0.0167711 0.0146918 -0.0173031 -0.0039471 0.0004088 -0.0116788 -0.0086300 -0.0038767 -0.0209233 -0.0121271 -0.0214529 -0.0090933 -0.0072833 0.0002255 0.0085029 -0.0183927 0.0008004 -0.0041572 -0.0166578 0.0127503 -0.0045320 -0.0139938 0.0013547 -0.0153264 -0.0088143 -0.0172467 0.0079490 -0.0020212 -0.0129496 -0.0024328 -0.0076724 -0.0080852 0.0016706 -0.0070417 -0.0114728 -0.0072746 0.0107214 0.0023907 -0.0032859 -0.0044275 -0.0027721 -0.0052133 -0.0072643 -0.0168741 -0.0000036 -0.0054776 -0.0181943 -0.0021200 -0.0125705 -0.0086509 0.0006962 -0.0050720 0.0017890
-0.0129834 -0.0084827 -0.0204550 -0.0141918 -0.0219788 -0.0154392 -0.0103892 -0.0082549 -0.0192218 -0.0060074 -0.0200518 -0.0066651 0.0030225 -0.0063150 -0.0131070 -0.0076831 0.0013092 0.0128275 -0.0043025 -0.0163084 -0.0087088 1.0310737 -0.0159698 -0.0103355 0.0009264 -0.0124135 -0.0045121 -0.0070208 -0.0100300 -0.0149881 -0.0088425 -0.0180869 -0.0061186 0.0006320 -0.0050342 -0.0181903 -0.0059763 -0.0023794 -0.0036372 -0.0131248 -0.0036094 -0.0191347 -0.0042614 -0.0048183 -0.0156076 -0.0105700 -0.0105478 -0.0143236 -0.0125825 -0.0053589 -0.0089654 0.0020973 -0.0050178 -0.0032666 -0.0184428 -0.0001831 -0.0018873 -0.0125771 -0.0022695 -0.0037035 -0.0129943 -0.0156368 0.0020020 -0.0079539 -0.0095015 -0.0111120 -0.0079359 -0.0141237 -0.0085562 -0.0168693 -0.0049852 -0.0037582 -0.0031421 -0.0146113 0.0081773 -0.0154341 -0.0043270 -0.0037893 -0.0147538 -0.0069109 -0.0127357
0.0094982 -0.0209931 -0.0087547 -0.0102245 -0.0249200 -0.0161700 -0.0085290 -0.0053914 0.0116393 -0.0111269 -0.0099225 -0.0042313 -0.0171230 -0.0127893 -0.0229998 -0.0141124 -0.0194535 -0.0170631 -0.0223071 -0.0161581 -0.0118198 -0.0159698 1.0174353 -0.0062624 -0.0168835 -0.0088971 -0.0117979 -0.0126077 -0.0131124 -0.0212735 -0.0058448 -0.0118265 0.0042226 -0.0069747 -0.0086752 -0.0015509 -0.0142004 -0.0124463 -0.0058591 -0.0107783 -0.0117176 -0.0112515 0.0003990 -0.0085748 -0.0085727 -0.0010807 -0.0139630 0.0017376 -0.0023649 -0.0240282 -0.0013989 -0.0140848 -0.0095556 -0.0069756 -0.0078036 -0.0143932 -0.0061678 -0.0050088 -0.0098878 -0.0136867 -0.0064093 -0.0090189 -0.0206608 -0.0140873 -0.0077240 -0.0047952 -0.0098427 -0.0122847 -0.0069697 -0.0125257 -0.0108768 -0.0179824 -0.0096551 -0.0110852 -0.0081517 -0.0007105 -0.0114220 -0.0020576 0.0013210 -0.0090848 -0.0094463
-0.0497279 -0.0100762 -0.0273836 -0.0208324 -0.0049124 -0.0042861 -0.0260601 -0.0182427 -0.0492466 -0.0197027 -0.0401931 -0.0240372 -0.0019494 0.0218319 -0.0351009 -0.0110640 0.0145049 0.0257980 -0.0088893 -0.0282025 -0.0187255 -0.0103355 -0.0062624 1.0099754 0.0056953 -0.0129333 -0.0245283 0.0147093 -0.0079859 -0.0332624 -0.0024784 -0.0170405 -0.0169203 0.0034830 -0.0035327 -0.0054751 0.0184177 -0.0159866 -0.0039324 -0.0199916 0.0009826 -0.0129060 -0.0102432 0.0152550 -0.0325025 -0.0037933 0.0040930 -0.0196533 -0.0118488 -0.0059535 -0.0271982 0.0106941 0.0054746 -0.0000920 -0.0343270 -0.0124971 0.0106361 -0.0078284 -0.0111522 -0.0038518 -0.0283457 -0.0170920 0.0170576 -0.0054492 -0.0202651 -0.0188351 0.0032264 -0.0213569 -0.0146691 -0.0095531 -0.0021502 0.0142882 0.0085565 -0.0102887 0.0176302 -0.0231628 0.0095521 -0.0036837 -0.0181430 -0.0210723 -0.0185948
-0.0404130 0.0183613 -0.0239579 -0.0065504 -0.0140938 0.0296160 -0.0514907 -0.0084847 -0.0460639 -0.0229037 -0.0470323 -0.0417115 -0.0148760 0.0311226 -0.0362730 0.0193132 0.0176963 0.0361412 0.0127759 -0.0367296 -0.0064143 0.0009264 -0.0168835 0.0056953 1.0571493 -0.0121949 -0.0401278 0.0092387 0.0025611 -0.0316400 0.0024568 -0.0439990 -0.0220230 0.0096631 0.0027999 -0.0086398 0.0226326 -0.0224436 0.0035437 -0.0099481 0.0034056 -0.0190874 -0.0131088 0.0150998 -0.0396182 -0.0098930 -0.0023067 -0.0458585 -0.0248149 0.0064575 -0.0489653 0.0103165 0.0142154 0.0086702 -0.0561885 -0.0052309 0.0207928 0.0043533 -0.0121952 0.0107292 -0.0415175 0.0020977 0.0386755 -0.0116172 -0.0518420 -0.0354375 -0.0051152 -0.0168550 -0.0280435 -0.0219687 0.0001647 0.0286344 -0.0012881 -0.0164005 0.0314168 -0.0299784 0.0278798 0.0151683 -0.0294781 -0.0091120 -0.0268220
-0.0096046 -0.0088362 -0.0095152 -0.0132093 -0.0114647 -0.0071493 -0.0127600 -0.0220238 -0.0124440 -0.0114760 -0.0185864 -0.0136011 -0.0210230 -0.0099879 -0.0125242 -0.0092989 0.0065490 -0.0151461 -0.0072242 -0.0227003 -0.0005843 -0.0124135 -0.0088971 -0.0129333 -0.0121949 1.0168210 -0.0041332 -0.0124879 -0.0183363 -0.0094126 -0.0071238 -0.0141418 -0.0007661 -0.0080837 -0.0145059 -0.0122787 -0.0075532 -0.0097384 -0.0062233 -0.0069197 0.0020345 -0.0069192 -0.0114379 -0.0127193 -0.0080356 -0.0074711 -0.0037152 -0.0126494 -0.0119501 -0.0043356 -0.0187827 -0.0041360 -0.0108375 -0.0087129 -0.0025006 -0.0111413 -0.0041973 -0.0055700 0.0005444 -0.0077323 0.0005867 -0.0105601 -0.0071202 -0.0084878 -0.0143873 -0.0027541 0.0051146 -0.0065808 -0.0156003 -0.0121854 -0.0098734 0.0045503 -0.0027819 -0.0137191 0.0005501 -0.0068540 -0.0038483 0.0026085 -0.0082440 -0.0122697 -0.0072036
0.0078110 -0.0269121 -0.0097288 0.0090903 -0.0173358 -0.0309362 0.0120220 -0.0123339 0.0177607 -0.0127533 0.0153859 0.0103996 -0.0280374 -0.0319868 -0.0106739 -0.0289731 -0.0367934 -0.0362196 -0.0163723 0.0012028 -0.0009118 -0.0045121 -0.0117979 -0.0245283 -0.0401278 -0.0041332 1.0743501 -0.0182436 -0.0144204 0.0090262 -0.0277748 0.0078280 0.0077324 -0.0225790 -0.0123115 -0.0037427 -0.0310961 -0.0089762 -0.0282032 -0.0116407 -0.0237579 0.0004335 -0.0169146 -0.0363911 0.0117456 -0.0049555 -0.0115592 0.0260197 -0.0013362 -0.0215980 0.0205310 -0.0250047 -0.0164989 -0.0160344 0.0330091 -0.0117353 -0.0341607 -0.0072760 -0.0104508 -0.0217886 0.0161077 -0.0201591 -0.0393745 -0.0039315 0.0403321 -0.0024026 -0.0096273 -0.0092631 -0.0043445 -0.0015974 -0.0200945 -0.0376083 -0.0214383 -0.0100074 -0.0366954 0.0118576 -0.0278219 -0.0218622 0.0049127 -0.0129460 0.0026984
-0.0276286 0.0236161 -0.0045333 -0.0122084 -0.0050497 0.0061003 -0.0292521 -0.0004107 -0.0471454 -0.0143060 -0.0385006 -0.0285656 -0.0074973 0.0154820 -0.0254410 0.0085779 0.0272489 0.0332351 0.0191520 -0.0090476 -0.0193030 -0.0070208 -0.0126077 0.0147093 0.0092387 -0.0124879 -0.0182436 1.0236309 0.0017974 -0.0275198 0.0049259 -0.0080195 -0.0188835 0.0009634 0.0007081 -0.0148045 0.0251466 -0.0107893 0.0039918 -0.0110733 0.0090497 -0.0087007 -0.0049727 0.0158827 -0.0290214 0.0002841 0.0149763 -0.0297178 -0.0236405 0.0144777 -0.0320066 0.0117030 0.0093040 0.0149086 -0.0406060 0.0062095 0.0164515 0.0015612 -0.0103613 -0.0005380 -0.0315048 -0.0037105 0.0234174 -0.0056696 -0.0287212 -0.0244881 -0.0049083 -0.0255406 -0.0100195 -0.0190402 -0.0023423 0.0234283 0.0034295 -0.0081052 0.0260123 -0.0188641 0.0141047 0.0008733 -0.0188350 -0.0078599 -0.0178159
-0.0360157 0.0087479 -0.0254623 -0.0204033 -0.0104215 -0.0010175 -0.0357621 -0.0047894 -0.0381778 0.0097087 -0.0348673 -0.0270218 -0.0054598 0.0202367 -0.0332782 0.0158094 0.0199224 0.0271833 -0.0049739 -0.0195252 -0.0167711 -0.0100300 -0.0131124 -0.0079859 0.0025611 -0.0183363 -0.0144204 0.0017974 1.0677476 -0.0381429 0.0006236 -0.0294125 -0.0153491 -0.0007930 -0.0075822 -0.0171042 0.0088107 -0.0179219 0.0007908 -0.0160654 0.0132422 -0.0200065 -0.0102644 0.0048784 -0.0302664 -0.0114606 -0.0082249 -0.0317807 -0.0221260 0.0053689 -0.0321830 0.0084495 0.0014594 0.0046678 -0.0412047 -0.0014050 0.0170549 -0.0088425 -0.0112785 -0.0012297 -0.0348924 -0.0076832 0.0081628 -0.0090303 -0.0422095 -0.0264922 0.0035489 -0.0230208 -0.0177320 -0.0191897 -0.0000041 0.0217067 -0.0028222 -0.0135519 0.0166784 -0.0195138 0.0156758 0.0002605 -0.0171628 -0.0024834 -0.0225542
0.0180020 -0.0422489 -0.0185179 -0.0129467 -0.0026957 -0.0330975 0.0199368 -0.0164325 0.0393878 -0.0073198 0.0255027 0.0243330 -0.0042761 -0.0618057 0.0078714 -0.0283108 -0.0455730 -0.0653247 -0.0373654 0.0093164 0.0146918 -0.0149881 -0.0212735 -0.0332624 -0.0316400 -0.0094126 0.0090262 -0.0275198 -0.0381429 1.0261133 -0.0428984 0.0112343 0.0145635 -0.0151238 -0.0187771 -0.0160082 -0.0488749 0.0087696 -0.0241941 -0.0081572 -0.0273448 0.0064221 -0.0151046 -0.0382791 0.0210247 -0.0180888 -0.0287869 0.0322448 0.0080303 -0.0263218 0.0424627 -0.0377897 -0.0202974 -0.0325200 0.0506993 -0.0106264 -0.0407334 -0.0084200 -0.0033465 -0.0192371 0.0362662 -0.0041471 -0.0508015 -0.0028271 0.0458202 0.0229914 -0.0235674 0.0058942 0.0017584 0.0012174 -0.0221021 -0.0493144 -0.0348402 -0.0042472 -0.0470980 0.0096532 -0.0427631 -0.0231542 0.0008457 -0.0092849 0.0159937
-0.0219018 0.0075374 -0.0232020 -0.0177378 -0.0116072 -0.0044603 -0.0347050 -0.0159150 -0.0373509 -0.0167025 -0.0316407 -0.0236501 -0.0143616 0.0136782 -0.0204182 0.0065086 0.0215611 0.0166906 -0.0037295 -0.0124107 -0.0173031 -0.0088425 -0.0058448 -0.0024784 0.0024568 -0.0071238 -0.0277748 0.0049259 0.0006236 -0.0428984 1.0207736 -0.0194897 -0.0234889 -0.0034891 -0.0104562 -0.0182842 0.0147803 -0.0152908 -0.0058397 -0.0195074 -0.0036259 -0.0307188 -0.0151012 0.0068960 -0.0226827 -0.0118678 0.0070355 -0.0332082 -0.0145389 0.0026460 -0.0323926 0.0063310 -0.0049560 0.0041161 -0.0402252 -0.0083942 0.0051246 -0.0030624 -0.0076250 -0.0027942 -0.0329639 -0.0199921 0.0206718 -0.0085615 -0.0408096 -0.0202729 0.0006561 -0.0237681 -0.0205287 -0.0128848 -0.0067977 0.0103499 0.0001764 -0.0103544 0.0231021 -0.0225460 0.0094613 0.0087901 -0.0292720 -0.0169275 -0.0281259
0.0141872 -0.0377836 -0.0137731 -0.0088656 -0.0026529 -0.0187202 0.0115912 -0.0030257 0.0286925 -0.0066385 0.0179286 0.0105126 -0.0134983 -0.0408422 0.0137192 -0.0368223 -0.0404095 -0.0418221 -0.0337921 0.0054994 -0.0039471 -0.0180869 -0.0118265 -0.0170405 -0.0439990 -0.0141418 0.0078280 -0.0080195 -0.0294125 0.0112343 -0.0194897 1.0409099 -0.0022274 -0.0162467 -0.0048519 -0.0113438 -0.0384414 0.0008642 -0.0250476 -0.0109857 -0.0204411 -0.0060181 -0.0194289 -0.0265348 0.0215813 -0.0107030 -0.0231794 0.0229354 -0.0036507 -0.0167393 0.0283102 -0.0194808 -0.0145714 -0.0219065 0.0301974 -0.0163336 -0.0206591 -0.0160821 0.0021430 -0.0139397 0.0221564 -0.0148048 -0.0340068 0.0000737 0.0172183 0.0062778 -0.0173064 -0.0021575 0.0014201 0.0028455 -0.0105488 -0.0328237 -0.0148240 0.0005650 -0.0350182 0.0125744 -0.0285491 -0.0176841 0.0062507 -0.0047584 0.0019465
0.0167029 -0.0385640 0.0029596 -0.0031000 -0.0068007 -0.0208281 0.0147277 -0.0115855 0.0267673 -0.0150055 0.0240333 0.0187561 -0.0180876 -0.0358617 0.0107650 -0.0210524 -0.0296697 -0.0410063 -0.0223429 0.0075695 0.0004088 -0.0061186 0.0042226 -0.0169203 -0.0220230 -0.0007661 0.0077324 -0.0188835 -0.0153491 0.0145635 -0.0234889 -0.0022274 1.0158242 -0.0132402 -0.0072324 0.0001148 -0.0358773 0.0037256 -0.0163004 -0.0007968 -0.0189888 0.0062982 -0.0030472 -0.0228832 0.0165880 -0.0031663 -0.0182651 0.0183856 0.0026300 -0.0143942 0.0277577 -0.0173448 -0.0069953 -0.0169878 0.0248819 -0.0205517 -0.0226487 -0.0074287 -0.0007877 -0.0101967 0.0238010 0.0037389 -0.0334008 -0.0013049 0.0183771 0.0096206 -0.0141572 0.0072916 0.0036903 0.0116250 -0.0099422 -0.0329156 -0.0054362 -0.0010137 -0.0296263 0.0163439 -0.0260379 -0.0136311 0.0057233 -0.0055040 0.0052640
-0.0151559 0.0014661 -0.0052528 -0.0118636 -0.0071388 -0.0046550 -0.0279226 -0.0019096 -0.0222848 -0.0076279 -0.0262766 -0.0191716 -0.0091099 0.0105473 -0.0165751 -0.0034310 0.0009375 0.0048252 -0.0086735 -0.0078964 -0.0116788 0.0006320 -0.0069747 0.0034830 0.0096631 -0.0080837 -0.0225790 0.0009634 -0.0007930 -0.0151238 -0.0034891 -0.0162467 -0.0132402 1.0137243 -0.0074019 -0.0121433 0.0130772 -0.0077576 -0.0050566 -0.0055312 0.0048479 -0.0009033 -0.0066207 0.0080395 -0.0192556 -0.0088612 0.0044124 -0.0194855 -0.0088001 0.0039467 -0.0213745 0.0036231 -0.0017622 0.0000555 -0.0214691 -0.0006865 0.0040228 -0.0063331 -0.0057636 0.0033524 -0.0164376 -0.0093790 0.0145805 -0.0027382 -0.0312000 -0.0109898 -0.0022001 -0.0032705 -0.0133839 -0.0183604 0.0066552 0.0044528 -0.0041540 -0.0029355 0.0102995 -0.0141681 0.0067742 -0.0000121 -0.0085226 -0.0102262 -0.0151179
-0.0102554 -0.0006387 -0.0042820 -0.0245013 -0.0024117 -0.0096457 -0.0116762 -0.0054857 -0.0100996 -0.0104334 -0.0168495 -0.0101252 -0.0083479 -0.0076536 -0.0132676 0.0017481 0.0020816 0.0066559 -0.0111183 -0.0103326 -0.0086300 -0.0050342 -0.0086752 -0.0035327 0.0027999 -0.0145059 -0.0123115 0.0007081 -0.0075822 -0.0187771 -0.0104562 -0.0048519 -0.0072324 -0.0074019 1.0159496 -0.0037467 0.0007062 -0.0061414 -0.0068539 -0.0058433 -0.0004694 -0.0059062 -0.0130989 -0.0052327 -0.0159866 -0.0084369 -0.0117872 -0.0159965 0.0005902 -0.0054946 -0.0109021 -0.0023430 -0.0004478 -0.0054555 -0.0060653 -0.0067615 -0.0024558 -0.0078295 -0.0099941 -0.0102657 -0.0148133 -0.0062949 -0.0048277 -0.0101032 -0.0116411 -0.0061327 -0.0078985 -0.0101532 -0.0082082 -0.0023609 0.0015270 0.0021779 -0.0013751 -0.0070384 -0.0009123 -0.0136476 -0.0060982 -0.0052396 -0.0106087 -0.0073833 -0.0041259
-0.0030962 -0.0116557 -0.0148345 -0.0046788 -0.0079710 -0.0171121 -0.0010293 -0.0138042 -0.0072246 -0.0020660 -0.0007675 -0.0051373 -0.0071757 -0.0227394 -0.0030590 -0.0222783 -0.0155001 -0.0146742 -0.0236948 -0.0011606 -0.0038767 -0.0181903 -0.0015509 -0.0054751 -0.0086398 -0.0122787 -0.0037427 -0.0148045 -0.0171042 -0.0160082 -0.0182842 -0.0113438 0.0001148 -0.0121433 -0.0037467 1.0000963 -0.0188769 0.0090298 -0.0049312 -0.0137703 -0.0051440 0.0024903 -0.0105802 0.0025281 0.0015864 -0.0126775 -0.0115275 0.0040417 0.0012635 -0.0068201 0.0067138 -0.0054074 -0.0115951 -0.0019474 0.0170242 -0.0133660 -0.0085549 -0.0169379 -0.0037391 -0.0115574 0.0062580 0.0037071 -0.0139135 -0.0015139 -0.0013473 0.0001422 -0.0059168 -0.0013244 -0.0066837 0.0045726 -0.0125854 -0.0107600 -0.0051875 -0.0015941 -0.0075080 -0.0037623 -0.0108210 -0.0104897 -0.0041514 -0.0081043 0.0062189
-0.0610965 0.0426076 -0.0085904 -0.0058853 -0.0159388 0.0257941 -0.0602700 -0.0051945 -0.0784031 -0.0021884 -0.0741526 -0.0482961 -0.0026881 0.0432325 -0.0395373 0.0277689 0.0409138 0.0616441 0.0198031 -0.0349279 -0.0209233 -0.0059763 -0.0142004 0.0184177 0.0226326 -0.0075532 -0.0310961 0.0251466 0.0088107 -0.0488749 0.0147803 -0.0384414 -0.0358773 0.0130772 0.0007062 -0.0188769 1.0490791 -0.0254214 0.0066941 -0.0130623 0.0216349 -0.0201729 -0.0090105 0.0300751 -0.0411492 0.0015797 0.0186548 -0.0534524 -0.0265376 0.0218019 -0.0557413 0.0244467 0.0188717 0.0156538 -0.0667154 0.0108495 0.0394313 0.0028015 -0.0138909 0.0179123 -0.0571060 -0.0083209 0.0468879 -0.0027207 -0.0648798 -0.0317218 0.0067380 -0.0216340 -0.0214602 -0.0384386 0.0059910 0.0421865 0.0214869 -0.0147193 0.0484383 -0.0281409 0.0357515 0.0221902 -0.0330654 -0.0061431 -0.0198007
0.0118527 -0.0264774 -0.0031813 -0.0147243 -0.0109259 -0.0220984 0.0100301 -0.0091976 0.0076223 -0.0039715 0.0108208 0.0095089 -0.0147700 -0.0247726 -0.0016771 -0.0140845 -0.0167454 -0.0334552 -0.0160025 -0.0014348 -0.0121271 -0.0023794 -0.0124463 -0.0159866 -0.0224436 -0.0097384 -0.0089762 -0.0107893 -0.0179219 0.0087696 -0.0152908 0.0008642 0.0037256 -0.0077576 -0.0061414 0.0090298 -0.0254214 1.0147791 -0.0150207 0.0007713 -0.0192294 -0.0018183 -0.0067565 -0.0134006 0.0102811 -0.0107765 -0.0103610 0.0149182 0.0064031 -0.0094149 0.0113470 -0.0066182 -0.0105725 -0.0155765 0.0191954 -0.0112204 -0.0115594 -0.0141103 0.0008016 -0.0090810 0.0063896 -0.0009689 -0.0273702 -0.0017714 0.0103423 0.0020126 -0.0045362 0.0038952 -0.0061077 -0.0019333 -0.0053957 -0.0262197 -0.0163496 0.0052163 -0.0204064 0.0062163 -0.0171788 -0.0140452 -0.0020325 -0.0062233 -0.0076210
-0.0215728 0.0033409 -0.0022275 -0.0132080 -0.0091209 0.0035409 -0.0283757 -0.0010444 -0.0315968 -0.0052091 -0.0337638 -0.0169920 0.0019428 0.0122335 -0.0251814 0.0040950 0.0128981 0.0190430 -0.0044637 -0.0157320 -0.0214529 -0.0036372 -0.0058591 -0.0039324 0.0035437 -0.0062233 -0.0282032 0.0039918 0.0007908 -0.0241941 -0.0058397 -0.0250476 -0.0163004 -0.0050566 -0.0068539 -0.0049312 0.0066941 -0.0150207 1.0370722 -0.0117313 0.0047111 -0.0170377 -0.0128690 0.0025937 -0.0168838 -0.0018645 -0.0045686 -0.0279731 -0.0115576 -0.0002540 -0.0217122 0.0030655 -0.0055241 0.0060763 -0.0247586 -0.0035890 0.0076194 0.0054235 -0.0158899 0.0041558 -0.0197128 -0.0065819 0.0150165 0.0054654 -0.0300980 -0.0209337 0.0023185 -0.0097485 -0.0140473 -0.0214325 -0.0008220 0.0066306 0.0011457 -0.0099944 0.0195065 -0.0163534 0.0033956 0.0004895 -0.0068473 -0.0074043 -0.0158707
-0.0095774 -0.0133456 -0.0137683 -0.0173338 -0.0170162 -0.0090886 -0.0148006 -0.0081816 0.0103635 -0.0080512 0.0009836 -0.0114866 -0.0086759 -0.0165366 -0.0075200 -0.0079404 -0.0113799 -0.0089807 -0.0121268 -0.0076715 -0.0090933 -0.0131248 -0.0107783 -0.0199916 -0.0099481 -0.0069197 -0.0116407 -0.0110733 -0.0160654 -0.0081572 -0.0195074 -0.0109857 -0.0007968 -0.0055312 -0.0058433 -0.0137703 -0.0130623 0.0007713 -0.0117313 1.0027047 -0.0020244 -0.0021374 -0.0078655 -0.0094199 -0.0111260 -0.0120386 -0.0057993 -0.0097530 0.0055596 -0.0127443 -0.0029583 -0.0077973 -0.0063304 -0.0028238 -0.0001894 -0.0094960 0.0054421 0.0056707 -0.0063363 -0.0043074 -0.0055128 0.0011494 -0.0080944 -0.0073710 -0.0026301 0.0026630 -0.0023569 -0.0104423 0.0004858 0.0061138 -0.0099308 -0.0033313 -0.0085760 -0.0059269 -0.0032109 -0.0070341 -0.0032916 -0.0057268 -0.0058367 0.0006494 -0.0038694
-0.0253162 0.0177913 -0.0194302 -0.0056172 -0.0090946 0.0114314 -0.0337794 -0.0024737 -0.0399604 0.0028064 -0.0371474 -0.0246110 -0.0119585 0.0184194 -0.0188462 -0.0052611 0.0145503 0.0238676 0.0121736 -0.0187058 -0.0072833 -0.0036094 -0.0117176 0.0009826 0.0034056 0.0020345 -0.0237579 0.0090497 0.0132422 -0.0273448 -0.0036259 -0.0204411 -0.0189888 0.0048479 -0.0004694 -0.0051440 0.0216349 -0.0192294 0.0047111 -0.0020244 0.9978220 -0.0190823 -0.0054861 0.0099351 -0.0262528 -0.0009813 0.0042209 -0.0295687 -0.0107029 -0.0009157 -0.0297380 0.0085081 0.0128027 0.0031752 -0.0313512 -0.0001326 0.0077920 0.0040398 -0.0080353 0.0013353 -0.0259969 -0.0188698 0.0225152 0.0005476 -0.0295474 -0.0169493 0.0003415 -0.0129889 -0.0202331 -0.0155162 0.0036594 0.0222088 0.0048714 -0.0081640 0.0128433 -0.0144838 0.0165590 0.0053115 -0.0081540 -0.0037893 -0.0149356
0.0104827 -0.0265860 -0.0069013 -0.0050201 -0.0024486 -0.0161271 0.0072836 -0.0153299 0.0141380 -0.0134631 0.0131960 0.0050007 -0.0103394 -0.0283881 0.0031688 -0.0191718 -0.0189285 -0.0226756 -0.0156522 -0.0043832 0.0002255 -0.0191347 -0.0112515 -0.0129060 -0.0190874 -0.0069192 0.0004335 -0.0087007 -0.0200065 0.0064221 -0.0307188 -0.0060181 0.0062982 -0.0009033 -0.0059062 0.0024903 -0.0201729 -0.0018183 -0.0170377 -0.0021374 -0.0190823 1.0273730 -0.0086985 -0.0157015 0.0015816 -0.0130678 -0.0098827 0.0076616 0.0066281 -0.0062789 0.0192895 -0.0129178 -0.0133978 -0.0078694 0.0245187 -0.0065313 -0.0198020 -0.0209551 0.0001871 -0.0074142 0.0144248 -0.0063352 -0.0241094 -0.0025139 0.0219966 -0.0072756 -0.0059190 -0.0067931 0.0079195 -0.0022526 -0.0086450 -0.0272833 -0.0066284 -0.0085910 -0.0210501 0.0003585 -0.0199850 -0.0137410 -0.0013857 -0.0025319 0.0012527
-0.0139259 -0.0109523 0.0059554 -0.0142878 -0.0159409 -0.0042598 0.0038385 -0.0099345 -0.0103409 -0.0192853 -0.0090567 -0.0025957 -0.0032982 -0.0156578 -0.0108672 -0.0044057 -0.0110289 -0.0123389 -0.0126935 -0.0108340 0.0085029 -0.0042614 0.0003990 -0.0102432 -0.0131088 -0.0114379 -0.0169146 -0.0049727 -0.0102644 -0.0151046 -0.0151012 -0.0194289 -0.0030472 -0.0066207 -0.0130989 -0.0105802 -0.0090105 -0.0067565 -0.0128690 -0.0078655 -0.0054861 -0.0086985 0.9943269 -0.0090170 0.0057700 -0.0117051 -0.0100992 -0.0058089 0.0062511 -0.0045811 -0.0039321 -0.0008008 -0.0094246 -0.0079381 0.0005700 -0.0082669 -0.0063428 -0.0058883 -0.0005200 -0.0147655 0.0002932 -0.0110714 -0.0048266 -0.0077946 -0.0046912 -0.0001643 -0.0053344 -0.0104254 -0.0126017 -0.0042504 -0.0005826 -0.0114294 -0.0048899 -0.0060071 -0.0085015 -0.0007472 -0.0052091 -0.0024335 -0.0121817 -0.0060025 -0.0076809
-0.0491900 0.0338051 -0.0177679 -0.0103269 -0.0040622 0.0147123 -0.0402485 -0.0090966 -0.0614946 -0.0147428 -0.0502983 -0.0329812 -0.0075712 0.0207152 -0.0232275 0.0069508 0.0317721 0.0371972 0.0141390 -0.0172234 -0.0183927 -0.0048183 -0.0085748 0.0152550 0.0150998 -0.0127193 -0.0363911 0.0158827 0.0048784 -0.0382791 0.0068960 -0.0265348 -0.0228832 0.0080395 -0.0052327 0.0025281 0.0300751 -0.0134006 0.0025937 -0.0094199 0.0099351 -0.0157015 -0.0090170 1.0111225 -0.0307225 0.0129005 0.0113067 -0.0411173 -0.0173554 0.0067949 -0.0340055 0.0147651 0.0078584 0.0120742 -0.0469736 -0.0001313 0.0282258 0.0108600 -0.0068418 -0.0001620 -0.0410828 -0.0073149 0.0316142 -0.0069405 -0.0351449 -0.0285314 0.0077172 -0.0171383 -0.0146277 -0.0276932 -0.0055477 0.0263953 0.0098752 -0.0128670 0.0328656 -0.0264973 0.0233473 0.0122514 -0.0128438 -0.0064360 -0.0196271
0.0262124 -0.0359779 -0.0025711 0.0011300 -0.0026930 -0.0274212 0.0354931 -0.0093458 0.0453250 -0.0100387 0.0324471 0.0146391 -0.0157376 -0.0447144 0.0098726 -0.0284440 -0.0417379 -0.0514828 -0.0420867 0.0050023 0.0008004 -0.0156076 -0.0085727 -0.0325025 -0.0396182 -0.0080356 0.0117456 -0.0290214 -0.0302664 0.0210247 -0.0226827 0.0215813 0.0165880 -0.0192556 -0.0159866 0.0015864 -0.0411492 0.0102811 -0.0168838 -0.0111260 -0.0262528 0.0015816 0.0057700 -0.0307225 1.0384187 -0.0137346 -0.0201021 0.0332318 0.0143049 -0.0274362 0.0341362 -0.0207286 -0.0191155 -0.0238539 0.0425129 -0.0201146 -0.0347468 -0.0173810 -0.0018911 -0.0241091 0.0404394 0.0036102 -0.0435678 -0.0050412 0.0389506 0.0206689 -0.0162804 0.0060362 0.0115350 0.0133834 -0.0082831 -0.0417194 -0.0183171 -0.0009309 -0.0400736 0.0115570 -0.0320571 -0.0202596 0.0193759 -0.0030293 0.0107126
-0.0109612 -0.0103134 -0.0179751 -0.0037117 -0.0114965 -0.0093512 -0.0179840 -0.0042832 -0.0135296 -0.0157224 -0.0182393 -0.0116084 -0.0124764 -0.0005183 -0.0186858 -0.0058542 0.0015733 -0.0035636 0.0029188 -0.0064695 -0.0041572 -0.0105700 -0.0010807 -0.0037933 -0.0098930 -0.0074711 -0.0049555 0.0002841 -0.0114606 -0.0180888 -0.0118678 -0.0107030 -0.0031663 -0.0088612 -0.0084369 -0.0126775 0.0015797 -0.0107765 -0.0018645 -0.0120386 -0.0009813 -0.0130678 -0.0117051 0.0129005 -0.0137346 1.0100331 -0.0008593 -0.0125768 -0.0113050 -0.0055977 -0.0113727 -0.0014956 -0.0088696 0.0084873 -0.0092654 -0.0001503 0.0030876 -0.0017825 -0.0056520 -0.0050729 -0.0089930 -0.0051345 0.0020165 -0.0004590 -0.0072433 -0.0104173 -0.0047412 0.0002731 -0.0105199 -0.0028164 -0.0075060 -0.0056801 -0.0063110 -0.0046543 -0.0006104 -0.0112763 0.0041922 -0.0028988 -0.0163329 -0.0073263 -0.0031092
