1.0330309 0.0150186 -0.0004994 -0.0084701 -0.0121892 -0.0028102 0.0047659 -0.0213229 -0.0149582 -0.0083696 -0.0302887 -0.0095048 -0.0031822 -0.0080050 -0.0087718 -0.0028912 0.0007870 -0.0261482 -0.0156233 -0.0208322 -0.0043841 0.0027677 -0.0237714 -0.0195117 -0.0184038 -0.0372255 -0.0121884 -0.0010808 -0.0033483 -0.0199284 -0.0334721 -0.0018882 -0.0110535 -0.0011156 -0.0100244 -0.0087421 -0.0058788 -0.0294122 -0.0161918 -0.0187173 -0.0204670 -0.0193046 -0.0054894 -0.0006864 -0.0036369 -0.0118680 -0.0057017 -0.0070884 -0.0321685 -0.0245690 -0.0240827 -0.0150392 -0.0206852 -0.0252630 0.0013252 -0.0048800 -0.0079700 -0.0065048 -0.0240462 0.0107118 0.0089042 -0.0140859 -0.0197298 0.0005094 0.0109141 -0.0097353 -0.0037560 0.0197294 -0.0064229 -0.0077301 -0.0283575 -0.0254027 -0.0215343 0.0158360 -0.0203341 -0.0118713 -0.0258559 -0.0210564 -0.0053893 -0.0145733 -0.0181682
0.0150186 1.0799235 0.0675421 -0.0040440 0.0071608 0.0148514 0.0629373 -0.0407442 -0.0170741 0.0262988 -0.0703124 -0.0046385 0.0164416 0.0003103 -0.0028193 -0.0108693 0.0348502 -0.0770804 -0.0071529 -0.0321815 -0.0045724 0.0590961 -0.0272500 -0.0424433 -0.0292150 -0.0533020 -0.0114273 -0.0081766 0.0155681 -0.0221564 -0.0463823 -0.0136956 -0.0303633 0.0208984 -0.0192622 -0.0058719 0.0067041 -0.0727150 -0.0484160 -0.0425465 -0.0478699 -0.0223305 -0.0078925 0.0158659 -0.0176079 0.0004516 -0.0001452 -0.0251700 -0.0758988 -0.0594675 -0.0544828 -0.0138751 -0.0345018 -0.0710883 0.0264571 -0.0076726 -0.0065772 0.0020482 -0.0396243 0.0510179 0.0555770 -0.0075000 -0.0317940 0.0069812 0.0542158 -0.0341414 -0.0065840 0.0785966 -0.0182135 0.0066368 -0.0764618 -0.0250477 -0.0644194 0.0785028 -0.0610592 -0.0190396 -0.0739024 -0.0520322 -0.0011475 -0.0412023 -0.0143523
-0.0004994 0.0675421 1.1045471 0.0029503 0.0080842 0.0060483 0.0551945 -0.0477858 -0.0218326 0.0209455 -0.0603167 -0.0169904 0.0087936 -0.0118621 0.0075982 -0.0038941 0.0294877 -0.0741880 0.0012564 -0.0413945 -0.0079025 0.0396430 -0.0287281 -0.0452109 -0.0166297 -0.0469848 -0.0273205 -0.0028507 0.0085563 -0.0238259 -0.0438448 -0.0179621 -0.0290992 0.0104150 -0.0126936 -0.0012824 -0.0093059 -0.0650888 -0.0483544 -0.0412296 -0.0386867 -0.0108883 -0.0099281 0.0019696 -0.0071087 -0.0062073 -0.0055185 -0.0231281 -0.0699548 -0.0534328 -0.0516714 -0.0119224 -0.0270485 -0.0676895 0.0229613 0.0016053 -0.0116307 -0.0102500 -0.0308379 0.0506930 0.0486765 -0.0088971 -0.0283201 0.0028215 0.0444848 -0.0382246 -0.0106825 0.0660895 -0.0167082 0.0032337 -0.0711097 -0.0163502 -0.0633535 0.0710123 -0.0561003 -0.0115071 -0.0694387 -0.0460325 -0.0079144 -0.0457779 -0.0185911
-0.0084701 -0.0040440 0.0029503 1.0391668 -0.0186435 -0.0095833 0.0053472 -0.0107775 -0.0234666 -0.0127646 -0.0263385 -0.0173960 -0.0133749 -0.0049415 -0.0064547 -0.0097581 0.0007592 -0.0103386 -0.0191020 -0.0130801 -0.0074563 0.0015599 -0.0078435 -0.0082217 -0.0130125 -0.0211344 -0.0050755 -0.0091251 -0.0111067 -0.0312340 -0.0202663 -0.0149294 -0.0052076 0.0010721 -0.0208226 -0.0160360 -0.0087307 -0.0154894 -0.0195060 -0.0120777 -0.0135076 -0.0097456 -0.0073341 0.0020206 -0.0049706 -0.0139136 -0.0086773 -0.0159264 -0.0166788 -0.0098398 -0.0192318 -0.0054588 -0.0158332 -0.0197418 0.0032902 -0.0149007 -0.0048247 -0.0103877 -0.0074279 0.0031475 -0.0013524 -0.0112785 -0.0042112 -0.0036620 -0.0054921 -0.0121063 -0.0101536 0.0079693 -0.0152476 -0.0058311 -0.0262664 -0.0109947 -0.0189463 -0.0031175 -0.0146160 -0.0107423 -0.0228179 -0.0102523 -0.0133057 -0.0187320 -0.0112342
-0.0121892 0.0071608 0.0080842 -0.0186435 1.0250913 -0.0020831 0.0075799 -0.0274963 -0.0180104 -0.0072724 -0.0263135 -0.0071433 -0.0022616 -0.0104029 -0.0095778 -0.0121244 0.0031507 -0.0287088 -0.0183845 -0.0152245 -0.0161799 0.0004328 -0.0049042 -0.0198998 -0.0105912 -0.0335434 -0.0098619 -0.0086803 0.0002514 -0.0139759 -0.0215583 -0.0205687 -0.0223030 -0.0030146 -0.0137260 -0.0093001 -0.0086566 -0.0306936 -0.0302358 -0.0181104 -0.0229332 -0.0116782 -0.0123824 0.0015732 -0.0090169 -0.0101568 -0.0053246 -0.0164597 -0.0284511 -0.0245044 -0.0272736 -0.0083540 -0.0115328 -0.0201007 0.0032746 -0.0076996 -0.0109818 -0.0088336 -0.0156564 0.0074343 0.0205553 -0.0081868 -0.0193980 -0.0084813 0.0007728 -0.0184250 -0.0081510 0.0233093 -0.0094911 -0.0065640 -0.0270875 -0.0064446 -0.0217091 0.0165159 -0.0160035 -0.0085397 -0.0229323 -0.0171411 -0.0167965 -0.0241838 -0.0153889
-0.0028102 0.0148514 0.0060483 -0.0095833 -0.0020831 1.0247047 0.0067201 -0.0260238 -0.0178450 -0.0091190 -0.0234463 -0.0056980 0.0038269 -0.0045179 -0.0038036 -0.0051402 0.0080304 -0.0356033 -0.0116864 -0.0201144 -0.0134047 0.0145675 -0.0138737 -0.0277718 -0.0068632 -0.0254600 -0.0064684 -0.0033980 0.0011790 -0.0204642 -0.0353816 -0.0121261 -0.0181758 0.0056503 -0.0117001 -0.0151411 0.0004028 -0.0328451 -0.0270046 -0.0195666 -0.0233004 -0.0156525 -0.0049810 -0.0026112 -0.0112851 -0.0005091 -0.0080486 -0.0067025 -0.0203378 -0.0376738 -0.0290300 -0.0089936 -0.0129317 -0.0346314 0.0079442 -0.0021707 -0.0079252 -0.0032056 -0.0109475 0.0146107 0.0141946 -0.0119141 -0.0171484 -0.0006839 0.0187130 -0.0218095 -0.0083188 0.0223125 -0.0131350 -0.0021174 -0.0372000 -0.0178976 -0.0325707 0.0202394 -0.0222412 -0.0132739 -0.0356416 -0.0286940 -0.0044482 -0.0201606 -0.0151396
0.0047659 0.0629373 0.0551945 0.0053472 0.0075799 0.0067201 1.0897573 -0.0429822 -0.0212651 0.0184604 -0.0578731 -0.0160552 0.0165187 0.0063241 -0.0028098 0.0040364 0.0278635 -0.0569208 -0.0022015 -0.0274186 -0.0086135 0.0455555 -0.0296606 -0.0409508 -0.0171528 -0.0480788 -0.0083285 -0.0037690 0.0120477 -0.0255574 -0.0480836 -0.0223722 -0.0206817 0.0221403 -0.0279225 -0.0047305 -0.0060641 -0.0597415 -0.0458930 -0.0343780 -0.0452359 -0.0259622 -0.0005108 0.0035552 -0.0069244 -0.0057775 -0.0024728 -0.0283989 -0.0747894 -0.0544642 -0.0538250 -0.0155528 -0.0346186 -0.0695757 0.0222862 0.0031914 -0.0112368 0.0051245 -0.0282792 0.0476939 0.0500837 -0.0166352 -0.0212300 0.0079291 0.0487198 -0.0326516 -0.0021154 0.0715117 -0.0247028 -0.0025347 -0.0724321 -0.0202908 -0.0567597 0.0687981 -0.0569118 -0.0097141 -0.0648181 -0.0382843 -0.0084072 -0.0429615 -0.0064859
-0.0213229 -0.0407442 -0.0477858 -0.0107775 -0.0274963 -0.0260238 -0.0429822 1.0332735 -0.0080982 -0.0294041 0.0126048 -0.0062003 -0.0237137 -0.0122198 -0.0150711 -0.0129773 -0.0247242 0.0295947 -0.0096881 0.0010377 -0.0096667 -0.0436838 0.0001721 0.0073037 -0.0028327 0.0083587 -0.0162991 -0.0105657 -0.0244564 0.0006960 0.0162054 -0.0081047 0.0093715 -0.0228606 -0.0056876 -0.0038724 -0.0099434 0.0246445 0.0075734 0.0043684 0.0174546 -0.0004747 -0.0120435 -0.0176933 -0.0071161 -0.0149375 -0.0104860 0.0035914 0.0280709 0.0190561 0.0226902 -0.0069784 0.0056877 0.0252722 -0.0206653 -0.0032412 -0.0113858 -0.0174976 0.0030931 -0.0361885 -0.0313084 -0.0065601 0.0046927 -0.0128749 -0.0354024 0.0047188 -0.0109874 -0.0584101 -0.0064220 -0.0082949 0.0305217 0.0006721 0.0165854 -0.0469742 0.0162057 -0.0086121 0.0255703 0.0143091 -0.0128762 0.0068681 -0.0000147
-0.0149582 -0.0170741 -0.0218326 -0.0234666 -0.0180104 -0.0178450 -0.0212651 -0.0080982 1.0371909 0.0001879 0.0007553 -0.0077481 -0.0151386 -0.0128352 -0.0133941 -0.0102204 -0.0118507 0.0002737 -0.0033180 -0.0037419 -0.0067201 -0.0203001 -0.0139928 0.0003698 -0.0101415 0.0019056 -0.0095438 -0.0064542 -0.0145493 -0.0182768 -0.0073160 -0.0059979 -0.0032940 -0.0132823 -0.0134631 -0.0123693 -0.0046619 0.0046440 -0.0085531 -0.0021159 -0.0023381 -0.0115737 -0.0072496 -0.0025004 -0.0102424 -0.0163601 -0.0120933 -0.0045992 0.0048969 -0.0018145 0.0020373 -0.0094386 0.0048137 0.0028714 -0.0089039 -0.0107455 -0.0054140 -0.0114347 -0.0066969 -0.0191919 -0.0193936 -0.0137541 -0.0063107 -0.0086310 -0.0245252 -0.0069715 -0.0065857 -0.0222642 0.0008639 -0.0127389 -0.0014841 0.0000808 -0.0015323 -0.0097374 0.0029238 -0.0064985 -0.0011993 0.0062203 -0.0050511 0.0014286 -0.0046983
-0.0083696 0.0262988 0.0209455 -0.0127646 -0.0072724 -0.0091190 0.0184604 -0.0294041 0.0001879 1.0627139 -0.0460162 -0.0108074 0.0042488 -0.0005423 -0.0057698 -0.0170140 0.0035797 -0.0426782 -0.0070652 -0.0217585 -0.0033341 0.0188288 -0.0151563 -0.0342591 -0.0152928 -0.0339335 -0.0157189 -0.0069570 0.0064452 -0.0164951 -0.0312383 -0.0195865 -0.0208545 0.0116826 -0.0117275 -0.0096389 -0.0060612 -0.0520622 -0.0340704 -0.0245771 -0.0242045 -0.0196352 -0.0110912 0.0036695 -0.0080781 -0.0066877 0.0009045 -0.0152017 -0.0444297 -0.0317901 -0.0372085 -0.0128828 -0.0243678 -0.0380807 0.0129052 -0.0064607 -0.0067725 -0.0067199 -0.0188573 0.0245406 0.0203485 -0.0177684 -0.0167471 0.0010417 0.0266610 -0.0230531 -0.0134689 0.0346868 -0.0144989 -0.0064639 -0.0438151 -0.0198913 -0.0383666 0.0286182 -0.0313335 -0.0082912 -0.0356300 -0.0296972 -0.0073090 -0.0309747 -0.0061289
-0.0302887 -0.0703124 -0.0603167 -0.0263385 -0.0263135 -0.0234463 -0.0578731 0.0126048 0.0007553 -0.0460162 1.0806327 0.0127864 -0.0254993 -0.0264822 -0.0274514 -0.0252201 -0.0343047 0.0455160 -0.0235253 0.0065164 -0.0145267 -0.0596334 -0.0035845 0.0163695 -0.0161258 0.0187937 -0.0112691 0.0014844 -0.0298038 0.0039218 0.0102765 -0.0041307 0.0078491 -0.0378799 0.0067493 -0.0162229 -0.0109909 0.0357810 0.0240239 0.0130418 0.0162655 0.0062747 -0.0063437 -0.0279420 -0.0157696 -0.0217095 -0.0152028 -0.0028212 0.0446167 0.0294869 0.0316109 -0.0002592 0.0218256 0.0438442 -0.0293015 -0.0197124 -0.0112519 -0.0249232 0.0207928 -0.0444954 -0.0499036 -0.0110435 0.0070870 -0.0172943 -0.0547725 0.0056010 -0.0120963 -0.0767179 -0.0038497 -0.0133430 0.0436126 0.0040851 0.0263732 -0.0771323 0.0328073 -0.0006712 0.0338268 0.0304354 -0.0163716 0.0191015 -0.0086409
-0.0095048 -0.0046385 -0.0169904 -0.0173960 -0.0071433 -0.0056980 -0.0160552 -0.0062003 -0.0077481 -0.0108074 0.0127864 1.0117990 -0.0177030 -0.0105062 -0.0069922 -0.0069151 -0.0008714 -0.0068437 -0.0089145 -0.0028551 -0.0063449 -0.0136817 -0.0139713 -0.0155067 -0.0090132 -0.0118991 -0.0095967 -0.0051646 -0.0050999 -0.0093701 -0.0088960 -0.0083495 -0.0004717 -0.0070781 -0.0057412 -0.0054599 0.0013233 -0.0069078 -0.0059180 -0.0057857 -0.0042713 -0.0049261 -0.0137077 -0.0075344 -0.0032777 -0.0087337 -0.0080674 -0.0019594 -0.0106103 -0.0040393 -0.0003490 -0.0041137 -0.0039397 -0.0049182 -0.0039385 -0.0113933 -0.0093510 -0.0004984 0.0000029 -0.0045537 -0.0084405 -0.0115220 -0.0048479 -0.0076426 -0.0075353 -0.0084246 -0.0065622 -0.0050459 -0.0032702 -0.0081008 -0.0045856 -0.0010385 -0.0028926 -0.0091718 -0.0000813 -0.0025936 -0.0015035 -0.0021307 -0.0032922 0.0001706 -0.0134998
-0.0031822 0.0164416 0.0087936 -0.0133749 -0.0022616 0.0038269 0.0165187 -0.0237137 -0.0151386 0.0042488 -0.0254993 -0.0177030 1.0344729 -0.0143534 0.0035864 -0.0107216 0.0072719 -0.0346318 -0.0099342 -0.0178028 -0.0031110 0.0180879 -0.0150319 -0.0257847 -0.0121435 -0.0206025 -0.0058870 -0.0033483 -0.0002695 -0.0117245 -0.0272194 -0.0223450 -0.0162464 0.0081643 -0.0116148 -0.0072596 -0.0005844 -0.0322669 -0.0254754 -0.0280713 -0.0213768 -0.0074220 -0.0110438 0.0006695 -0.0183498 -0.0026609 -0.0013222 -0.0064401 -0.0352630 -0.0250107 -0.0227196 -0.0052729 -0.0199046 -0.0319495 0.0108717 -0.0106182 -0.0063373 -0.0025559 -0.0250338 0.0160763 0.0205935 -0.0183048 -0.0202730 0.0029504 0.0196981 -0.0242574 -0.0106695 0.0348491 -0.0080354 0.0033634 -0.0334453 -0.0145596 -0.0241928 0.0287220 -0.0205543 -0.0101259 -0.0352353 -0.0183884 -0.0027895 -0.0276810 -0.0206926
-0.0080050 0.0003103 -0.0118621 -0.0049415 -0.0104029 -0.0045179 0.0063241 -0.0122198 -0.0128352 -0.0005423 -0.0264822 -0.0105062 -0.0143534 1.0401251 -0.0062212 -0.0009923 -0.0014430 -0.0137639 -0.0131807 -0.0103728 -0.0078398 0.0014865 -0.0153277 -0.0192442 -0.0147368 -0.0136852 -0.0162397 -0.0045169 -0.0088273 -0.0234626 -0.0092536 -0.0150085 -0.0143623 -0.0052751 -0.0163306 -0.0119560 -0.0089621 -0.0218980 -0.0207233 -0.0205606 -0.0078933 -0.0136224 -0.0091453 -0.0032727 -0.0056832 -0.0055911 -0.0095093 -0.0115622 -0.0155399 -0.0123840 -0.0146654 -0.0094013 -0.0090794 -0.0243820 -0.0013802 0.0024431 -0.0064381 -0.0086406 -0.0043882 0.0016689 0.0020778 -0.0026298 -0.0129913 -0.0076474 0.0064348 -0.0132621 -0.0073833 0.0010729 -0.0070919 -0.0051232 -0.0214542 -0.0132343 -0.0178180 -0.0000519 -0.0094890 -0.0007936 -0.0213015 -0.0217759 -0.0027006 -0.0101367 -0.0095238
-0.0087718 -0.0028193 0.0075982 -0.0064547 -0.0095778 -0.0038036 -0.0028098 -0.0150711 -0.0133941 -0.0057698 -0.0274514 -0.0069922 0.0035864 -0.0062212 1.0160447 -0.0110635 -0.0041582 -0.0165516 -0.0075336 -0.0137442 -0.0054970 0.0084650 -0.0141245 -0.0123884 -0.0066739 -0.0198156 -0.0182258 -0.0118604 -0.0067778 -0.0168318 -0.0253522 -0.0062627 -0.0178963 -0.0068804 -0.0081771 -0.0090050 -0.0068630 -0.0213685 -0.0196295 -0.0181447 -0.0143769 -0.0087138 -0.0103411 -0.0051632 -0.0054628 -0.0081974 -0.0060509 -0.0138579 -0.0284443 -0.0258844 -0.0165506 -0.0068361 -0.0094018 -0.0189424 -0.0001578 -0.0024685 -0.0084149 -0.0084452 -0.0148325 -0.0036561 0.0117154 -0.0177129 -0.0090931 -0.0041279 -0.0002399 -0.0139087 -0.0077249 0.0055458 -0.0112310 -0.0074171 -0.0196761 -0.0086265 -0.0169186 0.0032300 -0.0185201 -0.0091580 -0.0137273 -0.0134160 -0.0087988 -0.0175665 -0.0140695
-0.0028912 -0.0108693 -0.0038941 -0.0097581 -0.0121244 -0.0051402 0.0040364 -0.0129773 -0.0102204 -0.0170140 -0.0252201 -0.0069151 -0.0107216 -0.0009923 -0.0110635 1.0168515 0.0026579 -0.0107483 -0.0067000 -0.0095535 -0.0123928 -0.0044769 -0.0188778 -0.0076004 -0.0166436 -0.0053265 -0.0191375 -0.0029848 -0.0121575 -0.0118858 -0.0180983 -0.0168950 -0.0127494 -0.0026881 -0.0181667 -0.0102251 -0.0087951 -0.0149463 -0.0054938 -0.0071891 -0.0162621 -0.0077961 -0.0096417 -0.0033813 -0.0121104 -0.0047723 -0.0071064 -0.0055784 -0.0135050 -0.0089926 -0.0131462 -0.0137634 -0.0112965 -0.0108728 -0.0012286 0.0014049 -0.0124931 -0.0062226 -0.0135359 -0.0042360 0.0001289 0.0000421 -0.0135845 -0.0049881 -0.0019586 -0.0130626 -0.0096886 -0.0007344 -0.0065266 -0.0050199 -0.0196470 -0.0059320 -0.0161690 -0.0083668 -0.0106011 -0.0159118 -0.0213336 -0.0110789 -0.0094867 -0.0191240 -0.0046941
0.0007870 0.0348502 0.0294877 0.0007592 0.0031507 0.0080304 0.0278635 -0.0247242 -0.0118507 0.0035797 -0.0343047 -0.0008714 0.0072719 -0.0014430 -0.0041582 0.0026579 1.0239086 -0.0330436 -0.0015097 -0.0180248 -0.0025045 0.0262057 -0.0117222 -0.0236910 -0.0219570 -0.0265553 -0.0072956 -0.0026394 0.0127025 -0.0125047 -0.0282719 -0.0061502 -0.0121651 0.0080742 -0.0060270 -0.0071859 -0.0038349 -0.0310612 -0.0259696 -0.0116115 -0.0195600 -0.0139861 0.0003824 0.0057369 -0.0045268 0.0023226 -0.0013001 -0.0138970 -0.0297467 -0.0308004 -0.0212781 -0.0037331 -0.0192262 -0.0296501 0.0137289 -0.0027046 -0.0042542 -0.0003730 -0.0131825 0.0176922 0.0159548 -0.0031159 -0.0129876 -0.0006469 0.0230403 -0.0188408 0.0011821 0.0284574 -0.0076732 0.0031115 -0.0304779 -0.0025444 -0.0282782 0.0307169 -0.0228122 -0.0040241 -0.0352866 -0.0193373 -0.0006893 -0.0244145 -0.0121186
-0.0261482 -0.0770804 -0.0741880 -0.0103386 -0.0287088 -0.0356033 -0.0569208 0.0295947 0.0002737 -0.0426782 0.0455160 -0.0068437 -0.0346318 -0.0137639 -0.0165516 -0.0107483 -0.0330436 1.0694240 -0.0214027 0.0232988 -0.0063454 -0.0609087 0.0013811 0.0259270 0.0054411 0.0313887 -0.0142089 0.0027735 -0.0412590 0.0040806 0.0252295 -0.0045215 0.0136355 -0.0233858 0.0057055 -0.0065577 -0.0086420 0.0486856 0.0398899 0.0157850 0.0245092 0.0130113 -0.0100047 -0.0192653 -0.0020066 -0.0158290 -0.0094562 0.0050518 0.0483291 0.0386146 0.0326767 0.0015988 0.0168544 0.0440862 -0.0261494 -0.0232768 -0.0010424 -0.0148947 0.0195891 -0.0511039 -0.0541276 -0.0122786 0.0147306 -0.0173056 -0.0561847 0.0155121 -0.0032523 -0.0810070 0.0083613 -0.0119087 0.0534116 0.0055542 0.0386441 -0.0794232 0.0418918 -0.0032739 0.0409504 0.0300593 -0.0056197 0.0315179 0.0029824
-0.0156233 -0.0071529 0.0012564 -0.0191020 -0.0183845 -0.0116864 -0.0022015 -0.0096881 -0.0033180 -0.0070652 -0.0235253 -0.0089145 -0.0099342 -0.0131807 -0.0075336 -0.0067000 -0.0015097 -0.0214027 1.0242919 -0.0111176 -0.0074049 -0.0118669 -0.0113672 -0.0157634 -0.0088342 -0.0134195 -0.0104535 -0.0079245 -0.0122290 -0.0115005 -0.0181900 -0.0165674 -0.0075645 -0.0091343 -0.0111239 -0.0060799 -0.0108544 -0.0129480 -0.0125151 -0.0118495 -0.0207892 -0.0201303 -0.0030735 -0.0102618 -0.0046675 -0.0036540 -0.0060512 -0.0172023 -0.0176277 -0.0122378 -0.0061293 -0.0106703 -0.0112331 -0.0221633 -0.0044221 -0.0175303 -0.0066408 -0.0026074 -0.0065763 -0.0014218 0.0016357 -0.0150426 -0.0115770 -0.0050038 -0.0009185 -0.0068652 -0.0065143 0.0013271 -0.0064382 -0.0112853 -0.0100320 -0.0100298 -0.0103344 -0.0006544 -0.0146226 -0.0070415 -0.0126248 -0.0111687 -0.0129622 -0.0108266 -0.0086454
-0.0208322 -0.0321815 -0.0413945 -0.0130801 -0.0152245 -0.0201144 -0.0274186 0.0010377 -0.0037419 -0.0217585 0.0065164 -0.0028551 -0.0178028 -0.0103728 -0.0137442 -0.0095535 -0.0180248 0.0232988 -0.0111176 1.0244477 -0.0014230 -0.0301870 -0.0087225 0.0019344 -0.0053397 0.0003587 -0.0165380 -0.0081914 -0.0216468 -0.0153446 0.0077336 -0.0073119 -0.0014449 -0.0127351 -0.0037461 -0.0150362 -0.0066194 0.0032621 0.0034897 0.0043752 0.0069240 -0.0094195 -0.0133842 -0.0175771 -0.0065324 -0.0107304 -0.0058225 -0.0034094 0.0102218 -0.0017580 0.0105823 -0.0009392 -0.0014044 0.0113141 -0.0113744 -0.0171105 0.0024025 -0.0157002 0.0001091 -0.0249813 -0.0215726 0.0000170 0.0063526 -0.0072331 -0.0294532 -0.0007553 -0.0056305 -0.0338245 -0.0047425 -0.0087831 0.0126446 -0.0000967 0.0168128 -0.0341404 0.0133106 -0.0005199 0.0140062 0.0133939 -0.0009204 0.0044140 -0.0023900
-0.0043841 -0.0045724 -0.0079025 -0.0074563 -0.0161799 -0.0134047 -0.0086135 -0.0096667 -0.0067201 -0.0033341 -0.0145267 -0.0063449 -0.0031110 -0.0078398 -0.0054970 -0.0123928 -0.0025045 -0.0063454 -0.0074049 -0.0014230 1.0130879 -0.0031869 -0.0044279 -0.0173461 -0.0109187 -0.0079386 -0.0106451 -0.0063656 -0.0125292 -0.0152201 -0.0089266 -0.0109547 -0.0034672 -0.0000071 -0.0004121 -0.0034189 -0.0078881 -0.0049352 -0.0116430 -0.0038465 -0.0097309 -0.0066166 -0.0026727 -0.0110105 -0.0093435 -0.0024104 -0.0068262 -0.0089716 -0.0084866 -0.0080642 -0.0077266 -0.0006988 0.0007745 -0.0072203 -0.0029794 -0.0081518 -0.0082099 -0.0074339 -0.0088658 -0.0011515 -0.0090527 -0.0080184 -0.0084310 -0.0058515 -0.0064527 -0.0012475 -0.0062078 -0.0060992 -0.0095056 -0.0041604 -0.0105160 -0.0051702 -0.0022632 -0.0029666 -0.0086444 -0.0117652 -0.0027206 -0.0086066 -0.0049431 -0.0033223 -0.0070507
0.0027677 0.0590961 0.0396430 0.0015599 0.0004328 0.0145675 0.0455555 -0.0436838 -0.0203001 0.0188288 -0.0596334 -0.0136817 0.0180879 0.0014865 0.0084650 -0.0044769 0.0262057 -0.0609087 -0.0118669 -0.0301870 -0.0031869 1.0765159 -0.0131408 -0.0361505 -0.0135408 -0.0495331 -0.0063739 -0.0000327 0.0133489 -0.0237652 -0.0489501 -0.0232639 -0.0261007 0.0173504 -0.0251365 -0.0129198 -0.0069011 -0.0603434 -0.0386024 -0.0295059 -0.0274877 -0.0229974 0.0008078 0.0092223 -0.0135965 -0.0022424 0.0071543 -0.0160496 -0.0703128 -0.0525754 -0.0500805 -0.0068099 -0.0247123 -0.0591084 0.0261402 0.0033258 -0.0117027 -0.0049657 -0.0249084 0.0434623 0.0457850 -0.0063526 -0.0217229 0.0026003 0.0441183 -0.0285153 -0.0002442 0.0605829 -0.0139540 -0.0031530 -0.0626690 -0.0185425 -0.0492206 0.0676667 -0.0495458 -0.0147667 -0.0630909 -0.0409395 -0.0103926 -0.0409735 -0.0237765
-0.0237714 -0.0272500 -0.0287281 -0.0078435 -0.0049042 -0.0138737 -0.0296606 0.0001721 -0.0139928 -0.0151563 -0.0035845 -0.0139713 -0.0150319 -0.0153277 -0.0141245 -0.0188778 -0.0117222 0.0013811 -0.0113672 -0.0087225 -0.0044279 -0.0131408 1.0225549 -0.0103942 -0.0196697 -0.0065568 -0.0087562 -0.0094360 -0.0225537 -0.0103709 -0.0125177 -0.0094265 0.0042473 -0.0172592 -0.0011656 -0.0076606 -0.0089525 0.0061645 0.0022064 -0.0047265 -0.0031911 -0.0120426 -0.0158034 -0.0134600 -0.0149337 -0.0020605 -0.0154149 -0.0020602 0.0082873 -0.0036460 0.0013647 -0.0095922 -0.0023404 0.0045393 -0.0096117 -0.0208523 -0.0176871 -0.0090644 -0.0038071 -0.0223984 -0.0162284 -0.0063896 0.0050204 0.0002051 -0.0187530 0.0012569 -0.0103998 -0.0295426 -0.0125714 -0.0120893 -0.0026841 -0.0104811 0.0045466 -0.0233587 0.0012161 -0.0110011 0.0014481 0.0049260 -0.0069971 0.0015605 -0.0097072
-0.0195117 -0.0424433 -0.0452109 -0.0082217 -0.0198998 -0.0277718 -0.0409508 0.0073037 0.0003698 -0.0342591 0.0163695 -0.0155067 -0.0257847 -0.0192442 -0.0123884 -0.0076004 -0.0236910 0.0259270 -0.0157634 0.0019344 -0.0173461 -0.0361505 -0.0103942 1.0173737 -0.0124918 0.0075631 -0.0190486 -0.0166676 -0.0242056 -0.0113465 -0.0051985 -0.0043437 0.0039538 -0.0157901 -0.0162943 -0.0077598 -0.0132197 0.0097045 0.0082939 0.0010790 0.0023734 -0.0029372 -0.0062698 -0.0188960 -0.0063927 -0.0236270 -0.0091316 -0.0061436 0.0274267 0.0079655 0.0144761 -0.0054483 0.0083969 0.0290391 -0.0247015 -0.0097926 -0.0111703 -0.0170343 0.0058048 -0.0285669 -0.0356327 -0.0028470 0.0035422 -0.0076367 -0.0378233 -0.0058434 -0.0136871 -0.0538577 -0.0041187 -0.0033880 0.0217205 0.0017871 0.0146250 -0.0429632 0.0152991 -0.0047845 0.0202823 0.0117842 -0.0126767 0.0029282 -0.0024397
-0.0184038 -0.0292150 -0.0166297 -0.0130125 -0.0105912 -0.0068632 -0.0171528 -0.0028327 -0.0101415 -0.0152928 -0.0161258 -0.0090132 -0.0121435 -0.0147368 -0.0066739 -0.0166436 -0.0219570 0.0054411 -0.0088342 -0.0053397 -0.0109187 -0.0135408 -0.0196697 -0.0124918 1.0219485 -0.0101321 -0.0136890 -0.0082668 -0.0248830 -0.0051354 -0.0105620 -0.0109053 -0.0039418 -0.0105472 -0.0081662 -0.0117764 -0.0116253 0.0011709 -0.0048058 -0.0112403 -0.0072270 -0.0028561 -0.0051169 -0.0114885 -0.0094031 -0.0117183 -0.0109292 -0.0068981 -0.0025826 0.0081230 0.0036019 -0.0098708 0.0033702 0.0026840 -0.0114541 -0.0093380 -0.0034861 -0.0079147 -0.0031658 -0.0175333 -0.0161328 -0.0173548 -0.0060581 -0.0115079 -0.0158869 -0.0063224 -0.0007931 -0.0190138 -0.0055661 -0.0099777 -0.0028139 -0.0018120 0.0072291 -0.0272764 -0.0045509 -0.0073875 0.0044661 0.0029919 -0.0125704 -0.0006829 -0.0058614
-0.0372255 -0.0533020 -0.0469848 -0.0211344 -0.0335434 -0.0254600 -0.0480788 0.0083587 0.0019056 -0.0339335 0.0187937 -0.0118991 -0.0206025 -0.0136852 -0.0198156 -0.0053265 -0.0265553 0.0313887 -0.0134195 0.0003587 -0.0079386 -0.0495331 -0.0065568 0.0075631 -0.0101321 1.0577399 -0.0141802 -0.0027446 -0.0310830 -0.0020034 0.0097572 -0.0156060 0.0062877 -0.0281223 0.0009182 -0.0040092 -0.0116530 0.0241998 0.0216418 0.0119836 0.0113080 -0.0056637 -0.0181541 -0.0168645 -0.0084092 -0.0132783 -0.0102317 -0.0015877 0.0290157 0.0161497 0.0260642 -0.0059720 0.0105749 0.0324869 -0.0260498 -0.0146117 0.0021596 -0.0064898 0.0061037 -0.0426909 -0.0368260 -0.0126297 0.0088669 -0.0094760 -0.0407588 -0.0023262 -0.0074603 -0.0579456 -0.0036972 -0.0126657 0.0323107 -0.0017124 0.0193003 -0.0573165 0.0261457 -0.0000605 0.0258264 0.0210956 -0.0029543 0.0154542 -0.0022455
-0.0121884 -0.0114273 -0.0273205 -0.0050755 -0.0098619 -0.0064684 -0.0083285 -0.0162991 -0.0095438 -0.0157189 -0.0112691 -0.0095967 -0.0058870 -0.0162397 -0.0182258 -0.0191375 -0.0072956 -0.0142089 -0.0104535 -0.0165380 -0.0106451 -0.0063739 -0.0087562 -0.0190486 -0.0136890 -0.0141802 1.0335102 -0.0069149 -0.0027350 -0.0172070 -0.0059473 -0.0202132 -0.0036826 -0.0061032 -0.0175318 -0.0135203 -0.0065167 -0.0119691 -0.0163551 -0.0089787 -0.0094980 -0.0058588 -0.0113495 -0.0130110 -0.0078265 -0.0092205 -0.0111499 -0.0093289 -0.0008861 -0.0063131 0.0001793 -0.0050136 -0.0083640 -0.0045816 0.0018591 -0.0147345 -0.0125057 -0.0067566 -0.0093268 -0.0060020 0.0012768 0.0021427 -0.0053791 -0.0133285 -0.0074364 -0.0051842 -0.0060150 -0.0048855 -0.0102981 -0.0106797 -0.0084960 -0.0021287 -0.0026028 -0.0046121 -0.0090786 -0.0138200 -0.0074471 -0.0171186 -0.0103682 -0.0009818 -0.0139044
-0.0010808 -0.0081766 -0.0028507 -0.0091251 -0.0086803 -0.0033980 -0.0037690 -0.0105657 -0.0064542 -0.0069570 0.0014844 -0.0051646 -0.0033483 -0.0045169 -0.0118604 -0.0029848 -0.0026394 0.0027735 -0.0079245 -0.0081914 -0.0063656 -0.0000327 -0.0094360 -0.0166676 -0.0082668 -0.0027446 -0.0069149 1.0235853 -0.0068337 -0.0102366 -0.0085565 -0.0075628 -0.0074995 -0.0061907 -0.0077455 -0.0047444 -0.0076584 0.0016373 -0.0094125 -0.0034595 -0.0013260 -0.0024816 -0.0080885 -0.0065590 -0.0068047 -0.0088729 -0.0046559 -0.0044335 -0.0079572 -0.0052518 -0.0034750 -0.0085192 -0.0020330 -0.0069128 -0.0068536 -0.0045408 -0.0053188 0.0012703 -0.0019058 -0.0041557 -0.0008774 -0.0037249 -0.0028733 -0.0020703 -0.0030197 -0.0040833 -0.0030585 -0.0084572 -0.0020643 -0.0080870 -0.0066240 -0.0015279 -0.0032625 -0.0036807 -0.0018420 -0.0053250 -0.0022394 -0.0060382 -0.0043250 -0.0083495 -0.0090702
-0.0033483 0.0155681 0.0085563 -0.0111067 0.0002514 0.0011790 0.0120477 -0.0244564 -0.0145493 0.0064452 -0.0298038 -0.0050999 -0.0002695 -0.0088273 -0.0067778 -0.0121575 0.0127025 -0.0412590 -0.0122290 -0.0216468 -0.0125292 0.0133489 -0.0225537 -0.0242056 -0.0248830 -0.0310830 -0.0027350 -0.0068337 1.0181304 -0.0209443 -0.0246802 -0.0161897 -0.0182724 -0.0043421 -0.0131571 -0.0111972 -0.0075237 -0.0280419 -0.0231724 -0.0193821 -0.0194706 -0.0076612 -0.0115501 -0.0022621 -0.0088502 0.0028871 -0.0034664 -0.0133991 -0.0292920 -0.0269014 -0.0258420 -0.0079831 -0.0157132 -0.0330240 0.0044370 -0.0021074 -0.0136028 -0.0053544 -0.0131930 0.0067386 0.0150563 -0.0025125 -0.0224889 -0.0039803 0.0089656 -0.0189627 -0.0016161 0.0257276 -0.0131949 -0.0020059 -0.0477168 -0.0097329 -0.0238089 0.0247300 -0.0234656 -0.0059310 -0.0285026 -0.0248680 -0.0104446 -0.0219987 -0.0052848
-0.0199284 -0.0221564 -0.0238259 -0.0312340 -0.0139759 -0.0204642 -0.0255574 0.0006960 -0.0182768 -0.0164951 0.0039218 -0.0093701 -0.0117245 -0.0234626 -0.0168318 -0.0118858 -0.0125047 0.0040806 -0.0115005 -0.0153446 -0.0152201 -0.0237652 -0.0103709 -0.0113465 -0.0051354 -0.0020034 -0.0172070 -0.0102366 -0.0209443 1.0473428 -0.0058659 -0.0070283 -0.0087537 -0.0161552 -0.0083166 -0.0054391 -0.0141566 0.0043000 0.0018240 -0.0105313 -0.0044656 -0.0057058 -0.0212491 -0.0037075 -0.0050850 -0.0111484 -0.0051899 -0.0041474 0.0073134 0.0074792 0.0054222 -0.0212966 -0.0077784 0.0066846 -0.0119057 -0.0130421 -0.0124660 -0.0087811 -0.0038862 -0.0132395 -0.0230673 -0.0127599 -0.0030310 -0.0115752 -0.0255413 -0.0033589 -0.0071907 -0.0246839 -0.0052794 -0.0189553 0.0063027 -0.0055670 0.0017322 -0.0240417 0.0069491 -0.0027983 -0.0043708 -0.0038645 -0.0098029 0.0006540 -0.0068369
-0.0334721 -0.0463823 -0.0438448 -0.0202663 -0.0215583 -0.0353816 -0.0480836 0.0162054 -0.0073160 -0.0312383 0.0102765 -0.0088960 -0.0272194 -0.0092536 -0.0253522 -0.0180983 -0.0282719 0.0252295 -0.0181900 0.0077336 -0.0089266 -0.0489501 -0.0125177 -0.0051985 -0.0105620 0.0097572 -0.0059473 -0.0085565 -0.0246802 -0.0058659 1.0204166 -0.0142783 -0.0016734 -0.0204877 0.0006959 -0.0107658 -0.0162947 0.0221292 0.0103000 0.0083170 0.0123522 -0.0057842 -0.0107135 -0.0216495 -0.0095172 -0.0189046 -0.0144769 0.0067620 0.0260257 0.0149264 0.0254399 -0.0085916 0.0115246 0.0304361 -0.0146270 -0.0142740 -0.0090658 -0.0156486 0.0038043 -0.0382406 -0.0471810 -0.0186201 -0.0012787 -0.0152425 -0.0494008 -0.0005280 -0.0058355 -0.0526183 -0.0033312 -0.0160974 0.0315611 -0.0073070 0.0178142 -0.0527458 0.0246605 -0.0056201 0.0244251 0.0203605 -0.0091185 0.0009282 -0.0046259
-0.0018882 -0.0136956 -0.0179621 -0.0149294 -0.0205687 -0.0121261 -0.0223722 -0.0081047 -0.0059979 -0.0195865 -0.0041307 -0.0083495 -0.0223450 -0.0150085 -0.0062627 -0.0168950 -0.0061502 -0.0045215 -0.0165674 -0.0073119 -0.0109547 -0.0232639 -0.0094265 -0.0043437 -0.0109053 -0.0156060 -0.0202132 -0.0075628 -0.0161897 -0.0070283 -0.0142783 1.0270288 -0.0009025 -0.0133366 -0.0059111 -0.0051496 -0.0024713 0.0060943 -0.0095699 -0.0092752 0.0007206 -0.0092981 -0.0115601 -0.0102042 -0.0082273 -0.0117866 -0.0083147 -0.0059824 -0.0013822 -0.0031495 0.0040365 -0.0075390 -0.0018583 0.0055398 -0.0071636 -0.0060411 -0.0079045 -0.0081116 -0.0079393 -0.0172710 -0.0170605 -0.0083169 -0.0050506 -0.0060718 -0.0124582 -0.0100131 -0.0018161 -0.0199344 -0.0039154 -0.0102804 0.0014399 -0.0040253 -0.0001747 -0.0179048 0.0012671 -0.0019514 -0.0006195 0.0054567 -0.0112786 -0.0052947 0.0000154
-0.0110535 -0.0303633 -0.0290992 -0.0052076 -0.0223030 -0.0181758 -0.0206817 0.0093715 -0.0032940 -0.0208545 0.0078491 -0.0004717 -0.0162464 -0.0143623 -0.0178963 -0.0127494 -0.0121651 0.0136355 -0.0075645 -0.0014449 -0.0034672 -0.0261007 0.0042473 0.0039538 -0.0039418 0.0062877 -0.0036826 -0.0074995 -0.0182724 -0.0087537 -0.0016734 -0.0009025 1.0097986 -0.0115320 -0.0035372 -0.0043562 -0.0101516 0.0101839 0.0109044 0.0014752 0.0078308 -0.0086667 -0.0025731 -0.0123919 -0.0025945 -0.0043488 -0.0051570 0.0030016 0.0152650 0.0126633 0.0056341 -0.0064196 0.0063072 0.0138766 -0.0130793 -0.0050158 -0.0013020 -0.0097606 0.0003010 -0.0189653 -0.0189849 0.0019654 0.0028927 -0.0025506 -0.0182750 0.0017932 -0.0064379 -0.0307225 0.0020997 -0.0044564 0.0182650 -0.0068470 0.0079655 -0.0255330 0.0097381 -0.0059914 0.0060739 0.0051565 -0.0057758 0.0054324 0.0034860
-0.0011156 0.0208984 0.0104150 0.0010721 -0.0030146 0.0056503 0.0221403 -0.0228606 -0.0132823 0.0116826 -0.0378799 -0.0070781 0.0081643 -0.0052751 -0.0068804 -0.0026881 0.0080742 -0.0233858 -0.0091343 -0.0127351 -0.0000071 0.0173504 -0.0172592 -0.0157901 -0.0105472 -0.0281223 -0.0061032 -0.0061907 -0.0043421 -0.0161552 -0.0204877 -0.0133366 -0.0115320 1.0190777 -0.0098573 -0.0100699 -0.0014294 -0.0297583 -0.0274735 -0.0198822 -0.0128386 -0.0048812 -0.0041179 0.0027415 -0.0088307 0.0002959 -0.0012208 -0.0116665 -0.0305757 -0.0264417 -0.0226435 -0.0052729 -0.0159040 -0.0270435 0.0018771 -0.0030354 -0.0016049 -0.0012616 -0.0182648 0.0164394 0.0131847 -0.0086964 -0.0104004 -0.0036399 0.0158474 -0.0150711 -0.0028645 0.0316690 -0.0071342 -0.0037978 -0.0332308 -0.0094486 -0.0207100 0.0254798 -0.0222010 -0.0083172 -0.0371646 -0.0219223 -0.0029215 -0.0215370 -0.0100446
-0.0100244 -0.0192622 -0.0126936 -0.0208226 -0.0137260 -0.0117001 -0.0279225 -0.0056876 -0.0134631 -0.0117275 0.0067493 -0.0057412 -0.0116148 -0.0163306 -0.0081771 -0.0181667 -0.0060270 0.0057055 -0.0111239 -0.0037461 -0.0004121 -0.0251365 -0.0011656 -0.0162943 -0.0081662 0.0009182 -0.0175318 -0.0077455 -0.0131571 -0.0083166 0.0006959 -0.0059111 -0.0035372 -0.0098573 1.0292202 -0.0035601 -0.0137475 -0.0015371 0.0004937 -0.0038263 0.0009065 -0.0083825 -0.0039654 -0.0157329 -0.0084131 -0.0123110 -0.0085491 -0.0056553 0.0031585 -0.0008272 0.0002587 -0.0063030 -0.0016479 0.0052498 -0.0100824 -0.0052980 -0.0007308 -0.0107175 -0.0056828 -0.0175180 -0.0138257 -0.0021243 -0.0012832 -0.0088506 -0.0118821 0.0001452 -0.0096414 -0.0123390 -0.0026403 -0.0155522 0.0066803 0.0040052 0.0024167 -0.0196284 0.0032873 -0.0042736 0.0033456 0.0039611 -0.0014120 -0.0041918 -0.0083997
-0.0087421 -0.0058719 -0.0012824 -0.0160360 -0.0093001 -0.0151411 -0.0047305 -0.0038724 -0.0123693 -0.0096389 -0.0162229 -0.0054599 -0.0072596 -0.0119560 -0.0090050 -0.0102251 -0.0071859 -0.0065577 -0.0060799 -0.0150362 -0.0034189 -0.0129198 -0.0076606 -0.0077598 -0.0117764 -0.0040092 -0.0135203 -0.0047444 -0.0111972 -0.0054391 -0.0107658 -0.0051496 -0.0043562 -0.0100699 -0.0035601 1.0167030 -0.0073413 -0.0059034 0.0002883 -0.0056060 -0.0012943 -0.0030869 -0.0108028 -0.0070770 -0.0020198 -0.0120020 -0.0124822 -0.0061307 -0.0056499 -0.0147371 -0.0023851 -0.0085303 -0.0012188 -0.0052877 -0.0066892 -0.0031927 -0.0061454 0.0015930 -0.0103176 -0.0114756 -0.0038392 -0.0088574 0.0029082 -0.0017343 -0.0090261 -0.0042382 0.0018753 -0.0140651 -0.0069152 -0.0007867 -0.0041271 -0.0095849 -0.0027657 -0.0069775 -0.0041483 -0.0021802 -0.0041726 -0.0083278 -0.0031473 -0.0134093 0.0029070
-0.0058788 0.0067041 -0.0093059 -0.0087307 -0.0086566 0.0004028 -0.0060641 -0.0099434 -0.0046619 -0.0060612 -0.0109909 0.0013233 -0.0005844 -0.0089621 -0.0068630 -0.0087951 -0.0038349 -0.0086420 -0.0108544 -0.0066194 -0.0078881 -0.0069011 -0.0089525 -0.0132197 -0.0116253 -0.0116530 -0.0065167 -0.0076584 -0.0075237 -0.0141566 -0.0162947 -0.0024713 -0.0101516 -0.0014294 -0.0137475 -0.0073413 1.0093406 -0.0052728 -0.0131569 -0.0087736 -0.0077055 -0.0002766 -0.0108406 -0.0039767 -0.0049500 -0.0056378 -0.0056038 -0.0100328 -0.0053369 -0.0114335 -0.0056916 -0.0055047 -0.0062941 -0.0056778 -0.0004886 -0.0056268 -0.0035940 -0.0038021 -0.0083147 0.0004139 -0.0012766 -0.0124666 -0.0072632 0.0024505 -0.0028928 -0.0068634 -0.0052114 -0.0031119 -0.0064493 -0.0075291 -0.0118677 -0.0019786 -0.0144245 -0.0044758 -0.0044861 -0.0076661 -0.0065772 0.0003601 -0.0001837 -0.0138014 -0.0041569
-0.0294122 -0.0727150 -0.0650888 -0.0154894 -0.0306936 -0.0328451 -0.0597415 0.0246445 0.0046440 -0.0520622 0.0357810 -0.0069078 -0.0322669 -0.0218980 -0.0213685 -0.0149463 -0.0310612 0.0486856 -0.0129480 0.0032621 -0.0049352 -0.0603434 0.0061645 0.0097045 0.0011709 0.0241998 -0.0119691 0.0016373 -0.0280419 0.0043000 0.0221292 0.0060943 0.0101839 -0.0297583 -0.0015371 -0.0059034 -0.0052728 1.0546021 0.0293189 0.0223325 0.0184792 0.0139687 -0.0050533 -0.0190216 -0.0073089 -0.0123277 -0.0115420 0.0067848 0.0490851 0.0366112 0.0366681 -0.0056030 0.0171842 0.0487296 -0.0271409 -0.0180223 -0.0020839 -0.0154842 0.0145821 -0.0503726 -0.0509316 -0.0063276 0.0115690 -0.0102227 -0.0501003 0.0133701 -0.0110165 -0.0795934 -0.0015735 -0.0155208 0.0554286 0.0044903 0.0378850 -0.0732087 0.0331676 -0.0015955 0.0442012 0.0258518 -0.0116560 0.0243394 -0.0041817
-0.0161918 -0.0484160 -0.0483544 -0.0195060 -0.0302358 -0.0270046 -0.0458930 0.0075734 -0.0085531 -0.0340704 0.0240239 -0.0059180 -0.0254754 -0.0207233 -0.0196295 -0.0054938 -0.0259696 0.0398899 -0.0125151 0.0034897 -0.0116430 -0.0386024 0.0022064 0.0082939 -0.0048058 0.0216418 -0.0163551 -0.0094125 -0.0231724 0.0018240 0.0103000 -0.0095699 0.0109044 -0.0274735 0.0004937 0.0002883 -0.0131569 0.0293189 1.0252484 0.0057560 0.0129075 0.0000396 -0.0111187 -0.0162645 -0.0009771 -0.0079663 -0.0120081 0.0035384 0.0267425 0.0192297 0.0225298 -0.0056756 0.0049220 0.0260131 -0.0202393 -0.0138945 0.0013545 -0.0041234 0.0054417 -0.0318984 -0.0401708 -0.0095661 0.0042234 -0.0090119 -0.0346110 0.0036735 -0.0077135 -0.0523912 0.0047948 -0.0121436 0.0310886 -0.0057745 0.0234373 -0.0490554 0.0204311 -0.0049694 0.0218552 0.0159062 -0.0079942 0.0150564 0.0023439
-0.0187173 -0.0425465 -0.0412296 -0.0120777 -0.0181104 -0.0195666 -0.0343780 0.0043684 -0.0021159 -0.0245771 0.0130418 -0.0057857 -0.0280713 -0.0205606 -0.0181447 -0.0071891 -0.0116115 0.0157850 -0.0118495 0.0043752 -0.0038465 -0.0295059 -0.0047265 0.0010790 -0.0112403 0.0119836 -0.0089787 -0.0034595 -0.0193821 -0.0105313 0.0083170 -0.0092752 0.0014752 -0.0198822 -0.0038263 -0.0056060 -0.0087736 0.0223325 0.0057560 1.0203948 -0.0009837 0.0019638 -0.0153666 -0.0173988 -0.0085009 -0.0137128 -0.0122651 0.0020648 0.0204246 0.0132512 0.0155711 -0.0037473 0.0068992 0.0258473 -0.0171223 -0.0051871 0.0010279 -0.0113149 0.0007070 -0.0268549 -0.0295896 0.0007696 0.0043776 -0.0095208 -0.0245650 0.0004432 -0.0104048 -0.0395573 -0.0018226 -0.0110798 0.0229508 0.0027263 0.0137758 -0.0379843 0.0145725 -0.0052580 0.0204787 0.0132531 -0.0062465 0.0065843 -0.0058027
-0.0204670 -0.0478699 -0.0386867 -0.0135076 -0.0229332 -0.0233004 -0.0452359 0.0174546 -0.0023381 -0.0242045 0.0162655 -0.0042713 -0.0213768 -0.0078933 -0.0143769 -0.0162621 -0.0195600 0.0245092 -0.0207892 0.0069240 -0.0097309 -0.0274877 -0.0031911 0.0023734 -0.0072270 0.0113080 -0.0094980 -0.0013260 -0.0194706 -0.0044656 0.0123522 0.0007206 0.0078308 -0.0128386 0.0009065 -0.0012943 -0.0077055 0.0184792 0.0129075 -0.0009837 1.0242829 0.0077914 -0.0067156 -0.0194614 -0.0050415 -0.0109769 -0.0085591 0.0020274 0.0248101 0.0147428 0.0172957 -0.0075952 0.0155974 0.0231007 -0.0143680 -0.0167320 -0.0057656 -0.0109099 0.0085005 -0.0267305 -0.0308529 -0.0059484 0.0025567 -0.0086972 -0.0289617 0.0033269 -0.0013631 -0.0436756 -0.0018182 -0.0137398 0.0264915 -0.0000639 0.0180207 -0.0373679 0.0195709 -0.0006147 0.0183718 0.0118347 -0.0040185 0.0071303 0.0045382
-0.0193046 -0.0223305 -0.0108883 -0.0097456 -0.0116782 -0.0156525 -0.0259622 -0.0004747 -0.0115737 -0.0196352 0.0062747 -0.0049261 -0.0074220 -0.0136224 -0.0087138 -0.0077961 -0.0139861 0.0130113 -0.0201303 -0.0094195 -0.0066166 -0.0229974 -0.0120426 -0.0029372 -0.0028561 -0.0056637 -0.0058588 -0.0024816 -0.0076612 -0.0057058 -0.0057842 -0.0092981 -0.0086667 -0.0048812 -0.0083825 -0.0030869 -0.0002766 0.0139687 0.0000396 0.0019638 0.0077914 1.0209026 -0.0147606 -0.0028408 -0.0097702 -0.0036798 -0.0127177 -0.0030861 0.0067262 0.0022604 0.0037291 -0.0071568 0.0044260 0.0046954 -0.0108546 -0.0068786 -0.0056248 -0.0013405 -0.0010950 -0.0117633 -0.0110984 -0.0088098 -0.0058861 -0.0047874 -0.0113066 0.0004167 -0.0070068 -0.0233632 -0.0030499 -0.0069530 0.0080468 -0.0048716 0.0057088 -0.0229092 0.0029808 -0.0114600 0.0112694 0.0065202 -0.0122374 0.0026538 0.0026178
-0.0054894 -0.0078925 -0.0099281 -0.0073341 -0.0123824 -0.0049810 -0.0005108 -0.0120435 -0.0072496 -0.0110912 -0.0063437 -0.0137077 -0.0110438 -0.0091453 -0.0103411 -0.0096417 0.0003824 -0.0100047 -0.0030735 -0.0133842 -0.0026727 0.0008078 -0.0158034 -0.0062698 -0.0051169 -0.0181541 -0.0113495 -0.0080885 -0.0115501 -0.0212491 -0.0107135 -0.0115601 -0.0025731 -0.0041179 -0.0039654 -0.0108028 -0.0108406 -0.0050533 -0.0111187 -0.0153666 -0.0067156 -0.0147606 1.0240591 0.0004958 -0.0114787 -0.0033051 -0.0024007 -0.0004077 -0.0110918 -0.0104085 -0.0082364 -0.0143869 -0.0082983 -0.0079117 -0.0051094 -0.0040048 -0.0068298 -0.0059900 -0.0085942 0.0032027 -0.0054791 -0.0119945 -0.0105252 -0.0062887 -0.0033619 -0.0031405 -0.0064549 -0.0036677 -0.0111043 -0.0066029 -0.0169557 -0.0111874 -0.0115640 -0.0034465 -0.0063434 -0.0008552 -0.0127135 -0.0061983 -0.0020704 -0.0036762 -0.0047367
-0.0006864 0.0158659 0.0019696 0.0020206 0.0015732 -0.0026112 0.0035552 -0.0176933 -0.0025004 0.0036695 -0.0279420 -0.0075344 0.0006695 -0.0032727 -0.0051632 -0.0033813 0.0057369 -0.0192653 -0.0102618 -0.0175771 -0.0110105 0.0092223 -0.0134600 -0.0188960 -0.0114885 -0.0168645 -0.0130110 -0.0065590 -0.0022621 -0.0037075 -0.0216495 -0.0102042 -0.0123919 0.0027415 -0.0157329 -0.0070770 -0.0039767 -0.0190216 -0.0162645 -0.0173988 -0.0194614 -0.0028408 0.0004958 1.0089427 -0.0099003 -0.0002693 -0.0068994 -0.0126081 -0.0240032 -0.0197341 -0.0161357 -0.0061828 -0.0087081 -0.0319267 0.0019076 -0.0004405 -0.0044090 -0.0044165 -0.0073232 0.0089338 0.0114361 -0.0023399 -0.0141796 0.0004887 0.0093745 -0.0081733 -0.0071494 0.0204260 -0.0061933 -0.0045271 -0.0282133 -0.0098888 -0.0169248 0.0197563 -0.0091182 -0.0029474 -0.0260228 -0.0157910 -0.0051552 -0.0161790 -0.0029914
-0.0036369 -0.0176079 -0.0071087 -0.0049706 -0.0090169 -0.0112851 -0.0069244 -0.0071161 -0.0102424 -0.0080781 -0.0157696 -0.0032777 -0.0183498 -0.0056832 -0.0054628 -0.0121104 -0.0045268 -0.0020066 -0.0046675 -0.0065324 -0.0093435 -0.0135965 -0.0149337 -0.0063927 -0.0094031 -0.0084092 -0.0078265 -0.0068047 -0.0088502 -0.0050850 -0.0095172 -0.0082273 -0.0025945 -0.0088307 -0.0084131 -0.0020198 -0.0049500 -0.0073089 -0.0009771 -0.0085009 -0.0050415 -0.0097702 -0.0114787 -0.0099003 1.0259303 -0.0160426 -0.0048681 -0.0041175 -0.0013918 -0.0063238 -0.0023039 -0.0074228 -0.0047487 0.0014902 -0.0016043 -0.0012349 -0.0015290 -0.0042484 -0.0025828 -0.0078833 0.0002396 0.0010248 -0.0088048 -0.0002879 -0.0063424 -0.0046478 -0.0027334 -0.0063949 0.0006285 -0.0038306 -0.0041441 -0.0030761 -0.0053892 -0.0112205 -0.0036757 -0.0045257 -0.0023714 0.0001132 -0.0038837 -0.0023888 -0.0117297
