1.0245807 -0.0159004 -0.0155335 -0.0051165 -0.0114066 -0.0139735 -0.0071420 -0.0104324 -0.0101168 -0.0186416 -0.0203100 -0.0232688 -0.0163691 -0.0138055 -0.0059993 -0.0150749 -0.0146912 -0.0166413 -0.0251169 -0.0153261 -0.0221556 -0.0201428 -0.0286686 -0.0176733 -0.0205692 -0.0058338 -0.0188802 0.0077908 -0.0246733 -0.0146992 -0.0120031 -0.0060715 -0.0140283 -0.0065659 0.0006264 -0.0139408 -0.0021005 -0.0045743 -0.0047112 0.0037082 -0.0071752 -0.0129112 -0.0026977 0.0025696 -0.0003201 -0.0104838 -0.0165550 -0.0072974 -0.0175591 -0.0029786 -0.0085946 -0.0003059 0.0092727 -0.0007246 0.0040547 -0.0165075 -0.0113855 -0.0030368 -0.0129547 -0.0172320 -0.0002286 -0.0137182 -0.0073809 0.0027093 0.0011954 -0.0020668 0.0006429 -0.0059587 -0.0159127 -0.0046767 -0.0086048 -0.0064832 -0.0062896 -0.0089498 -0.0144986 -0.0127486 -0.0132976 -0.0167894 -0.0231818 -0.0130593 -0.0125431
-0.0159004 1.0212209 -0.0027767 -0.0052604 -0.0150159 -0.0157617 -0.0026301 -0.0094865 -0.0023660 -0.0083218 -0.0083644 -0.0116490 -0.0144434 -0.0085861 -0.0087976 -0.0086689 -0.0159358 -0.0166565 -0.0175782 -0.0160696 -0.0138745 -0.0172105 -0.0104259 -0.0011313 -0.0099327 0.0032272 -0.0190061 0.0078429 -0.0151389 -0.0147717 -0.0123293 -0.0113935 -0.0140278 -0.0070308 -0.0066366 -0.0098051 -0.0068082 -0.0076498 -0.0052736 0.0032142 -0.0095383 -0.0127437 -0.0169686 0.0045666 -0.0123360 -0.0138769 -0.0105584 -0.0139659 -0.0114164 -0.0029771 -0.0059075 -0.0087467 0.0020361 -0.0017270 0.0003768 -0.0077904 -0.0136464 -0.0012389 -0.0131316 -0.0135843 -0.0088582 -0.0088727 -0.0113781 0.0036281 -0.0001903 -0.0078484 -0.0022229 -0.0071240 -0.0135782 -0.0091896 -0.0108294 -0.0162880 -0.0061399 -0.0061365 -0.0144660 -0.0087546 -0.0066641 -0.0085653 -0.0216060 -0.0164036 -0.0110685
-0.0155335 -0.0027767 1.0302951 -0.0218317 -0.0228423 -0.0128453 -0.0112592 -0.0097473 -0.0197769 -0.0108993 -0.0116851 0.0063580 -0.0072230 -0.0065286 -0.0190959 -0.0077396 0.0104621 0.0137984 -0.0204441 -0.0106691 -0.0062738 -0.0038834 -0.0114166 -0.0266654 -0.0210446 -0.0290470 -0.0153378 -0.0249194 -0.0098573 -0.0182696 -0.0085596 -0.0177398 0.0008364 -0.0176449 -0.0303417 -0.0121487 0.0002940 -0.0173083 -0.0071961 -0.0267073 -0.0021159 -0.0087255 -0.0052121 -0.0189315 -0.0111876 -0.0001252 -0.0002819 -0.0088687 -0.0022864 -0.0068425 0.0027215 -0.0057013 -0.0179349 -0.0217848 -0.0109569 -0.0070745 -0.0068982 -0.0233126 -0.0003145 0.0026991 -0.0014209 -0.0068470 -0.0097683 -0.0215115 -0.0221437 -0.0140732 -0.0245963 -0.0140318 -0.0034119 -0.0134245 -0.0066751 -0.0024207 -0.0097237 -0.0018484 0.0094232 -0.0056481 -0.0011506 -0.0013216 0.0008801 -0.0074520 -0.0027760
-0.0051165 -0.0052604 -0.0218317 1.1200844 0.0119209 -0.0074770 0.0106193 -0.0142296 0.0396963 -0.0309513 -0.0072768 -0.0837807 -0.0451055 0.0063387 -0.0170132 -0.0154200 -0.0875977 -0.0766831 0.0025896 -0.0502024 -0.0539396 -0.0471580 -0.0546953 0.0243300 -0.0184893 0.0771947 -0.0414201 0.0938386 -0.0558297 -0.0260157 -0.0349771 0.0123959 -0.0606398 -0.0121742 0.0435935 -0.0216906 -0.0229233 -0.0247721 0.0127928 0.0532333 0.0030713 -0.0345352 -0.0339124 0.0267616 0.0312320 -0.0281388 -0.0578169 -0.0154080 -0.0406256 0.0064861 -0.0454662 0.0007677 0.0823532 0.0530934 0.0243317 -0.0154501 -0.0320526 0.0293393 -0.0589126 -0.0316303 -0.0050022 -0.0390960 -0.0085886 0.0742294 0.0508315 0.0318122 0.0455384 -0.0015606 -0.0297399 0.0109400 -0.0322247 -0.0161769 -0.0180328 -0.0401057 -0.0728068 -0.0161227 -0.0547816 -0.0576371 -0.0473868 -0.0383169 -0.0327321
-0.0114066 -0.0150159 -0.0228423 0.0119209 1.0179846 -0.0111586 -0.0129341 -0.0105259 0.0029593 -0.0225974 -0.0157544 -0.0391628 -0.0215488 0.0035668 -0.0093649 -0.0203463 -0.0319369 -0.0336610 -0.0115465 -0.0218057 -0.0264498 -0.0234251 -0.0192873 -0.0013044 -0.0283616 0.0102084 -0.0284034 0.0248363 -0.0237028 -0.0079857 -0.0136551 -0.0021785 -0.0225805 -0.0007834 0.0036393 -0.0090148 -0.0150952 -0.0210931 -0.0035098 0.0063956 -0.0089760 -0.0209424 -0.0116048 0.0012633 0.0060162 -0.0113641 -0.0249822 -0.0071128 -0.0148590 -0.0016775 -0.0255919 -0.0085530 0.0216176 0.0081689 0.0012079 -0.0087400 -0.0135860 -0.0000453 -0.0141033 -0.0136455 -0.0077258 -0.0160338 -0.0084580 0.0191195 0.0083464 -0.0006088 0.0115998 0.0000070 -0.0172050 -0.0036126 -0.0126985 -0.0165327 -0.0181232 -0.0176511 -0.0203537 -0.0102056 -0.0196221 -0.0251867 -0.0216919 -0.0239323 -0.0151602
-0.0139735 -0.0157617 -0.0128453 -0.0074770 -0.0111586 1.0398980 -0.0096803 -0.0052543 0.0081497 -0.0163549 -0.0004504 -0.0237468 -0.0130769 -0.0107234 -0.0075495 -0.0076760 -0.0231868 -0.0231831 0.0001694 -0.0194905 -0.0152705 -0.0105904 -0.0230216 -0.0049913 -0.0164294 0.0042025 -0.0182730 0.0066872 -0.0129829 -0.0109747 -0.0075640 -0.0015136 -0.0176631 -0.0103401 -0.0052328 -0.0184797 -0.0135713 -0.0163869 -0.0041501 0.0009906 -0.0008119 -0.0155395 -0.0141776 -0.0024234 0.0062050 -0.0163074 -0.0195118 -0.0111122 -0.0175710 -0.0063715 -0.0117417 -0.0067718 0.0159116 0.0031586 -0.0017233 -0.0126254 -0.0142341 -0.0045382 -0.0164894 -0.0118778 -0.0047911 -0.0199286 -0.0048510 0.0057347 -0.0034265 -0.0050454 -0.0044996 -0.0067444 -0.0097047 -0.0022707 -0.0168208 -0.0102034 -0.0094101 -0.0194323 -0.0124593 -0.0087546 -0.0169610 -0.0141139 -0.0142844 -0.0170581 -0.0153161
-0.0071420 -0.0026301 -0.0112592 0.0106193 -0.0129341 -0.0096803 1.0178698 -0.0009194 0.0028145 -0.0168753 -0.0088095 -0.0337894 -0.0237641 -0.0092052 -0.0208170 -0.0091694 -0.0310155 -0.0325203 -0.0041407 -0.0229301 -0.0318522 -0.0231758 -0.0302852 0.0034248 -0.0158665 0.0304713 -0.0277027 0.0370615 -0.0227751 -0.0243575 -0.0193660 0.0052677 -0.0269452 -0.0042081 0.0067541 -0.0146038 -0.0141401 -0.0133324 -0.0040094 0.0148766 0.0079125 -0.0148689 -0.0074985 0.0127886 0.0061908 -0.0127005 -0.0272758 -0.0044441 -0.0183976 -0.0001556 -0.0204520 -0.0119337 0.0245130 0.0207682 0.0047548 -0.0099635 -0.0124431 0.0045679 -0.0247401 -0.0263724 -0.0077255 -0.0235515 -0.0085971 0.0263387 0.0158361 0.0044622 0.0187748 -0.0021045 -0.0207054 0.0006935 -0.0189307 -0.0101182 -0.0057497 -0.0176457 -0.0334448 -0.0047019 -0.0255048 -0.0323362 -0.0216676 -0.0186216 -0.0205453
-0.0104324 -0.0094865 -0.0097473 -0.0142296 -0.0105259 -0.0052543 -0.0009194 1.0403171 -0.0118497 -0.0119121 -0.0115212 0.0016757 -0.0110539 -0.0127613 -0.0086332 -0.0048495 -0.0000009 -0.0036551 -0.0106864 -0.0078980 -0.0051958 -0.0096207 -0.0108498 -0.0148308 -0.0135471 -0.0193006 -0.0163840 -0.0174433 -0.0025806 -0.0144831 -0.0076884 -0.0070324 -0.0004805 -0.0071063 -0.0175721 -0.0113740 -0.0076233 -0.0066042 -0.0169007 -0.0125797 -0.0058736 -0.0065235 -0.0164377 -0.0155850 -0.0089000 -0.0146686 -0.0069869 -0.0093264 -0.0028523 -0.0006168 -0.0023900 -0.0009832 -0.0123242 -0.0066838 -0.0053680 -0.0085028 -0.0047072 -0.0091123 -0.0060479 -0.0038951 -0.0132383 -0.0128591 -0.0042744 -0.0128622 -0.0124107 -0.0083838 -0.0105310 -0.0118770 -0.0128286 -0.0118479 -0.0049449 -0.0003857 -0.0068180 -0.0071799 -0.0031558 -0.0052084 0.0018371 0.0034405 -0.0027581 0.0034723 -0.0055685
-0.0101168 -0.0023660 -0.0197769 0.0396963 0.0029593 0.0081497 0.0028145 -0.0118497 1.0747021 -0.0141006 -0.0115851 -0.0634154 -0.0316827 0.0043350 -0.0200852 -0.0185324 -0.0678722 -0.0549332 0.0119482 -0.0379623 -0.0401585 -0.0355623 -0.0486048 0.0135901 -0.0149916 0.0532866 -0.0238403 0.0688749 -0.0399910 -0.0278272 -0.0283221 0.0132134 -0.0457808 -0.0006424 0.0298344 -0.0190409 -0.0154095 -0.0192174 0.0069804 0.0404756 -0.0025831 -0.0285130 -0.0205337 0.0231090 0.0270190 -0.0228227 -0.0433160 -0.0115004 -0.0277983 -0.0014464 -0.0274520 -0.0122255 0.0587067 0.0390605 0.0154822 -0.0128048 -0.0227050 0.0194746 -0.0424986 -0.0298659 -0.0049996 -0.0389290 -0.0094701 0.0560074 0.0326054 0.0197720 0.0328880 0.0034116 -0.0207735 0.0097024 -0.0215491 -0.0122084 -0.0137417 -0.0270413 -0.0553558 -0.0209246 -0.0397908 -0.0419014 -0.0257566 -0.0344722 -0.0266192
-0.0186416 -0.0083218 -0.0108993 -0.0309513 -0.0225974 -0.0163549 -0.0168753 -0.0119121 -0.0141006 1.0265903 -0.0168536 -0.0000021 -0.0039721 -0.0098217 -0.0190138 -0.0179942 0.0039724 0.0027682 -0.0165297 0.0040622 0.0037259 -0.0092724 -0.0070204 -0.0228850 -0.0164835 -0.0263486 -0.0051025 -0.0218860 -0.0135743 -0.0130307 -0.0073284 -0.0171467 0.0024766 -0.0089229 -0.0250037 -0.0102797 -0.0043315 -0.0106838 -0.0158845 -0.0177734 -0.0078153 -0.0092617 -0.0069938 -0.0198703 -0.0201414 -0.0069597 -0.0038292 -0.0048845 -0.0004815 -0.0141988 0.0023456 -0.0064434 -0.0237016 -0.0156924 -0.0115129 -0.0081647 -0.0019458 -0.0159178 -0.0000546 -0.0018379 -0.0067395 -0.0026063 -0.0021249 -0.0172655 -0.0129482 -0.0098899 -0.0153594 -0.0061808 -0.0065341 -0.0139478 -0.0034906 -0.0107764 -0.0045178 -0.0015449 0.0069094 -0.0060255 -0.0072326 0.0034096 -0.0012166 -0.0065832 -0.0063466
-0.0203100 -0.0083644 -0.0116851 -0.0072768 -0.0157544 -0.0004504 -0.0088095 -0.0115212 -0.0115851 -0.0168536 1.0191377 -0.0065819 -0.0155315 -0.0043498 -0.0121949 -0.0111898 -0.0122761 -0.0181349 -0.0037866 -0.0185454 -0.0158070 -0.0140030 -0.0197811 -0.0073838 -0.0104771 -0.0154947 -0.0142977 -0.0078187 -0.0105907 -0.0110863 -0.0173518 -0.0124032 -0.0132678 -0.0027560 -0.0019991 -0.0158315 -0.0082949 -0.0072052 -0.0034169 -0.0081706 -0.0073768 -0.0083018 -0.0104055 -0.0067841 0.0005959 -0.0176321 -0.0089171 -0.0010950 -0.0094155 -0.0053359 -0.0077085 -0.0117965 -0.0005085 -0.0024973 -0.0065647 -0.0106371 -0.0084158 -0.0034772 -0.0089612 -0.0166880 -0.0097850 -0.0125624 -0.0065299 -0.0008532 -0.0114362 -0.0090314 -0.0003238 -0.0080467 -0.0056341 -0.0108003 -0.0129320 -0.0081934 -0.0125905 -0.0034983 -0.0167055 -0.0042472 -0.0167564 -0.0113182 -0.0066922 -0.0148661 -0.0195780
-0.0232688 -0.0116490 0.0063580 -0.0837807 -0.0391628 -0.0237468 -0.0337894 0.0016757 -0.0634154 -0.0000021 -0.0065819 1.0884098 0.0197089 -0.0313069 -0.0037018 -0.0161129 0.0805647 0.0644097 -0.0252941 0.0375296 0.0341815 0.0231976 0.0398679 -0.0514096 -0.0082445 -0.0924470 0.0269080 -0.0893662 0.0332030 -0.0040200 0.0082229 -0.0336171 0.0454614 -0.0112311 -0.0568036 0.0032530 0.0107653 -0.0017751 -0.0267462 -0.0683734 -0.0163295 0.0257317 0.0105651 -0.0519976 -0.0523203 0.0137257 0.0391292 -0.0038174 0.0210367 -0.0213629 0.0310070 -0.0078036 -0.0842974 -0.0629918 -0.0263640 -0.0035248 0.0198476 -0.0440201 0.0396982 0.0232549 -0.0007856 0.0205205 -0.0127055 -0.0756578 -0.0624414 -0.0383146 -0.0542965 -0.0132382 0.0112393 -0.0180361 0.0139973 -0.0019163 0.0074202 0.0193591 0.0564643 0.0003534 0.0388983 0.0473637 0.0261386 0.0208252 0.0154643
-0.0163691 -0.0144434 -0.0072230 -0.0451055 -0.0215488 -0.0130769 -0.0237641 -0.0110539 -0.0316827 -0.0039721 -0.0155315 0.0197089 1.0310464 -0.0199696 0.0004190 -0.0130510 0.0214734 0.0247641 -0.0173774 0.0149559 0.0160947 0.0066173 0.0052794 -0.0235814 -0.0124538 -0.0481602 -0.0011074 -0.0548097 0.0046194 -0.0027062 -0.0111333 -0.0256846 0.0121159 -0.0099312 -0.0306941 -0.0016006 -0.0001167 0.0012407 -0.0081393 -0.0366991 -0.0115868 0.0039222 0.0030791 -0.0238040 -0.0251415 -0.0016200 0.0161719 -0.0039753 0.0090133 -0.0169192 0.0055306 -0.0091901 -0.0441572 -0.0322566 -0.0151296 -0.0049428 0.0070954 -0.0270926 0.0174823 -0.0000265 -0.0020177 0.0063564 -0.0139721 -0.0356808 -0.0309724 -0.0158810 -0.0284330 -0.0045737 0.0019914 -0.0158166 0.0025000 -0.0062488 -0.0049183 0.0022189 0.0250289 -0.0061138 0.0124877 0.0155045 0.0042309 0.0125310 0.0007009
-0.0138055 -0.0085861 -0.0065286 0.0063387 0.0035668 -0.0107234 -0.0092052 -0.0127613 0.0043350 -0.0098217 -0.0043498 -0.0313069 -0.0199696 1.0358979 -0.0071660 -0.0173918 -0.0179482 -0.0252886 -0.0044268 -0.0169416 -0.0205489 -0.0149428 -0.0214466 -0.0053384 -0.0121223 0.0026525 -0.0117512 0.0130945 -0.0146142 -0.0200595 -0.0194971 -0.0015883 -0.0207979 -0.0068462 -0.0039298 -0.0157536 -0.0200727 -0.0120161 -0.0027274 0.0062105 -0.0030736 -0.0141446 -0.0109982 0.0014309 0.0011320 -0.0131485 -0.0191408 -0.0073102 -0.0205172 -0.0022187 -0.0079065 -0.0096792 0.0047648 0.0075270 -0.0044200 -0.0047275 -0.0168642 0.0005297 -0.0215922 -0.0045821 -0.0113049 -0.0153792 -0.0144847 0.0060402 0.0064464 -0.0022078 0.0036557 -0.0066598 -0.0152604 -0.0096351 -0.0087944 -0.0128416 -0.0157042 -0.0105742 -0.0158993 -0.0146028 -0.0099729 -0.0137888 -0.0111297 -0.0113489 -0.0059168
-0.0059993 -0.0087976 -0.0190959 -0.0170132 -0.0093649 -0.0075495 -0.0208170 -0.0086332 -0.0200852 -0.0190138 -0.0121949 -0.0037018 0.0004190 -0.0071660 1.0348336 -0.0183455 -0.0034276 -0.0113257 -0.0135863 -0.0089140 -0.0063986 -0.0137441 -0.0120797 -0.0161952 -0.0132278 -0.0180711 -0.0069624 -0.0178958 -0.0169321 -0.0062849 -0.0138879 -0.0108096 -0.0098630 -0.0165938 -0.0037216 -0.0012907 -0.0123473 -0.0030605 -0.0105708 -0.0073276 -0.0121449 -0.0133761 -0.0033153 -0.0066139 -0.0131226 -0.0084994 -0.0020159 -0.0002933 -0.0080594 -0.0100933 -0.0012175 -0.0061157 -0.0122571 -0.0063726 -0.0108380 -0.0140009 -0.0013175 -0.0159998 -0.0063677 -0.0074349 -0.0088943 -0.0036598 -0.0138613 -0.0070002 -0.0055243 -0.0107729 -0.0139031 -0.0138996 -0.0068680 -0.0157452 -0.0053717 -0.0061993 -0.0053806 -0.0101438 -0.0035714 -0.0068055 -0.0089530 -0.0061291 -0.0088223 -0.0035414 -0.0046557
-0.0150749 -0.0086689 -0.0077396 -0.0154200 -0.0203463 -0.0076760 -0.0091694 -0.0048495 -0.0185324 -0.0179942 -0.0111898 -0.0161129 -0.0130510 -0.0173918 -0.0183455 1.0182089 -0.0065554 0.0006183 -0.0147381 -0.0109260 -0.0008669 -0.0103861 -0.0086369 -0.0111719 -0.0157601 -0.0195427 -0.0127965 -0.0044942 -0.0078786 -0.0071494 -0.0126718 -0.0141431 -0.0037128 -0.0085996 -0.0109242 -0.0008284 -0.0047764 -0.0129969 -0.0095098 -0.0095877 0.0014002 -0.0014047 -0.0021994 -0.0090652 -0.0088167 -0.0058554 -0.0102937 -0.0054560 -0.0136476 -0.0108418 0.0055387 -0.0104511 -0.0131586 -0.0134490 -0.0082788 -0.0112174 -0.0040485 -0.0111502 -0.0071325 -0.0203469 -0.0046170 -0.0045728 -0.0019355 -0.0088222 -0.0075480 -0.0138269 -0.0127359 -0.0115572 -0.0075656 -0.0047869 -0.0114672 -0.0058973 -0.0022682 -0.0085382 0.0039554 -0.0028186 -0.0082755 0.0011189 -0.0070437 -0.0050932 -0.0142870
-0.0146912 -0.0159358 0.0104621 -0.0875977 -0.0319369 -0.0231868 -0.0310155 -0.0000009 -0.0678722 0.0039724 -0.0122761 0.0805647 0.0214734 -0.0179482 -0.0034276 -0.0065554 1.0749366 0.0616263 -0.0322417 0.0396681 0.0415328 0.0314674 0.0407349 -0.0562235 -0.0169066 -0.0923534 0.0278723 -0.0984590 0.0506284 0.0061531 0.0182211 -0.0371540 0.0465128 -0.0124348 -0.0556627 0.0051847 0.0081455 0.0072269 -0.0320247 -0.0742572 -0.0219143 0.0201614 0.0155477 -0.0462293 -0.0475826 0.0203929 0.0539316 -0.0012593 0.0215482 -0.0198819 0.0298601 -0.0063916 -0.0822402 -0.0629990 -0.0301151 0.0014878 0.0162593 -0.0395677 0.0526658 0.0227257 -0.0049653 0.0304089 -0.0012605 -0.0726170 -0.0638518 -0.0310216 -0.0583577 -0.0146336 0.0201827 -0.0205818 0.0198235 -0.0029600 -0.0013364 0.0227971 0.0555139 0.0022590 0.0404846 0.0452534 0.0316426 0.0305758 0.0261798
-0.0166413 -0.0166565 0.0137984 -0.0766831 -0.0336610 -0.0231831 -0.0325203 -0.0036551 -0.0549332 0.0027682 -0.0181349 0.0644097 0.0247641 -0.0252886 -0.0113257 0.0006183 0.0616263 1.0719801 -0.0336788 0.0369161 0.0322815 0.0279712 0.0307478 -0.0489937 -0.0013212 -0.0817177 0.0168882 -0.0842585 0.0382462 0.0079530 0.0161918 -0.0309049 0.0393016 -0.0126797 -0.0518594 -0.0009495 0.0019239 -0.0000095 -0.0255685 -0.0679564 -0.0178366 0.0218768 0.0032083 -0.0412600 -0.0456191 0.0184387 0.0360297 -0.0051990 0.0237933 -0.0195185 0.0295519 -0.0066294 -0.0730028 -0.0567293 -0.0298303 -0.0004340 0.0158774 -0.0338100 0.0418033 0.0163250 -0.0072950 0.0320496 -0.0043509 -0.0592692 -0.0534194 -0.0319513 -0.0502972 -0.0105179 0.0142170 -0.0191630 0.0104051 0.0045819 0.0045712 0.0209867 0.0536902 0.0033153 0.0346096 0.0431560 0.0268617 0.0195474 0.0194491
-0.0251169 -0.0175782 -0.0204441 0.0025896 -0.0115465 0.0001694 -0.0041407 -0.0106864 0.0119482 -0.0165297 -0.0037866 -0.0252941 -0.0173774 -0.0044268 -0.0135863 -0.0147381 -0.0322417 -0.0336788 1.0411186 -0.0185654 -0.0237964 -0.0193116 -0.0154022 -0.0063506 -0.0069585 0.0117140 -0.0242727 0.0173256 -0.0324844 -0.0143211 -0.0227729 -0.0113476 -0.0265243 -0.0046960 0.0060408 -0.0109189 -0.0102163 -0.0128830 -0.0082879 0.0063369 -0.0076793 -0.0150971 -0.0151911 0.0049323 0.0045241 -0.0169565 -0.0193771 -0.0074283 -0.0185899 -0.0003052 -0.0231790 0.0006282 0.0257583 0.0128650 0.0031020 -0.0111443 -0.0188660 0.0037627 -0.0332371 -0.0147778 -0.0096202 -0.0303754 -0.0034247 0.0158782 0.0131720 0.0048735 0.0071682 -0.0062177 -0.0116222 -0.0054302 -0.0056755 -0.0084763 -0.0037528 -0.0164847 -0.0260671 -0.0097846 -0.0192598 -0.0234839 -0.0210068 -0.0176324 -0.0202328
-0.0153261 -0.0160696 -0.0106691 -0.0502024 -0.0218057 -0.0194905 -0.0229301 -0.0078980 -0.0379623 0.0040622 -0.0185454 0.0375296 0.0149559 -0.0169416 -0.0089140 -0.0109260 0.0396681 0.0369161 -0.0185654 1.0410212 0.0192983 0.0137708 0.0169491 -0.0346836 -0.0116234 -0.0565850 0.0103391 -0.0648878 0.0065557 -0.0052977 0.0079138 -0.0193711 0.0240320 -0.0083302 -0.0363130 0.0005853 -0.0024276 -0.0002845 -0.0135774 -0.0481412 -0.0141580 0.0064479 0.0018441 -0.0329675 -0.0298938 0.0038555 0.0178668 -0.0025062 0.0105702 -0.0131128 0.0147973 -0.0062694 -0.0545811 -0.0462849 -0.0254588 -0.0017518 0.0099988 -0.0281738 0.0205072 0.0019860 -0.0058850 0.0094354 -0.0094359 -0.0501833 -0.0403205 -0.0244947 -0.0390703 -0.0098536 0.0086579 -0.0102800 0.0128956 0.0008516 0.0013479 0.0014316 0.0337234 -0.0053602 0.0192935 0.0267185 0.0072061 0.0136404 0.0032005
-0.0221556 -0.0138745 -0.0062738 -0.0539396 -0.0264498 -0.0152705 -0.0318522 -0.0051958 -0.0401585 0.0037259 -0.0158070 0.0341815 0.0160947 -0.0205489 -0.0063986 -0.0008669 0.0415328 0.0322815 -0.0237964 0.0192983 1.0435885 0.0221255 0.0111264 -0.0363907 -0.0119424 -0.0592611 -0.0000992 -0.0596118 0.0120656 0.0058444 0.0021768 -0.0235616 0.0236783 -0.0100333 -0.0331512 -0.0019319 -0.0003217 0.0061596 -0.0168745 -0.0487596 -0.0171837 0.0105390 0.0056634 -0.0314521 -0.0285469 0.0076426 0.0194009 -0.0026138 0.0102258 -0.0174339 0.0157619 0.0016007 -0.0574298 -0.0423576 -0.0262905 -0.0038686 0.0095375 -0.0242117 0.0269783 0.0098759 -0.0026554 0.0060491 -0.0020844 -0.0440674 -0.0338128 -0.0248876 -0.0353616 -0.0082379 0.0060782 -0.0172045 -0.0012355 -0.0053423 0.0052257 0.0099193 0.0373291 -0.0027657 0.0133107 0.0268682 0.0121079 0.0139556 0.0127811
-0.0201428 -0.0172105 -0.0038834 -0.0471580 -0.0234251 -0.0105904 -0.0231758 -0.0096207 -0.0355623 -0.0092724 -0.0140030 0.0231976 0.0066173 -0.0149428 -0.0137441 -0.0103861 0.0314674 0.0279712 -0.0193116 0.0137708 0.0221255 1.0316463 0.0149044 -0.0287315 -0.0053946 -0.0560182 -0.0041210 -0.0531875 0.0138389 -0.0069712 -0.0104615 -0.0199972 0.0184390 -0.0069770 -0.0349484 0.0017157 -0.0068603 -0.0023268 -0.0267335 -0.0445652 -0.0157814 0.0099442 -0.0058761 -0.0266286 -0.0306685 0.0089934 0.0174319 -0.0027466 0.0112357 -0.0137694 0.0082990 -0.0100553 -0.0394089 -0.0342115 -0.0220755 -0.0043341 0.0021136 -0.0241211 0.0174236 0.0065235 -0.0096581 0.0087983 -0.0093617 -0.0406737 -0.0390782 -0.0261321 -0.0314478 -0.0100057 0.0065175 -0.0146160 0.0057042 -0.0014108 -0.0020816 0.0101108 0.0312714 -0.0031809 0.0156313 0.0197929 0.0080892 0.0062621 0.0069765
-0.0286686 -0.0104259 -0.0114166 -0.0546953 -0.0192873 -0.0230216 -0.0302852 -0.0108498 -0.0486048 -0.0070204 -0.0197811 0.0398679 0.0052794 -0.0214466 -0.0120797 -0.0086369 0.0407349 0.0307478 -0.0154022 0.0169491 0.0111264 0.0149044 1.0451349 -0.0339469 -0.0099942 -0.0646188 -0.0059945 -0.0680734 0.0086841 -0.0018254 -0.0029579 -0.0350391 0.0233952 -0.0198114 -0.0329773 -0.0030278 -0.0066793 -0.0059249 -0.0323393 -0.0531632 -0.0124108 0.0032008 0.0004987 -0.0338215 -0.0295298 0.0032514 0.0228069 -0.0037124 0.0101231 -0.0151295 0.0125960 -0.0069472 -0.0589671 -0.0418047 -0.0188213 -0.0032958 0.0010378 -0.0276087 0.0279075 0.0107821 -0.0083430 0.0066880 -0.0007329 -0.0520490 -0.0409585 -0.0221515 -0.0428323 -0.0103918 0.0043154 -0.0212004 0.0102669 -0.0065433 0.0011332 0.0025293 0.0370656 0.0001722 0.0097066 0.0216946 0.0145057 0.0174568 0.0169706
-0.0176733 -0.0011313 -0.0266654 0.0243300 -0.0013044 -0.0049913 0.0034248 -0.0148308 0.0135901 -0.0228850 -0.0073838 -0.0514096 -0.0235814 -0.0053384 -0.0161952 -0.0111719 -0.0562235 -0.0489937 -0.0063506 -0.0346836 -0.0363907 -0.0287315 -0.0339469 1.0671346 -0.0113439 0.0374904 -0.0267686 0.0521215 -0.0331998 -0.0194512 -0.0267111 0.0016104 -0.0345115 -0.0021579 0.0180837 -0.0070165 -0.0146894 -0.0133913 0.0037337 0.0270338 0.0013947 -0.0256733 -0.0240500 0.0161237 0.0065421 -0.0189185 -0.0491481 -0.0080149 -0.0270012 -0.0038230 -0.0297281 -0.0057593 0.0468877 0.0297984 0.0125065 -0.0036051 -0.0218269 0.0145272 -0.0429937 -0.0247584 -0.0073289 -0.0307361 -0.0075336 0.0333977 0.0229495 0.0025308 0.0196483 -0.0056430 -0.0250077 -0.0032663 -0.0181075 -0.0075460 -0.0211789 -0.0285378 -0.0441821 -0.0152349 -0.0373827 -0.0358836 -0.0329029 -0.0331411 -0.0267312
-0.0205692 -0.0099327 -0.0210446 -0.0184893 -0.0283616 -0.0164294 -0.0158665 -0.0135471 -0.0149916 -0.0164835 -0.0104771 -0.0082445 -0.0124538 -0.0121223 -0.0132278 -0.0157601 -0.0169066 -0.0013212 -0.0069585 -0.0116234 -0.0119424 -0.0053946 -0.0099942 -0.0113439 1.0421561 -0.0068139 -0.0183509 -0.0064608 -0.0115998 -0.0115319 -0.0229920 -0.0032370 -0.0016046 -0.0122333 -0.0003023 -0.0083914 -0.0090648 -0.0042248 -0.0172019 -0.0114494 -0.0048620 -0.0131694 -0.0095356 -0.0103580 -0.0087473 -0.0150093 -0.0102888 -0.0069032 -0.0025321 -0.0186157 -0.0051998 -0.0037498 -0.0028959 -0.0021656 -0.0077905 -0.0137469 -0.0113251 -0.0004430 -0.0109797 -0.0060968 0.0026250 -0.0133599 -0.0085337 -0.0016914 -0.0082304 -0.0122556 -0.0058174 -0.0061493 -0.0118842 -0.0123383 -0.0025751 -0.0060971 -0.0061955 -0.0011141 -0.0038072 -0.0041014 -0.0082515 -0.0069054 -0.0021952 -0.0031748 -0.0075322
-0.0058338 0.0032272 -0.0290470 0.0771947 0.0102084 0.0042025 0.0304713 -0.0193006 0.0532866 -0.0263486 -0.0154947 -0.0924470 -0.0481602 0.0026525 -0.0180711 -0.0195427 -0.0923534 -0.0817177 0.0117140 -0.0565850 -0.0592611 -0.0560182 -0.0646188 0.0374904 -0.0068139 1.1305259 -0.0462139 0.1087972 -0.0539462 -0.0219526 -0.0428985 0.0211167 -0.0657689 -0.0044864 0.0518638 -0.0155297 -0.0279146 -0.0138778 0.0242236 0.0767554 0.0150061 -0.0358371 -0.0264899 0.0473897 0.0368207 -0.0344070 -0.0657478 -0.0119179 -0.0417342 0.0160162 -0.0477824 -0.0087502 0.1006336 0.0703836 0.0247684 -0.0060162 -0.0375695 0.0285508 -0.0637987 -0.0390789 -0.0055905 -0.0464780 -0.0109612 0.0810778 0.0644879 0.0340835 0.0557159 -0.0013506 -0.0324889 0.0092667 -0.0308058 -0.0076045 -0.0195916 -0.0454153 -0.0819809 -0.0197283 -0.0670794 -0.0664224 -0.0577482 -0.0403885 -0.0489680
-0.0188802 -0.0190061 -0.0153378 -0.0414201 -0.0284034 -0.0182730 -0.0277027 -0.0163840 -0.0238403 -0.0051025 -0.0142977 0.0269080 -0.0011074 -0.0117512 -0.0069624 -0.0127965 0.0278723 0.0168882 -0.0242727 0.0103391 -0.0000992 -0.0041210 -0.0059945 -0.0267686 -0.0183509 -0.0462139 1.0415558 -0.0408440 -0.0000033 -0.0041552 -0.0097774 -0.0237494 0.0149229 -0.0128417 -0.0267846 -0.0119467 -0.0004455 -0.0026645 -0.0170599 -0.0299183 -0.0101367 0.0001739 -0.0036357 -0.0181103 -0.0305852 0.0064649 0.0091375 -0.0124373 -0.0009063 -0.0080345 0.0062852 -0.0092423 -0.0422872 -0.0317564 -0.0105438 -0.0043172 -0.0030456 -0.0188664 0.0115418 -0.0029736 -0.0095649 -0.0111428 -0.0005217 -0.0266238 -0.0290139 -0.0126154 -0.0171147 -0.0122721 -0.0026424 -0.0151277 -0.0045668 -0.0014480 0.0015571 0.0068971 0.0126132 -0.0042520 0.0107164 0.0161605 0.0019326 0.0007341 0.0040127
0.0077908 0.0078429 -0.0249194 0.0938386 0.0248363 0.0066872 0.0370615 -0.0174433 0.0688749 -0.0218860 -0.0078187 -0.0893662 -0.0548097 0.0130945 -0.0178958 -0.0044942 -0.0984590 -0.0842585 0.0173256 -0.0648878 -0.0596118 -0.0531875 -0.0680734 0.0521215 -0.0064608 0.1087972 -0.0408440 1.1377183 -0.0594972 -0.0253052 -0.0450844 0.0327018 -0.0659244 -0.0027791 0.0580426 -0.0207588 -0.0196399 -0.0146556 0.0117081 0.0784372 0.0125081 -0.0353997 -0.0266235 0.0503810 0.0489951 -0.0341188 -0.0620292 -0.0080404 -0.0386075 0.0119977 -0.0410369 -0.0067271 0.1002718 0.0738339 0.0292226 -0.0087977 -0.0320550 0.0396731 -0.0674268 -0.0374145 0.0007304 -0.0439573 -0.0085390 0.0818327 0.0664439 0.0339252 0.0617628 0.0046808 -0.0236139 0.0120356 -0.0279924 -0.0060177 -0.0178682 -0.0352501 -0.0771750 -0.0157686 -0.0570129 -0.0654825 -0.0506775 -0.0398829 -0.0396143
-0.0246733 -0.0151389 -0.0098573 -0.0558297 -0.0237028 -0.0129829 -0.0227751 -0.0025806 -0.0399910 -0.0135743 -0.0105907 0.0332030 0.0046194 -0.0146142 -0.0169321 -0.0078786 0.0506284 0.0382462 -0.0324844 0.0065557 0.0120656 0.0138389 0.0086841 -0.0331998 -0.0115998 -0.0539462 -0.0000033 -0.0594972 1.0422264 -0.0004796 -0.0034672 -0.0248199 0.0226514 -0.0123443 -0.0434495 0.0031909 -0.0057245 -0.0054480 -0.0176527 -0.0523778 -0.0108346 0.0099562 -0.0009627 -0.0406802 -0.0321436 0.0021537 0.0175785 -0.0010393 0.0128979 -0.0150186 0.0161995 -0.0182392 -0.0554178 -0.0474232 -0.0226328 -0.0140057 0.0054318 -0.0330189 0.0278552 0.0075978 -0.0038147 0.0054593 -0.0096476 -0.0412611 -0.0451320 -0.0238189 -0.0398089 -0.0167161 0.0011193 -0.0182061 0.0096409 -0.0032272 -0.0064545 0.0073435 0.0347608 -0.0018801 0.0200319 0.0306666 0.0118840 0.0077026 0.0044061
-0.0146992 -0.0147717 -0.0182696 -0.0260157 -0.0079857 -0.0109747 -0.0243575 -0.0144831 -0.0278272 -0.0130307 -0.0110863 -0.0040200 -0.0027062 -0.0200595 -0.0062849 -0.0071494 0.0061531 0.0079530 -0.0143211 -0.0052977 0.0058444 -0.0069712 -0.0018254 -0.0194512 -0.0115319 -0.0219526 -0.0041552 -0.0253052 -0.0004796 1.0130242 -0.0051311 -0.0309258 -0.0019587 -0.0084746 -0.0209311 -0.0125611 -0.0012837 -0.0025140 -0.0135122 -0.0250069 -0.0114720 0.0034336 -0.0088829 -0.0133849 -0.0105014 -0.0136885 0.0007193 -0.0051385 -0.0021773 -0.0138867 -0.0051631 -0.0140278 -0.0195517 -0.0180907 -0.0105911 -0.0044832 -0.0071431 -0.0099208 -0.0079592 -0.0070668 -0.0092477 -0.0014554 -0.0048039 -0.0199442 -0.0163021 -0.0222450 -0.0121822 -0.0093677 -0.0024045 -0.0095179 -0.0080827 -0.0007819 -0.0131900 -0.0070391 0.0049340 -0.0073624 -0.0050166 0.0044228 -0.0068578 -0.0093648 -0.0108135
-0.0120031 -0.0123293 -0.0085596 -0.0349771 -0.0136551 -0.0075640 -0.0193660 -0.0076884 -0.0283221 -0.0073284 -0.0173518 0.0082229 -0.0111333 -0.0194971 -0.0138879 -0.0126718 0.0182211 0.0161918 -0.0227729 0.0079138 0.0021768 -0.0104615 -0.0029579 -0.0267111 -0.0229920 -0.0428985 -0.0097774 -0.0450844 -0.0034672 -0.0051311 1.0121193 -0.0251174 0.0123786 -0.0129191 -0.0368657 -0.0027483 -0.0057451 -0.0047545 -0.0257086 -0.0363614 -0.0138994 0.0043306 -0.0139384 -0.0221389 -0.0222596 -0.0001400 0.0015542 -0.0127065 0.0029217 -0.0261368 0.0081648 -0.0079547 -0.0401723 -0.0259093 -0.0139512 -0.0064846 0.0049873 -0.0217923 0.0114736 0.0049765 -0.0036169 -0.0053799 -0.0059476 -0.0368740 -0.0247127 -0.0226810 -0.0321810 -0.0127553 0.0074565 -0.0151326 -0.0031721 -0.0115495 -0.0025535 -0.0025393 0.0211009 -0.0085979 0.0119070 0.0131576 0.0006560 0.0057341 -0.0031998
-0.0060715 -0.0113935 -0.0177398 0.0123959 -0.0021785 -0.0015136 0.0052677 -0.0070324 0.0132134 -0.0171467 -0.0124032 -0.0336171 -0.0256846 -0.0015883 -0.0108096 -0.0141431 -0.0371540 -0.0309049 -0.0113476 -0.0193711 -0.0235616 -0.0199972 -0.0350391 0.0016104 -0.0032370 0.0211167 -0.0237494 0.0327018 -0.0248199 -0.0309258 -0.0251174 1.0438434 -0.0253787 -0.0034194 0.0164173 -0.0177786 -0.0095100 -0.0078293 -0.0009990 0.0087659 -0.0049941 -0.0147382 -0.0076742 0.0093977 0.0150103 -0.0215995 -0.0277407 -0.0131291 -0.0165399 -0.0053678 -0.0212565 -0.0030789 0.0273131 0.0232340 -0.0010916 -0.0092706 -0.0169402 0.0036811 -0.0297711 -0.0193447 -0.0102069 -0.0257081 -0.0078000 0.0269818 0.0159363 0.0029757 0.0190583 -0.0063617 -0.0160914 -0.0044683 -0.0142216 -0.0084532 -0.0101273 -0.0205317 -0.0281854 -0.0134150 -0.0229579 -0.0259865 -0.0174107 -0.0232242 -0.0211767
-0.0140283 -0.0140278 0.0008364 -0.0606398 -0.0225805 -0.0176631 -0.0269452 -0.0004805 -0.0457808 0.0024766 -0.0132678 0.0454614 0.0121159 -0.0207979 -0.0098630 -0.0037128 0.0465128 0.0393016 -0.0265243 0.0240320 0.0236783 0.0184390 0.0233952 -0.0345115 -0.0016046 -0.0657689 0.0149229 -0.0659244 0.0226514 -0.0019587 0.0123786 -0.0253787 1.0348476 -0.0140355 -0.0417864 -0.0010490 0.0013602 0.0044916 -0.0193016 -0.0431048 -0.0137112 0.0110452 0.0063391 -0.0293308 -0.0291112 0.0078284 0.0210910 -0.0001069 0.0146286 -0.0145019 0.0182519 -0.0077415 -0.0579204 -0.0443998 -0.0226185 -0.0026779 0.0097775 -0.0230138 0.0258993 0.0097764 -0.0024098 0.0218889 -0.0032537 -0.0450780 -0.0453658 -0.0235754 -0.0381991 -0.0092737 0.0073298 -0.0071656 0.0047706 -0.0012689 0.0043828 0.0153418 0.0361203 0.0039398 0.0262538 0.0253433 0.0209317 0.0136121 0.0185258
-0.0065659 -0.0070308 -0.0176449 -0.0121742 -0.0007834 -0.0103401 -0.0042081 -0.0071063 -0.0006424 -0.0089229 -0.0027560 -0.0112311 -0.0099312 -0.0068462 -0.0165938 -0.0085996 -0.0124348 -0.0126797 -0.0046960 -0.0083302 -0.0100333 -0.0069770 -0.0198114 -0.0021579 -0.0122333 -0.0044864 -0.0128417 -0.0027791 -0.0123443 -0.0084746 -0.0129191 -0.0034194 -0.0140355 1.0210751 -0.0012102 -0.0119037 -0.0015515 -0.0042653 -0.0055343 0.0047913 -0.0071466 -0.0072270 -0.0057010 -0.0019041 -0.0021889 -0.0049782 -0.0087854 -0.0043524 -0.0032135 -0.0034074 -0.0047972 -0.0039028 -0.0027736 0.0012502 -0.0004143 -0.0072207 -0.0013593 0.0010383 -0.0032378 -0.0011742 -0.0032612 -0.0047004 -0.0077575 0.0003522 0.0021077 -0.0047477 -0.0073333 -0.0062135 -0.0100135 -0.0083122 -0.0065862 -0.0083159 -0.0081850 -0.0117831 -0.0136396 -0.0032614 -0.0136425 -0.0100653 -0.0098675 -0.0136313 -0.0066531
0.0006264 -0.0066366 -0.0303417 0.0435935 0.0036393 -0.0052328 0.0067541 -0.0175721 0.0298344 -0.0250037 -0.0019991 -0.0568036 -0.0306941 -0.0039298 -0.0037216 -0.0109242 -0.0556627 -0.0518594 0.0060408 -0.0363130 -0.0331512 -0.0349484 -0.0329773 0.0180837 -0.0003023 0.0518638 -0.0267846 0.0580426 -0.0434495 -0.0209311 -0.0368657 0.0164173 -0.0417864 -0.0012102 1.0395306 -0.0152600 -0.0121421 -0.0145038 0.0147887 0.0342545 0.0020937 -0.0233351 -0.0162752 0.0207715 0.0243332 -0.0164900 -0.0426704 -0.0047073 -0.0251315 0.0040383 -0.0276063 -0.0100201 0.0557015 0.0400896 0.0129165 -0.0093378 -0.0212787 0.0120774 -0.0408644 -0.0239387 -0.0060805 -0.0236739 -0.0024360 0.0438515 0.0389501 0.0150610 0.0275811 -0.0047547 -0.0181988 0.0014537 -0.0223848 -0.0046719 -0.0141483 -0.0261898 -0.0466084 -0.0076930 -0.0338563 -0.0400608 -0.0262063 -0.0362304 -0.0226353
-0.0139408 -0.0098051 -0.0121487 -0.0216906 -0.0090148 -0.0184797 -0.0146038 -0.0113740 -0.0190409 -0.0102797 -0.0158315 0.0032530 -0.0016006 -0.0157536 -0.0012907 -0.0008284 0.0051847 -0.0009495 -0.0109189 0.0005853 -0.0019319 0.0017157 -0.0030278 -0.0070165 -0.0083914 -0.0155297 -0.0119467 -0.0207588 0.0031909 -0.0125611 -0.0027483 -0.0177786 -0.0010490 -0.0119037 -0.0152600 1.0272348 -0.0029216 0.0015553 -0.0069947 -0.0112088 -0.0128022 -0.0022353 -0.0139070 -0.0083110 -0.0099259 -0.0064169 -0.0016444 -0.0076588 -0.0043272 -0.0040633 0.0001429 -0.0138382 -0.0156962 -0.0099775 -0.0002689 -0.0086420 -0.0062667 -0.0052868 0.0000194 0.0057948 -0.0051558 0.0043218 -0.0037928 -0.0088424 -0.0152600 -0.0120939 -0.0086819 -0.0089861 -0.0069959 -0.0064295 -0.0018656 -0.0022372 -0.0045223 -0.0072626 -0.0013344 -0.0024044 -0.0027562 -0.0021339 -0.0076083 0.0015207 -0.0036509
-0.0021005 -0.0068082 0.0002940 -0.0229233 -0.0150952 -0.0135713 -0.0141401 -0.0076233 -0.0154095 -0.0043315 -0.0082949 0.0107653 -0.0001167 -0.0200727 -0.0123473 -0.0047764 0.0081455 0.0019239 -0.0102163 -0.0024276 -0.0003217 -0.0068603 -0.0066793 -0.0146894 -0.0090648 -0.0279146 -0.0004455 -0.0196399 -0.0057245 -0.0012837 -0.0057451 -0.0095100 0.0013602 -0.0015515 -0.0121421 -0.0029216 1.0123549 -0.0023476 -0.0136629 -0.0189669 -0.0060320 0.0022844 0.0027500 -0.0121998 -0.0118919 -0.0030325 -0.0020388 0.0008854 0.0025547 -0.0118592 0.0019502 -0.0118995 -0.0228256 -0.0105021 -0.0015195 -0.0026299 -0.0004842 -0.0175663 -0.0006562 -0.0138897 -0.0048215 -0.0033133 -0.0101094 -0.0158309 -0.0140097 -0.0145165 -0.0071451 -0.0099301 0.0026857 -0.0051930 -0.0033801 -0.0034922 -0.0024364 -0.0023939 0.0068033 0.0004731 0.0021497 0.0027079 -0.0046008 0.0005300 -0.0056646
-0.0045743 -0.0076498 -0.0173083 -0.0247721 -0.0210931 -0.0163869 -0.0133324 -0.0066042 -0.0192174 -0.0106838 -0.0072052 -0.0017751 0.0012407 -0.0120161 -0.0030605 -0.0129969 0.0072269 -0.0000095 -0.0128830 -0.0002845 0.0061596 -0.0023268 -0.0059249 -0.0133913 -0.0042248 -0.0138778 -0.0026645 -0.0146556 -0.0054480 -0.0025140 -0.0047545 -0.0078293 0.0044916 -0.0042653 -0.0145038 0.0015553 -0.0023476 1.0205889 -0.0033560 -0.0100300 -0.0084738 -0.0036480 -0.0025879 -0.0113081 -0.0093190 -0.0002252 0.0037032 -0.0017092 -0.0012452 -0.0108406 -0.0008120 -0.0100435 -0.0214174 -0.0093438 -0.0087067 -0.0136353 -0.0053689 -0.0073519 0.0004884 0.0010428 -0.0041963 -0.0075397 0.0006423 -0.0127619 -0.0135905 -0.0089205 -0.0072691 -0.0081515 -0.0021322 -0.0127583 -0.0070863 -0.0124453 -0.0043612 0.0001719 0.0028110 -0.0092191 0.0035301 0.0016818 0.0017284 -0.0011307 -0.0047181
-0.0047112 -0.0052736 -0.0071961 0.0127928 -0.0035098 -0.0041501 -0.0040094 -0.0169007 0.0069804 -0.0158845 -0.0034169 -0.0267462 -0.0081393 -0.0027274 -0.0105708 -0.0095098 -0.0320247 -0.0255685 -0.0082879 -0.0135774 -0.0168745 -0.0267335 -0.0323393 0.0037337 -0.0172019 0.0242236 -0.0170599 0.0117081 -0.0176527 -0.0135122 -0.0257086 -0.0009990 -0.0193016 -0.0055343 0.0147887 -0.0069947 -0.0136629 -0.0033560 1.0130191 0.0096000 -0.0031258 -0.0112984 -0.0160681 0.0079710 0.0012325 -0.0084041 -0.0203193 -0.0076211 -0.0140103 -0.0050133 -0.0165738 -0.0033898 0.0194320 0.0162790 0.0070698 -0.0064913 -0.0118414 0.0004493 -0.0195201 -0.0171509 -0.0015348 -0.0221436 -0.0096170 0.0216300 0.0080903 0.0003749 0.0079221 -0.0051594 -0.0179802 -0.0078523 -0.0120620 -0.0089171 -0.0073730 -0.0095595 -0.0255694 -0.0073725 -0.0167429 -0.0219961 -0.0143811 -0.0094804 -0.0101279
0.0037082 0.0032142 -0.0267073 0.0532333 0.0063956 0.0009906 0.0148766 -0.0125797 0.0404756 -0.0177734 -0.0081706 -0.0683734 -0.0366991 0.0062105 -0.0073276 -0.0095877 -0.0742572 -0.0679564 0.0063369 -0.0481412 -0.0487596 -0.0445652 -0.0531632 0.0270338 -0.0114494 0.0767554 -0.0299183 0.0784372 -0.0523778 -0.0250069 -0.0363614 0.0087659 -0.0431048 0.0047913 0.0342545 -0.0112088 -0.0189669 -0.0100300 0.0096000 1.0655247 0.0074201 -0.0303498 -0.0184431 0.0308644 0.0304091 -0.0250382 -0.0483173 -0.0102043 -0.0329913 0.0093481 -0.0379120 -0.0048748 0.0686872 0.0493483 0.0240225 -0.0118714 -0.0269139 0.0331108 -0.0463513 -0.0260044 -0.0085425 -0.0411226 -0.0076195 0.0610797 0.0446040 0.0165368 0.0385187 0.0023141 -0.0188232 0.0072765 -0.0228749 -0.0071553 -0.0073525 -0.0287846 -0.0564744 -0.0159804 -0.0450410 -0.0525818 -0.0332428 -0.0315290 -0.0358462
-0.0071752 -0.0095383 -0.0021159 0.0030713 -0.0089760 -0.0008119 0.0079125 -0.0058736 -0.0025831 -0.0078153 -0.0073768 -0.0163295 -0.0115868 -0.0030736 -0.0121449 0.0014002 -0.0219143 -0.0178366 -0.0076793 -0.0141580 -0.0171837 -0.0157814 -0.0124108 0.0013947 -0.0048620 0.0150061 -0.0101367 0.0125081 -0.0108346 -0.0114720 -0.0138994 -0.0049941 -0.0137112 -0.0071466 0.0020937 -0.0128022 -0.0060320 -0.0084738 -0.0031258 0.0074201 1.0091435 -0.0086711 -0.0101209 0.0051418 0.0004680 -0.0091743 -0.0114790 -0.0068261 -0.0150543 -0.0025887 -0.0094113 -0.0084835 0.0071891 0.0085875 0.0021614 -0.0076842 -0.0108575 0.0042683 -0.0113467 -0.0124386 -0.0042984 -0.0083786 -0.0009516 0.0081030 -0.0039576 0.0009256 0.0059570 -0.0062622 -0.0057793 -0.0024321 -0.0118750 -0.0045588 -0.0046957 -0.0164632 -0.0145080 -0.0093648 -0.0107522 -0.0071992 -0.0147014 -0.0130451 -0.0100318
-0.0129112 -0.0127437 -0.0087255 -0.0345352 -0.0209424 -0.0155395 -0.0148689 -0.0065235 -0.0285130 -0.0092617 -0.0083018 0.0257317 0.0039222 -0.0141446 -0.0133761 -0.0014047 0.0201614 0.0218768 -0.0150971 0.0064479 0.0105390 0.0099442 0.0032008 -0.0256733 -0.0131694 -0.0358371 0.0001739 -0.0353997 0.0099562 0.0034336 0.0043306 -0.0147382 0.0110452 -0.0072270 -0.0233351 -0.0022353 0.0022844 -0.0036480 -0.0112984 -0.0303498 -0.0086711 1.0174481 -0.0017728 -0.0197647 -0.0204728 -0.0027374 0.0098902 -0.0076845 0.0117551 -0.0121097 0.0090706 -0.0078206 -0.0337270 -0.0265483 -0.0126950 -0.0034591 0.0038114 -0.0145781 0.0156718 0.0021684 -0.0048542 0.0080058 -0.0066950 -0.0246350 -0.0259605 -0.0172667 -0.0160727 -0.0032602 -0.0000772 -0.0087364 -0.0016158 -0.0070193 -0.0009526 0.0006112 0.0137013 -0.0029137 0.0116174 0.0148702 0.0041455 -0.0024091 -0.0011014
-0.0026977 -0.0169686 -0.0052121 -0.0339124 -0.0116048 -0.0141776 -0.0074985 -0.0164377 -0.0205337 -0.0069938 -0.0104055 0.0105651 0.0030791 -0.0109982 -0.0033153 -0.0021994 0.0155477 0.0032083 -0.0151911 0.0018441 0.0056634 -0.0058761 0.0004987 -0.0240500 -0.0095356 -0.0264899 -0.0036357 -0.0266235 -0.0009627 -0.0088829 -0.0139384 -0.0076742 0.0063391 -0.0057010 -0.0162752 -0.0139070 0.0027500 -0.0025879 -0.0160681 -0.0184431 -0.0101209 -0.0017728 0.9970583 -0.0181165 -0.0127520 -0.0036228 0.0000040 -0.0105476 -0.0048886 -0.0124101 0.0027991 -0.0093792 -0.0184894 -0.0217451 -0.0128101 -0.0031114 -0.0023199 -0.0209269 0.0007874 -0.0040009 -0.0019983 -0.0059580 -0.0130422 -0.0157703 -0.0134337 -0.0159821 -0.0066128 -0.0009627 -0.0035441 -0.0087513 -0.0079322 -0.0031535 -0.0049980 0.0062298 0.0091053 0.0007872 -0.0003269 0.0104209 -0.0001194 -0.0020748 0.0013005
0.0025696 0.0045666 -0.0189315 0.0267616 0.0012633 -0.0024234 0.0127886 -0.0155850 0.0231090 -0.0198703 -0.0067841 -0.0519976 -0.0238040 0.0014309 -0.0066139 -0.0090652 -0.0462293 -0.0412600 0.0049323 -0.0329675 -0.0314521 -0.0266286 -0.0338215 0.0161237 -0.0103580 0.0473897 -0.0181103 0.0503810 -0.0406802 -0.0133849 -0.0221389 0.0093977 -0.0293308 -0.0019041 0.0207715 -0.0083110 -0.0121998 -0.0113081 0.0079710 0.0308644 0.0051418 -0.0197647 -0.0181165 1.0309124 0.0191198 -0.0217124 -0.0279082 -0.0037986 -0.0244384 -0.0034162 -0.0224289 -0.0050135 0.0436688 0.0306516 0.0086910 -0.0153968 -0.0192470 0.0187087 -0.0305320 -0.0201628 -0.0019576 -0.0273723 -0.0106474 0.0360003 0.0310320 0.0084621 0.0238112 -0.0022341 -0.0166235 0.0007704 -0.0152140 -0.0075373 -0.0128456 -0.0176628 -0.0384268 -0.0097792 -0.0307202 -0.0291989 -0.0295280 -0.0240045 -0.0290958
-0.0003201 -0.0123360 -0.0111876 0.0312320 0.0060162 0.0062050 0.0061908 -0.0089000 0.0270190 -0.0201414 0.0005959 -0.0523203 -0.0251415 0.0011320 -0.0131226 -0.0088167 -0.0475826 -0.0456191 0.0045241 -0.0298938 -0.0285469 -0.0306685 -0.0295298 0.0065421 -0.0087473 0.0368207 -0.0305852 0.0489951 -0.0321436 -0.0105014 -0.0222596 0.0150103 -0.0291112 -0.0021889 0.0243332 -0.0099259 -0.0118919 -0.0093190 0.0012325 0.0304091 0.0004680 -0.0204728 -0.0127520 0.0191198 1.0251840 -0.0105207 -0.0282388 -0.0067496 -0.0236418 0.0014273 -0.0247137 -0.0116690 0.0455521 0.0274863 0.0125015 -0.0079311 -0.0162422 0.0147099 -0.0372220 -0.0253238 -0.0030027 -0.0245966 -0.0033190 0.0342504 0.0327234 0.0143120 0.0247736 -0.0074070 -0.0167399 0.0002390 -0.0145640 -0.0086417 -0.0046984 -0.0159783 -0.0350310 -0.0058077 -0.0266001 -0.0305558 -0.0277490 -0.0228513 -0.0167211
