1.0704433 -0.0212098 -0.0336053 0.0009945 -0.0140461 -0.0178173 -0.0219195 0.0069145 0.0062370 -0.0146644 -0.0280621 -0.0203444 0.0102927 -0.0065807 -0.0131496 -0.0252348 0.0037925 0.0095963 -0.0176777 -0.0196102 -0.0150139 -0.0138281 -0.0071596 -0.0330053 -0.0124214 -0.0223094 -0.0158665 -0.0093687 -0.0090008 -0.0213352 0.0023178 -0.0069392 -0.0174744 -0.0034080 -0.0377713 -0.0031318 -0.0032632 0.0081538 -0.0010316 -0.0160969 -0.0222103 0.0098669 0.0007740 -0.0144718 0.0120466 0.0126273 -0.0121006 -0.0128691 -0.0134061 -0.0251229 -0.0243652 -0.0193603 -0.0080404 -0.0069337 -0.0228505 -0.0100984 -0.0306295 -0.0148770 -0.0161708 -0.0212870 -0.0183474 -0.0005357 -0.0193650 0.0128104 0.0177591 -0.0197420 -0.0214655 -0.0143391 0.0126617 -0.0195289 0.0080152 -0.0223624 -0.0022430 0.0036587 -0.0057867 -0.0063242 0.0102271 -0.0332720 -0.0005240 -0.0034825 0.0053824
-0.0212098 1.0039095 -0.0261255 0.0158836 0.0039533 -0.0158107 -0.0141892 0.0336062 0.0091164 -0.0078629 -0.0071755 -0.0185612 0.0258301 0.0045353 -0.0075175 -0.0401736 0.0177260 0.0335520 -0.0436718 -0.0209041 0.0057762 0.0151034 0.0159828 0.0014802 0.0068371 -0.0046335 0.0190531 -0.0015097 -0.0043389 -0.0034085 -0.0145366 0.0142295 -0.0235372 -0.0087573 -0.0234237 -0.0114025 0.0122736 0.0218755 0.0223728 -0.0053977 -0.0116369 0.0238877 -0.0107982 -0.0209178 0.0228205 0.0065342 -0.0124988 -0.0295204 -0.0234070 -0.0275089 -0.0315047 -0.0153996 -0.0122085 -0.0091586 -0.0327226 -0.0161893 -0.0390875 -0.0255672 -0.0258904 -0.0157470 -0.0197577 0.0092388 -0.0206502 0.0174933 0.0217911 -0.0222640 -0.0358457 -0.0182538 0.0265961 -0.0249467 0.0212644 -0.0287972 0.0148057 0.0125550 -0.0084857 -0.0159373 0.0255663 -0.0380685 -0.0095881 -0.0171084 0.0032551
-0.0336053 -0.0261255 1.1192362 -0.0485282 -0.0117360 -0.0006658 0.0024991 -0.0508413 -0.0413012 -0.0151764 -0.0053196 0.0008482 -0.0624643 -0.0294810 -0.0257918 0.0328877 -0.0388043 -0.0570692 0.0043918 0.0138240 -0.0105722 -0.0409845 -0.0338370 -0.0263125 -0.0200317 -0.0316796 -0.0351718 -0.0038720 -0.0252759 -0.0219533 -0.0133744 -0.0471378 0.0305834 -0.0185361 -0.0150341 -0.0414775 -0.0420798 -0.0354413 -0.0374251 0.0085183 0.0107626 -0.0552946 -0.0003181 0.0257754 -0.0537661 -0.0358373 -0.0181392 0.0181001 0.0043304 0.0097349 0.0228374 0.0017879 0.0038741 0.0051558 0.0362886 0.0103352 0.0215046 0.0076307 0.0007695 0.0049551 0.0119487 -0.0493806 0.0153417 -0.0452119 -0.0404013 0.0175097 0.0288468 -0.0033402 -0.0435642 0.0230810 -0.0466011 0.0257155 -0.0406623 -0.0212366 0.0162035 0.0034014 -0.0642355 0.0458391 -0.0028668 -0.0027433 -0.0278839
0.0009945 0.0158836 -0.0485282 0.9447419 -0.0062971 -0.0131393 -0.0260745 0.0553665 0.0633875 -0.0108955 0.0056736 -0.0189875 0.0669155 0.0320553 0.0053716 -0.0644672 0.0522602 0.0717347 -0.0704392 -0.0694959 0.0039879 0.0419627 0.0389574 0.0044953 0.0071595 -0.0073904 0.0322178 0.0001768 -0.0051186 -0.0183686 -0.0210079 0.0567245 -0.0674290 -0.0099551 -0.0111245 -0.0137714 0.0247900 0.0336012 0.0458574 -0.0312992 -0.0416973 0.0626156 -0.0077505 -0.0526385 0.0623680 0.0318651 -0.0077260 -0.0560772 -0.0196409 -0.0507723 -0.0406964 -0.0341575 -0.0083109 -0.0319830 -0.0662385 -0.0419428 -0.0741909 -0.0431908 -0.0393675 -0.0427938 -0.0215060 0.0442849 -0.0239376 0.0493316 0.0609850 -0.0429709 -0.0743042 -0.0311963 0.0588958 -0.0400079 0.0649961 -0.0622915 0.0422037 0.0189255 -0.0186595 -0.0233771 0.0671255 -0.0738675 -0.0121954 -0.0179009 0.0271983
-0.0140461 0.0039533 -0.0117360 -0.0062971 0.9966440 0.0070235 -0.0004751 -0.0224621 -0.0151589 -0.0248282 -0.0003402 -0.0159070 -0.0087006 -0.0106382 -0.0148852 0.0182228 -0.0083999 -0.0121380 0.0004769 -0.0004744 -0.0050401 -0.0085475 -0.0093710 -0.0278231 0.0050784 -0.0009323 -0.0022216 -0.0017971 -0.0266282 -0.0239424 -0.0051613 -0.0124693 -0.0131804 -0.0108739 -0.0031139 -0.0299929 -0.0120298 -0.0060642 -0.0091074 -0.0067330 -0.0089452 -0.0149288 -0.0114608 0.0128220 -0.0207366 -0.0236465 -0.0135200 -0.0100076 0.0046653 -0.0067917 -0.0031679 -0.0033676 -0.0112320 0.0010079 0.0089291 0.0065522 -0.0062122 -0.0089417 0.0052674 -0.0109069 0.0014558 -0.0151836 -0.0100278 -0.0116008 -0.0105117 -0.0049139 -0.0032639 -0.0103894 -0.0171293 -0.0002026 -0.0248097 -0.0002289 -0.0057349 -0.0114931 -0.0031759 -0.0006176 -0.0144073 0.0035190 -0.0113628 0.0011969 -0.0192594
-0.0178173 -0.0158107 -0.0006658 -0.0131393 0.0070235 1.0000468 -0.0032914 -0.0108429 -0.0166447 -0.0296292 -0.0070946 -0.0044738 -0.0149475 -0.0165510 -0.0252159 -0.0010490 -0.0001127 -0.0100354 -0.0115947 0.0044101 -0.0094336 -0.0182310 -0.0098259 -0.0166503 -0.0070869 0.0078973 -0.0077186 0.0015045 -0.0216576 -0.0224056 -0.0145676 -0.0088399 -0.0006635 -0.0064582 -0.0192274 -0.0066434 0.0003796 -0.0024327 -0.0029756 -0.0054872 -0.0105314 -0.0147673 -0.0092947 -0.0064725 -0.0075439 -0.0209374 -0.0104739 -0.0054472 0.0088558 -0.0030774 -0.0063942 -0.0037604 -0.0036957 -0.0040687 0.0051392 -0.0077282 0.0003926 0.0019106 0.0013318 -0.0034364 -0.0016605 -0.0053968 0.0045467 -0.0074098 -0.0061185 -0.0064548 0.0042418 0.0028972 -0.0116359 -0.0058515 -0.0141257 -0.0004407 -0.0037890 -0.0019183 0.0011669 -0.0031053 -0.0149889 0.0044106 0.0026825 0.0010822 -0.0201276
-0.0219195 -0.0141892 0.0024991 -0.0260745 -0.0004751 -0.0032914 1.0191305 -0.0426769 -0.0254028 -0.0305062 -0.0246819 -0.0008725 -0.0341707 -0.0201199 -0.0277439 0.0066824 -0.0269915 -0.0452309 0.0033760 0.0119748 -0.0055735 -0.0314665 -0.0271254 -0.0279907 -0.0045585 -0.0135854 -0.0149285 -0.0062480 -0.0217807 -0.0117018 -0.0335233 -0.0382704 0.0152998 -0.0009521 -0.0040926 -0.0034999 -0.0218910 -0.0117125 -0.0251391 -0.0007326 0.0017404 -0.0357047 -0.0068863 0.0083342 -0.0339803 -0.0378592 -0.0063903 0.0055955 0.0028985 0.0149957 0.0189848 -0.0038082 -0.0009300 0.0027445 0.0124972 0.0024838 0.0215382 0.0145759 0.0092791 0.0029520 0.0005588 -0.0222066 0.0020303 -0.0300192 -0.0314764 -0.0009565 0.0180937 0.0131746 -0.0322760 0.0020756 -0.0280727 0.0153565 -0.0177359 -0.0205285 0.0102569 0.0026161 -0.0376208 0.0235463 -0.0041916 0.0005630 -0.0328527
0.0069145 0.0336062 -0.0508413 0.0553665 -0.0224621 -0.0108429 -0.0426769 1.0309420 0.0722780 -0.0224209 -0.0184118 -0.0236465 0.0819440 0.0414946 0.0222815 -0.0970918 0.0537549 0.0874352 -0.0871495 -0.0704545 0.0061438 0.0580299 0.0601274 0.0092766 0.0007975 -0.0041608 0.0241779 0.0035449 0.0183629 -0.0018818 -0.0109415 0.0729157 -0.0882834 -0.0264027 0.0053926 -0.0159637 0.0429561 0.0516360 0.0687649 -0.0200379 -0.0564782 0.0937125 -0.0088197 -0.0645552 0.0827548 0.0430127 0.0008143 -0.0670251 -0.0285894 -0.0631235 -0.0673156 -0.0352743 -0.0115153 -0.0351842 -0.0799505 -0.0534912 -0.0829377 -0.0659743 -0.0454259 -0.0469857 -0.0388019 0.0524233 -0.0412364 0.0585118 0.0688958 -0.0479095 -0.0844818 -0.0299775 0.0779718 -0.0514791 0.0886584 -0.0650330 0.0499115 0.0280406 -0.0327067 -0.0326192 0.0909797 -0.0905043 -0.0056717 -0.0137083 0.0560707
0.0062370 0.0091164 -0.0413012 0.0633875 -0.0151589 -0.0166447 -0.0254028 0.0722780 1.0120813 -0.0156793 -0.0068334 -0.0224992 0.0542661 0.0464759 0.0000173 -0.0793314 0.0434325 0.0750506 -0.0618970 -0.0662813 0.0049787 0.0450691 0.0471666 0.0072075 0.0051067 -0.0117636 0.0229266 0.0047235 0.0092390 -0.0029516 -0.0219736 0.0582702 -0.0699832 -0.0165174 -0.0084072 -0.0048586 0.0335233 0.0345220 0.0436302 -0.0270298 -0.0460598 0.0755432 -0.0067860 -0.0618979 0.0592796 0.0338399 -0.0018443 -0.0535549 -0.0275553 -0.0621744 -0.0561382 -0.0346853 -0.0070647 -0.0257098 -0.0566988 -0.0424310 -0.0710617 -0.0382489 -0.0473665 -0.0358397 -0.0376929 0.0358955 -0.0317470 0.0539639 0.0581741 -0.0400543 -0.0657234 -0.0223324 0.0591593 -0.0464168 0.0774247 -0.0558956 0.0377702 0.0191369 -0.0269148 -0.0261583 0.0760394 -0.0805662 -0.0098528 -0.0157652 0.0300045
-0.0146644 -0.0078629 -0.0151764 -0.0108955 -0.0248282 -0.0296292 -0.0305062 -0.0224209 -0.0156793 1.0244147 0.0115535 -0.0100653 0.0017793 -0.0072144 -0.0212681 -0.0161287 -0.0153047 -0.0118125 -0.0312492 -0.0206088 -0.0138045 -0.0080043 -0.0283827 -0.0109260 -0.0120895 -0.0143245 -0.0290250 -0.0075937 -0.0137518 -0.0233341 -0.0263797 -0.0156712 0.0008891 -0.0119694 0.0105703 -0.0152030 -0.0142721 -0.0182425 -0.0107905 -0.0019193 -0.0085541 0.0012475 -0.0129299 0.0012331 -0.0179646 -0.0152561 -0.0124173 0.0005047 -0.0119182 -0.0026721 0.0095781 -0.0049852 0.0010841 -0.0098219 -0.0079964 -0.0119477 0.0010015 0.0005119 -0.0140782 -0.0027959 -0.0085982 -0.0097092 -0.0147775 -0.0094490 -0.0108091 -0.0064629 -0.0076944 -0.0095035 -0.0119389 -0.0017176 -0.0039026 -0.0061954 0.0044381 -0.0174073 -0.0021682 0.0069797 -0.0059473 -0.0068935 -0.0045854 -0.0067773 -0.0137113
-0.0280621 -0.0071755 -0.0053196 0.0056736 -0.0003402 -0.0070946 -0.0246819 -0.0184118 -0.0068334 0.0115535 0.9770710 0.0037193 0.0024298 -0.0145561 -0.0201060 -0.0040770 -0.0066424 -0.0017887 -0.0119977 -0.0243186 -0.0156788 -0.0000333 -0.0054826 -0.0212238 -0.0096282 -0.0169483 -0.0008609 -0.0016484 -0.0124879 -0.0193048 -0.0055258 0.0049575 -0.0017353 -0.0152226 -0.0126347 -0.0162129 -0.0054255 -0.0083899 -0.0077179 0.0003882 -0.0095939 -0.0027631 -0.0084329 -0.0094456 -0.0103126 -0.0072483 -0.0076533 -0.0001442 -0.0054388 -0.0083532 0.0077137 -0.0015360 -0.0074496 -0.0087114 -0.0068226 0.0000537 -0.0073197 0.0056678 -0.0099794 -0.0065948 -0.0137370 -0.0040521 -0.0018147 0.0003769 -0.0129139 -0.0047976 -0.0143150 -0.0055762 -0.0140051 -0.0037901 -0.0126213 -0.0040325 -0.0059537 0.0048466 -0.0002730 -0.0011590 -0.0058645 0.0014802 -0.0007276 -0.0006634 -0.0141773
-0.0203444 -0.0185612 0.0008482 -0.0189875 -0.0159070 -0.0044738 -0.0008725 -0.0236465 -0.0224992 -0.0100653 0.0037193 1.0464027 -0.0308518 -0.0114495 -0.0044167 0.0051362 -0.0206411 -0.0162602 0.0046915 -0.0033168 -0.0106677 -0.0126933 -0.0207002 -0.0288176 -0.0072728 0.0111612 -0.0277596 -0.0029726 -0.0118236 -0.0200846 -0.0227677 -0.0200452 0.0060268 -0.0094522 -0.0038342 -0.0038388 -0.0039554 -0.0197678 -0.0145410 -0.0016018 -0.0007426 -0.0281117 -0.0058746 -0.0014454 -0.0302512 -0.0330174 -0.0067107 -0.0034178 0.0006042 -0.0013140 0.0065904 -0.0080853 -0.0007274 -0.0085533 0.0063396 0.0027955 0.0140030 0.0080096 0.0016206 -0.0049384 0.0130754 -0.0154852 0.0014057 -0.0119558 -0.0196804 0.0005922 0.0134418 -0.0058492 -0.0195923 0.0058769 -0.0220481 0.0121367 -0.0047291 -0.0042762 -0.0018287 0.0015741 -0.0247350 0.0135174 -0.0026843 0.0000331 -0.0172910
0.0102927 0.0258301 -0.0624643 0.0669155 -0.0087006 -0.0149475 -0.0341707 0.0819440 0.0542661 0.0017793 0.0024298 -0.0308518 1.0044825 0.0479239 0.0197556 -0.0920691 0.0470705 0.0772855 -0.0650826 -0.0690299 0.0025329 0.0565143 0.0408237 0.0184371 0.0033520 -0.0100758 0.0209855 -0.0050497 0.0184182 -0.0036302 -0.0132887 0.0610808 -0.0747255 -0.0172717 -0.0043891 -0.0043563 0.0326049 0.0399543 0.0531001 -0.0228491 -0.0395918 0.0764682 -0.0090213 -0.0563403 0.0751745 0.0338598 0.0050499 -0.0579624 -0.0288712 -0.0625313 -0.0641053 -0.0338123 -0.0078269 -0.0291835 -0.0693624 -0.0482764 -0.0801570 -0.0442267 -0.0559996 -0.0463310 -0.0352752 0.0453851 -0.0387423 0.0566217 0.0619094 -0.0339860 -0.0756771 -0.0259293 0.0691796 -0.0469677 0.0717524 -0.0569183 0.0407506 0.0247561 -0.0259825 -0.0328513 0.0691576 -0.0836736 -0.0083498 -0.0206121 0.0416316
-0.0065807 0.0045353 -0.0294810 0.0320553 -0.0106382 -0.0165510 -0.0201199 0.0414946 0.0464759 -0.0072144 -0.0145561 -0.0114495 0.0479239 0.9715539 0.0042998 -0.0689844 0.0363136 0.0494650 -0.0391607 -0.0521692 -0.0018938 0.0380924 0.0343925 0.0015888 -0.0006124 -0.0110657 0.0254168 0.0003256 0.0080913 -0.0083324 -0.0212356 0.0352619 -0.0403757 -0.0148781 -0.0218196 -0.0136370 0.0277425 0.0333179 0.0310643 -0.0293969 -0.0442543 0.0419798 -0.0008103 -0.0458921 0.0532684 0.0262617 0.0059604 -0.0399018 -0.0151812 -0.0398751 -0.0421298 -0.0251558 -0.0129028 -0.0207012 -0.0476808 -0.0272788 -0.0562039 -0.0315786 -0.0360178 -0.0336175 -0.0263489 0.0366920 -0.0254296 0.0381271 0.0328146 -0.0248174 -0.0551196 -0.0205422 0.0487915 -0.0402228 0.0608232 -0.0392330 0.0278988 0.0213695 -0.0226864 -0.0188158 0.0534028 -0.0646545 -0.0091351 -0.0151470 0.0177400
-0.0131496 -0.0075175 -0.0257918 0.0053716 -0.0148852 -0.0252159 -0.0277439 0.0222815 0.0000173 -0.0212681 -0.0201060 -0.0044167 0.0197556 0.0042998 1.0358330 -0.0483377 0.0220307 0.0157296 -0.0238646 -0.0358354 0.0109850 0.0091013 -0.0148260 -0.0032636 -0.0104825 -0.0182406 0.0016763 -0.0021750 0.0023481 -0.0181731 -0.0390622 0.0055512 -0.0278554 -0.0194188 0.0011564 -0.0183232 0.0049696 0.0128659 0.0149822 -0.0289125 -0.0136124 0.0157651 -0.0093320 -0.0331205 0.0287052 0.0024014 0.0095132 -0.0114461 -0.0215762 -0.0195796 -0.0242557 -0.0133969 -0.0087735 -0.0249427 -0.0396887 -0.0130815 -0.0372071 -0.0192592 -0.0292652 -0.0162696 -0.0194471 -0.0045942 -0.0172213 0.0139118 0.0147507 0.0000633 -0.0142420 -0.0090681 0.0096748 -0.0225169 0.0193314 -0.0203373 0.0041114 -0.0009285 -0.0163349 -0.0101046 0.0091259 -0.0270329 -0.0168859 -0.0125000 0.0124493
-0.0252348 -0.0401736 0.0328877 -0.0644672 0.0182228 -0.0010490 0.0066824 -0.0970918 -0.0793314 -0.0161287 -0.0040770 0.0051362 -0.0920691 -0.0689844 -0.0483377 1.1701466 -0.0617145 -0.0920781 0.0440967 0.0454468 -0.0261707 -0.0659701 -0.0544720 -0.0378923 -0.0248631 -0.0033560 -0.0375362 -0.0020310 -0.0429326 -0.0372030 -0.0195970 -0.0569386 0.0602526 -0.0052838 -0.0333631 -0.0090320 -0.0487154 -0.0539035 -0.0876812 0.0070191 0.0233904 -0.0961603 -0.0009700 0.0460336 -0.0918732 -0.0481738 -0.0051320 0.0513676 0.0107009 0.0560869 0.0456747 0.0125042 0.0114186 0.0196869 0.0786023 0.0381930 0.0701013 0.0343022 0.0380914 0.0147308 0.0264560 -0.0670540 0.0283330 -0.0709915 -0.0820247 0.0165167 0.0585872 0.0127506 -0.0833650 0.0273761 -0.0893575 0.0551169 -0.0618353 -0.0331245 0.0155390 0.0228580 -0.0869154 0.0964081 -0.0062719 0.0088735 -0.0547253
0.0037925 0.0177260 -0.0388043 0.0522602 -0.0083999 -0.0001127 -0.0269915 0.0537549 0.0434325 -0.0153047 -0.0066424 -0.0206411 0.0470705 0.0363136 0.0220307 -0.0617145 0.9766971 0.0425003 -0.0509569 -0.0479802 0.0143825 0.0306792 0.0287665 0.0013132 -0.0030788 0.0057926 0.0192123 -0.0009231 0.0182553 -0.0050155 -0.0039453 0.0431769 -0.0478023 -0.0107408 -0.0051409 -0.0039681 0.0286479 0.0263027 0.0382666 -0.0197675 -0.0336285 0.0480665 -0.0041499 -0.0370369 0.0525203 0.0268277 -0.0029012 -0.0334702 -0.0134907 -0.0346771 -0.0420935 -0.0248186 -0.0031237 -0.0203850 -0.0495064 -0.0259296 -0.0535143 -0.0352368 -0.0293507 -0.0271801 -0.0197129 0.0283423 -0.0188104 0.0372766 0.0369914 -0.0233447 -0.0528776 -0.0184038 0.0425093 -0.0325858 0.0490703 -0.0461102 0.0282152 0.0096169 -0.0158727 -0.0212864 0.0523817 -0.0586717 -0.0058508 -0.0058554 0.0306003
0.0095963 0.0335520 -0.0570692 0.0717347 -0.0121380 -0.0100354 -0.0452309 0.0874352 0.0750506 -0.0118125 -0.0017887 -0.0162602 0.0772855 0.0494650 0.0157296 -0.0920781 0.0425003 1.0036776 -0.0814867 -0.0586079 0.0087539 0.0515242 0.0560976 0.0215282 0.0018593 -0.0041876 0.0259186 -0.0006276 0.0253086 -0.0035788 -0.0022768 0.0639345 -0.0656985 -0.0158002 -0.0021673 0.0058091 0.0410628 0.0412705 0.0568181 -0.0236621 -0.0480917 0.0843012 -0.0036351 -0.0579172 0.0772985 0.0455658 0.0012852 -0.0515372 -0.0244560 -0.0603002 -0.0623593 -0.0324824 -0.0106655 -0.0271955 -0.0751405 -0.0437815 -0.0702899 -0.0422656 -0.0451609 -0.0350702 -0.0422321 0.0435866 -0.0362051 0.0570715 0.0614427 -0.0416427 -0.0861682 -0.0315598 0.0639184 -0.0457943 0.0752756 -0.0606579 0.0456124 0.0205678 -0.0256406 -0.0272226 0.0746945 -0.0823187 -0.0087197 -0.0116561 0.0401187
-0.0176777 -0.0436718 0.0043918 -0.0704392 0.0004769 -0.0115947 0.0033760 -0.0871495 -0.0618970 -0.0312492 -0.0119977 0.0046915 -0.0650826 -0.0391607 -0.0238646 0.0440967 -0.0509569 -0.0814867 1.1116509 0.0367660 -0.0292339 -0.0547595 -0.0423167 -0.0437202 -0.0066969 -0.0240004 -0.0427204 -0.0106185 -0.0321373 -0.0303400 -0.0033738 -0.0641133 0.0399747 -0.0041925 -0.0136014 -0.0072159 -0.0469197 -0.0454813 -0.0527010 -0.0004956 0.0248173 -0.0711287 0.0026314 0.0200399 -0.0778648 -0.0515519 -0.0123590 0.0323118 0.0157785 0.0265417 0.0515517 0.0281429 0.0013886 0.0102931 0.0632533 0.0295964 0.0524674 0.0254916 0.0262458 0.0158999 0.0178022 -0.0413955 0.0122699 -0.0571280 -0.0803024 0.0186314 0.0610980 0.0053732 -0.0646001 0.0251211 -0.0799726 0.0466668 -0.0409071 -0.0360818 0.0110726 0.0172294 -0.0708338 0.0702451 -0.0008700 0.0156247 -0.0564308
-0.0196102 -0.0209041 0.0138240 -0.0694959 -0.0004744 0.0044101 0.0119748 -0.0704545 -0.0662813 -0.0206088 -0.0243186 -0.0033168 -0.0690299 -0.0521692 -0.0358354 0.0454468 -0.0479802 -0.0586079 0.0367660 1.1410908 -0.0170671 -0.0510694 -0.0563620 -0.0295773 -0.0064883 -0.0016068 -0.0317950 -0.0108541 -0.0352926 -0.0150645 -0.0012142 -0.0467617 0.0465665 -0.0101227 -0.0132109 -0.0241251 -0.0400038 -0.0466165 -0.0603840 0.0084885 0.0178355 -0.0783383 -0.0086388 0.0428111 -0.0676898 -0.0535370 -0.0195538 0.0380586 0.0067477 0.0444933 0.0394532 0.0087453 0.0009860 0.0130800 0.0461335 0.0377226 0.0585909 0.0198462 0.0279447 0.0135033 0.0162342 -0.0459364 0.0192349 -0.0579797 -0.0594268 0.0206329 0.0539476 -0.0012511 -0.0586263 0.0227734 -0.0777002 0.0473092 -0.0463051 -0.0186285 0.0203735 0.0101671 -0.0662282 0.0614506 -0.0016148 0.0130164 -0.0475714
-0.0150139 0.0057762 -0.0105722 0.0039879 -0.0050401 -0.0094336 -0.0055735 0.0061438 0.0049787 -0.0138045 -0.0156788 -0.0106677 0.0025329 -0.0018938 0.0109850 -0.0261707 0.0143825 0.0087539 -0.0292339 -0.0170671 1.0357351 -0.0007076 -0.0004074 -0.0190714 -0.0166004 -0.0147697 -0.0056217 -0.0005095 -0.0013755 -0.0036025 -0.0057832 -0.0071163 -0.0157906 -0.0161440 -0.0054253 -0.0082560 -0.0009348 0.0043065 -0.0068559 -0.0175008 -0.0080960 0.0111728 -0.0087308 -0.0224795 0.0107903 -0.0065706 -0.0107014 -0.0171026 -0.0122818 -0.0075855 -0.0158005 -0.0097142 -0.0047069 -0.0130531 -0.0182798 -0.0044608 -0.0153474 -0.0091521 -0.0075025 -0.0127626 -0.0148679 -0.0060684 -0.0038221 0.0053158 -0.0002586 -0.0147731 -0.0125069 -0.0070010 0.0068580 -0.0220854 0.0027906 -0.0179838 -0.0012172 -0.0009342 -0.0125979 -0.0074132 0.0094807 -0.0235679 -0.0024801 -0.0010755 -0.0007479
-0.0138281 0.0151034 -0.0409845 0.0419627 -0.0085475 -0.0182310 -0.0314665 0.0580299 0.0450691 -0.0080043 -0.0000333 -0.0126933 0.0565143 0.0380924 0.0091013 -0.0659701 0.0306792 0.0515242 -0.0547595 -0.0510694 -0.0007076 0.9637917 0.0348939 -0.0047243 0.0040005 -0.0002558 0.0150250 -0.0048829 0.0008328 -0.0056763 -0.0160226 0.0499792 -0.0565812 -0.0155381 -0.0107261 -0.0095273 0.0234364 0.0256612 0.0378839 -0.0301782 -0.0503095 0.0531427 -0.0089066 -0.0485022 0.0464416 0.0452749 -0.0006780 -0.0440067 -0.0066862 -0.0333769 -0.0431383 -0.0362687 -0.0094817 -0.0236838 -0.0488750 -0.0309172 -0.0518961 -0.0458386 -0.0340945 -0.0241671 -0.0255940 0.0279492 -0.0281834 0.0370130 0.0382044 -0.0283142 -0.0574116 -0.0165221 0.0551631 -0.0368675 0.0514713 -0.0354941 0.0347096 0.0132536 -0.0212797 -0.0228160 0.0595422 -0.0526425 -0.0012670 -0.0160286 0.0306525
-0.0071596 0.0159828 -0.0338370 0.0389574 -0.0093710 -0.0098259 -0.0271254 0.0601274 0.0471666 -0.0283827 -0.0054826 -0.0207002 0.0408237 0.0343925 -0.0148260 -0.0544720 0.0287665 0.0560976 -0.0423167 -0.0563620 -0.0004074 0.0348939 0.9704553 0.0042297 -0.0049603 -0.0206993 0.0144499 -0.0091777 0.0086477 -0.0078120 -0.0267068 0.0522646 -0.0392701 -0.0125380 0.0059771 -0.0088155 0.0206105 0.0290424 0.0417898 -0.0227569 -0.0425130 0.0456640 -0.0085264 -0.0517883 0.0652021 0.0295085 -0.0002370 -0.0354994 -0.0215305 -0.0337078 -0.0479049 -0.0331090 -0.0075834 -0.0258536 -0.0542714 -0.0333408 -0.0591195 -0.0426507 -0.0368589 -0.0263792 -0.0272506 0.0235658 -0.0256730 0.0272646 0.0392439 -0.0297782 -0.0620987 -0.0240100 0.0374054 -0.0378195 0.0600318 -0.0422297 0.0261998 0.0169368 -0.0203402 -0.0224779 0.0541401 -0.0594902 -0.0105083 -0.0111473 0.0164957
-0.0330053 0.0014802 -0.0263125 0.0044953 -0.0278231 -0.0166503 -0.0279907 0.0092766 0.0072075 -0.0109260 -0.0212238 -0.0288176 0.0184371 0.0015888 -0.0032636 -0.0378923 0.0013132 0.0215282 -0.0437202 -0.0295773 -0.0190714 -0.0047243 0.0042297 1.0402249 -0.0194589 -0.0026540 -0.0026786 -0.0096964 -0.0173243 -0.0145792 -0.0106795 0.0082670 -0.0279721 -0.0181858 -0.0100493 -0.0036588 0.0077477 0.0169395 0.0207575 -0.0164598 -0.0202381 0.0226171 -0.0053504 -0.0101822 0.0271371 -0.0102749 -0.0144558 -0.0145191 -0.0219540 -0.0231349 -0.0230093 -0.0149330 -0.0043337 -0.0164795 -0.0282746 -0.0231539 -0.0231401 -0.0333310 -0.0326963 -0.0043372 -0.0228236 0.0015502 -0.0110024 0.0059307 0.0029042 -0.0182031 -0.0131601 -0.0388036 0.0179362 -0.0121938 0.0166071 -0.0388544 0.0026765 0.0050914 -0.0071557 -0.0300580 0.0132893 -0.0160680 -0.0065830 -0.0084855 -0.0030752
-0.0124214 0.0068371 -0.0200317 0.0071595 0.0050784 -0.0070869 -0.0045585 0.0007975 0.0051067 -0.0120895 -0.0096282 -0.0072728 0.0033520 -0.0006124 -0.0104825 -0.0248631 -0.0030788 0.0018593 -0.0066969 -0.0064883 -0.0166004 0.0040005 -0.0049603 -0.0194589 0.9310877 0.0011281 -0.0030384 -0.0024613 -0.0105049 -0.0047967 -0.0095430 0.0032987 -0.0152875 -0.0131025 -0.0067876 -0.0061653 -0.0043172 0.0045770 0.0005191 -0.0084645 -0.0186735 0.0040457 -0.0102730 -0.0108667 0.0052534 -0.0139598 -0.0018221 -0.0182500 -0.0081038 -0.0122761 -0.0035746 -0.0084071 -0.0022092 -0.0054583 -0.0063625 -0.0050969 -0.0094194 -0.0073424 -0.0095176 -0.0045519 -0.0026329 0.0066930 -0.0089333 -0.0022722 -0.0058482 -0.0102014 -0.0101000 -0.0132796 0.0021671 0.0031648 -0.0033737 -0.0058398 0.0011426 -0.0042931 -0.0012575 -0.0058942 -0.0031110 -0.0111942 -0.0122234 -0.0080655 -0.0119444
-0.0223094 -0.0046335 -0.0316796 -0.0073904 -0.0009323 0.0078973 -0.0135854 -0.0041608 -0.0117636 -0.0143245 -0.0169483 0.0111612 -0.0100758 -0.0110657 -0.0182406 -0.0033560 0.0057926 -0.0041876 -0.0240004 -0.0016068 -0.0147697 -0.0002558 -0.0206993 -0.0026540 0.0011281 1.0283204 -0.0093020 0.0007620 -0.0140269 -0.0182762 -0.0274334 -0.0011388 -0.0100643 -0.0139612 -0.0027789 -0.0206566 -0.0094054 -0.0131755 -0.0181183 -0.0111220 -0.0048409 -0.0003269 -0.0161713 -0.0115223 -0.0050914 -0.0223058 -0.0144817 -0.0032934 0.0030741 -0.0105732 -0.0004292 -0.0060442 -0.0040572 -0.0125545 -0.0038765 -0.0163765 -0.0184857 -0.0162430 0.0023207 -0.0050368 -0.0033174 -0.0108338 -0.0063376 -0.0041818 -0.0117594 -0.0096835 -0.0079384 -0.0086215 -0.0068667 -0.0087176 0.0029433 -0.0072010 -0.0060783 -0.0114614 -0.0060228 -0.0148766 -0.0075097 -0.0132784 -0.0057466 -0.0145648 -0.0002251
-0.0158665 0.0190531 -0.0351718 0.0322178 -0.0022216 -0.0077186 -0.0149285 0.0241779 0.0229266 -0.0290250 -0.0008609 -0.0277596 0.0209855 0.0254168 0.0016763 -0.0375362 0.0192123 0.0259186 -0.0427204 -0.0317950 -0.0056217 0.0150250 0.0144499 -0.0026786 -0.0030384 -0.0093020 0.9609032 0.0030986 0.0030639 -0.0246023 -0.0099657 0.0184493 -0.0397720 -0.0163075 -0.0128306 -0.0158442 0.0126936 0.0129381 0.0248220 -0.0104623 -0.0264793 0.0279068 -0.0017055 -0.0296197 0.0318996 0.0083536 -0.0113516 -0.0335622 -0.0129356 -0.0280268 -0.0287329 -0.0169577 -0.0083147 -0.0190391 -0.0317988 -0.0128144 -0.0392856 -0.0203382 -0.0190348 -0.0206703 -0.0127546 0.0169384 -0.0204322 0.0201265 0.0297124 -0.0189480 -0.0403339 -0.0226328 0.0326419 -0.0184301 0.0201416 -0.0243172 0.0172977 0.0154095 -0.0045671 -0.0182637 0.0322257 -0.0412350 -0.0104294 -0.0111429 0.0107642
-0.0093687 -0.0015097 -0.0038720 0.0001768 -0.0017971 0.0015045 -0.0062480 0.0035449 0.0047235 -0.0075937 -0.0016484 -0.0029726 -0.0050497 0.0003256 -0.0021750 -0.0020310 -0.0009231 -0.0006276 -0.0106185 -0.0108541 -0.0005095 -0.0048829 -0.0091777 -0.0096964 -0.0024613 0.0007620 0.0030986 0.9843033 0.0005779 -0.0100894 -0.0112358 -0.0098447 -0.0093606 -0.0008428 -0.0015139 0.0026927 0.0018992 -0.0004205 0.0008526 -0.0045823 -0.0005135 0.0003059 -0.0023752 -0.0020508 -0.0026592 -0.0078094 -0.0022668 -0.0071084 0.0015663 -0.0070272 0.0002003 0.0014305 -0.0076772 -0.0016207 -0.0052493 -0.0037163 -0.0014181 -0.0051036 -0.0101724 0.0005210 -0.0079478 -0.0024723 0.0038674 0.0021108 0.0033405 -0.0019621 -0.0019624 -0.0082489 -0.0008762 -0.0106035 -0.0005176 -0.0016805 -0.0000350 -0.0063360 0.0009592 -0.0005475 -0.0000827 -0.0050754 -0.0027131 -0.0022115 0.0007840
-0.0090008 -0.0043389 -0.0252759 -0.0051186 -0.0266282 -0.0216576 -0.0217807 0.0183629 0.0092390 -0.0137518 -0.0124879 -0.0118236 0.0184182 0.0080913 0.0023481 -0.0429326 0.0182553 0.0253086 -0.0321373 -0.0352926 -0.0013755 0.0008328 0.0086477 -0.0173243 -0.0105049 -0.0140269 0.0030639 0.0005779 1.0714536 -0.0125687 -0.0304350 0.0011408 -0.0236017 -0.0144575 -0.0037212 -0.0041359 0.0063106 0.0169441 -0.0020554 -0.0221031 -0.0146683 0.0193857 -0.0121649 -0.0254966 0.0085215 -0.0178634 -0.0218063 -0.0252718 -0.0212809 -0.0339131 -0.0247746 -0.0120661 -0.0092781 -0.0068595 -0.0408329 -0.0261968 -0.0373034 -0.0200718 -0.0275225 -0.0195626 -0.0026605 0.0067911 -0.0077726 0.0131895 0.0220291 -0.0138974 -0.0305435 -0.0126286 0.0173239 -0.0333261 0.0211408 -0.0246358 0.0066677 0.0043026 -0.0062501 -0.0250934 0.0129085 -0.0431473 -0.0062572 -0.0221820 0.0079865
-0.0213352 -0.0034085 -0.0219533 -0.0183686 -0.0239424 -0.0224056 -0.0117018 -0.0018818 -0.0029516 -0.0233341 -0.0193048 -0.0200846 -0.0036302 -0.0083324 -0.0181731 -0.0372030 -0.0050155 -0.0035788 -0.0303400 -0.0150645 -0.0036025 -0.0056763 -0.0078120 -0.0145792 -0.0047967 -0.0182762 -0.0246023 -0.0100894 -0.0125687 1.0799665 -0.0118861 -0.0122841 -0.0058474 -0.0051362 -0.0038610 -0.0083176 -0.0069448 0.0003093 0.0067627 -0.0122153 -0.0099450 -0.0082379 -0.0165421 -0.0097600 0.0015661 -0.0200759 -0.0042438 -0.0040626 -0.0146942 -0.0155120 -0.0142176 -0.0154407 0.0010133 -0.0230868 -0.0111610 -0.0107777 -0.0275591 -0.0283113 -0.0173177 -0.0140947 -0.0138521 -0.0102712 -0.0173435 -0.0009221 0.0021359 -0.0037239 -0.0137533 -0.0009932 -0.0022788 -0.0219181 0.0116259 -0.0101554 -0.0077942 0.0057352 -0.0094936 -0.0003818 0.0057998 -0.0009916 -0.0145684 -0.0213514 -0.0165483
0.0023178 -0.0145366 -0.0133744 -0.0210079 -0.0051613 -0.0145676 -0.0335233 -0.0109415 -0.0219736 -0.0263797 -0.0055258 -0.0227677 -0.0132887 -0.0212356 -0.0390622 -0.0195970 -0.0039453 -0.0022768 -0.0033738 -0.0012142 -0.0057832 -0.0160226 -0.0267068 -0.0106795 -0.0095430 -0.0274334 -0.0099657 -0.0112358 -0.0304350 -0.0118861 1.0460634 0.0011711 0.0012685 -0.0156211 -0.0281084 -0.0075199 -0.0042837 -0.0184317 -0.0208484 -0.0237414 -0.0078929 -0.0165257 -0.0042068 -0.0103426 -0.0150610 -0.0041889 -0.0127558 -0.0139853 -0.0086608 -0.0058026 -0.0094434 -0.0220815 -0.0054987 -0.0137324 -0.0082831 -0.0008229 -0.0059821 0.0011886 0.0044364 -0.0049009 -0.0065450 -0.0101470 -0.0021921 -0.0038256 -0.0171486 -0.0118008 -0.0105003 -0.0103987 -0.0037834 -0.0161286 -0.0085112 0.0016526 -0.0101255 -0.0105348 -0.0103872 0.0010887 -0.0227614 -0.0038008 -0.0038777 -0.0047952 -0.0195559
-0.0069392 0.0142295 -0.0471378 0.0567245 -0.0124693 -0.0088399 -0.0382704 0.0729157 0.0582702 -0.0156712 0.0049575 -0.0200452 0.0610808 0.0352619 0.0055512 -0.0569386 0.0431769 0.0639345 -0.0641133 -0.0467617 -0.0071163 0.0499792 0.0522646 0.0082670 0.0032987 -0.0011388 0.0184493 -0.0098447 0.0011408 -0.0122841 0.0011711 0.9989870 -0.0700323 -0.0152312 0.0003959 -0.0138489 0.0316504 0.0324909 0.0473447 -0.0264800 -0.0409998 0.0655748 -0.0122415 -0.0617961 0.0574274 0.0368961 0.0043370 -0.0516486 -0.0185960 -0.0494517 -0.0586957 -0.0396948 -0.0092969 -0.0304587 -0.0615472 -0.0363314 -0.0683194 -0.0568176 -0.0454616 -0.0309822 -0.0356177 0.0401301 -0.0264981 0.0469871 0.0570944 -0.0344224 -0.0661682 -0.0354149 0.0628222 -0.0424641 0.0600330 -0.0564448 0.0369982 0.0185271 -0.0204430 -0.0289712 0.0635067 -0.0736322 -0.0099535 -0.0069159 0.0303438
-0.0174744 -0.0235372 0.0305834 -0.0674290 -0.0131804 -0.0006635 0.0152998 -0.0882834 -0.0699832 0.0008891 -0.0017353 0.0060268 -0.0747255 -0.0403757 -0.0278554 0.0602526 -0.0478023 -0.0656985 0.0399747 0.0465665 -0.0157906 -0.0565812 -0.0392701 -0.0279721 -0.0152875 -0.0100643 -0.0397720 -0.0093606 -0.0236017 -0.0058474 0.0012685 -0.0700323 1.1181941 -0.0005442 -0.0088766 -0.0019568 -0.0335900 -0.0356173 -0.0613209 0.0215329 0.0408509 -0.0764406 -0.0017479 0.0464657 -0.0673325 -0.0571169 -0.0015162 0.0391635 0.0130877 0.0409288 0.0458204 0.0221663 0.0034426 0.0228196 0.0567797 0.0301167 0.0568145 0.0335439 0.0335489 0.0134148 0.0181814 -0.0517217 0.0175772 -0.0480853 -0.0649811 0.0253732 0.0563500 0.0054144 -0.0617757 0.0298911 -0.0723238 0.0458483 -0.0435537 -0.0277137 0.0184249 0.0175258 -0.0786798 0.0709971 -0.0022690 0.0101199 -0.0421144
-0.0034080 -0.0087573 -0.0185361 -0.0099551 -0.0108739 -0.0064582 -0.0009521 -0.0264027 -0.0165174 -0.0119694 -0.0152226 -0.0094522 -0.0172717 -0.0148781 -0.0194188 -0.0052838 -0.0107408 -0.0158002 -0.0041925 -0.0101227 -0.0161440 -0.0155381 -0.0125380 -0.0181858 -0.0131025 -0.0139612 -0.0163075 -0.0008428 -0.0144575 -0.0051362 -0.0156211 -0.0152312 -0.0005442 1.0208228 -0.0010604 -0.0146323 0.0005644 -0.0147399 -0.0209835 -0.0070727 0.0032435 -0.0046288 -0.0089267 0.0011927 -0.0067824 -0.0023250 -0.0012122 -0.0059207 -0.0000250 0.0020951 0.0003811 -0.0043570 -0.0021670 -0.0018400 0.0071534 0.0048790 0.0180193 -0.0104426 0.0136849 -0.0025387 -0.0007211 -0.0157464 -0.0008257 -0.0127110 -0.0111253 -0.0069340 0.0146131 0.0034883 -0.0194349 0.0018101 -0.0167512 0.0077367 -0.0080868 -0.0125349 -0.0007661 -0.0003252 -0.0115844 0.0025039 0.0047523 -0.0039208 -0.0076360
-0.0377713 -0.0234237 -0.0150341 -0.0111245 -0.0031139 -0.0192274 -0.0040926 0.0053926 -0.0084072 0.0105703 -0.0126347 -0.0038342 -0.0043891 -0.0218196 0.0011564 -0.0333631 -0.0051409 -0.0021673 -0.0136014 -0.0132109 -0.0054253 -0.0107261 0.0059771 -0.0100493 -0.0067876 -0.0027789 -0.0128306 -0.0015139 -0.0037212 -0.0038610 -0.0281084 0.0003959 -0.0088766 -0.0010604 1.0490750 -0.0083858 -0.0038251 0.0054502 -0.0041688 -0.0092201 -0.0144315 -0.0085000 -0.0091580 -0.0082340 0.0054847 0.0063307 -0.0192607 -0.0165800 0.0022058 -0.0073252 -0.0039995 0.0020291 -0.0038126 -0.0125066 -0.0099907 -0.0133701 -0.0193362 -0.0157769 -0.0026182 -0.0145087 -0.0202776 0.0031697 -0.0060900 -0.0010423 0.0009795 -0.0079358 -0.0125894 -0.0088964 -0.0008415 -0.0082321 0.0057218 -0.0019865 0.0009750 -0.0145021 -0.0022352 -0.0061073 0.0017505 -0.0174101 -0.0106940 -0.0090278 0.0097099
-0.0031318 -0.0114025 -0.0414775 -0.0137714 -0.0299929 -0.0066434 -0.0034999 -0.0159637 -0.0048586 -0.0152030 -0.0162129 -0.0038388 -0.0043563 -0.0136370 -0.0183232 -0.0090320 -0.0039681 0.0058091 -0.0072159 -0.0241251 -0.0082560 -0.0095273 -0.0088155 -0.0036588 -0.0061653 -0.0206566 -0.0158442 0.0026927 -0.0041359 -0.0083176 -0.0075199 -0.0138489 -0.0019568 -0.0146323 -0.0083858 1.0437958 -0.0032137 -0.0092216 -0.0048705 -0.0124675 0.0013626 -0.0064570 -0.0045352 -0.0168000 -0.0048269 0.0014416 0.0067236 -0.0067759 0.0000040 0.0003187 -0.0080998 0.0044049 -0.0018191 0.0115356 0.0001973 -0.0149116 -0.0047940 -0.0060738 -0.0049754 -0.0082267 -0.0074151 -0.0070285 -0.0038914 0.0003988 0.0060557 -0.0099677 -0.0038360 -0.0100809 -0.0040618 -0.0151855 -0.0064428 -0.0120239 -0.0029918 -0.0007436 -0.0022424 -0.0071222 -0.0031304 -0.0039422 0.0045161 -0.0105979 -0.0052192
-0.0032632 0.0122736 -0.0420798 0.0247900 -0.0120298 0.0003796 -0.0218910 0.0429561 0.0335233 -0.0142721 -0.0054255 -0.0039554 0.0326049 0.0277425 0.0049696 -0.0487154 0.0286479 0.0410628 -0.0469197 -0.0400038 -0.0009348 0.0234364 0.0206105 0.0077477 -0.0043172 -0.0094054 0.0126936 0.0018992 0.0063106 -0.0069448 -0.0042837 0.0316504 -0.0335900 0.0005644 -0.0038251 -0.0032137 0.9514246 0.0218485 0.0297582 -0.0209335 -0.0211011 0.0394527 -0.0073364 -0.0289790 0.0356675 0.0208718 -0.0035092 -0.0321105 -0.0100456 -0.0334516 -0.0294467 -0.0281077 -0.0111483 -0.0210502 -0.0464945 -0.0133775 -0.0410125 -0.0284793 -0.0223490 -0.0255026 -0.0208394 0.0214167 -0.0138830 0.0339655 0.0327394 -0.0184811 -0.0404573 -0.0111324 0.0280803 -0.0235453 0.0397793 -0.0327064 0.0179767 0.0191277 -0.0118396 -0.0192627 0.0444365 -0.0467162 -0.0023026 -0.0129754 0.0196417
0.0081538 0.0218755 -0.0354413 0.0336012 -0.0060642 -0.0024327 -0.0117125 0.0516360 0.0345220 -0.0182425 -0.0083899 -0.0197678 0.0399543 0.0333179 0.0128659 -0.0539035 0.0263027 0.0412705 -0.0454813 -0.0466165 0.0043065 0.0256612 0.0290424 0.0169395 0.0045770 -0.0131755 0.0129381 -0.0004205 0.0169441 0.0003093 -0.0184317 0.0324909 -0.0356173 -0.0147399 0.0054502 -0.0092216 0.0218485 0.9941564 0.0292364 -0.0131867 -0.0249116 0.0347888 -0.0038136 -0.0362251 0.0541740 0.0226434 -0.0040136 -0.0409046 -0.0211118 -0.0446828 -0.0352188 -0.0245489 -0.0057222 -0.0232582 -0.0441355 -0.0250178 -0.0476932 -0.0337511 -0.0346422 -0.0338657 -0.0216284 0.0283181 -0.0227241 0.0365796 0.0313313 -0.0230723 -0.0548310 -0.0165045 0.0392332 -0.0302148 0.0475759 -0.0388071 0.0259290 0.0159408 -0.0185722 -0.0248168 0.0499638 -0.0561094 -0.0087565 -0.0091575 0.0285382
-0.0010316 0.0223728 -0.0374251 0.0458574 -0.0091074 -0.0029756 -0.0251391 0.0687649 0.0436302 -0.0107905 -0.0077179 -0.0145410 0.0531001 0.0310643 0.0149822 -0.0876812 0.0382666 0.0568181 -0.0527010 -0.0603840 -0.0068559 0.0378839 0.0417898 0.0207575 0.0005191 -0.0181183 0.0248220 0.0008526 -0.0020554 0.0067627 -0.0208484 0.0473447 -0.0613209 -0.0209835 -0.0041688 -0.0048705 0.0297582 0.0292364 0.9962680 -0.0219024 -0.0365573 0.0597129 -0.0071363 -0.0521813 0.0638427 0.0385141 0.0077582 -0.0471836 -0.0177591 -0.0387104 -0.0519395 -0.0287977 -0.0143223 -0.0267571 -0.0588042 -0.0233073 -0.0588271 -0.0319685 -0.0428688 -0.0367011 -0.0360185 0.0262971 -0.0230287 0.0410689 0.0547729 -0.0235901 -0.0717800 -0.0208588 0.0455752 -0.0415610 0.0585337 -0.0500105 0.0356690 0.0148236 -0.0213325 -0.0221543 0.0577347 -0.0721801 -0.0055672 -0.0083134 0.0352646
-0.0160969 -0.0053977 0.0085183 -0.0312992 -0.0067330 -0.0054872 -0.0007326 -0.0200379 -0.0270298 -0.0019193 0.0003882 -0.0016018 -0.0228491 -0.0293969 -0.0289125 0.0070191 -0.0197675 -0.0236621 -0.0004956 0.0084885 -0.0175008 -0.0301782 -0.0227569 -0.0164598 -0.0084645 -0.0111220 -0.0104623 -0.0045823 -0.0221031 -0.0122153 -0.0237414 -0.0264800 0.0215329 -0.0070727 -0.0092201 -0.0124675 -0.0209335 -0.0131867 -0.0219024 1.0220890 0.0141360 -0.0293325 -0.0137947 0.0031462 -0.0274530 -0.0295937 -0.0015159 0.0179455 0.0065208 0.0137363 0.0111472 -0.0048369 -0.0002091 0.0036766 0.0114848 0.0081129 0.0124578 0.0069389 -0.0048382 0.0157466 -0.0028540 -0.0196828 0.0055964 -0.0203720 -0.0295151 0.0041538 0.0127728 -0.0014075 -0.0193696 0.0076597 -0.0313029 0.0123280 -0.0127018 -0.0119256 0.0059617 0.0104908 -0.0291638 0.0137925 -0.0102255 0.0009111 -0.0322228
-0.0222103 -0.0116369 0.0107626 -0.0416973 -0.0089452 -0.0105314 0.0017404 -0.0564782 -0.0460598 -0.0085541 -0.0095939 -0.0007426 -0.0395918 -0.0442543 -0.0136124 0.0233904 -0.0336285 -0.0480917 0.0248173 0.0178355 -0.0080960 -0.0503095 -0.0425130 -0.0202381 -0.0186735 -0.0048409 -0.0264793 -0.0005135 -0.0146683 -0.0099450 -0.0078929 -0.0409998 0.0408509 0.0032435 -0.0144315 0.0013626 -0.0211011 -0.0249116 -0.0365573 0.0141360 1.0762384 -0.0516588 0.0071658 0.0318021 -0.0487155 -0.0421848 -0.0028548 0.0192177 0.0055290 0.0192596 0.0318653 0.0214585 -0.0041327 0.0105906 0.0354464 0.0198230 0.0254547 0.0216675 0.0134350 0.0097015 0.0194831 -0.0323487 0.0129215 -0.0257126 -0.0424099 0.0003685 0.0314119 0.0025371 -0.0451477 0.0237523 -0.0473795 0.0272961 -0.0238026 -0.0109033 0.0111820 0.0089051 -0.0489327 0.0383087 -0.0050857 0.0050113 -0.0383475
0.0098669 0.0238877 -0.0552946 0.0626156 -0.0149288 -0.0147673 -0.0357047 0.0937125 0.0755432 0.0012475 -0.0027631 -0.0281117 0.0764682 0.0419798 0.0157651 -0.0961603 0.0480665 0.0843012 -0.0711287 -0.0783383 0.0111728 0.0531427 0.0456640 0.0226171 0.0040457 -0.0003269 0.0279068 0.0003059 0.0193857 -0.0082379 -0.0165257 0.0655748 -0.0764406 -0.0046288 -0.0085000 -0.0064570 0.0394527 0.0347888 0.0597129 -0.0293325 -0.0516588 1.0019948 -0.0115563 -0.0663764 0.0766017 0.0510905 0.0030677 -0.0601870 -0.0233941 -0.0576024 -0.0693857 -0.0363613 -0.0111603 -0.0291706 -0.0698045 -0.0462833 -0.0805439 -0.0412093 -0.0399350 -0.0266778 -0.0337368 0.0505154 -0.0329027 0.0559368 0.0626534 -0.0415121 -0.0805222 -0.0304392 0.0770899 -0.0455802 0.0849869 -0.0605952 0.0527254 0.0273980 -0.0291481 -0.0263788 0.0812769 -0.0909510 -0.0033814 -0.0140871 0.0473731
0.0007740 -0.0107982 -0.0003181 -0.0077505 -0.0114608 -0.0092947 -0.0068863 -0.0088197 -0.0067860 -0.0129299 -0.0084329 -0.0058746 -0.0090213 -0.0008103 -0.0093320 -0.0009700 -0.0041499 -0.0036351 0.0026314 -0.0086388 -0.0087308 -0.0089066 -0.0085264 -0.0053504 -0.0102730 -0.0161713 -0.0017055 -0.0023752 -0.0121649 -0.0165421 -0.0042068 -0.0122415 -0.0017479 -0.0089267 -0.0091580 -0.0045352 -0.0073364 -0.0038136 -0.0071363 -0.0137947 0.0071658 -0.0115563 0.9960223 0.0022121 -0.0115416 -0.0086569 0.0044296 0.0013945 0.0015718 -0.0018140 0.0056620 -0.0042502 0.0036656 -0.0081908 0.0052749 -0.0042605 0.0054754 -0.0007860 -0.0070362 0.0035597 -0.0092274 -0.0032064 0.0006368 -0.0006994 -0.0138068 -0.0017090 0.0041094 -0.0060834 -0.0028218 0.0020556 -0.0105588 0.0020987 -0.0041507 -0.0005992 -0.0025771 -0.0072852 -0.0056820 -0.0015011 -0.0030775 -0.0025837 -0.0122339
-0.0144718 -0.0209178 0.0257754 -0.0526385 0.0128220 -0.0064725 0.0083342 -0.0645552 -0.0618979 0.0012331 -0.0094456 -0.0014454 -0.0563403 -0.0458921 -0.0331205 0.0460336 -0.0370369 -0.0579172 0.0200399 0.0428111 -0.0224795 -0.0485022 -0.0517883 -0.0101822 -0.0108667 -0.0115223 -0.0296197 -0.0020508 -0.0254966 -0.0097600 -0.0103426 -0.0617961 0.0464657 0.0011927 -0.0082340 -0.0168000 -0.0289790 -0.0362251 -0.0521813 0.0031462 0.0318021 -0.0663764 0.0022121 1.0640274 -0.0581263 -0.0501097 -0.0112965 0.0294963 0.0079037 0.0361414 0.0471056 0.0059125 -0.0014907 0.0123411 0.0448310 0.0272507 0.0467745 0.0266937 0.0192929 0.0132076 0.0244385 -0.0327394 0.0181012 -0.0432223 -0.0521624 0.0051418 0.0479200 0.0143140 -0.0600320 0.0329526 -0.0681572 0.0400405 -0.0377583 -0.0195330 0.0092958 0.0087972 -0.0671039 0.0614564 -0.0070000 0.0072843 -0.0420699
0.0120466 0.0228205 -0.0537661 0.0623680 -0.0207366 -0.0075439 -0.0339803 0.0827548 0.0592796 -0.0179646 -0.0103126 -0.0302512 0.0751745 0.0532684 0.0287052 -0.0918732 0.0525203 0.0772985 -0.0778648 -0.0676898 0.0107903 0.0464416 0.0652021 0.0271371 0.0052534 -0.0050914 0.0318996 -0.0026592 0.0085215 0.0015661 -0.0150610 0.0574274 -0.0673325 -0.0067824 0.0054847 -0.0048269 0.0356675 0.0541740 0.0638427 -0.0274530 -0.0487155 0.0766017 -0.0115416 -0.0581263 0.9858093 0.0583601 0.0054785 -0.0583824 -0.0298456 -0.0575778 -0.0654328 -0.0372110 -0.0091987 -0.0321255 -0.0759994 -0.0380821 -0.0757965 -0.0450109 -0.0505951 -0.0333028 -0.0362101 0.0443028 -0.0367502 0.0535015 0.0693275 -0.0329466 -0.0782397 -0.0158661 0.0658205 -0.0524849 0.0835765 -0.0654163 0.0406176 0.0300949 -0.0286030 -0.0316826 0.0892130 -0.0866221 -0.0079696 -0.0159410 0.0443329
0.0126273 0.0065342 -0.0358373 0.0318651 -0.0236465 -0.0209374 -0.0378592 0.0430127 0.0338399 -0.0152561 -0.0072483 -0.0330174 0.0338598 0.0262617 0.0024014 -0.0481738 0.0268277 0.0455658 -0.0515519 -0.0535370 -0.0065706 0.0452749 0.0295085 -0.0102749 -0.0139598 -0.0223058 0.0083536 -0.0078094 -0.0178634 -0.0200759 -0.0041889 0.0368961 -0.0571169 -0.0023250 0.0063307 0.0014416 0.0208718 0.0226434 0.0385141 -0.0295937 -0.0421848 0.0510905 -0.0086569 -0.0501097 0.0583601 1.0593315 -0.0035127 -0.0301819 -0.0140817 -0.0409082 -0.0523877 -0.0260551 -0.0130599 -0.0215394 -0.0571350 -0.0366379 -0.0439712 -0.0415496 -0.0344674 -0.0289945 -0.0099904 0.0253946 -0.0304838 0.0371592 0.0452154 -0.0240949 -0.0554152 -0.0164978 0.0537228 -0.0275272 0.0409789 -0.0447035 0.0354469 0.0176455 -0.0158352 -0.0253343 0.0507661 -0.0527585 -0.0009944 -0.0266437 0.0310385
