1.5506761 -0.0524052 -0.0494941 -0.0313801 -0.0363205 -0.0268325 -0.0304567 -0.0261745 -0.0292910 -0.0313889 -0.0357048 -0.0233502 -0.0412605 -0.0321241 -0.0380527 -0.0337642 -0.0108452 -0.0118569 -0.0290861 -0.0209556 -0.0211699 -0.0329474 -0.0520046 -0.0318204 -0.0322068 -0.0288376 -0.0256374 -0.0121293 -0.0283732 -0.0549864 -0.0514067 -0.0238560 -0.0071670 -0.0071182 -0.0082850 -0.0080457 -0.0075454 -0.0074025 -0.0085444 -0.0080881 -0.0068236 -0.0071037 -0.0098726 -0.0076769 -0.0066190 -0.0083114 -0.0076425 -0.0074939 -0.0071925 -0.0079137 -0.0045280 -0.0067594 -0.0051469 -0.0046611 -0.0043703 -0.0083109 -0.0063751 -0.0077473 -0.0066480 -0.0074166 -0.0057023 -0.0105840 -0.0070282 -0.0040597 -0.0082285 -0.0082351 -0.0060778 -0.0088671 -0.0079401 -0.0081325 -0.0064650 -0.0071083 -0.0077342 -0.0074120 -0.0038281 -0.0070371 -0.0070780 -0.0042251 -0.0074558 -0.0079068 -0.0081450
-0.0524052 2.3442774 0.1875057 -0.0562232 -0.0628862 -0.0497810 -0.0543369 -0.0512602 -0.0551946 -0.0559174 -0.0613358 -0.0503783 -0.0585134 -0.0569238 -0.0583367 -0.0589646 -0.0348882 -0.0377436 -0.0532494 -0.0467885 -0.0469115 -0.0588838 0.2707379 -0.0557547 -0.0564271 -0.0537414 -0.0490589 -0.0367755 -0.0513388 -0.0657339 -0.0650698 -0.0482078 -0.0245455 -0.0248791 -0.0246916 -0.0247989 -0.0247598 -0.0255626 -0.0261417 -0.0248714 -0.0249571 -0.0240859 -0.0258186 -0.0256048 -0.0246505 -0.0258507 -0.0248910 -0.0247914 -0.0255888 -0.0254778 -0.0227825 -0.0248112 -0.0245895 -0.0234748 -0.0230787 -0.0253886 -0.0242915 -0.0250748 -0.0239437 -0.0257747 -0.0234204 -0.0274992 -0.0246993 -0.0238085 -0.0253545 -0.0254401 -0.0248935 -0.0256184 -0.0264172 -0.0249861 -0.0229187 -0.0241268 -0.0250717 -0.0254038 -0.0243862 -0.0255105 -0.0250889 -0.0224962 -0.0247349 -0.0254789 -0.0248622
-0.0494941 0.1875057 2.1588583 -0.0530723 -0.0603610 -0.0457108 -0.0518343 -0.0476309 -0.0520462 -0.0531838 -0.0590549 -0.0452578 -0.0563788 -0.0544025 -0.0558782 -0.0564618 -0.0282403 -0.0310061 -0.0497660 -0.0413675 -0.0413800 -0.0561165 0.1486619 -0.0531666 -0.0539408 -0.0506544 -0.0444392 -0.0304355 -0.0477233 -0.0646693 -0.0624146 -0.0431867 -0.0199813 -0.0206654 -0.0206683 -0.0204868 -0.0202452 -0.0207829 -0.0218390 -0.0206432 -0.0202023 -0.0198791 -0.0217903 -0.0208979 -0.0197359 -0.0214755 -0.0200463 -0.0200932 -0.0205345 -0.0209118 -0.0179190 -0.0202402 -0.0193043 -0.0182429 -0.0177622 -0.0213126 -0.0198335 -0.0199613 -0.0194189 -0.0209618 -0.0185117 -0.0230417 -0.0198224 -0.0182760 -0.0208498 -0.0215171 -0.0197485 -0.0215757 -0.0214262 -0.0207244 -0.0189965 -0.0198331 -0.0205406 -0.0207610 -0.0187443 -0.0206416 -0.0202179 -0.0176864 -0.0201477 -0.0211238 -0.0204473
-0.0313801 -0.0562232 -0.0530723 1.7220417 -0.0362868 -0.0284457 -0.0313218 -0.0275552 -0.0305993 -0.0318545 -0.0357060 -0.0243457 -0.0459320 -0.0325349 -0.0405496 -0.0340266 -0.0123106 -0.0129150 -0.0308786 -0.0222685 -0.0222389 -0.0328310 -0.0554189 -0.0343511 -0.0332647 -0.0295541 -0.0273578 -0.0132667 -0.0300767 -0.0586303 -0.0538633 -0.0254022 -0.0083013 -0.0091996 -0.0097506 -0.0098941 -0.0091005 -0.0092403 -0.0104234 -0.0098425 -0.0081544 -0.0086326 -0.0120114 -0.0091942 -0.0082476 -0.0098497 -0.0089543 -0.0082451 -0.0084016 -0.0096301 -0.0055209 -0.0084109 -0.0065398 -0.0058252 -0.0056299 -0.0100433 -0.0080142 -0.0093456 -0.0080199 -0.0088670 -0.0066615 -0.0128552 -0.0086562 -0.0054104 -0.0098387 -0.0095996 -0.0075049 -0.0107972 -0.0098232 -0.0100862 -0.0079308 -0.0086278 -0.0088000 -0.0084397 -0.0045149 -0.0084188 -0.0086656 -0.0053401 -0.0090732 -0.0095883 -0.0096451
-0.0363205 -0.0628862 -0.0603610 -0.0362868 2.0868106 -0.0335158 -0.0357205 -0.0316704 -0.0359285 -0.0355600 -0.0397819 -0.0283651 -0.0551868 -0.0373090 -0.0496461 -0.0387341 -0.0139989 -0.0151181 -0.0353340 -0.0245284 -0.0255501 -0.0381426 -0.0623802 -0.0391575 -0.0381153 -0.0341375 -0.0321698 -0.0152628 -0.0352584 -0.0648609 -0.0616386 -0.0286033 -0.0113501 -0.0119131 -0.0134427 -0.0134461 -0.0117354 -0.0123838 -0.0142486 -0.0132897 -0.0102785 -0.0113595 -0.0161025 -0.0118831 -0.0111567 -0.0138452 -0.0118913 -0.0114719 -0.0109977 -0.0130987 -0.0074988 -0.0115201 -0.0083420 -0.0065422 -0.0065571 -0.0123999 -0.0102923 -0.0118736 -0.0101703 -0.0115881 -0.0082650 -0.0167835 -0.0107963 -0.0061627 -0.0130255 -0.0135927 -0.0091616 -0.0138677 -0.0123819 -0.0134356 -0.0100097 -0.0115458 -0.0124046 -0.0115397 -0.0055561 -0.0111354 -0.0113850 -0.0066452 -0.0123209 -0.0123310 -0.0135104
-0.0268325 -0.0497810 -0.0457108 -0.0284457 -0.0335158 1.3915124 -0.0279756 -0.0238577 -0.0271916 -0.0282943 -0.0328133 -0.0215784 -0.0376312 -0.0292207 -0.0345169 -0.0309208 -0.0100510 -0.0106250 -0.0266309 -0.0189413 -0.0188878 -0.0303792 -0.0492785 -0.0287175 -0.0294278 -0.0270557 -0.0230485 -0.0107692 -0.0254431 -0.0513079 -0.0479510 -0.0210720 -0.0053572 -0.0055869 -0.0062594 -0.0059658 -0.0054824 -0.0056424 -0.0066609 -0.0063729 -0.0050016 -0.0052985 -0.0077739 -0.0057934 -0.0052018 -0.0063606 -0.0057698 -0.0051892 -0.0054788 -0.0060473 -0.0032598 -0.0054295 -0.0038518 -0.0034581 -0.0032485 -0.0063183 -0.0048740 -0.0060071 -0.0045926 -0.0060563 -0.0040659 -0.0079968 -0.0056302 -0.0030030 -0.0062474 -0.0062617 -0.0047516 -0.0067307 -0.0064244 -0.0063786 -0.0050102 -0.0054949 -0.0056751 -0.0056177 -0.0028155 -0.0054635 -0.0056168 -0.0035138 -0.0059381 -0.0061083 -0.0063031
-0.0304567 -0.0543369 -0.0518343 -0.0313218 -0.0357205 -0.0279756 1.6668338 -0.0272739 -0.0316700 -0.0307745 -0.0357083 -0.0255552 -0.0444004 -0.0329671 -0.0398097 -0.0340107 -0.0120434 -0.0125934 -0.0297187 -0.0217209 -0.0220987 -0.0345406 -0.0544148 -0.0331339 -0.0329116 -0.0301521 -0.0264755 -0.0130860 -0.0288042 -0.0573807 -0.0531925 -0.0240515 -0.0082478 -0.0084530 -0.0090209 -0.0092433 -0.0082569 -0.0085040 -0.0099046 -0.0093464 -0.0072239 -0.0080136 -0.0109559 -0.0086722 -0.0080701 -0.0092320 -0.0084892 -0.0082284 -0.0080038 -0.0095077 -0.0054037 -0.0078820 -0.0062246 -0.0052305 -0.0054465 -0.0091590 -0.0075229 -0.0085843 -0.0078680 -0.0082623 -0.0061345 -0.0116350 -0.0082990 -0.0046733 -0.0092901 -0.0089341 -0.0066864 -0.0101403 -0.0092720 -0.0094083 -0.0075243 -0.0081073 -0.0087223 -0.0080092 -0.0046587 -0.0083519 -0.0079988 -0.0050341 -0.0086607 -0.0089140 -0.0092139
-0.0261745 -0.0512602 -0.0476309 -0.0275552 -0.0316704 -0.0238577 -0.0272739 1.4843616 -0.0282442 -0.0267448 -0.0316530 -0.0225425 -0.0389010 -0.0282310 -0.0346718 -0.0300706 -0.0107775 -0.0104012 -0.0256218 -0.0197270 -0.0196176 -0.0302654 -0.0506904 -0.0293284 -0.0287640 -0.0272673 -0.0225728 -0.0110389 -0.0255283 -0.0532421 -0.0497675 -0.0201501 -0.0061109 -0.0065526 -0.0067121 -0.0069691 -0.0065109 -0.0067095 -0.0079843 -0.0068413 -0.0056316 -0.0059535 -0.0083194 -0.0066219 -0.0060022 -0.0072928 -0.0064285 -0.0063898 -0.0062709 -0.0074046 -0.0041165 -0.0057607 -0.0047540 -0.0037322 -0.0040484 -0.0069681 -0.0058171 -0.0065713 -0.0057143 -0.0061148 -0.0043803 -0.0091942 -0.0059079 -0.0037030 -0.0073910 -0.0070866 -0.0052048 -0.0077984 -0.0071320 -0.0072544 -0.0056422 -0.0063265 -0.0067844 -0.0064162 -0.0032490 -0.0059865 -0.0061031 -0.0036977 -0.0065121 -0.0070035 -0.0069777
-0.0292910 -0.0551946 -0.0520462 -0.0305993 -0.0359285 -0.0271916 -0.0316700 -0.0282442 1.6868513 -0.0297989 -0.0356966 -0.0265956 -0.0438913 -0.0327872 -0.0388905 -0.0338217 -0.0132509 -0.0121626 -0.0293828 -0.0222209 -0.0232573 -0.0347640 -0.0544343 -0.0329626 -0.0327477 -0.0313164 -0.0250418 -0.0131019 -0.0291152 -0.0569066 -0.0537527 -0.0230084 -0.0081852 -0.0084624 -0.0091098 -0.0090001 -0.0085099 -0.0089296 -0.0097521 -0.0091705 -0.0076802 -0.0084107 -0.0113888 -0.0083477 -0.0080827 -0.0093452 -0.0081198 -0.0087443 -0.0085886 -0.0098970 -0.0056690 -0.0078710 -0.0062135 -0.0052680 -0.0056240 -0.0093441 -0.0077720 -0.0085287 -0.0076818 -0.0081921 -0.0059008 -0.0118858 -0.0083036 -0.0050179 -0.0097609 -0.0098371 -0.0068167 -0.0107596 -0.0094603 -0.0101231 -0.0077117 -0.0084567 -0.0092824 -0.0085769 -0.0044463 -0.0084329 -0.0082768 -0.0052933 -0.0088979 -0.0092303 -0.0096414
-0.0313889 -0.0559174 -0.0531838 -0.0318545 -0.0355600 -0.0282943 -0.0307745 -0.0267448 -0.0297989 1.7285922 -0.0356451 -0.0239171 -0.0455586 -0.0321053 -0.0403770 -0.0337337 -0.0118023 -0.0133035 -0.0306309 -0.0219129 -0.0218869 -0.0327109 -0.0556638 -0.0333318 -0.0324192 -0.0288600 -0.0277426 -0.0133088 -0.0297321 -0.0583642 -0.0538772 -0.0254009 -0.0084012 -0.0086264 -0.0101239 -0.0097523 -0.0090465 -0.0089810 -0.0104250 -0.0100923 -0.0081810 -0.0086092 -0.0117253 -0.0089858 -0.0082352 -0.0098984 -0.0088514 -0.0087345 -0.0083901 -0.0095995 -0.0055329 -0.0085905 -0.0060714 -0.0056197 -0.0056132 -0.0100317 -0.0079606 -0.0092323 -0.0077673 -0.0090944 -0.0067315 -0.0121605 -0.0085639 -0.0052417 -0.0098026 -0.0099136 -0.0071508 -0.0102124 -0.0090555 -0.0095600 -0.0077652 -0.0083888 -0.0090830 -0.0085705 -0.0046884 -0.0083150 -0.0088373 -0.0053218 -0.0094944 -0.0094762 -0.0094558
-0.0357048 -0.0613358 -0.0590549 -0.0357060 -0.0397819 -0.0328133 -0.0357083 -0.0316530 -0.0356966 -0.0356451 2.0204158 -0.0284510 -0.0533751 -0.0375625 -0.0475995 -0.0389627 -0.0136412 -0.0147700 -0.0347158 -0.0245968 -0.0250236 -0.0376047 -0.0613601 -0.0381368 -0.0373336 -0.0338057 -0.0312392 -0.0153401 -0.0344463 -0.0634358 -0.0601310 -0.0278456 -0.0106063 -0.0114254 -0.0127050 -0.0130300 -0.0117205 -0.0119103 -0.0136159 -0.0129970 -0.0099415 -0.0115065 -0.0153243 -0.0116192 -0.0105411 -0.0130169 -0.0114418 -0.0109633 -0.0107936 -0.0131446 -0.0068703 -0.0110268 -0.0079745 -0.0065042 -0.0066099 -0.0129188 -0.0097929 -0.0117806 -0.0100836 -0.0106148 -0.0084073 -0.0159746 -0.0109426 -0.0062662 -0.0128725 -0.0125515 -0.0092668 -0.0134682 -0.0124362 -0.0129993 -0.0101837 -0.0108497 -0.0119359 -0.0110875 -0.0059884 -0.0107113 -0.0108864 -0.0067385 -0.0119031 -0.0121825 -0.0129004
-0.0233502 -0.0503783 -0.0452578 -0.0243457 -0.0283651 -0.0215784 -0.0255552 -0.0225425 -0.0265956 -0.0239171 -0.0284510 1.4168525 -0.0372077 -0.0263353 -0.0326824 -0.0271494 -0.0095607 -0.0095555 -0.0232957 -0.0175931 -0.0183962 -0.0280777 -0.0495386 -0.0259327 -0.0262488 -0.0250729 -0.0203988 -0.0103029 -0.0233128 -0.0517485 -0.0479998 -0.0182788 -0.0058244 -0.0053433 -0.0059196 -0.0060593 -0.0054925 -0.0056971 -0.0067825 -0.0058417 -0.0050204 -0.0053197 -0.0073467 -0.0054467 -0.0053478 -0.0064971 -0.0056644 -0.0057871 -0.0052301 -0.0064582 -0.0034672 -0.0056162 -0.0040559 -0.0031117 -0.0037408 -0.0062761 -0.0052005 -0.0058920 -0.0048941 -0.0052730 -0.0040311 -0.0079180 -0.0052563 -0.0031905 -0.0064010 -0.0066036 -0.0048925 -0.0071109 -0.0063056 -0.0064748 -0.0049712 -0.0056760 -0.0059718 -0.0052826 -0.0028811 -0.0056172 -0.0055575 -0.0031227 -0.0057789 -0.0058102 -0.0060563
-0.0412605 -0.0585134 -0.0563788 -0.0459320 -0.0551868 -0.0376312 -0.0444004 -0.0389010 -0.0438913 -0.0455586 -0.0533751 -0.0372077 1.9114360 -0.0464361 0.0173263 -0.0499680 -0.0220150 -0.0239186 -0.0414540 -0.0334064 -0.0332204 -0.0495317 -0.0583091 -0.0460639 -0.0461003 -0.0421810 -0.0367368 -0.0233598 -0.0407040 0.3291995 -0.0570327 -0.0348710 -0.0154245 -0.0147980 -0.0153417 -0.0158588 -0.0154450 -0.0157370 -0.0163644 -0.0158196 -0.0148932 -0.0147256 -0.0177347 -0.0151466 -0.0146206 -0.0160684 -0.0152077 -0.0153328 -0.0154734 -0.0159609 -0.0128674 -0.0145798 -0.0139406 -0.0130110 -0.0127475 -0.0155077 -0.0144876 -0.0159045 -0.0147172 -0.0157708 -0.0135563 -0.0183768 -0.0149699 -0.0135524 -0.0156227 -0.0160898 -0.0142346 -0.0169134 -0.0165867 -0.0161016 -0.0148383 -0.0148016 -0.0151096 -0.0159868 -0.0124068 -0.0151091 -0.0146646 -0.0128003 -0.0152530 -0.0157060 -0.0161044
-0.0321241 -0.0569238 -0.0544025 -0.0325349 -0.0373090 -0.0292207 -0.0329671 -0.0282310 -0.0327872 -0.0321053 -0.0375625 -0.0263353 -0.0464361 1.7855371 -0.0418971 -0.0351209 -0.0126129 -0.0125998 -0.0311036 -0.0225740 -0.0229266 -0.0359910 -0.0563083 -0.0342849 -0.0346795 -0.0311613 -0.0282526 -0.0140260 -0.0309005 -0.0593514 -0.0551728 -0.0251179 -0.0092689 -0.0093529 -0.0102862 -0.0107197 -0.0094030 -0.0098516 -0.0112582 -0.0107103 -0.0082993 -0.0089722 -0.0127213 -0.0098544 -0.0086558 -0.0105568 -0.0096294 -0.0094480 -0.0087749 -0.0107393 -0.0065812 -0.0093423 -0.0070818 -0.0061324 -0.0064503 -0.0107119 -0.0085225 -0.0102084 -0.0083515 -0.0094492 -0.0070607 -0.0130467 -0.0090853 -0.0059862 -0.0104210 -0.0109140 -0.0077506 -0.0115274 -0.0104757 -0.0106982 -0.0084329 -0.0089365 -0.0102615 -0.0095717 -0.0055632 -0.0091511 -0.0092824 -0.0058910 -0.0097696 -0.0101656 -0.0105182
-0.0380527 -0.0583367 -0.0558782 -0.0405496 -0.0496461 -0.0345169 -0.0398097 -0.0346718 -0.0388905 -0.0403770 -0.0475995 -0.0326824 0.0173263 -0.0418971 1.8579336 -0.0444940 -0.0177643 -0.0193633 -0.0378516 -0.0296216 -0.0292726 -0.0440923 -0.0582189 -0.0418483 -0.0415933 -0.0378225 -0.0337921 -0.0194509 -0.0367955 0.1393230 -0.0562741 -0.0315505 -0.0128143 -0.0124655 -0.0134162 -0.0134738 -0.0125610 -0.0131935 -0.0143120 -0.0135518 -0.0121913 -0.0124004 -0.0156982 -0.0131883 -0.0121098 -0.0145073 -0.0131798 -0.0129519 -0.0126307 -0.0139627 -0.0094811 -0.0123307 -0.0109422 -0.0094389 -0.0097481 -0.0136037 -0.0117331 -0.0131824 -0.0120662 -0.0133589 -0.0105668 -0.0163231 -0.0125008 -0.0099285 -0.0136242 -0.0139940 -0.0115856 -0.0142555 -0.0139481 -0.0139062 -0.0123029 -0.0122204 -0.0130604 -0.0132898 -0.0093558 -0.0128237 -0.0124283 -0.0095386 -0.0130251 -0.0135854 -0.0138551
-0.0337642 -0.0589646 -0.0564618 -0.0340266 -0.0387341 -0.0309208 -0.0340107 -0.0300706 -0.0338217 -0.0337337 -0.0389627 -0.0271494 -0.0499680 -0.0351209 -0.0444940 1.8788403 -0.0132259 -0.0139430 -0.0329589 -0.0237393 -0.0243245 -0.0370579 -0.0586146 -0.0362758 -0.0358267 -0.0330116 -0.0294937 -0.0149742 -0.0329268 -0.0612768 -0.0569474 -0.0263922 -0.0099423 -0.0099840 -0.0111751 -0.0112771 -0.0102307 -0.0107566 -0.0123844 -0.0110121 -0.0094217 -0.0098740 -0.0134588 -0.0104566 -0.0096599 -0.0118776 -0.0107742 -0.0101770 -0.0097076 -0.0117551 -0.0065622 -0.0103116 -0.0076859 -0.0059537 -0.0065777 -0.0110406 -0.0093711 -0.0106997 -0.0092702 -0.0098747 -0.0075144 -0.0145729 -0.0098409 -0.0062792 -0.0114912 -0.0115091 -0.0084510 -0.0125034 -0.0111196 -0.0117972 -0.0091739 -0.0098039 -0.0111084 -0.0100742 -0.0051387 -0.0100082 -0.0100003 -0.0060456 -0.0109323 -0.0110731 -0.0118609
-0.0108452 -0.0348882 -0.0282403 -0.0123106 -0.0139989 -0.0100510 -0.0120434 -0.0107775 -0.0132509 -0.0118023 -0.0136412 -0.0095607 -0.0220150 -0.0126129 -0.0177643 -0.0132259 0.9280351 -0.0034612 -0.0105941 -0.0087161 -0.0079946 -0.0134185 -0.0328818 -0.0123951 -0.0125987 -0.0120972 -0.0088609 -0.0036219 -0.0105074 -0.0380806 -0.0143100 -0.0082458 0.0001407 0.0002793 0.0000162 0.0001035 -0.0001165 -0.0001627 -0.0005347 0.0000142 0.0001929 0.0001528 -0.0006219 -0.0000621 -0.0000046 -0.0000932 -0.0000883 -0.0001833 0.0000044 -0.0001209 0.0005005 0.0001450 0.0004293 0.0004942 0.0003816 0.0001599 0.0001117 -0.0001084 0.0003034 -0.0002701 0.0003324 -0.0011145 0.0001254 0.0004773 -0.0004038 -0.0000135 0.0000401 -0.0005451 -0.0004876 -0.0002662 0.0001897 0.0000435 -0.0001162 -0.0000093 0.0004134 -0.0000826 0.0001045 0.0001773 0.0000351 -0.0000736 -0.0000529
-0.0118569 -0.0377436 -0.0310061 -0.0129150 -0.0151181 -0.0106250 -0.0125934 -0.0104012 -0.0121626 -0.0133035 -0.0147700 -0.0095555 -0.0239186 -0.0125998 -0.0193633 -0.0139430 -0.0034612 1.0077722 -0.0120106 -0.0081079 -0.0079756 -0.0141201 -0.0365456 -0.0127922 -0.0131180 -0.0119883 -0.0100634 -0.0043658 -0.0117444 -0.0420418 -0.0182989 -0.0097372 -0.0006674 -0.0006417 -0.0009445 -0.0007942 -0.0006436 -0.0010199 -0.0012977 -0.0009734 -0.0007389 -0.0008208 -0.0016336 -0.0009397 -0.0005197 -0.0010723 -0.0008854 -0.0007567 -0.0005512 -0.0009331 0.0000187 -0.0008717 -0.0001717 -0.0001981 -0.0001676 -0.0009171 -0.0009195 -0.0011025 -0.0006271 -0.0011256 -0.0003764 -0.0019368 -0.0008687 0.0000161 -0.0011030 -0.0010823 -0.0004966 -0.0013650 -0.0011077 -0.0011108 -0.0007617 -0.0005714 -0.0008106 -0.0009014 -0.0000372 -0.0008801 -0.0008144 -0.0001542 -0.0007898 -0.0009638 -0.0008045
-0.0290861 -0.0532494 -0.0497660 -0.0308786 -0.0353340 -0.0266309 -0.0297187 -0.0256218 -0.0293828 -0.0306309 -0.0347158 -0.0232957 -0.0414540 -0.0311036 -0.0378516 -0.0329589 -0.0105941 -0.0120106 1.5771854 -0.0209175 -0.0207799 -0.0319358 -0.0526055 -0.0315172 -0.0318182 -0.0282864 -0.0255163 -0.0119918 -0.0279677 -0.0540871 -0.0505557 -0.0229009 -0.0071427 -0.0073217 -0.0082963 -0.0081668 -0.0072194 -0.0074896 -0.0090401 -0.0080601 -0.0067867 -0.0076029 -0.0097733 -0.0075212 -0.0070226 -0.0086008 -0.0074670 -0.0070327 -0.0069959 -0.0078182 -0.0045452 -0.0075261 -0.0052663 -0.0045359 -0.0046157 -0.0082976 -0.0068366 -0.0073304 -0.0067111 -0.0073042 -0.0057441 -0.0108082 -0.0070636 -0.0044788 -0.0082182 -0.0086499 -0.0064011 -0.0089870 -0.0079490 -0.0083408 -0.0067862 -0.0069923 -0.0076054 -0.0074155 -0.0041194 -0.0068075 -0.0073507 -0.0044566 -0.0076949 -0.0079838 -0.0079682
-0.0209556 -0.0467885 -0.0413675 -0.0222685 -0.0245284 -0.0189413 -0.0217209 -0.0197270 -0.0222209 -0.0219129 -0.0245968 -0.0175931 -0.0334064 -0.0225740 -0.0296216 -0.0237393 -0.0087161 -0.0081079 -0.0209175 1.2781594 -0.0154853 -0.0239714 -0.0462641 -0.0226469 -0.0223283 -0.0214103 -0.0177997 -0.0084863 -0.0202165 -0.0494868 -0.0451709 -0.0161565 -0.0039016 -0.0040585 -0.0040632 -0.0046308 -0.0038585 -0.0043565 -0.0050458 -0.0045495 -0.0037259 -0.0036835 -0.0056452 -0.0042445 -0.0035272 -0.0046173 -0.0041107 -0.0042577 -0.0038643 -0.0048388 -0.0022708 -0.0036944 -0.0030378 -0.0022643 -0.0024605 -0.0046284 -0.0036726 -0.0041244 -0.0034240 -0.0043242 -0.0027219 -0.0058805 -0.0039350 -0.0020217 -0.0046910 -0.0044485 -0.0030526 -0.0050584 -0.0047660 -0.0045135 -0.0036884 -0.0039148 -0.0042463 -0.0041824 -0.0018823 -0.0043173 -0.0037928 -0.0021252 -0.0041091 -0.0043098 -0.0040375
-0.0211699 -0.0469115 -0.0413800 -0.0222389 -0.0255501 -0.0188878 -0.0220987 -0.0196176 -0.0232573 -0.0218869 -0.0250236 -0.0183962 -0.0332204 -0.0229266 -0.0292726 -0.0243245 -0.0079946 -0.0079756 -0.0207799 -0.0154853 1.2663522 -0.0253445 -0.0462269 -0.0228685 -0.0228377 -0.0217718 -0.0175036 -0.0084276 -0.0205393 -0.0493829 -0.0322909 -0.0158035 -0.0038916 -0.0033574 -0.0041400 -0.0040681 -0.0038877 -0.0040476 -0.0047922 -0.0042230 -0.0036944 -0.0036848 -0.0056581 -0.0037752 -0.0036707 -0.0047065 -0.0040410 -0.0042911 -0.0038868 -0.0045134 -0.0022927 -0.0035749 -0.0024943 -0.0022822 -0.0023672 -0.0042889 -0.0033665 -0.0041285 -0.0033552 -0.0042579 -0.0026917 -0.0059902 -0.0036042 -0.0020960 -0.0048846 -0.0044821 -0.0030656 -0.0055568 -0.0044980 -0.0045899 -0.0032882 -0.0038634 -0.0041182 -0.0040335 -0.0020182 -0.0040658 -0.0039720 -0.0022605 -0.0040405 -0.0043646 -0.0042716
-0.0329474 -0.0588838 -0.0561165 -0.0328310 -0.0381426 -0.0303792 -0.0345406 -0.0302654 -0.0347640 -0.0327109 -0.0376047 -0.0280777 -0.0495317 -0.0359910 -0.0440923 -0.0370579 -0.0134185 -0.0141201 -0.0319358 -0.0239714 -0.0253445 1.8736618 -0.0583563 -0.0357550 -0.0355252 -0.0332234 -0.0290245 -0.0150184 -0.0325109 -0.0610960 -0.0572214 -0.0256355 -0.0098866 -0.0098792 -0.0108987 -0.0112624 -0.0099786 -0.0104367 -0.0119707 -0.0111817 -0.0091135 -0.0097941 -0.0135256 -0.0105448 -0.0094691 -0.0116504 -0.0100883 -0.0101214 -0.0096423 -0.0116991 -0.0066845 -0.0098107 -0.0072156 -0.0062165 -0.0062238 -0.0106360 -0.0089867 -0.0101244 -0.0092186 -0.0099118 -0.0075463 -0.0142777 -0.0095150 -0.0059960 -0.0117928 -0.0113459 -0.0082893 -0.0127617 -0.0109880 -0.0118165 -0.0092154 -0.0102157 -0.0111942 -0.0099468 -0.0057573 -0.0097676 -0.0102473 -0.0056529 -0.0106869 -0.0110384 -0.0115912
-0.0520046 0.2707379 0.1486619 -0.0554189 -0.0623802 -0.0492785 -0.0544148 -0.0506904 -0.0544343 -0.0556638 -0.0613601 -0.0495386 -0.0583091 -0.0563083 -0.0582189 -0.0586146 -0.0328818 -0.0365456 -0.0526055 -0.0462641 -0.0462269 -0.0583563 2.3097732 -0.0555893 -0.0554185 -0.0526622 -0.0483965 -0.0354560 -0.0506481 -0.0677724 -0.0645062 -0.0475231 -0.0237606 -0.0240649 -0.0238646 -0.0238379 -0.0237390 -0.0246582 -0.0254169 -0.0238781 -0.0239720 -0.0234170 -0.0249808 -0.0244224 -0.0236808 -0.0249317 -0.0237030 -0.0234827 -0.0241241 -0.0243572 -0.0218892 -0.0239367 -0.0231072 -0.0223105 -0.0218106 -0.0244613 -0.0235428 -0.0241226 -0.0229207 -0.0247856 -0.0225966 -0.0262935 -0.0237847 -0.0225520 -0.0243522 -0.0247028 -0.0237216 -0.0245575 -0.0253228 -0.0240609 -0.0221284 -0.0234150 -0.0239368 -0.0243435 -0.0232148 -0.0243970 -0.0241141 -0.0210646 -0.0235039 -0.0242128 -0.0239812
-0.0318204 -0.0557547 -0.0531666 -0.0343511 -0.0391575 -0.0287175 -0.0331339 -0.0293284 -0.0329626 -0.0333318 -0.0381368 -0.0259327 -0.0460639 -0.0342849 -0.0418483 -0.0362758 -0.0123951 -0.0127922 -0.0315172 -0.0226469 -0.0228685 -0.0357550 -0.0555893 1.7143213 -0.0343673 -0.0314278 -0.0282415 -0.0133418 -0.0313031 -0.0577016 -0.0531816 -0.0254648 -0.0082957 -0.0088720 -0.0096559 -0.0098457 -0.0087720 -0.0090673 -0.0103795 -0.0096482 -0.0077130 -0.0089118 -0.0117471 -0.0089659 -0.0084261 -0.0100248 -0.0091203 -0.0085308 -0.0084974 -0.0099537 -0.0055679 -0.0085346 -0.0060524 -0.0054605 -0.0054305 -0.0096933 -0.0078739 -0.0089529 -0.0078977 -0.0087113 -0.0065570 -0.0124324 -0.0083506 -0.0051812 -0.0100080 -0.0095797 -0.0068932 -0.0107431 -0.0095774 -0.0099972 -0.0077338 -0.0083888 -0.0093174 -0.0087622 -0.0049403 -0.0083987 -0.0088427 -0.0053040 -0.0094956 -0.0091768 -0.0096153
-0.0322068 -0.0564271 -0.0539408 -0.0332647 -0.0381153 -0.0294278 -0.0329116 -0.0287640 -0.0327477 -0.0324192 -0.0373336 -0.0262488 -0.0461003 -0.0346795 -0.0415933 -0.0358267 -0.0125987 -0.0131180 -0.0318182 -0.0223283 -0.0228377 -0.0355252 -0.0554185 -0.0343673 1.7491069 -0.0312084 -0.0274900 -0.0137381 -0.0305383 -0.0586228 -0.0547521 -0.0251633 -0.0089157 -0.0093359 -0.0101133 -0.0104973 -0.0091332 -0.0097039 -0.0109916 -0.0103858 -0.0083162 -0.0090194 -0.0125108 -0.0094577 -0.0083566 -0.0105710 -0.0091533 -0.0091941 -0.0087130 -0.0102900 -0.0059420 -0.0087806 -0.0064838 -0.0058335 -0.0056626 -0.0099225 -0.0081740 -0.0096830 -0.0081378 -0.0090788 -0.0068197 -0.0130087 -0.0087341 -0.0050629 -0.0103663 -0.0101955 -0.0074068 -0.0108255 -0.0098995 -0.0105907 -0.0080044 -0.0092038 -0.0097757 -0.0090026 -0.0051054 -0.0091146 -0.0092233 -0.0056853 -0.0093871 -0.0103248 -0.0098928
-0.0288376 -0.0537414 -0.0506544 -0.0295541 -0.0341375 -0.0270557 -0.0301521 -0.0272673 -0.0313164 -0.0288600 -0.0338057 -0.0250729 -0.0421810 -0.0311613 -0.0378225 -0.0330116 -0.0120972 -0.0119883 -0.0282864 -0.0214103 -0.0217718 -0.0332234 -0.0526622 -0.0314278 -0.0312084 1.6122077 -0.0244930 -0.0126371 -0.0280588 -0.0555334 -0.0521242 -0.0222648 -0.0076973 -0.0073318 -0.0084327 -0.0085236 -0.0076635 -0.0081447 -0.0093823 -0.0087520 -0.0068487 -0.0074177 -0.0105916 -0.0078961 -0.0074915 -0.0086608 -0.0078299 -0.0074976 -0.0075939 -0.0086284 -0.0048559 -0.0070625 -0.0053618 -0.0043923 -0.0051370 -0.0083501 -0.0070601 -0.0078418 -0.0070280 -0.0079020 -0.0055869 -0.0108855 -0.0072088 -0.0045234 -0.0091333 -0.0083489 -0.0065303 -0.0096456 -0.0087552 -0.0089931 -0.0067315 -0.0076698 -0.0083397 -0.0077182 -0.0040177 -0.0076334 -0.0073912 -0.0044143 -0.0083053 -0.0086868 -0.0088011
-0.0256374 -0.0490589 -0.0444392 -0.0273578 -0.0321698 -0.0230485 -0.0264755 -0.0225728 -0.0250418 -0.0277426 -0.0312392 -0.0203988 -0.0367368 -0.0282526 -0.0337921 -0.0294937 -0.0088609 -0.0100634 -0.0255163 -0.0177997 -0.0175036 -0.0290245 -0.0483965 -0.0282415 -0.0274900 -0.0244930 1.3364134 -0.0104599 -0.0245841 -0.0510793 -0.0469875 -0.0203635 -0.0045872 -0.0051731 -0.0055640 -0.0055473 -0.0051059 -0.0055539 -0.0058911 -0.0056076 -0.0044907 -0.0049158 -0.0067416 -0.0051766 -0.0046382 -0.0055343 -0.0048190 -0.0047901 -0.0045506 -0.0055941 -0.0029863 -0.0051669 -0.0034528 -0.0033044 -0.0026839 -0.0056399 -0.0044664 -0.0053473 -0.0041499 -0.0053342 -0.0035373 -0.0076929 -0.0047557 -0.0026978 -0.0057677 -0.0057403 -0.0042139 -0.0064426 -0.0056854 -0.0055358 -0.0043885 -0.0049398 -0.0050930 -0.0050235 -0.0028772 -0.0051049 -0.0048586 -0.0029965 -0.0051824 -0.0053535 -0.0053303
-0.0121293 -0.0367755 -0.0304355 -0.0132667 -0.0152628 -0.0107692 -0.0130860 -0.0110389 -0.0131019 -0.0133088 -0.0153401 -0.0103029 -0.0233598 -0.0140260 -0.0194509 -0.0149742 -0.0036219 -0.0043658 -0.0119918 -0.0084863 -0.0084276 -0.0150184 -0.0354560 -0.0133418 -0.0137381 -0.0126371 -0.0104599 0.9657423 -0.0115691 -0.0385742 -0.0276257 -0.0092772 -0.0004422 -0.0003959 -0.0005333 -0.0004578 -0.0003824 -0.0006321 -0.0008244 -0.0004786 -0.0002176 -0.0002713 -0.0010367 -0.0003970 -0.0001537 -0.0006059 -0.0005113 -0.0004466 -0.0002319 -0.0006094 0.0002879 -0.0001641 -0.0000825 -0.0000638 0.0001978 -0.0006930 -0.0001987 -0.0006735 -0.0003100 -0.0006701 0.0001124 -0.0017689 -0.0004380 0.0001612 -0.0007242 -0.0007160 -0.0002189 -0.0010420 -0.0007808 -0.0007501 -0.0004721 -0.0003757 -0.0003632 -0.0005184 0.0003326 -0.0006140 -0.0003808 0.0001715 -0.0004300 -0.0005152 -0.0005215
-0.0283732 -0.0513388 -0.0477233 -0.0300767 -0.0352584 -0.0254431 -0.0288042 -0.0255283 -0.0291152 -0.0297321 -0.0344463 -0.0233128 -0.0407040 -0.0309005 -0.0367955 -0.0329268 -0.0105074 -0.0117444 -0.0279677 -0.0202165 -0.0205393 -0.0325109 -0.0506481 -0.0313031 -0.0305383 -0.0280588 -0.0245841 -0.0115691 1.4810361 -0.0538669 -0.0498185 -0.0220885 -0.0063788 -0.0065778 -0.0071248 -0.0074535 -0.0067919 -0.0065020 -0.0079998 -0.0073819 -0.0058721 -0.0065588 -0.0088689 -0.0066537 -0.0060375 -0.0076507 -0.0065677 -0.0063465 -0.0061068 -0.0070544 -0.0038805 -0.0062149 -0.0045965 -0.0041309 -0.0042113 -0.0071509 -0.0059611 -0.0067349 -0.0057267 -0.0066887 -0.0044742 -0.0094531 -0.0066246 -0.0038016 -0.0071859 -0.0072567 -0.0052231 -0.0080960 -0.0073751 -0.0071272 -0.0058831 -0.0062115 -0.0070456 -0.0063680 -0.0035844 -0.0064290 -0.0063372 -0.0038851 -0.0064983 -0.0071877 -0.0072574
-0.0549864 -0.0657339 -0.0646693 -0.0586303 -0.0648609 -0.0513079 -0.0573807 -0.0532421 -0.0569066 -0.0583642 -0.0634358 -0.0517485 0.3291995 -0.0593514 0.1393230 -0.0612768 -0.0380806 -0.0420418 -0.0540871 -0.0494868 -0.0493829 -0.0610960 -0.0677724 -0.0577016 -0.0586228 -0.0555334 -0.0510793 -0.0385742 -0.0538669 2.6334994 -0.0666392 -0.0504441 -0.0279665 -0.0263394 -0.0276635 -0.0276749 -0.0276253 -0.0287900 -0.0281463 -0.0283022 -0.0275614 -0.0256831 -0.0296760 -0.0275179 -0.0268080 -0.0285948 -0.0276967 -0.0276103 -0.0282691 -0.0276779 -0.0254728 -0.0259847 -0.0272570 -0.0256863 -0.0250877 -0.0268898 -0.0265307 -0.0289997 -0.0268579 -0.0294044 -0.0258365 -0.0311417 -0.0271812 -0.0277548 -0.0269702 -0.0286310 -0.0271691 -0.0287293 -0.0291000 -0.0279543 -0.0276865 -0.0262139 -0.0271819 -0.0290994 -0.0247104 -0.0275543 -0.0262954 -0.0254155 -0.0272926 -0.0279875 -0.0279646
-0.0514067 -0.0650698 -0.0624146 -0.0538633 -0.0616386 -0.0479510 -0.0531925 -0.0497675 -0.0537527 -0.0538772 -0.0601310 -0.0479998 -0.0570327 -0.0551728 -0.0562741 -0.0569474 -0.0143100 -0.0182989 -0.0505557 -0.0451709 -0.0322909 -0.0572214 -0.0645062 -0.0531816 -0.0547521 -0.0521242 -0.0469875 -0.0276257 -0.0498185 -0.0666392 2.2420015 -0.0460339 -0.0166475 -0.0192504 -0.0191107 -0.0197687 -0.0190287 -0.0166837 -0.0197573 -0.0176583 -0.0186891 -0.0165811 -0.0194177 -0.0184713 -0.0186878 -0.0181834 -0.0180879 -0.0180186 -0.0168604 -0.0196222 -0.0154294 -0.0182229 -0.0146317 -0.0181443 -0.0165398 -0.0185748 -0.0176954 -0.0190319 -0.0191216 -0.0194778 -0.0159786 -0.0201004 -0.0166119 -0.0162307 -0.0188533 -0.0183205 -0.0148692 -0.0180868 -0.0195912 -0.0169712 -0.0199217 -0.0175861 -0.0180585 -0.0186474 -0.0161869 -0.0187682 -0.0180471 -0.0150089 -0.0191127 -0.0196762 -0.0194876
-0.0238560 -0.0482078 -0.0431867 -0.0254022 -0.0286033 -0.0210720 -0.0240515 -0.0201501 -0.0230084 -0.0254009 -0.0278456 -0.0182788 -0.0348710 -0.0251179 -0.0315505 -0.0263922 -0.0082458 -0.0097372 -0.0229009 -0.0161565 -0.0158035 -0.0256355 -0.0475231 -0.0254648 -0.0251633 -0.0222648 -0.0203635 -0.0092772 -0.0220885 -0.0504441 -0.0460339 1.3159053 -0.0039750 -0.0047497 -0.0052449 -0.0048596 -0.0049540 -0.0049449 -0.0057006 -0.0050438 -0.0043207 -0.0042739 -0.0061515 -0.0047617 -0.0042934 -0.0051173 -0.0048211 -0.0044746 -0.0042294 -0.0050340 -0.0028188 -0.0042606 -0.0031324 -0.0027851 -0.0023464 -0.0052192 -0.0040944 -0.0051793 -0.0040604 -0.0049905 -0.0032977 -0.0066009 -0.0044393 -0.0020333 -0.0049083 -0.0053976 -0.0037367 -0.0056797 -0.0054361 -0.0051284 -0.0040093 -0.0041817 -0.0046677 -0.0047978 -0.0026475 -0.0045291 -0.0043865 -0.0026520 -0.0048735 -0.0047197 -0.0049589
-0.0071670 -0.0245455 -0.0199813 -0.0083013 -0.0113501 -0.0053572 -0.0082478 -0.0061109 -0.0081852 -0.0084012 -0.0106063 -0.0058244 -0.0154245 -0.0092689 -0.0128143 -0.0099423 0.0001407 -0.0006674 -0.0071427 -0.0039016 -0.0038916 -0.0098866 -0.0237606 -0.0082957 -0.0089157 -0.0076973 -0.0045872 -0.0004422 -0.0063788 -0.0279665 -0.0166475 -0.0039750 0.5747637 0.0036847 0.0039534 0.0041883 0.0039261 0.0036338 0.0036937 0.0040127 0.0035852 0.0038817 0.0038251 0.0037293 0.0037051 0.0041417 0.0037359 0.0034581 0.0037873 0.0039112 0.0032164 0.0037266 0.0035620 0.0030643 0.0029876 0.0038989 0.0035215 0.0034761 0.0038199 0.0030548 0.0032253 0.0033211 0.0034635 0.0032417 0.0035908 0.0038347 0.0032003 0.0035300 0.0031790 0.0038908 0.0035570 0.0038080 0.0039039 0.0034432 0.0030376 0.0032454 0.0035984 0.0031419 0.0039948 0.0041295 0.0039475
-0.0071182 -0.0248791 -0.0206654 -0.0091996 -0.0119131 -0.0055869 -0.0084530 -0.0065526 -0.0084624 -0.0086264 -0.0114254 -0.0053433 -0.0147980 -0.0093529 -0.0124655 -0.0099840 0.0002793 -0.0006417 -0.0073217 -0.0040585 -0.0033574 -0.0098792 -0.0240649 -0.0088720 -0.0093359 -0.0073318 -0.0051731 -0.0003959 -0.0065778 -0.0263394 -0.0192504 -0.0047497 0.0036847 0.5372193 0.0043943 0.0044132 0.0039878 0.0039305 0.0038160 0.0042517 0.0037942 0.0041859 0.0040677 0.0039140 0.0040416 0.0043172 0.0039754 0.0038299 0.0040110 0.0044038 0.0034266 0.0039562 0.0036272 0.0032342 0.0033693 0.0041482 0.0037905 0.0037430 0.0042369 0.0033952 0.0035293 0.0035294 0.0036785 0.0034925 0.0038772 0.0041921 0.0034686 0.0038671 0.0034136 0.0042308 0.0038926 0.0040211 0.0041899 0.0038068 0.0031991 0.0036280 0.0038798 0.0032576 0.0042505 0.0042661 0.0043045
-0.0082850 -0.0246916 -0.0206683 -0.0097506 -0.0134427 -0.0062594 -0.0090209 -0.0067121 -0.0091098 -0.0101239 -0.0127050 -0.0059196 -0.0153417 -0.0102862 -0.0134162 -0.0111751 0.0000162 -0.0009445 -0.0082963 -0.0040632 -0.0041400 -0.0108987 -0.0238646 -0.0096559 -0.0101133 -0.0084327 -0.0055640 -0.0005333 -0.0071248 -0.0276635 -0.0191107 -0.0052449 0.0039534 0.0043943 0.4967792 0.0048761 0.0043143 0.0042378 0.0042408 0.0046650 0.0040239 0.0046011 0.0044830 0.0041330 0.0045542 0.0047979 0.0044378 0.0039447 0.0043800 0.0046460 0.0035940 0.0043476 0.0039817 0.0034255 0.0036088 0.0044182 0.0040172 0.0039410 0.0043776 0.0034873 0.0039922 0.0038837 0.0041325 0.0037403 0.0042670 0.0045203 0.0038837 0.0041754 0.0039631 0.0046283 0.0043710 0.0043581 0.0046477 0.0041003 0.0034635 0.0038504 0.0041890 0.0036076 0.0048297 0.0047691 0.0047853
-0.0080457 -0.0247989 -0.0204868 -0.0098941 -0.0134461 -0.0059658 -0.0092433 -0.0069691 -0.0090001 -0.0097523 -0.0130300 -0.0060593 -0.0158588 -0.0107197 -0.0134738 -0.0112771 0.0001035 -0.0007942 -0.0081668 -0.0046308 -0.0040681 -0.0112624 -0.0238379 -0.0098457 -0.0104973 -0.0085236 -0.0055473 -0.0004578 -0.0074535 -0.0276749 -0.0197687 -0.0048596 0.0041883 0.0044132 0.0048761 0.4901221 0.0044734 0.0043072 0.0042350 0.0047123 0.0042898 0.0045191 0.0045088 0.0043877 0.0044777 0.0048691 0.0044705 0.0040094 0.0044724 0.0047438 0.0038323 0.0044071 0.0039547 0.0035726 0.0036689 0.0045031 0.0042090 0.0042309 0.0043720 0.0035921 0.0039813 0.0041138 0.0040007 0.0038629 0.0044823 0.0045306 0.0038541 0.0042234 0.0039452 0.0046416 0.0043191 0.0045598 0.0045798 0.0041453 0.0035354 0.0039424 0.0043670 0.0036042 0.0048348 0.0046464 0.0047759
-0.0075454 -0.0247598 -0.0202452 -0.0091005 -0.0117354 -0.0054824 -0.0082569 -0.0065109 -0.0085099 -0.0090465 -0.0117205 -0.0054925 -0.0154450 -0.0094030 -0.0125610 -0.0102307 -0.0001165 -0.0006436 -0.0072194 -0.0038585 -0.0038877 -0.0099786 -0.0237390 -0.0087720 -0.0091332 -0.0076635 -0.0051059 -0.0003824 -0.0067919 -0.0276253 -0.0190287 -0.0049540 0.0039261 0.0039878 0.0043143 0.0044734 0.5323119 0.0039541 0.0039941 0.0042591 0.0037441 0.0041749 0.0043203 0.0040397 0.0042656 0.0044854 0.0041268 0.0036075 0.0040326 0.0042453 0.0034237 0.0041063 0.0036909 0.0033444 0.0033850 0.0043422 0.0038314 0.0037083 0.0040231 0.0034302 0.0037443 0.0036823 0.0037953 0.0034311 0.0039877 0.0041695 0.0036631 0.0038248 0.0035707 0.0043756 0.0040127 0.0040815 0.0044505 0.0038774 0.0031785 0.0036530 0.0038963 0.0032979 0.0044552 0.0042351 0.0044193
-0.0074025 -0.0255626 -0.0207829 -0.0092403 -0.0123838 -0.0056424 -0.0085040 -0.0067095 -0.0089296 -0.0089810 -0.0119103 -0.0056971 -0.0157370 -0.0098516 -0.0131935 -0.0107566 -0.0001627 -0.0010199 -0.0074896 -0.0043565 -0.0040476 -0.0104367 -0.0246582 -0.0090673 -0.0097039 -0.0081447 -0.0055539 -0.0006321 -0.0065020 -0.0287900 -0.0166837 -0.0049449 0.0036338 0.0039305 0.0042378 0.0043072 0.0039541 0.5444869 0.0037954 0.0043802 0.0036748 0.0041455 0.0040760 0.0037069 0.0040623 0.0042887 0.0038659 0.0036079 0.0039874 0.0042455 0.0034426 0.0039413 0.0036210 0.0031731 0.0033054 0.0039328 0.0036600 0.0036772 0.0040652 0.0033621 0.0035600 0.0035760 0.0036496 0.0035746 0.0038734 0.0039483 0.0034486 0.0035827 0.0033692 0.0041523 0.0038940 0.0039167 0.0040384 0.0036282 0.0030421 0.0034122 0.0038229 0.0033364 0.0042446 0.0042600 0.0043541
-0.0085444 -0.0261417 -0.0218390 -0.0104234 -0.0142486 -0.0066609 -0.0099046 -0.0079843 -0.0097521 -0.0104250 -0.0136159 -0.0067825 -0.0163644 -0.0112582 -0.0143120 -0.0123844 -0.0005347 -0.0012977 -0.0090401 -0.0050458 -0.0047922 -0.0119707 -0.0254169 -0.0103795 -0.0109916 -0.0093823 -0.0058911 -0.0008244 -0.0079998 -0.0281463 -0.0197573 -0.0057006 0.0036937 0.0038160 0.0042408 0.0042350 0.0039941 0.0037954 0.5310350 0.0039885 0.0036057 0.0040492 0.0039605 0.0040351 0.0040337 0.0042383 0.0036749 0.0034795 0.0039844 0.0042941 0.0032827 0.0039906 0.0037210 0.0031158 0.0031839 0.0041150 0.0036544 0.0036538 0.0042106 0.0034072 0.0036255 0.0034986 0.0037584 0.0034575 0.0037827 0.0039655 0.0035369 0.0038186 0.0033797 0.0041916 0.0039095 0.0041619 0.0041773 0.0038031 0.0034094 0.0034799 0.0038784 0.0033681 0.0042866 0.0041725 0.0043048
-0.0080881 -0.0248714 -0.0206432 -0.0098425 -0.0132897 -0.0063729 -0.0093464 -0.0068413 -0.0091705 -0.0100923 -0.0129970 -0.0058417 -0.0158196 -0.0107103 -0.0135518 -0.0110121 0.0000142 -0.0009734 -0.0080601 -0.0045495 -0.0042230 -0.0111817 -0.0238781 -0.0096482 -0.0103858 -0.0087520 -0.0056076 -0.0004786 -0.0073819 -0.0283022 -0.0176583 -0.0050438 0.0040127 0.0042517 0.0046650 0.0047123 0.0042591 0.0043802 0.0039885 0.5027008 0.0040243 0.0044710 0.0046005 0.0041405 0.0044863 0.0049896 0.0042053 0.0040395 0.0042135 0.0044214 0.0035697 0.0042790 0.0039000 0.0034505 0.0034939 0.0043482 0.0041523 0.0039992 0.0044083 0.0035831 0.0038982 0.0039463 0.0039517 0.0036299 0.0041627 0.0044513 0.0037749 0.0040334 0.0037511 0.0044985 0.0041895 0.0045706 0.0044733 0.0040046 0.0032859 0.0038784 0.0041864 0.0034743 0.0045844 0.0046624 0.0047899
-0.0068236 -0.0249571 -0.0202023 -0.0081544 -0.0102785 -0.0050016 -0.0072239 -0.0056316 -0.0076802 -0.0081810 -0.0099415 -0.0050204 -0.0148932 -0.0082993 -0.0121913 -0.0094217 0.0001929 -0.0007389 -0.0067867 -0.0037259 -0.0036944 -0.0091135 -0.0239720 -0.0077130 -0.0083162 -0.0068487 -0.0044907 -0.0002176 -0.0058721 -0.0275614 -0.0186891 -0.0043207 0.0035852 0.0037942 0.0040239 0.0042898 0.0037441 0.0036748 0.0036057 0.0040243 0.5697849 0.0040284 0.0041211 0.0037185 0.0038686 0.0041384 0.0038104 0.0034905 0.0037726 0.0039362 0.0032188 0.0036693 0.0034039 0.0031480 0.0031622 0.0039112 0.0036218 0.0036255 0.0036977 0.0030718 0.0034161 0.0034376 0.0036115 0.0032927 0.0036581 0.0039522 0.0033170 0.0035683 0.0033343 0.0040007 0.0037331 0.0038193 0.0039375 0.0036286 0.0029236 0.0034700 0.0036943 0.0032699 0.0040300 0.0039973 0.0042366
-0.0071037 -0.0240859 -0.0198791 -0.0086326 -0.0113595 -0.0052985 -0.0080136 -0.0059535 -0.0084107 -0.0086092 -0.0115065 -0.0053197 -0.0147256 -0.0089722 -0.0124004 -0.0098740 0.0001528 -0.0008208 -0.0076029 -0.0036835 -0.0036848 -0.0097941 -0.0234170 -0.0089118 -0.0090194 -0.0074177 -0.0049158 -0.0002713 -0.0065588 -0.0256831 -0.0165811 -0.0042739 0.0038817 0.0041859 0.0046011 0.0045191 0.0041749 0.0041455 0.0040492 0.0044710 0.0040284 0.5243245 0.0042709 0.0040990 0.0041273 0.0046499 0.0042505 0.0037595 0.0041703 0.0045704 0.0034795 0.0041650 0.0037811 0.0032673 0.0033992 0.0043708 0.0039137 0.0037269 0.0040771 0.0036439 0.0037819 0.0038263 0.0038911 0.0035619 0.0039158 0.0041823 0.0036763 0.0040058 0.0037324 0.0043047 0.0040140 0.0042174 0.0042737 0.0038570 0.0032307 0.0038024 0.0040073 0.0033808 0.0045278 0.0044375 0.0045218
-0.0098726 -0.0258186 -0.0217903 -0.0120114 -0.0161025 -0.0077739 -0.0109559 -0.0083194 -0.0113888 -0.0117253 -0.0153243 -0.0073467 -0.0177347 -0.0127213 -0.0156982 -0.0134588 -0.0006219 -0.0016336 -0.0097733 -0.0056452 -0.0056581 -0.0135256 -0.0249808 -0.0117471 -0.0125108 -0.0105916 -0.0067416 -0.0010367 -0.0088689 -0.0296760 -0.0194177 -0.0061515 0.0038251 0.0040677 0.0044830 0.0045088 0.0043203 0.0040760 0.0039605 0.0046005 0.0041211 0.0042709 0.5041692 0.0041693 0.0042950 0.0044824 0.0040926 0.0037100 0.0042527 0.0043517 0.0036653 0.0041799 0.0036784 0.0035127 0.0036839 0.0042529 0.0038325 0.0037740 0.0043708 0.0034895 0.0037586 0.0036040 0.0038687 0.0036096 0.0042245 0.0042217 0.0036869 0.0039909 0.0034616 0.0045028 0.0042392 0.0043134 0.0045455 0.0039704 0.0032290 0.0035620 0.0039658 0.0037319 0.0044727 0.0044361 0.0045325
-0.0076769 -0.0256048 -0.0208979 -0.0091942 -0.0118831 -0.0057934 -0.0086722 -0.0066219 -0.0083477 -0.0089858 -0.0116192 -0.0054467 -0.0151466 -0.0098544 -0.0131883 -0.0104566 -0.0000621 -0.0009397 -0.0075212 -0.0042445 -0.0037752 -0.0105448 -0.0244224 -0.0089659 -0.0094577 -0.0078961 -0.0051766 -0.0003970 -0.0066537 -0.0275179 -0.0184713 -0.0047617 0.0037293 0.0039140 0.0041330 0.0043877 0.0040397 0.0037069 0.0040351 0.0041405 0.0037185 0.0040990 0.0041693 0.5481857 0.0041871 0.0042949 0.0038317 0.0035389 0.0039199 0.0042989 0.0034248 0.0038071 0.0036719 0.0034273 0.0032393 0.0040556 0.0037893 0.0036667 0.0038752 0.0031890 0.0035077 0.0036080 0.0036799 0.0033530 0.0038451 0.0041256 0.0034660 0.0036991 0.0033530 0.0041333 0.0039096 0.0040489 0.0041758 0.0038325 0.0030476 0.0035314 0.0039540 0.0032440 0.0041982 0.0042225 0.0043011
-0.0066190 -0.0246505 -0.0197359 -0.0082476 -0.0111567 -0.0052018 -0.0080701 -0.0060022 -0.0080827 -0.0082352 -0.0105411 -0.0053478 -0.0146206 -0.0086558 -0.0121098 -0.0096599 -0.0000046 -0.0005197 -0.0070226 -0.0035272 -0.0036707 -0.0094691 -0.0236808 -0.0084261 -0.0083566 -0.0074915 -0.0046382 -0.0001537 -0.0060375 -0.0268080 -0.0186878 -0.0042934 0.0037051 0.0040416 0.0045542 0.0044777 0.0042656 0.0040623 0.0040337 0.0044863 0.0038686 0.0041273 0.0042950 0.0041871 0.5356457 0.0043232 0.0041788 0.0036895 0.0041194 0.0042931 0.0034969 0.0041748 0.0037334 0.0033317 0.0033093 0.0041218 0.0038936 0.0037607 0.0042323 0.0034477 0.0037229 0.0037907 0.0038620 0.0035480 0.0039701 0.0041088 0.0036413 0.0038919 0.0035944 0.0042636 0.0040443 0.0040719 0.0042283 0.0039518 0.0032254 0.0037241 0.0039083 0.0033591 0.0044875 0.0043927 0.0044272
