0.9570825 -0.0756716 0.0252995 -0.0077349 0.0053310 -0.0076638 -0.0419285 0.0100229 -0.0186319 -0.0706855 0.0691466 0.0365974 0.1131634 -0.0196964 -0.0411963 -0.0227466 0.0553659 0.0425674 -0.0722338 -0.0049098 -0.0800025 -0.0206348 0.0215777 -0.0310233 -0.0079206 -0.0777701 -0.0232904 0.0546271 0.0021377 0.0065613 -0.0376643 -0.0049488 0.0836581 0.0169555 -0.0386687 -0.0357781 0.0005961 -0.0227144 -0.0278388 -0.0085781 -0.0696924 0.0160338 -0.0020578 -0.0015114 -0.0552195 -0.0266145 -0.0377692 -0.0186745 0.0602041 0.0648362 0.0013911 0.0269795 0.0253729 0.0531757 -0.0100016 0.0267501 -0.0937147 0.0038765 0.0589144 0.0516080 -0.0411252 -0.0207454 -0.0266381 -0.0225028 -0.0589320 -0.0241451 -0.1120656 -0.0270184 0.0399493 -0.0428340 -0.0119990 -0.0437730 -0.0434389 -0.0418616 -0.0183909 0.0009405 0.0408631 -0.0521800 0.0737489 0.0370149 -0.0447194
-0.0756716 1.1511099 -0.0371681 0.0262089 -0.0011342 0.0016640 0.0414821 -0.0448768 0.0132693 0.0696451 0.0057220 -0.0312782 -0.0447989 0.0666435 -0.0776149 -0.0364009 0.0007805 0.0136958 -0.0312902 0.1137998 -0.0376912 0.0146134 0.0084937 -0.0147545 -0.0335804 0.0447424 -0.0535186 -0.0017963 0.0764507 0.0129743 -0.0400376 0.0665817 0.0202727 -0.0235812 0.0437164 -0.0236634 -0.0826992 -0.0448937 0.0025675 -0.0318306 -0.0567752 0.0477894 0.0102706 -0.0882288 -0.0699265 0.0688463 -0.0446892 -0.0598693 -0.0636901 0.0172913 -0.0402000 -0.0421237 -0.0902185 -0.0220006 -0.0341218 -0.0087968 0.0235051 -0.0434399 0.0206241 -0.0714932 -0.0444393 -0.0200259 -0.0323461 -0.0150974 0.0811005 0.0558008 -0.0206487 0.0258488 -0.0508625 0.0637329 0.0535531 0.0224904 -0.0371051 -0.0405247 -0.0510057 -0.0930249 -0.0635894 -0.0126623 -0.0280620 -0.0258115 -0.0334511
0.0252995 -0.0371681 0.8817207 0.0121388 0.1737825 0.0589381 0.0220881 -0.0179840 0.0358157 -0.0339971 0.0458500 0.0322056 0.0575358 0.0076519 0.0221878 -0.0185133 -0.0398368 0.0306674 -0.0123852 -0.0755344 -0.0634379 0.0225147 -0.0576472 -0.0679912 -0.0675936 -0.0970866 0.0238847 0.0300421 -0.0384434 -0.0228138 0.0160555 0.0753681 -0.0369655 -0.0579404 -0.0212064 0.0224905 -0.0329081 -0.0290193 -0.0759197 -0.0277423 -0.0197442 -0.0515448 0.0882237 -0.1215219 -0.0338142 -0.0377923 -0.0085226 0.0026542 -0.0910646 -0.0547633 0.0628493 -0.0670938 -0.0330811 -0.0038560 0.0621303 -0.0321850 0.0112217 0.0259373 0.0099433 0.0317574 0.0683521 -0.0093371 -0.0195094 -0.0436066 0.0070954 -0.0750075 -0.0410798 -0.0393782 0.1146675 0.0002863 -0.0184704 -0.0505537 0.0579243 0.0063790 -0.0230105 -0.0883236 -0.0769994 -0.0014123 0.0094671 -0.0585777 0.0155343
-0.0077349 0.0262089 0.0121388 1.0964578 0.0440545 0.0721249 0.0238985 -0.0409639 0.1122264 0.0485495 0.0812652 -0.0050944 0.0188366 0.1159920 -0.0771518 0.1221052 -0.1371406 0.0515828 -0.0732841 -0.0510371 -0.0452609 -0.0000277 -0.0160701 -0.1339003 0.0314055 0.0461266 -0.0319989 -0.0326233 -0.0553564 -0.0287361 0.0134183 0.0544847 -0.0290753 -0.2026599 0.0997740 -0.0886431 -0.1169456 0.0046374 -0.0920361 0.0366020 -0.0547546 0.1842727 -0.0776593 -0.1414321 -0.0036783 0.0524576 0.0545982 -0.1086870 -0.0563159 0.0312603 -0.1179786 -0.0430104 -0.0997372 -0.0587502 -0.0624477 -0.0461974 0.0473382 0.0136339 -0.0379513 -0.0925927 0.0185055 0.0310695 0.0411881 -0.0076537 -0.0150184 -0.0724289 0.0743265 -0.0340275 0.0143579 -0.0501416 -0.0314319 -0.0406579 0.0705108 0.0509091 -0.0794879 -0.1502815 -0.0832774 0.0806805 0.0479807 0.0485142 -0.0094428
0.0053310 -0.0011342 0.1737825 0.0440545 1.2272793 -0.0221934 -0.0283264 -0.0256073 -0.0248516 0.0291802 -0.0538273 -0.0091104 0.0447671 0.0356855 -0.1186679 -0.0060046 0.0174609 -0.0595157 -0.0479420 -0.0197616 0.0290480 0.0368216 -0.0124113 -0.0252095 -0.0602366 -0.0544935 -0.0908573 0.0296288 -0.1112640 0.0600816 -0.0263499 -0.0091557 -0.0427769 -0.0655221 -0.0492407 -0.0471595 0.1426095 -0.0548328 -0.0716349 -0.0639562 0.0756961 -0.0188699 0.0029333 -0.0352743 0.0052272 -0.0978667 -0.0199413 0.0289227 -0.0743813 -0.0336214 0.0125633 -0.0695859 -0.0277279 -0.0400368 0.0068085 -0.0237345 -0.0531534 -0.0173861 -0.0468786 -0.0051135 0.0257814 -0.0818728 0.0483687 0.0530022 0.0489550 -0.0044658 -0.0635271 -0.0054186 0.0166488 -0.0266696 0.0273615 -0.0242972 0.0202943 0.0012424 0.0056553 -0.0007911 -0.0101889 -0.0189965 0.0475090 -0.0722050 -0.0249206
-0.0076638 0.0016640 0.0589381 0.0721249 -0.0221934 0.8584438 -0.0261612 0.0615318 -0.0274585 -0.0626294 -0.0775929 -0.0277403 0.0116957 -0.0335002 0.0114458 -0.0938147 0.0237433 -0.0409875 -0.0431641 0.0251866 -0.0494603 0.0095458 -0.0754697 -0.0092211 0.0835931 -0.0642789 0.0612871 0.0346521 0.0359890 0.0927942 -0.0194578 -0.0086122 -0.0261798 -0.0097095 0.0315823 0.0494645 0.0772085 -0.0163694 -0.0128502 -0.0514830 -0.0062199 -0.0558871 -0.0251061 -0.0021198 0.0011887 -0.0506263 -0.0316987 0.0931122 -0.0422672 -0.0150633 0.0910063 -0.0171043 0.0312288 -0.0149094 0.0528176 -0.0602810 0.0169656 0.0113518 -0.0184357 -0.0525556 -0.0392346 0.0173691 -0.0388318 -0.0443300 0.0004514 -0.0590125 -0.0666415 0.0514956 -0.0165698 -0.0322556 -0.0070334 -0.0501205 -0.0464336 -0.0224944 0.0720453 -0.0083072 -0.0240453 -0.0435967 -0.0337561 -0.0700380 0.0415452
-0.0419285 0.0414821 0.0220881 0.0238985 -0.0283264 -0.0261612 0.7848654 -0.0214902 -0.0163942 0.0481387 -0.0168891 0.0132741 0.0232735 0.0687010 -0.0526163 0.0077944 -0.0409939 0.0303632 -0.0027281 -0.0390302 -0.0292370 -0.0261249 0.0108238 -0.0057425 -0.0175378 0.0429422 -0.0189923 -0.0001652 -0.0612806 -0.0335486 0.0175228 -0.0216922 -0.0039494 -0.0997116 0.0065261 -0.0308676 -0.0434165 0.0180893 -0.0287669 -0.0391394 -0.0213543 0.0285906 -0.0070255 -0.0892606 -0.0150706 0.0261552 0.0241955 -0.0834594 0.0370425 -0.0634971 -0.0380962 -0.0811036 -0.0229244 0.0924812 -0.0256899 -0.0155020 -0.0359446 0.0000781 0.0112003 -0.0326684 0.0576385 0.0280188 0.0007320 0.0512909 -0.0465604 0.0030963 0.0656642 -0.0015816 -0.0150663 0.0237910 0.0259155 0.0192627 0.0299470 0.0423491 -0.0455074 -0.0751846 -0.0561427 0.0063026 0.0377100 0.0046772 0.0214617
0.0100229 -0.0448768 -0.0179840 -0.0409639 -0.0256073 0.0615318 -0.0214902 0.7313078 -0.0132432 -0.0319063 -0.0451363 -0.0000103 0.0545415 0.0027428 -0.0187508 0.0024864 0.0067449 0.0153731 -0.0357511 -0.0014377 -0.0521992 -0.0324112 0.0332538 -0.1104432 0.0180534 -0.0286107 0.0377781 -0.0219290 -0.0414455 0.0075133 0.0120885 0.0302280 0.0177464 -0.0795897 0.0185353 -0.0542927 0.0186602 0.0070500 -0.0855697 0.1184125 -0.0336991 -0.0160264 -0.0011461 -0.0444250 -0.0112315 0.0109934 -0.0002786 -0.0325784 -0.0361058 -0.0143525 -0.0332331 0.0028357 -0.0314717 0.0067961 -0.0029865 0.0218256 -0.0271642 0.0143037 -0.0072024 0.0128871 -0.0082100 -0.0004991 0.0143793 0.0156639 -0.0442907 -0.0074875 -0.0560085 0.0916514 0.0182668 0.0761843 0.0397098 -0.0007644 -0.0183460 -0.0244786 -0.0035186 0.0389161 -0.0072866 -0.0179113 -0.0132193 0.0402956 -0.0242420
-0.0186319 0.0132693 0.0358157 0.1122264 -0.0248516 -0.0274585 -0.0163942 -0.0132432 0.9211289 -0.0668941 0.0877595 -0.0189035 -0.0366549 0.0944948 0.0993796 0.1366685 -0.1779840 0.1821699 -0.1734145 -0.0361428 -0.0431098 -0.0499972 0.0261632 -0.1615610 -0.0491132 0.0369528 0.0345746 0.0095240 -0.0176781 -0.0113710 0.0981269 0.1385243 0.0724416 -0.1880298 0.1001196 -0.1229924 -0.0823888 -0.0042795 -0.1530458 0.0779590 -0.0233667 0.0334208 0.0084820 -0.1266300 -0.0340743 0.0891591 0.0814159 -0.1314807 -0.0926671 -0.0796288 -0.0617655 -0.0620032 -0.0783333 -0.0459872 -0.0809469 -0.0606615 -0.0124577 0.0086541 0.0248421 -0.0228644 0.0152634 0.0601270 0.0497769 0.0477412 -0.0466978 -0.0250644 0.0988605 -0.0250292 0.0384785 -0.0399170 -0.0246426 0.0463672 0.0186857 -0.0077923 -0.1374716 -0.1998825 -0.0067581 0.0994137 -0.0002357 0.0943039 -0.0244758
-0.0706855 0.0696451 -0.0339971 0.0485495 0.0291802 -0.0626294 0.0481387 -0.0319063 -0.0668941 1.0762732 -0.0138565 0.0172230 -0.0290575 -0.0677976 -0.1174525 -0.0489846 0.0490174 -0.0596378 0.0409676 -0.0215442 0.0434830 0.0158433 0.0130217 -0.0300733 -0.0733832 0.1035356 -0.0128103 -0.0443581 -0.0658320 -0.0369835 -0.0113707 -0.0966384 -0.0452734 0.0245336 -0.1058705 -0.0001257 -0.0018795 0.0121146 0.0408900 -0.0884871 -0.0291576 0.0458222 -0.0322769 0.0686192 -0.0318878 0.0036367 0.0273748 0.0337987 -0.0064518 -0.0434019 -0.0496992 0.0266690 0.0218011 -0.0151459 0.0020762 -0.0121664 -0.0096209 -0.0362596 -0.0308806 -0.0354231 0.0207127 0.0795432 -0.0383961 -0.0158024 -0.0235802 0.0666642 -0.0813216 -0.0110808 -0.0484136 -0.0343910 -0.0283135 -0.0314289 -0.0188073 0.1379440 0.0281408 0.0405847 -0.0293192 -0.0217183 0.0060172 -0.0600123 0.0073420
0.0691466 0.0057220 0.0458500 0.0812652 -0.0538273 -0.0775929 -0.0168891 -0.0451363 0.0877595 -0.0138565 1.1496013 0.0500159 -0.0444247 0.0282136 0.0043689 0.1159797 -0.1035558 0.0911070 -0.0194976 -0.0121438 0.0514005 -0.0553455 -0.0792702 0.0631750 -0.1108174 -0.0013817 0.0166173 0.0134827 -0.0584320 -0.1127795 -0.0222736 -0.0757493 -0.0159544 -0.0679364 0.0653668 -0.0304929 -0.0513602 -0.0001402 -0.0790164 0.1391178 -0.0450261 0.0048279 -0.0886787 -0.1387132 -0.0074769 0.0726768 -0.0035952 -0.0171145 -0.0508736 -0.0144922 -0.0977169 -0.0863232 -0.0032570 -0.0096386 -0.0548178 -0.0958956 -0.0228766 0.0149732 0.0946345 0.0194978 -0.0127140 0.0369410 0.0030980 0.0108382 -0.0417789 -0.0232471 0.0402915 0.0021146 0.0714211 -0.0661226 -0.0055883 -0.0357243 -0.0503074 0.0264241 -0.0943935 -0.1250487 0.0346275 0.0318452 0.0091535 0.0840976 -0.0822935
0.0365974 -0.0312782 0.0322056 -0.0050944 -0.0091104 -0.0277403 0.0132741 -0.0000103 -0.0189035 0.0172230 0.0500159 0.8683085 0.0114300 -0.0315052 0.0187315 0.1265518 -0.0178166 -0.0099174 -0.0508722 -0.0034006 -0.0236287 -0.0035655 0.0652344 0.0200910 -0.0043441 -0.0414407 -0.0462969 -0.0095136 0.0191630 -0.0736244 -0.0205696 -0.0677473 -0.0143692 -0.0531467 0.0003897 -0.0435144 -0.0014197 -0.0017039 -0.0487118 0.0492076 -0.0352299 -0.0046784 0.0617972 -0.0714120 0.0033362 -0.0035258 -0.0160387 0.0049817 -0.0438161 -0.0266314 -0.0111910 -0.0249995 -0.0246203 -0.0250071 0.0188879 -0.0125136 -0.0446417 -0.0009290 0.0265417 -0.0152360 0.0295116 -0.0076777 -0.0141007 0.0162180 0.0058064 -0.0162631 0.0278298 -0.0014186 0.0333138 0.0233777 -0.0037443 -0.0131654 -0.0030674 0.0241765 -0.0203964 -0.0241859 -0.0117164 0.0481362 -0.0221532 0.0222681 -0.0101085
0.1131634 -0.0447989 0.0575358 0.0188366 0.0447671 0.0116957 0.0232735 0.0545415 -0.0366549 -0.0290575 -0.0444247 0.0114300 0.9343625 -0.0091056 -0.0074676 0.0248766 -0.0285847 0.0107354 -0.0687449 -0.1047712 0.0082338 -0.0052264 -0.0201931 -0.0573823 -0.0121403 -0.0510650 -0.0409603 -0.0162668 -0.1005856 -0.0089192 0.0095526 -0.0630012 -0.0155340 -0.0730520 0.0038105 -0.0972372 -0.0468856 -0.0301346 -0.0283658 0.0819591 -0.0113970 -0.0171481 -0.0658137 -0.0468159 -0.0203376 -0.0061385 0.0548539 -0.0152911 0.0062666 -0.0631176 -0.0423595 0.0167307 -0.0383284 0.0191180 -0.0424481 -0.0273244 0.0142998 -0.0367087 0.0064977 -0.0181006 0.0967552 0.0298188 0.0088265 -0.0465342 -0.0293316 0.0064479 0.0220330 -0.0011797 -0.0181795 0.0305647 -0.0461685 0.0182879 0.1046098 -0.0410438 0.0022814 0.0596081 0.0418842 0.0077536 0.0103002 0.0541076 -0.0201331
-0.0196964 0.0666435 0.0076519 0.1159920 0.0356855 -0.0335002 0.0687010 0.0027428 0.0944948 -0.0677976 0.0282136 -0.0315052 -0.0091056 1.0216872 0.0044806 0.0549656 -0.1253608 0.1144551 -0.1646590 0.0021171 -0.0876548 -0.1568773 0.0316102 -0.0707677 -0.0692218 -0.0329785 0.0386739 -0.0745292 -0.1266434 0.0445598 0.0881836 -0.0178391 0.0415196 -0.0621817 0.1060469 -0.1146587 -0.0158721 -0.0193070 -0.1809432 0.0219609 0.0218583 0.1422893 0.0214388 -0.1622654 -0.0011559 0.0429505 0.0420185 -0.1291513 0.0220867 -0.0793267 -0.0842782 -0.0834204 -0.0527675 -0.0202751 -0.0799922 -0.0061411 -0.0248317 -0.0308347 0.0244740 0.0109827 0.0325368 0.0700669 0.0519592 -0.0031866 0.0026800 -0.1062749 0.1023560 0.0627945 0.0442456 -0.0150043 0.0076533 0.0502362 -0.0289395 -0.1002107 -0.1317244 -0.1131709 -0.0875631 0.0942494 0.1480834 0.0926806 -0.0667060
-0.0411963 -0.0776149 0.0221878 -0.0771518 -0.1186679 0.0114458 -0.0526163 -0.0187508 0.0993796 -0.1174525 0.0043689 0.0187315 -0.0074676 0.0044806 1.0971946 -0.0425744 -0.0972173 0.0217804 -0.0786805 -0.0537724 0.0838083 -0.1587215 -0.0803345 -0.0118477 -0.0796067 -0.0303373 -0.0297636 0.0191326 -0.0565821 0.0963170 0.1953623 0.0133742 0.0248218 -0.0722591 -0.0163798 0.0810583 -0.0120841 -0.0101657 0.0027673 0.0188928 -0.0315674 0.0110605 0.0497709 -0.0522037 -0.0422448 0.0149425 -0.0503957 -0.0226072 -0.0741278 -0.0132452 0.0879399 -0.0121099 0.0127412 0.0417404 0.0203979 -0.0387745 -0.0003861 0.0109571 -0.0224135 -0.0785287 0.0717506 0.0094518 0.0893540 0.0051596 -0.0301664 -0.0529662 -0.0170558 -0.0440144 0.0725047 0.0279610 -0.0242596 -0.0106914 -0.0467273 -0.0561646 -0.0792222 -0.0524549 -0.0136809 0.0531000 -0.0584539 0.0597414 0.0321537
-0.0227466 -0.0364009 -0.0185133 0.1221052 -0.0060046 -0.0938147 0.0077944 0.0024864 0.1366685 -0.0489846 0.1159797 0.1265518 0.0248766 0.0549656 -0.0425744 1.0772192 -0.1562919 0.1118172 -0.1473638 -0.0174515 -0.0924837 -0.0655093 0.0586120 -0.2070168 0.0426457 0.0763127 -0.0526500 -0.1513060 -0.0212017 0.0749637 0.0665392 -0.0091160 0.0017863 -0.1762573 0.1514247 -0.1571971 -0.1360088 -0.0312845 -0.1841908 0.0957441 -0.0446482 0.0882574 0.0078257 -0.1864796 0.0354360 0.0389232 0.0650784 -0.1079114 -0.0419605 -0.0506491 -0.1331594 -0.0421903 -0.1018732 -0.0335208 -0.1017756 -0.0384867 0.0802447 -0.0030670 0.0758553 -0.0621347 0.0367011 0.0161148 0.0272866 0.0344030 -0.0399885 -0.0403634 0.1655209 0.0384997 0.0311779 -0.0482634 -0.0067619 -0.0210544 0.1069699 0.0145619 -0.1546858 -0.2262892 -0.0531648 0.1860195 -0.0153706 0.1283403 -0.0678185
0.0553659 0.0007805 -0.0398368 -0.1371406 0.0174609 0.0237433 -0.0409939 0.0067449 -0.1779840 0.0490174 -0.1035558 -0.0178166 -0.0285847 -0.1253608 -0.0972173 -0.1562919 1.2892786 -0.1247981 0.1592419 -0.0449700 0.0614056 0.0480791 -0.0112006 0.1511421 0.0112669 -0.0910420 -0.1196562 0.0478273 0.0750337 -0.0666888 -0.0902245 -0.0872824 -0.0118724 0.3194731 -0.1716648 0.2807553 0.1253161 0.0278176 0.0750261 -0.1675459 0.0225345 -0.1171295 0.0454219 0.1479851 -0.0194771 -0.1214281 -0.0854006 0.0979125 0.1146028 0.1271576 0.1325961 0.0800966 0.0304650 0.0450681 0.0932821 -0.0071270 -0.0112518 -0.0250270 -0.0152227 0.0377983 0.0084129 -0.0569369 -0.1044744 -0.0999160 -0.0243685 0.0392072 -0.2181175 0.0005993 -0.0367109 0.0279076 -0.0095315 -0.0141804 -0.0746679 0.0261887 0.1554529 0.1833807 0.0674827 -0.1731169 -0.0608893 -0.1456852 0.0655103
0.0425674 0.0136958 0.0306674 0.0515828 -0.0595157 -0.0409875 0.0303632 0.0153731 0.1821699 -0.0596378 0.0911070 -0.0099174 0.0107354 0.1144551 0.0217804 0.1118172 -0.1247981 0.8755795 -0.1031397 -0.0201423 -0.0833891 -0.0376746 0.0309360 -0.1123643 -0.0454116 -0.0062984 0.0081004 -0.1157834 -0.0718999 -0.0095270 0.1059630 0.0005599 0.0466391 -0.1476824 0.1011548 -0.1458051 -0.1013239 0.0416599 -0.1732716 0.0807450 -0.0312027 0.0547913 -0.0090061 -0.1535788 -0.0011208 0.1302432 0.0339765 -0.0901034 -0.0091316 -0.0707268 -0.0928831 -0.1018946 -0.0349341 0.0031427 -0.0686435 -0.0426359 -0.0079047 -0.0048873 0.0117267 0.0187472 0.0330229 0.0813151 0.0594178 0.0383682 -0.0214892 0.0241584 0.1554759 -0.0011164 0.0744205 -0.0024303 0.0132646 0.0104944 0.0222021 -0.0697295 -0.1116006 -0.1508694 -0.0593645 0.1233806 0.0167114 0.1277031 -0.0646335
-0.0722338 -0.0312902 -0.0123852 -0.0732841 -0.0479420 -0.0431641 -0.0027281 -0.0357511 -0.1734145 0.0409676 -0.0194976 -0.0508722 -0.0687449 -0.1646590 -0.0786805 -0.1473638 0.1592419 -0.1031397 0.9703001 0.0146017 0.1205314 0.0306456 -0.0993315 0.2940076 -0.0097801 -0.0477181 -0.0909944 0.0544505 0.0682649 -0.1065411 -0.1112731 -0.1324101 -0.0333023 0.1696027 -0.1061981 0.1801193 0.0974962 0.0822373 0.1277516 -0.1415415 0.0679722 -0.0834390 0.0562802 0.1668360 0.0032177 -0.0920296 -0.0404533 0.0805212 0.0563701 0.0324941 0.1010320 0.0606196 0.0653583 0.0077641 0.0448754 0.0550222 -0.0436660 -0.0001420 -0.0598060 0.0483844 -0.0521492 -0.0572801 -0.0470338 -0.0626216 -0.0024016 -0.0042521 -0.2032060 -0.0345450 -0.0746317 0.0735422 0.0075122 -0.0836197 0.0036529 0.0425416 0.1500893 0.1624378 -0.0086099 -0.1506533 -0.0272401 -0.1392633 0.0771621
-0.0049098 0.1137998 -0.0755344 -0.0510371 -0.0197616 0.0251866 -0.0390302 -0.0014377 -0.0361428 -0.0215442 -0.0121438 -0.0034006 -0.1047712 0.0021171 -0.0537724 -0.0174515 -0.0449700 -0.0201423 0.0146017 1.0177994 0.0269936 -0.0179697 0.1002008 0.0003168 -0.0718030 -0.0302146 0.0244999 -0.0390924 0.0784621 -0.0348008 -0.0664629 -0.0336846 -0.0378563 -0.0663366 0.1478112 -0.0340049 -0.0266167 -0.0027413 -0.0316533 -0.0114510 0.0379622 0.0195066 -0.0654427 -0.0169412 0.0078975 0.0174029 -0.0140923 0.0026291 -0.0527409 -0.0551396 0.0003976 -0.0382268 -0.0295543 -0.0212074 0.0237835 -0.0249055 -0.0174238 -0.0084027 0.0181412 -0.0504255 -0.0585415 0.0573260 -0.0040691 0.0757889 0.0404441 -0.0024439 -0.0451643 0.0861235 -0.0066629 -0.0168701 0.0509324 -0.0175572 -0.0613776 -0.0189891 -0.0207613 -0.0045171 0.0471591 -0.0274911 0.0045671 -0.0136697 0.0623608
-0.0800025 -0.0376912 -0.0634379 -0.0452609 0.0290480 -0.0494603 -0.0292370 -0.0521992 -0.0431098 0.0434830 0.0514005 -0.0236287 0.0082338 -0.0876548 0.0838083 -0.0924837 0.0614056 -0.0833891 0.1205314 0.0269936 1.1564558 0.0153825 -0.0275459 0.1292724 -0.0504826 -0.0649064 -0.0821219 0.0466556 0.0102211 -0.0458276 -0.0691843 -0.0447266 -0.0010971 0.2010238 -0.0447512 0.1340251 0.0627730 0.0471836 -0.0267858 -0.1130897 -0.0119765 -0.1118768 -0.0689474 0.1167072 -0.0159777 -0.0492418 -0.0333907 0.0347879 0.0225752 -0.0001087 0.0597558 0.1129708 0.0308795 -0.0523487 0.0867452 -0.0522181 -0.0316340 -0.0194850 0.0062153 -0.0618602 -0.0189097 -0.0312178 -0.0090597 -0.0460341 -0.0197494 0.0239657 -0.0920790 0.0007100 -0.0460264 0.0048685 0.0434874 -0.0053464 -0.0316356 0.0101955 0.1063905 0.0834470 0.0758440 -0.0941022 -0.0748210 -0.0687166 0.0195119
-0.0206348 0.0146134 0.0225147 -0.0000277 0.0368216 0.0095458 -0.0261249 -0.0324112 -0.0499972 0.0158433 -0.0553455 -0.0035655 -0.0052264 -0.1568773 -0.1587215 -0.0655093 0.0480791 -0.0376746 0.0306456 -0.0179697 0.0153825 1.2625630 -0.0094740 -0.0663062 -0.0216303 0.0395114 0.0185297 0.0119118 0.1043747 0.0985425 -0.0623072 -0.0611737 -0.0661917 0.0693861 -0.0772546 0.0445043 0.0785063 -0.0090608 -0.0449477 0.0141711 -0.0371552 -0.0484087 0.0037534 -0.0293655 0.0141112 -0.0089938 -0.0073518 -0.0285066 0.0420534 0.0202375 -0.0040876 -0.0203378 0.0435551 -0.0895381 0.0202739 0.0808042 0.0197429 -0.0462188 0.0150483 -0.0283147 -0.0347509 -0.0505294 -0.0884366 -0.0082496 0.0688667 0.0349166 -0.0379398 0.0290880 -0.0257900 -0.0155831 -0.0283796 -0.0369503 -0.0019060 0.0738176 0.0347488 0.0757479 -0.0513090 -0.0498537 -0.0823804 -0.0657426 -0.0143364
0.0215777 0.0084937 -0.0576472 -0.0160701 -0.0124113 -0.0754697 0.0108238 0.0332538 0.0261632 0.0130217 -0.0792702 0.0652344 -0.0201931 0.0316102 -0.0803345 0.0586120 -0.0112006 0.0309360 -0.0993315 0.1002008 -0.0275459 -0.0094740 0.8020110 -0.0479992 0.0633034 -0.0217004 0.0206386 0.0220023 0.0338544 -0.0329503 -0.0101243 0.0158210 0.0191519 -0.0593810 0.0239655 -0.0337497 -0.0376182 -0.0178929 -0.1165275 0.0057883 -0.0471907 -0.0101720 0.0494524 -0.0237828 0.0309088 -0.0012428 -0.0062454 0.0106065 -0.0115183 -0.0243662 -0.0432466 -0.0192239 -0.0105514 -0.0294812 -0.0212647 0.0114036 -0.0134092 -0.0252691 0.0199572 0.0322125 -0.0182020 -0.0122427 0.0062806 -0.0005386 -0.0350493 -0.1013212 -0.0135736 0.0839625 0.0004534 0.0191922 0.0115843 -0.0012281 -0.0586806 0.0156604 -0.0495123 0.0200188 -0.0455621 -0.0179393 0.0250711 0.0264162 -0.0270508
-0.0310233 -0.0147545 -0.0679912 -0.1339003 -0.0252095 -0.0092211 -0.0057425 -0.1104432 -0.1615610 -0.0300733 0.0631750 0.0200910 -0.0573823 -0.0707677 -0.0118477 -0.2070168 0.1511421 -0.1123643 0.2940076 0.0003168 0.1292724 -0.0663062 -0.0479992 1.1375983 0.0018517 -0.0776898 -0.0819051 0.1643497 -0.0161582 -0.1444857 -0.1164204 -0.0503093 -0.0397588 0.2637270 -0.1452276 0.1494940 0.1839888 0.0616669 0.1120387 -0.1077770 0.0648059 -0.1537104 0.0061704 0.2735845 -0.0237802 -0.0868908 -0.1165528 0.0948099 0.0655236 0.0246999 0.0208808 0.0323636 0.1382498 -0.0013286 0.0759724 -0.0155514 -0.1043066 -0.0103260 -0.0153521 -0.0313313 -0.0427743 -0.0741243 -0.1002522 -0.0615915 -0.0542348 0.0099097 -0.0968469 -0.0180137 -0.1009355 0.1335193 0.0358837 -0.0641575 -0.1044081 0.0300455 0.1326281 0.2387255 0.0340682 -0.1404829 -0.0384415 -0.1022619 0.0742957
-0.0079206 -0.0335804 -0.0675936 0.0314055 -0.0602366 0.0835931 -0.0175378 0.0180534 -0.0491132 -0.0733832 -0.1108174 -0.0043441 -0.0121403 -0.0692218 -0.0796067 0.0426457 0.0112669 -0.0454116 -0.0097801 -0.0718030 -0.0504826 -0.0216303 0.0633034 0.0018517 0.8956149 0.0256157 -0.0002322 0.0440028 0.1205223 0.0569104 -0.0465182 -0.0283089 -0.0055698 0.0188711 -0.0436192 0.0138331 0.0271311 0.0113145 0.0067329 -0.0178760 -0.0786980 -0.0145489 -0.0228762 0.0032525 0.0504568 -0.0313511 -0.0308330 0.0549844 -0.0112896 0.0246548 -0.0060363 0.0475874 -0.0049822 -0.0039331 0.0244199 0.0396035 -0.0073287 -0.0005212 -0.0218207 0.1115984 -0.0240984 -0.0329837 -0.0543603 -0.0424472 -0.0785658 -0.0918234 -0.0153429 0.0287552 -0.0640872 0.0052218 -0.0453458 0.0529464 0.0233239 -0.0451802 0.0725454 0.1283861 -0.0035165 -0.0696053 0.0617804 -0.0827037 -0.0192380
-0.0777701 0.0447424 -0.0970866 0.0461266 -0.0544935 -0.0642789 0.0429422 -0.0286107 0.0369528 0.1035356 -0.0013817 -0.0414407 -0.0510650 -0.0329785 -0.0303373 0.0763127 -0.0910420 -0.0062984 -0.0477181 -0.0302146 -0.0649064 0.0395114 -0.0217004 -0.0776898 0.0256157 1.1628218 -0.0597125 0.0195192 -0.0363331 0.0296028 -0.1216611 0.0493199 -0.0754208 -0.0180393 -0.0111387 -0.0625958 -0.0645922 -0.0195634 -0.0016555 0.0712980 -0.1089562 0.0530167 -0.0637921 -0.1414229 0.0094177 0.0058375 0.0263053 -0.0496182 0.0015929 0.0002130 -0.0090647 0.0375824 -0.0389294 0.0172450 -0.0584248 -0.0268174 0.0928953 0.0088586 -0.0249833 0.0199910 -0.0438795 -0.0187106 -0.0639030 0.0355289 0.0088496 0.0123475 0.0734587 0.0062378 0.0175540 0.0073451 0.0125508 -0.0468980 0.0791860 0.0360169 -0.0456140 -0.0316553 0.0507093 0.0230685 -0.0550142 0.0145891 -0.0437541
-0.0232904 -0.0535186 0.0238847 -0.0319989 -0.0908573 0.0612871 -0.0189923 0.0377781 0.0345746 -0.0128103 0.0166173 -0.0462969 -0.0409603 0.0386739 -0.0297636 -0.0526500 -0.1196562 0.0081004 -0.0909944 0.0244999 -0.0821219 0.0185297 0.0206386 -0.0819051 -0.0002322 -0.0597125 0.9660995 0.0461439 -0.0409768 -0.0767045 -0.0544197 0.0320458 -0.0039605 -0.0906306 0.1463112 -0.0414709 -0.0804454 -0.0220193 -0.0692762 0.0758513 0.0319494 0.0557028 0.0027998 -0.0369143 0.0255344 0.0549851 0.1143586 -0.0112356 -0.0403865 -0.0575130 -0.0869503 -0.0031759 -0.0309839 -0.0378191 -0.0665333 0.1001416 0.0691761 0.0093306 0.0439318 0.0248215 -0.0372334 0.0324690 0.0663748 -0.0241232 -0.0635857 -0.0682990 0.0539128 -0.0064536 -0.0092765 -0.0456855 -0.0490689 -0.0278693 -0.0801650 0.0573404 -0.0361442 -0.0635746 0.0087484 0.0370075 0.0988316 0.0454354 -0.0265476
0.0546271 -0.0017963 0.0300421 -0.0326233 0.0296288 0.0346521 -0.0001652 -0.0219290 0.0095240 -0.0443581 0.0134827 -0.0095136 -0.0162668 -0.0745292 0.0191326 -0.1513060 0.0478273 -0.1157834 0.0544505 -0.0390924 0.0466556 0.0119118 0.0220023 0.1643497 0.0440028 0.0195192 0.0461439 0.9997276 0.0341160 -0.0196490 -0.1265144 -0.0143967 -0.0054557 0.0658642 -0.0811694 0.1103360 0.1382954 -0.0311347 0.0420889 -0.0998004 0.0188535 -0.0859982 -0.0649142 0.0554857 -0.0087136 -0.0903462 -0.0581690 0.0708266 0.0199153 0.0517518 0.0856767 0.0967315 0.0515263 -0.0042026 0.0438955 0.0126486 -0.0049028 0.0008256 0.0018788 0.0416395 -0.0169849 -0.0728753 -0.0890688 -0.0287535 -0.0447875 -0.0491366 -0.1465592 -0.0142614 0.0022328 -0.0043574 -0.0141559 -0.0491438 -0.0209544 0.0052544 0.0523956 0.0891514 0.0277414 -0.1101956 -0.0058281 -0.1215995 0.0210154
0.0021377 0.0764507 -0.0384434 -0.0553564 -0.1112640 0.0359890 -0.0612806 -0.0414455 -0.0176781 -0.0658320 -0.0584320 0.0191630 -0.1005856 -0.1266434 -0.0565821 -0.0212017 0.0750337 -0.0718999 0.0682649 0.0784621 0.0102211 0.1043747 0.0338544 -0.0161582 0.1205223 -0.0363331 -0.0409768 0.0341160 0.9629355 -0.1535721 -0.0586278 -0.0290922 -0.0089511 0.0313192 -0.0343512 0.0062994 0.0110672 0.0579607 -0.0383648 -0.0901386 0.0547013 -0.0694669 -0.0072950 0.1177927 -0.0031469 0.0088688 -0.0765100 -0.0019282 -0.0258153 0.1063734 0.0459092 0.0385565 0.0201919 0.0367518 0.0170908 0.0573928 -0.0787485 0.0270741 0.0071845 0.0251655 -0.0216559 -0.0469259 -0.0679325 -0.0178411 0.0132512 0.0957766 -0.0689178 0.0288819 -0.0210368 0.0059119 -0.0266175 -0.0459237 -0.0937497 -0.0246347 0.0137269 0.1232650 0.0035087 -0.0840582 -0.0553162 -0.0932006 0.0969754
0.0065613 0.0129743 -0.0228138 -0.0287361 0.0600816 0.0927942 -0.0335486 0.0075133 -0.0113710 -0.0369835 -0.1127795 -0.0736244 -0.0089192 0.0445598 0.0963170 0.0749637 -0.0666888 -0.0095270 -0.1065411 -0.0348008 -0.0458276 0.0985425 -0.0329503 -0.1444857 0.0569104 0.0296028 -0.0767045 -0.0196490 -0.1535721 1.4073050 0.0714722 -0.0161282 -0.0021073 0.0599853 -0.0036434 -0.0990991 -0.0094682 -0.1075700 -0.0075226 -0.0725557 -0.0150998 0.1020217 -0.0574140 -0.0191389 0.0449463 -0.0081338 -0.0200176 0.0708372 -0.1019247 0.0045909 -0.0344113 -0.0137308 -0.0675428 -0.0454772 -0.0470406 0.0316177 0.0030511 -0.0948848 0.0012243 -0.0525880 -0.0243605 -0.0494723 0.0628313 -0.0363127 0.0597250 -0.0573737 -0.0041600 0.0247618 -0.0371668 -0.0658301 0.0002239 -0.0048791 -0.0089606 -0.0968904 0.0115391 -0.0519227 0.0481179 0.0808533 0.0018828 -0.0416870 -0.0773896
-0.0376643 -0.0400376 0.0160555 0.0134183 -0.0263499 -0.0194578 0.0175228 0.0120885 0.0981269 -0.0113707 -0.0222736 -0.0205696 0.0095526 0.0881836 0.1953623 0.0665392 -0.0902245 0.1059630 -0.1112731 -0.0664629 -0.0691843 -0.0623072 -0.0101243 -0.1164204 -0.0465182 -0.1216611 -0.0544197 -0.1265144 -0.0586278 0.0714722 0.9008758 -0.0110158 0.0646220 -0.1784385 0.0113960 -0.1028622 -0.0746052 0.0399387 -0.0273291 0.0720746 -0.0156943 0.0306145 0.0722276 -0.0866221 -0.0356143 0.0833546 0.0288565 -0.0684981 -0.0202825 -0.0672863 -0.0228012 -0.0940885 -0.0551711 -0.0517152 -0.0422032 -0.0401087 0.0008986 -0.0372379 -0.0102677 -0.0547436 0.0441826 0.0256993 0.0864877 0.0461307 0.0278323 0.0595393 0.1119960 -0.0008593 -0.0173514 -0.0308674 -0.0107062 0.0233646 0.0428104 0.0112453 -0.0411193 -0.1611314 -0.0336815 0.0897080 -0.0142523 0.0857525 -0.0682882
-0.0049488 0.0665817 0.0753681 0.0544847 -0.0091557 -0.0086122 -0.0216922 0.0302280 0.1385243 -0.0966384 -0.0757493 -0.0677473 -0.0630012 -0.0178391 0.0133742 -0.0091160 -0.0872824 0.0005599 -0.1324101 -0.0336846 -0.0447266 -0.0611737 0.0158210 -0.0503093 -0.0283089 0.0493199 0.0320458 -0.0143967 -0.0290922 -0.0161282 -0.0110158 1.0534990 0.0149317 -0.1015546 0.0116034 -0.0691868 -0.1155421 -0.0226806 0.0883340 0.0545366 -0.1023303 -0.0283593 0.0821080 -0.0825803 -0.0288778 0.0675897 -0.0451981 -0.0395817 -0.0263605 -0.0227078 -0.0016873 -0.0213056 -0.0493935 -0.0404429 -0.0474167 0.0210091 -0.0341933 -0.0138992 0.0308248 0.0415326 0.0011966 0.0710265 -0.0228751 0.0262471 0.0427442 -0.0455166 -0.0419757 0.0072238 -0.0431646 0.0387217 0.0268093 0.0972059 -0.0361239 0.0168012 -0.0557159 -0.0904827 0.0033606 0.0336988 -0.0465343 0.1098467 0.0010070
0.0836581 0.0202727 -0.0369655 -0.0290753 -0.0427769 -0.0261798 -0.0039494 0.0177464 0.0724416 -0.0452734 -0.0159544 -0.0143692 -0.0155340 0.0415196 0.0248218 0.0017863 -0.0118724 0.0466391 -0.0333023 -0.0378563 -0.0010971 -0.0661917 0.0191519 -0.0397588 -0.0055698 -0.0754208 -0.0039605 -0.0054557 -0.0089511 -0.0021073 0.0646220 0.0149317 0.9243619 0.0028687 0.0054849 -0.0252063 -0.0241931 0.0248891 -0.0560334 0.0072333 0.0095971 0.0328271 0.0416506 -0.0091466 -0.0528511 0.0277504 -0.0166736 -0.0124397 0.0696818 0.0304986 0.0032309 -0.0227462 -0.0064391 -0.0418151 -0.0403003 -0.0020332 -0.0297735 -0.0021192 -0.0169159 -0.0336682 -0.0070207 0.0023164 0.0772752 -0.0214069 -0.0122599 0.0091011 0.0198078 -0.0258581 -0.0147886 -0.0002091 0.0175031 0.0337304 -0.0517141 -0.0358064 -0.0339419 -0.0618815 -0.0809417 0.0086412 0.0066781 0.0743975 -0.0020293
0.0169555 -0.0235812 -0.0579404 -0.2026599 -0.0655221 -0.0097095 -0.0997116 -0.0795897 -0.1880298 0.0245336 -0.0679364 -0.0531467 -0.0730520 -0.0621817 -0.0722591 -0.1762573 0.3194731 -0.1476824 0.1696027 -0.0663366 0.2010238 0.0693861 -0.0593810 0.2637270 0.0188711 -0.0180393 -0.0906306 0.0658642 0.0313192 0.0599853 -0.1784385 -0.1015546 0.0028687 1.4647381 -0.1846510 0.3048767 0.1522503 0.0020606 0.1153128 -0.2030379 0.0805905 -0.0364909 -0.0012803 0.1996286 -0.0628650 -0.1785359 -0.0961170 0.2202869 0.1301345 0.0907245 0.1141374 0.1105415 0.1321219 -0.0486341 0.1324485 0.0539284 -0.0844664 0.0344110 -0.0133949 0.1131519 -0.1209366 -0.1531916 -0.1258628 -0.1158822 0.0105402 0.0380318 -0.1637273 -0.0446493 -0.1092537 0.0077964 0.0039653 -0.0550778 -0.0849921 -0.0346737 0.1882749 0.2578443 0.0577340 -0.2074303 -0.0285992 -0.2099804 -0.0430819
-0.0386687 0.0437164 -0.0212064 0.0997740 -0.0492407 0.0315823 0.0065261 0.0185353 0.1001196 -0.1058705 0.0653668 0.0003897 0.0038105 0.1060469 -0.0163798 0.1514247 -0.1716648 0.1011548 -0.1061981 0.1478112 -0.0447512 -0.0772546 0.0239655 -0.1452276 -0.0436192 -0.0111387 0.1463112 -0.0811694 -0.0343512 -0.0036434 0.0113960 0.0116034 0.0054849 -0.1846510 0.9297807 -0.1162776 -0.1272155 -0.0518811 -0.1787642 0.0532124 -0.0583550 0.1335687 -0.0758378 -0.1744286 0.0494837 0.1181553 0.0655874 -0.1322808 -0.0437804 -0.0715609 -0.1275057 -0.0941281 -0.0952544 -0.0384669 -0.0461640 -0.0112141 0.0002525 -0.0262861 0.0177617 -0.0880785 -0.0016788 0.0247196 0.0570153 0.0630722 0.0268000 -0.0101294 0.1900616 0.0640264 0.0189080 -0.0378722 0.0992973 0.0129976 0.0108384 -0.0630823 -0.1140041 -0.1314932 -0.0352392 0.1087934 0.0930825 0.1213180 -0.0686095
-0.0357781 -0.0236634 0.0224905 -0.0886431 -0.0471595 0.0494645 -0.0308676 -0.0542927 -0.1229924 -0.0001257 -0.0304929 -0.0435144 -0.0972372 -0.1146587 0.0810583 -0.1571971 0.2807553 -0.1458051 0.1801193 -0.0340049 0.1340251 0.0445043 -0.0337497 0.1494940 0.0138331 -0.0625958 -0.0414709 0.1103360 0.0062994 -0.0990991 -0.1028622 -0.0691868 -0.0252063 0.3048767 -0.1162776 1.2280087 0.1336312 -0.0083535 0.1135327 -0.1810849 0.1121250 -0.1384350 0.0026716 0.1755112 -0.0248107 -0.1428940 -0.0545538 0.1326474 0.0326844 0.0518566 0.1920927 0.1043365 0.0957167 0.0396997 0.1100990 0.0222460 0.0979842 0.0117733 -0.0148945 0.0139838 -0.0803343 -0.1109922 -0.1056134 -0.0976308 -0.0124594 -0.0650731 -0.2257099 -0.0339368 -0.0886139 0.0057815 -0.0014043 -0.0547696 -0.0727411 0.0184206 0.1635230 0.1611789 0.0605223 -0.1980748 -0.0367561 -0.1780429 -0.0015779
0.0005961 -0.0826992 -0.0329081 -0.1169456 0.1426095 0.0772085 -0.0434165 0.0186602 -0.0823888 -0.0018795 -0.0513602 -0.0014197 -0.0468856 -0.0158721 -0.0120841 -0.1360088 0.1253161 -0.1013239 0.0974962 -0.0266167 0.0627730 0.0785063 -0.0376182 0.1839888 0.0271311 -0.0645922 -0.0804454 0.1382954 0.0110672 -0.0094682 -0.0746052 -0.1155421 -0.0241931 0.1522503 -0.1272155 0.1336312 1.0562820 0.0043744 0.0985590 -0.0935789 -0.0379770 -0.0827057 -0.0426446 0.1455671 -0.0055745 -0.0818807 -0.0421323 0.0644711 0.0367075 -0.0351320 0.1150233 0.1414362 0.0879453 -0.0112565 0.0548950 0.0424747 -0.0279056 0.0414675 -0.0233743 0.0559742 -0.0359755 -0.0682184 -0.0823405 -0.0440060 -0.0447351 -0.0000448 -0.1979803 0.0225566 -0.0563452 0.0225382 0.0059608 -0.0270592 0.0016493 -0.0186563 0.0826057 0.1205668 -0.0232030 -0.1391056 -0.0576167 -0.1381085 0.0402859
-0.0227144 -0.0448937 -0.0290193 0.0046374 -0.0548328 -0.0163694 0.0180893 0.0070500 -0.0042795 0.0121146 -0.0001402 -0.0017039 -0.0301346 -0.0193070 -0.0101657 -0.0312845 0.0278176 0.0416599 0.0822373 -0.0027413 0.0471836 -0.0090608 -0.0178929 0.0616669 0.0113145 -0.0195634 -0.0220193 -0.0311347 0.0579607 -0.1075700 0.0399387 -0.0226806 0.0248891 0.0020606 -0.0518811 -0.0083535 0.0043744 0.8515527 -0.0181983 -0.0327844 -0.0291197 0.0072923 0.0528913 0.0407260 -0.0117552 -0.0159219 0.0020012 0.0135272 0.0315982 -0.0323857 -0.0311369 -0.0173421 0.0121655 -0.0127358 -0.0032380 0.0034274 -0.0578733 0.0287209 -0.0020361 -0.0562630 -0.0055813 0.0237705 -0.0193489 0.0113740 -0.0486854 0.0188446 0.0329857 0.0002611 -0.0432052 0.0223020 -0.0060260 -0.0136650 -0.0414546 -0.0181263 0.0094347 -0.0180381 0.0347020 0.0077383 -0.0249906 0.0601177 0.0057608
-0.0278388 0.0025675 -0.0759197 -0.0920361 -0.0716349 -0.0128502 -0.0287669 -0.0855697 -0.1530458 0.0408900 -0.0790164 -0.0487118 -0.0283658 -0.1809432 0.0027673 -0.1841908 0.0750261 -0.1732716 0.1277516 -0.0316533 -0.0267858 -0.0449477 -0.1165275 0.1120387 0.0067329 -0.0016555 -0.0692762 0.0420889 -0.0383648 -0.0075226 -0.0273291 0.0883340 -0.0560334 0.1153128 -0.1787642 0.1135327 0.0985590 -0.0181983 1.5762436 -0.1783544 -0.0621158 -0.1071061 0.0510220 0.2646922 -0.0727145 -0.1091511 -0.0708121 0.1114837 0.0574558 0.1686113 0.0568294 0.0819157 0.0796003 0.0076338 0.0203067 0.0102064 -0.0709113 0.0137132 0.0421551 0.0585504 -0.0309797 -0.0860586 -0.0892439 -0.0967306 -0.0064555 0.0231640 -0.0812785 -0.0740683 -0.0480378 0.0041628 -0.0511974 0.0060610 -0.0027142 0.0628928 0.1544320 0.1724147 0.1577044 -0.0922724 -0.0878796 -0.1138085 0.0244215
-0.0085781 -0.0318306 -0.0277423 0.0366020 -0.0639562 -0.0514830 -0.0391394 0.1184125 0.0779590 -0.0884871 0.1391178 0.0492076 0.0819591 0.0219609 0.0188928 0.0957441 -0.1675459 0.0807450 -0.1415415 -0.0114510 -0.1130897 0.0141711 0.0057883 -0.1077770 -0.0178760 0.0712980 0.0758513 -0.0998004 -0.0901386 -0.0725557 0.0720746 0.0545366 0.0072333 -0.2030379 0.0532124 -0.1810849 -0.0935789 -0.0327844 -0.1783544 1.1906747 -0.0301341 0.0354796 -0.0154645 -0.1473747 0.0832703 0.0714369 0.0269523 -0.0447202 -0.0906072 -0.0877211 -0.1149643 -0.0492388 -0.0738632 -0.0370721 -0.0945571 -0.0207487 0.1280638 0.0068342 -0.0007941 -0.0580556 0.0053519 0.1222840 0.0442897 0.0303139 -0.0373361 0.0174009 0.1456780 0.0192558 0.0512532 -0.0019859 -0.0123412 0.0206324 0.0306236 -0.0709844 -0.1402060 -0.0903130 -0.0763382 0.1278165 0.0335663 0.1648161 -0.0517087
-0.0696924 -0.0567752 -0.0197442 -0.0547546 0.0756961 -0.0062199 -0.0213543 -0.0336991 -0.0233667 -0.0291576 -0.0450261 -0.0352299 -0.0113970 0.0218583 -0.0315674 -0.0446482 0.0225345 -0.0312027 0.0679722 0.0379622 -0.0119765 -0.0371552 -0.0471907 0.0648059 -0.0786980 -0.1089562 0.0319494 0.0188535 0.0547013 -0.0150998 -0.0156943 -0.1023303 0.0095971 0.0805905 -0.0583550 0.1121250 -0.0379770 -0.0291197 -0.0621158 -0.0301341 1.1511271 -0.0116847 0.0058592 0.1070395 0.0500144 -0.0234806 -0.0010711 0.0137200 -0.0032595 -0.0528854 0.0293489 -0.0441796 0.0044446 0.0784963 -0.0200051 -0.0261741 -0.0003399 -0.0130173 -0.0395550 -0.0301304 -0.0215587 0.0114860 0.1093112 0.0012173 -0.0561129 0.0353157 0.0071232 -0.0270226 -0.0210877 -0.0685731 0.0014578 -0.0113934 -0.0207370 -0.0446527 -0.0044776 0.0794291 -0.0123799 -0.0169327 0.0079505 -0.0162790 0.0995010
0.0160338 0.0477894 -0.0515448 0.1842727 -0.0188699 -0.0558871 0.0285906 -0.0160264 0.0334208 0.0458222 0.0048279 -0.0046784 -0.0171481 0.1422893 0.0110605 0.0882574 -0.1171295 0.0547913 -0.0834390 0.0195066 -0.1118768 -0.0484087 -0.0101720 -0.1537104 -0.0145489 0.0530167 0.0557028 -0.0859982 -0.0694669 0.1020217 0.0306145 -0.0283593 0.0328271 -0.0364909 0.1335687 -0.1384350 -0.0827057 0.0072923 -0.1071061 0.0354796 -0.0116847 0.9923777 -0.0130868 -0.1401891 -0.0059105 0.1284993 0.0226298 -0.0550238 -0.0003441 -0.0092512 -0.0977907 -0.1101904 -0.1087033 -0.0441368 -0.0828162 0.0229271 0.0194415 -0.0105412 -0.0198907 -0.0398554 0.0203679 0.0327514 0.0876569 0.0116006 -0.0722222 -0.0110219 0.0971841 -0.0046965 0.0411659 -0.0439072 0.0098540 -0.0182178 -0.0237872 -0.0620870 -0.0599775 -0.1371430 -0.0570209 0.1031562 0.0796839 0.0566398 -0.0270967
-0.0020578 0.0102706 0.0882237 -0.0776593 0.0029333 -0.0251061 -0.0070255 -0.0011461 0.0084820 -0.0322769 -0.0886787 0.0617972 -0.0658137 0.0214388 0.0497709 0.0078257 0.0454219 -0.0090061 0.0562802 -0.0654427 -0.0689474 0.0037534 0.0494524 0.0061704 -0.0228762 -0.0637921 0.0027998 -0.0649142 -0.0072950 -0.0574140 0.0722276 0.0821080 0.0416506 -0.0012803 -0.0758378 0.0026716 -0.0426446 0.0528913 0.0510220 -0.0154645 0.0058592 -0.0130868 0.9991056 0.1061807 -0.0537167 -0.0396034 -0.0212010 -0.0653084 -0.0198847 -0.0145588 -0.0071196 -0.0203263 -0.0136047 -0.0166185 0.0331149 -0.0257739 -0.0506782 -0.0005019 0.0543991 0.0041449 -0.0346335 0.0262910 -0.0445519 -0.0437427 0.0997779 -0.0928465 0.0355197 -0.0217052 -0.0111051 0.0451900 -0.0296547 -0.0299050 -0.0434698 -0.0115832 -0.0404912 -0.0018722 -0.0587366 0.0485585 -0.0611134 -0.0400560 0.0181633
-0.0015114 -0.0882288 -0.1215219 -0.1414321 -0.0352743 -0.0021198 -0.0892606 -0.0444250 -0.1266300 0.0686192 -0.1387132 -0.0714120 -0.0468159 -0.1622654 -0.0522037 -0.1864796 0.1479851 -0.1535788 0.1668360 -0.0169412 0.1167072 -0.0293655 -0.0237828 0.2735845 0.0032525 -0.1414229 -0.0369143 0.0554857 0.1177927 -0.0191389 -0.0866221 -0.0825803 -0.0091466 0.1996286 -0.1744286 0.1755112 0.1455671 0.0407260 0.2646922 -0.1473747 0.1070395 -0.1401891 0.1061807 1.4256259 -0.0651499 -0.1339896 -0.0760279 0.0305926 0.0498935 0.0811299 0.0880332 0.1245654 0.1407690 0.1089411 0.0946498 0.0701269 -0.0518168 0.0348673 -0.0118463 -0.0162941 -0.0809020 -0.0223879 -0.0713137 -0.0768252 0.0094151 0.0637093 -0.2151033 -0.0518374 -0.1242521 0.0264806 -0.0434145 -0.0302326 -0.0847783 0.0870766 0.1380203 0.1325633 0.1572144 -0.1994530 -0.0671714 -0.1825899 0.0191146
-0.0552195 -0.0699265 -0.0338142 -0.0036783 0.0052272 0.0011887 -0.0150706 -0.0112315 -0.0340743 -0.0318878 -0.0074769 0.0033362 -0.0203376 -0.0011559 -0.0422448 0.0354360 -0.0194771 -0.0011208 0.0032177 0.0078975 -0.0159777 0.0141112 0.0309088 -0.0237802 0.0504568 0.0094177 0.0255344 -0.0087136 -0.0031469 0.0449463 -0.0356143 -0.0288778 -0.0528511 -0.0628650 0.0494837 -0.0248107 -0.0055745 -0.0117552 -0.0727145 0.0832703 0.0500144 -0.0059105 -0.0537167 -0.0651499 0.8362085 -0.0055299 0.0233724 -0.0173343 0.0029958 -0.0033869 -0.0018208 0.0002227 -0.0164195 -0.0192934 -0.0082493 0.0269360 0.0537179 -0.0222520 -0.0056903 -0.0125966 -0.0154932 -0.0186782 0.0190761 0.0589011 -0.0280044 0.0216190 0.0330774 0.0201410 0.0362701 -0.0395849 -0.0039453 -0.0163711 0.0050306 -0.0108000 0.0116243 0.0120634 -0.0096807 0.0355260 0.0498355 -0.0009711 -0.0286924
-0.0266145 0.0688463 -0.0377923 0.0524576 -0.0978667 -0.0506263 0.0261552 0.0109934 0.0891591 0.0036367 0.0726768 -0.0035258 -0.0061385 0.0429505 0.0149425 0.0389232 -0.1214281 0.1302432 -0.0920296 0.0174029 -0.0492418 -0.0089938 -0.0012428 -0.0868908 -0.0313511 0.0058375 0.0549851 -0.0903462 0.0088688 -0.0081338 0.0833546 0.0675897 0.0277504 -0.1785359 0.1181553 -0.1428940 -0.0818807 -0.0159219 -0.1091511 0.0714369 -0.0234806 0.1284993 -0.0396034 -0.1339896 -0.0055299 0.8324892 0.0321756 -0.1133283 -0.0169600 -0.0396404 -0.0859637 -0.0614874 -0.0896644 -0.0495954 -0.0646567 -0.0526793 0.0374938 -0.0157546 -0.0023459 -0.0261594 0.0422746 0.0806563 0.0696612 0.0430891 -0.0377176 0.0262506 0.0953421 0.0242564 0.0104514 0.0328872 0.0047727 -0.0130276 -0.0175944 -0.0384606 -0.0760779 -0.1063462 -0.0200423 0.1076374 0.0346406 0.1202064 -0.0109585
