1.5507553 -0.0540600 -0.0503052 -0.0349334 -0.0289831 -0.0253835 -0.0282084 -0.0242671 -0.0269051 -0.0418286 -0.0496975 -0.0213395 -0.0388184 -0.0294028 -0.0392528 -0.0441528 -0.0091676 -0.0100388 -0.0271965 -0.0191667 -0.0194499 -0.0428454 -0.0538665 -0.0295603 -0.0295963 -0.0267082 -0.0243102 -0.0105061 -0.0267776 -0.0551734 -0.0510424 -0.0222977 -0.0062912 -0.0063007 -0.0076276 -0.0073751 -0.0066620 -0.0065567 -0.0078070 -0.0073379 -0.0059044 -0.0062962 -0.0092971 -0.0067915 -0.0057683 -0.0076098 -0.0068717 -0.0065843 -0.0064165 -0.0071774 -0.0034393 -0.0059370 -0.0042548 -0.0035339 -0.0032590 -0.0075331 -0.0055129 -0.0068389 -0.0058548 -0.0064703 -0.0046699 -0.0099032 -0.0061288 -0.0029216 -0.0074561 -0.0074593 -0.0051005 -0.0080768 -0.0070944 -0.0073414 -0.0055804 -0.0062309 -0.0069357 -0.0066330 -0.0026362 -0.0060355 -0.0062511 -0.0032143 -0.0066956 -0.0072038 -0.0073786
-0.0540600 2.5785453 -0.0661478 0.1237223 -0.0651003 -0.0508348 -0.0557829 -0.0526396 -0.0564396 0.3686300 -0.0653575 -0.0516613 -0.0597694 -0.0586144 -0.0601104 -0.0614488 -0.0377888 -0.0398859 -0.0542943 -0.0479266 -0.0480399 -0.0615121 -0.0650733 -0.0572656 -0.0582484 -0.0551901 -0.0502188 -0.0385064 -0.0527964 -0.0618503 -0.0661871 -0.0494963 -0.0259875 -0.0270791 -0.0271021 -0.0271005 -0.0276679 -0.0272435 -0.0269675 -0.0273392 -0.0273416 -0.0244301 -0.0279388 -0.0276228 -0.0268184 -0.0274083 -0.0266109 -0.0271658 -0.0272947 -0.0269514 -0.0254154 -0.0271026 -0.0266299 -0.0264663 -0.0261132 -0.0276191 -0.0250869 -0.0278866 -0.0261898 -0.0291288 -0.0258731 -0.0292161 -0.0266397 -0.0263071 -0.0268875 -0.0261053 -0.0260825 -0.0284368 -0.0287633 -0.0274008 -0.0246331 -0.0261042 -0.0267867 -0.0266332 -0.0246457 -0.0280959 -0.0270000 -0.0234992 -0.0268314 -0.0275821 -0.0264417
-0.0503052 -0.0661478 2.2284956 -0.0535410 -0.0616899 -0.0472974 -0.0524264 -0.0493547 -0.0526043 -0.0557911 0.3245951 -0.0473076 -0.0566209 -0.0551223 -0.0564792 -0.0581790 -0.0300028 -0.0327405 -0.0497849 -0.0446153 -0.0439852 -0.0577763 -0.0659943 -0.0535238 -0.0542506 -0.0512592 -0.0459791 -0.0315170 -0.0492860 -0.0657324 -0.0625763 -0.0457939 -0.0210084 -0.0216625 -0.0206341 -0.0208547 -0.0213859 -0.0211473 -0.0220983 -0.0218178 -0.0200262 -0.0210865 -0.0222842 -0.0222575 -0.0198427 -0.0216269 -0.0196684 -0.0214491 -0.0208412 -0.0217255 -0.0184046 -0.0205703 -0.0185392 -0.0184712 -0.0181921 -0.0227700 -0.0203739 -0.0202762 -0.0199796 -0.0217045 -0.0192328 -0.0235477 -0.0202292 -0.0192875 -0.0213536 -0.0223969 -0.0212385 -0.0227838 -0.0207027 -0.0222570 -0.0203699 -0.0210782 -0.0213433 -0.0206690 -0.0196138 -0.0221454 -0.0202714 -0.0187739 -0.0201425 -0.0212940 -0.0213289
-0.0349334 0.1237223 -0.0535410 1.7711146 -0.0420498 -0.0314750 -0.0352440 -0.0313861 -0.0351238 0.0199494 -0.0535529 -0.0285266 -0.0464947 -0.0373851 -0.0463460 -0.0498292 -0.0153871 -0.0162436 -0.0344487 -0.0257513 -0.0257899 -0.0493543 -0.0577347 -0.0382931 -0.0376848 -0.0337767 -0.0306001 -0.0164498 -0.0334596 -0.0595284 -0.0537495 -0.0286539 -0.0102364 -0.0112086 -0.0116968 -0.0117831 -0.0110844 -0.0112086 -0.0121072 -0.0116734 -0.0103709 -0.0102563 -0.0136477 -0.0111852 -0.0103820 -0.0116912 -0.0108438 -0.0102879 -0.0105863 -0.0114067 -0.0078545 -0.0105328 -0.0089960 -0.0082932 -0.0080982 -0.0119239 -0.0099515 -0.0113790 -0.0101252 -0.0112677 -0.0089086 -0.0145484 -0.0106259 -0.0079343 -0.0116634 -0.0112972 -0.0096405 -0.0126476 -0.0119584 -0.0118813 -0.0097704 -0.0104931 -0.0106482 -0.0104981 -0.0067798 -0.0106048 -0.0107243 -0.0074856 -0.0109421 -0.0116228 -0.0113662
-0.0289831 -0.0651003 -0.0616899 -0.0420498 2.1282635 -0.0272941 -0.0251285 -0.0229682 -0.0255954 -0.0549549 -0.0607410 -0.0193155 -0.0528005 -0.0244639 -0.0530849 -0.0573124 -0.0070845 -0.0076123 -0.0265640 -0.0159285 -0.0177349 -0.0570670 -0.0650180 -0.0297652 -0.0263918 -0.0243861 -0.0265273 -0.0081365 -0.0284124 -0.0658945 -0.0617557 -0.0211931 -0.0077514 -0.0084643 -0.0108120 -0.0107985 -0.0080744 -0.0090296 -0.0112978 -0.0103371 -0.0063666 -0.0080165 -0.0139870 -0.0081943 -0.0076858 -0.0111049 -0.0086855 -0.0077013 -0.0076293 -0.0100820 -0.0029036 -0.0081740 -0.0045022 -0.0014463 -0.0016989 -0.0091331 -0.0066145 -0.0080755 -0.0066649 -0.0076148 -0.0038895 -0.0142412 -0.0070317 -0.0011075 -0.0098537 -0.0105979 -0.0049972 -0.0107407 -0.0088438 -0.0103285 -0.0062278 -0.0080408 -0.0091862 -0.0082090 -0.0001911 -0.0069384 -0.0079592 -0.0021648 -0.0092478 -0.0093750 -0.0105002
-0.0253835 -0.0508348 -0.0472974 -0.0314750 -0.0272941 1.3884917 -0.0261633 -0.0223651 -0.0253416 -0.0371961 -0.0465251 -0.0200059 -0.0354754 -0.0269037 -0.0353816 -0.0402442 -0.0087386 -0.0091810 -0.0250420 -0.0175188 -0.0174727 -0.0389577 -0.0509918 -0.0268171 -0.0272895 -0.0254505 -0.0219432 -0.0094604 -0.0240950 -0.0514024 -0.0474546 -0.0197578 -0.0046118 -0.0049041 -0.0056993 -0.0053966 -0.0047359 -0.0049571 -0.0060458 -0.0057462 -0.0042389 -0.0046256 -0.0072864 -0.0050530 -0.0045307 -0.0057736 -0.0051325 -0.0044174 -0.0048472 -0.0054240 -0.0023690 -0.0047681 -0.0031293 -0.0025374 -0.0023529 -0.0056516 -0.0041722 -0.0052489 -0.0039202 -0.0052879 -0.0032113 -0.0074100 -0.0049022 -0.0020944 -0.0055976 -0.0056177 -0.0039628 -0.0060638 -0.0057349 -0.0057121 -0.0042933 -0.0047661 -0.0050088 -0.0049690 -0.0018655 -0.0046534 -0.0049317 -0.0027150 -0.0053205 -0.0055236 -0.0056624
-0.0282084 -0.0557829 -0.0524264 -0.0352440 -0.0251285 -0.0261633 1.6698409 -0.0249331 -0.0289733 -0.0434786 -0.0522246 -0.0232906 -0.0415901 -0.0294267 -0.0412463 -0.0466662 -0.0100799 -0.0104139 -0.0271729 -0.0195084 -0.0200063 -0.0457937 -0.0563424 -0.0302621 -0.0295054 -0.0276823 -0.0247922 -0.0111508 -0.0267179 -0.0576047 -0.0528376 -0.0219855 -0.0072007 -0.0074957 -0.0082405 -0.0084617 -0.0071840 -0.0075275 -0.0090456 -0.0084699 -0.0061180 -0.0070517 -0.0102830 -0.0076266 -0.0071052 -0.0084201 -0.0075890 -0.0071419 -0.0070815 -0.0086556 -0.0041057 -0.0069085 -0.0051930 -0.0038735 -0.0041481 -0.0082281 -0.0065245 -0.0074979 -0.0069502 -0.0071171 -0.0049024 -0.0108274 -0.0072639 -0.0032926 -0.0083957 -0.0080111 -0.0055263 -0.0092314 -0.0082976 -0.0084824 -0.0064867 -0.0070831 -0.0077773 -0.0070683 -0.0032363 -0.0071879 -0.0070055 -0.0038287 -0.0077902 -0.0080803 -0.0082984
-0.0242671 -0.0526396 -0.0493547 -0.0313861 -0.0229682 -0.0223651 -0.0249331 1.4821680 -0.0261643 -0.0382320 -0.0481570 -0.0208123 -0.0362540 -0.0252106 -0.0358470 -0.0408402 -0.0093413 -0.0087300 -0.0235381 -0.0180977 -0.0180317 -0.0395980 -0.0518899 -0.0269943 -0.0259549 -0.0253548 -0.0211650 -0.0095644 -0.0238564 -0.0533655 -0.0491881 -0.0184644 -0.0053037 -0.0058143 -0.0060763 -0.0063599 -0.0056993 -0.0059530 -0.0073191 -0.0061402 -0.0047998 -0.0052029 -0.0077852 -0.0058204 -0.0052706 -0.0066633 -0.0057328 -0.0055614 -0.0055729 -0.0067536 -0.0031604 -0.0050114 -0.0039668 -0.0027020 -0.0030798 -0.0062437 -0.0050501 -0.0057252 -0.0050002 -0.0052340 -0.0034232 -0.0085693 -0.0050839 -0.0027007 -0.0066925 -0.0063842 -0.0043193 -0.0070637 -0.0063821 -0.0065408 -0.0048541 -0.0055356 -0.0060648 -0.0057038 -0.0021830 -0.0050717 -0.0053455 -0.0028034 -0.0058275 -0.0063735 -0.0062604
-0.0269051 -0.0564396 -0.0526043 -0.0351238 -0.0255954 -0.0253416 -0.0289733 -0.0261643 1.6903428 -0.0438091 -0.0521869 -0.0245791 -0.0411872 -0.0292267 -0.0400829 -0.0464573 -0.0114563 -0.0100060 -0.0268541 -0.0201722 -0.0213947 -0.0449831 -0.0558743 -0.0301419 -0.0293826 -0.0290755 -0.0232286 -0.0112337 -0.0271532 -0.0569155 -0.0534223 -0.0208912 -0.0071695 -0.0075090 -0.0083638 -0.0082480 -0.0074875 -0.0079941 -0.0089347 -0.0083089 -0.0066212 -0.0074959 -0.0107479 -0.0073158 -0.0071579 -0.0085547 -0.0072249 -0.0077148 -0.0077307 -0.0091051 -0.0044268 -0.0069320 -0.0051967 -0.0039397 -0.0043626 -0.0084284 -0.0068239 -0.0074649 -0.0067658 -0.0070902 -0.0046827 -0.0111307 -0.0072816 -0.0037066 -0.0089159 -0.0089794 -0.0056977 -0.0099007 -0.0085322 -0.0092806 -0.0067103 -0.0074743 -0.0084109 -0.0077000 -0.0030781 -0.0073133 -0.0073286 -0.0041453 -0.0080663 -0.0084591 -0.0087740
-0.0418286 0.3686300 -0.0557911 0.0199494 -0.0549549 -0.0371961 -0.0434786 -0.0382320 -0.0438091 1.8680805 -0.0554811 -0.0358651 -0.0503859 -0.0476175 -0.0501619 -0.0523726 -0.0210243 -0.0229104 -0.0415314 -0.0321398 -0.0319162 -0.0521013 -0.0588271 -0.0460643 -0.0468950 -0.0416436 -0.0363501 -0.0222793 -0.0396625 -0.0601669 -0.0556266 -0.0344656 -0.0141461 -0.0145956 -0.0154324 -0.0149905 -0.0149487 -0.0147946 -0.0154227 -0.0154917 -0.0145730 -0.0134736 -0.0164524 -0.0149042 -0.0142920 -0.0151583 -0.0143831 -0.0146657 -0.0144928 -0.0148071 -0.0125662 -0.0146054 -0.0131699 -0.0129774 -0.0128476 -0.0155445 -0.0136407 -0.0152352 -0.0137938 -0.0157065 -0.0132682 -0.0170606 -0.0144605 -0.0126504 -0.0152203 -0.0149479 -0.0134588 -0.0157606 -0.0153860 -0.0149643 -0.0132294 -0.0140553 -0.0146070 -0.0144205 -0.0117829 -0.0147444 -0.0147319 -0.0117097 -0.0149281 -0.0151883 -0.0146019
-0.0496975 -0.0653575 0.3245951 -0.0535529 -0.0607410 -0.0465251 -0.0522246 -0.0481570 -0.0521869 -0.0554811 2.1787291 -0.0470626 -0.0548181 -0.0540613 -0.0554873 -0.0569463 -0.0291265 -0.0318875 -0.0501069 -0.0430519 -0.0430634 -0.0567026 -0.0649328 -0.0530335 -0.0535105 -0.0505411 -0.0453548 -0.0305084 -0.0487633 -0.0652077 -0.0611770 -0.0451747 -0.0203003 -0.0206550 -0.0198557 -0.0203996 -0.0209175 -0.0207918 -0.0214096 -0.0211119 -0.0192557 -0.0206465 -0.0218686 -0.0215434 -0.0193922 -0.0208307 -0.0193221 -0.0207518 -0.0202257 -0.0214835 -0.0176335 -0.0199822 -0.0178506 -0.0176823 -0.0176989 -0.0221038 -0.0195319 -0.0204086 -0.0192125 -0.0206097 -0.0187379 -0.0233113 -0.0199799 -0.0184699 -0.0209683 -0.0213841 -0.0206262 -0.0218288 -0.0206006 -0.0215433 -0.0197297 -0.0203793 -0.0206704 -0.0199281 -0.0190215 -0.0214533 -0.0197197 -0.0178353 -0.0195472 -0.0204641 -0.0209315
-0.0213395 -0.0516613 -0.0473076 -0.0285266 -0.0193155 -0.0200059 -0.0232906 -0.0208123 -0.0245791 -0.0358651 -0.0470626 1.4096537 -0.0345262 -0.0233793 -0.0337600 -0.0382726 -0.0081838 -0.0079908 -0.0211748 -0.0159700 -0.0168835 -0.0377600 -0.0509676 -0.0233818 -0.0233906 -0.0231474 -0.0189462 -0.0089417 -0.0216165 -0.0517735 -0.0475267 -0.0166022 -0.0050781 -0.0046022 -0.0053027 -0.0054548 -0.0046977 -0.0049581 -0.0061142 -0.0051450 -0.0042219 -0.0046043 -0.0068009 -0.0046454 -0.0046389 -0.0058786 -0.0049848 -0.0050010 -0.0045404 -0.0058149 -0.0025660 -0.0049236 -0.0033171 -0.0021487 -0.0028397 -0.0055555 -0.0044816 -0.0050832 -0.0041982 -0.0044293 -0.0031403 -0.0072665 -0.0044623 -0.0022587 -0.0057138 -0.0059248 -0.0040749 -0.0064023 -0.0055803 -0.0057731 -0.0042163 -0.0049257 -0.0052714 -0.0045959 -0.0019087 -0.0047581 -0.0048358 -0.0022909 -0.0051069 -0.0051824 -0.0053565
-0.0388184 -0.0597694 -0.0566209 -0.0464947 -0.0528005 -0.0354754 -0.0415901 -0.0362540 -0.0411872 -0.0503859 -0.0548181 -0.0345262 1.8928993 -0.0433395 0.0282239 -0.0524187 -0.0197683 -0.0210705 -0.0387230 -0.0305163 -0.0306201 -0.0519349 -0.0594938 -0.0431466 -0.0430854 -0.0395035 -0.0344631 -0.0211201 -0.0383539 0.2535691 -0.0564480 -0.0321595 -0.0140005 -0.0133715 -0.0141316 -0.0145644 -0.0139792 -0.0143143 -0.0150948 -0.0145220 -0.0133745 -0.0134178 -0.0166541 -0.0136603 -0.0133351 -0.0148296 -0.0139247 -0.0138441 -0.0140593 -0.0147715 -0.0109411 -0.0131365 -0.0123000 -0.0109453 -0.0108728 -0.0142460 -0.0130155 -0.0143876 -0.0132832 -0.0142445 -0.0118442 -0.0171985 -0.0134841 -0.0116078 -0.0144114 -0.0147681 -0.0127077 -0.0157043 -0.0151435 -0.0148389 -0.0133599 -0.0134490 -0.0138383 -0.0145205 -0.0105721 -0.0135937 -0.0131695 -0.0110701 -0.0140064 -0.0144944 -0.0148149
-0.0294028 -0.0586144 -0.0551223 -0.0373851 -0.0244639 -0.0269037 -0.0294267 -0.0252106 -0.0292267 -0.0476175 -0.0540613 -0.0233793 -0.0433395 1.7944037 -0.0434603 -0.0497325 -0.0101604 -0.0098203 -0.0278982 -0.0196958 -0.0202008 -0.0487532 -0.0579305 -0.0305761 -0.0304852 -0.0278116 -0.0261590 -0.0115932 -0.0283519 -0.0596684 -0.0549397 -0.0225164 -0.0080135 -0.0081630 -0.0093374 -0.0098027 -0.0081215 -0.0086731 -0.0102316 -0.0096803 -0.0069452 -0.0078032 -0.0119536 -0.0085832 -0.0074511 -0.0095783 -0.0085454 -0.0081240 -0.0076260 -0.0097384 -0.0050058 -0.0081855 -0.0057868 -0.0044496 -0.0048551 -0.0095986 -0.0072984 -0.0089285 -0.0071890 -0.0080680 -0.0055415 -0.0121129 -0.0077856 -0.0043103 -0.0093377 -0.0098431 -0.0063356 -0.0104179 -0.0092911 -0.0096061 -0.0071460 -0.0076679 -0.0091459 -0.0084424 -0.0038201 -0.0077045 -0.0080882 -0.0044147 -0.0087001 -0.0091829 -0.0094310
-0.0392528 -0.0601104 -0.0564792 -0.0463460 -0.0530849 -0.0353816 -0.0412463 -0.0358470 -0.0400829 -0.0501619 -0.0554873 -0.0337600 0.0282239 -0.0434603 1.8816910 -0.0525198 -0.0187926 -0.0204276 -0.0389604 -0.0307054 -0.0300254 -0.0525298 -0.0603661 -0.0433777 -0.0430954 -0.0390397 -0.0347719 -0.0204511 -0.0378859 0.2268100 -0.0562530 -0.0324779 -0.0137178 -0.0131309 -0.0142658 -0.0142086 -0.0132903 -0.0141065 -0.0150498 -0.0142942 -0.0131378 -0.0131086 -0.0164849 -0.0138804 -0.0130193 -0.0152756 -0.0141230 -0.0137161 -0.0136000 -0.0147403 -0.0102548 -0.0129898 -0.0120595 -0.0101873 -0.0105968 -0.0143643 -0.0125876 -0.0140671 -0.0129658 -0.0143583 -0.0113842 -0.0170890 -0.0132890 -0.0110072 -0.0143551 -0.0147900 -0.0125962 -0.0149889 -0.0147852 -0.0146109 -0.0133007 -0.0129338 -0.0137902 -0.0142306 -0.0103010 -0.0136204 -0.0130558 -0.0105635 -0.0138507 -0.0144197 -0.0145829
-0.0441528 -0.0614488 -0.0581790 -0.0498292 -0.0573124 -0.0402442 -0.0466662 -0.0408402 -0.0464573 -0.0523726 -0.0569463 -0.0382726 -0.0524187 -0.0497325 -0.0525198 1.9674745 -0.0224327 -0.0247206 -0.0446832 -0.0342407 -0.0347594 0.0599655 0.2555025 -0.0491258 -0.0491551 -0.0445939 -0.0383545 -0.0250749 -0.0418296 -0.0626596 -0.0578674 -0.0362984 -0.0159384 -0.0157600 -0.0162724 -0.0162149 -0.0161172 -0.0166487 -0.0181714 -0.0162942 -0.0159126 -0.0158884 -0.0175044 -0.0164056 -0.0155082 -0.0171124 -0.0164712 -0.0161177 -0.0153028 -0.0169202 -0.0140132 -0.0159201 -0.0140748 -0.0139601 -0.0138626 -0.0162888 -0.0153460 -0.0170334 -0.0148964 -0.0159005 -0.0146043 -0.0194326 -0.0161836 -0.0137051 -0.0170241 -0.0174168 -0.0147626 -0.0173823 -0.0173298 -0.0169104 -0.0151507 -0.0156757 -0.0166206 -0.0161626 -0.0135606 -0.0159629 -0.0162782 -0.0127071 -0.0164733 -0.0160278 -0.0171966
-0.0091676 -0.0377888 -0.0300028 -0.0153871 -0.0070845 -0.0087386 -0.0100799 -0.0093413 -0.0114563 -0.0210243 -0.0291265 -0.0081838 -0.0197683 -0.0101604 -0.0187926 -0.0224327 0.9099416 -0.0024697 -0.0088492 -0.0075333 -0.0068292 -0.0217046 -0.0366659 -0.0102454 -0.0102275 -0.0104046 -0.0076202 -0.0026767 -0.0090090 -0.0394760 -0.0164588 -0.0069633 0.0007131 0.0008415 0.0005255 0.0006107 0.0004765 0.0003857 0.0000066 0.0005598 0.0007751 0.0006831 -0.0001361 0.0005265 0.0005331 0.0004260 0.0004470 0.0004036 0.0005301 0.0004135 0.0011133 0.0006878 0.0009677 0.0011284 0.0009949 0.0007256 0.0006485 0.0004987 0.0008423 0.0003422 0.0009426 -0.0005652 0.0007022 0.0010990 0.0001352 0.0005377 0.0006212 0.0000181 0.0000809 0.0002889 0.0007582 0.0006159 0.0004277 0.0005237 0.0010398 0.0005353 0.0006592 0.0007351 0.0005644 0.0004405 0.0004941
-0.0100388 -0.0398859 -0.0327405 -0.0162436 -0.0076123 -0.0091810 -0.0104139 -0.0087300 -0.0100060 -0.0229104 -0.0318875 -0.0079908 -0.0210705 -0.0098203 -0.0204276 -0.0247206 -0.0024697 0.9902161 -0.0101509 -0.0067412 -0.0066522 -0.0239485 -0.0409433 -0.0103828 -0.0104702 -0.0100499 -0.0087703 -0.0033426 -0.0101287 -0.0428986 -0.0196887 -0.0083915 -0.0000562 -0.0000497 -0.0004109 -0.0002558 -0.0000140 -0.0004294 -0.0007203 -0.0004006 -0.0001176 -0.0002461 -0.0011160 -0.0003183 0.0000671 -0.0005281 -0.0003246 -0.0001269 0.0000114 -0.0003623 0.0006785 -0.0003045 0.0004034 0.0004760 0.0004915 -0.0003140 -0.0003490 -0.0004534 -0.0000644 -0.0004838 0.0002793 -0.0013612 -0.0002544 0.0006894 -0.0005221 -0.0005028 0.0001301 -0.0007584 -0.0005025 -0.0005127 -0.0001545 0.0000433 -0.0002273 -0.0003341 0.0006413 -0.0002149 -0.0002275 0.0004422 -0.0002266 -0.0004178 -0.0002154
-0.0271965 -0.0542943 -0.0497849 -0.0344487 -0.0265640 -0.0250420 -0.0271729 -0.0235381 -0.0268541 -0.0415314 -0.0501069 -0.0211748 -0.0387230 -0.0278982 -0.0389604 -0.0446832 -0.0088492 -0.0101509 1.5777421 -0.0190626 -0.0189551 -0.0431309 -0.0543068 -0.0290191 -0.0289509 -0.0259963 -0.0240898 -0.0102730 -0.0262162 -0.0542359 -0.0502045 -0.0211577 -0.0062182 -0.0064825 -0.0076052 -0.0074839 -0.0063027 -0.0066423 -0.0082976 -0.0072886 -0.0058386 -0.0067878 -0.0091832 -0.0066082 -0.0061803 -0.0078950 -0.0066823 -0.0060728 -0.0062031 -0.0070483 -0.0034238 -0.0067165 -0.0043724 -0.0033627 -0.0034938 -0.0074776 -0.0059856 -0.0063864 -0.0058887 -0.0063162 -0.0046955 -0.0101264 -0.0061372 -0.0033283 -0.0074219 -0.0078734 -0.0054220 -0.0081536 -0.0070948 -0.0075394 -0.0058940 -0.0060758 -0.0067766 -0.0066141 -0.0029246 -0.0057884 -0.0065027 -0.0034408 -0.0069380 -0.0072741 -0.0071665
-0.0191667 -0.0479266 -0.0446153 -0.0257513 -0.0159285 -0.0175188 -0.0195084 -0.0180977 -0.0201722 -0.0321398 -0.0430519 -0.0159700 -0.0305163 -0.0196958 -0.0307054 -0.0342407 -0.0075333 -0.0067412 -0.0190626 1.2688329 -0.0140832 -0.0336459 -0.0483277 -0.0202726 -0.0195269 -0.0195162 -0.0164802 -0.0072580 -0.0186264 -0.0494800 -0.0441806 -0.0146720 -0.0032114 -0.0034057 -0.0034947 -0.0040765 -0.0031409 -0.0037029 -0.0044264 -0.0039239 -0.0030247 -0.0030243 -0.0051296 -0.0035408 -0.0028728 -0.0040323 -0.0034895 -0.0035459 -0.0032459 -0.0042388 -0.0014730 -0.0030472 -0.0023860 -0.0014337 -0.0016679 -0.0039689 -0.0030181 -0.0033857 -0.0027889 -0.0035836 -0.0019430 -0.0052693 -0.0032291 -0.0012027 -0.0040590 -0.0038208 -0.0023073 -0.0044022 -0.0041114 -0.0038568 -0.0030195 -0.0032152 -0.0035973 -0.0035661 -0.0010309 -0.0035589 -0.0031331 -0.0013818 -0.0034958 -0.0037248 -0.0033811
-0.0194499 -0.0480399 -0.0439852 -0.0257899 -0.0177349 -0.0174727 -0.0200063 -0.0180317 -0.0213947 -0.0319162 -0.0430634 -0.0168835 -0.0306201 -0.0202008 -0.0300254 -0.0347594 -0.0068292 -0.0066522 -0.0189551 -0.0140832 1.2568338 -0.0343208 -0.0481663 -0.0206165 -0.0202298 -0.0200083 -0.0161668 -0.0072158 -0.0189943 -0.0492722 -0.0334012 -0.0143187 -0.0032057 -0.0026858 -0.0035771 -0.0035067 -0.0031850 -0.0033964 -0.0041891 -0.0036016 -0.0029982 -0.0030384 -0.0051490 -0.0030632 -0.0030255 -0.0041516 -0.0034340 -0.0035927 -0.0032912 -0.0039171 -0.0015027 -0.0029298 -0.0018356 -0.0014521 -0.0015706 -0.0036419 -0.0027234 -0.0033993 -0.0027263 -0.0035405 -0.0019177 -0.0054091 -0.0029011 -0.0012803 -0.0042818 -0.0038571 -0.0023343 -0.0049315 -0.0038406 -0.0039472 -0.0026078 -0.0031892 -0.0034858 -0.0034166 -0.0011837 -0.0033120 -0.0033279 -0.0015453 -0.0034310 -0.0038013 -0.0036342
-0.0428454 -0.0615121 -0.0577763 -0.0493543 -0.0570670 -0.0389577 -0.0457937 -0.0395980 -0.0449831 -0.0521013 -0.0567026 -0.0377600 -0.0519349 -0.0487532 -0.0525298 0.0599655 -0.0217046 -0.0239485 -0.0431309 -0.0336459 -0.0343208 1.9643201 0.2364985 -0.0476850 -0.0479523 -0.0433771 -0.0374564 -0.0241494 -0.0406499 -0.0620249 -0.0578337 -0.0351754 -0.0153568 -0.0151668 -0.0155395 -0.0157164 -0.0154829 -0.0158324 -0.0174007 -0.0159876 -0.0150634 -0.0152884 -0.0172068 -0.0159034 -0.0148588 -0.0164779 -0.0155096 -0.0155510 -0.0147617 -0.0164236 -0.0133896 -0.0151783 -0.0131957 -0.0134558 -0.0128961 -0.0155049 -0.0145710 -0.0160440 -0.0143284 -0.0153405 -0.0140395 -0.0187647 -0.0153937 -0.0128135 -0.0166911 -0.0167087 -0.0141265 -0.0171289 -0.0166320 -0.0163418 -0.0145985 -0.0154127 -0.0161935 -0.0154790 -0.0133503 -0.0153352 -0.0158628 -0.0119376 -0.0158220 -0.0156593 -0.0165137
-0.0538665 -0.0650733 -0.0659943 -0.0577347 -0.0650180 -0.0509918 -0.0563424 -0.0518899 -0.0558743 -0.0588271 -0.0649328 -0.0509676 -0.0594938 -0.0579305 -0.0603661 0.2555025 -0.0366659 -0.0409433 -0.0543068 -0.0483277 -0.0481663 0.2364985 2.5165315 -0.0572696 -0.0570855 -0.0544263 -0.0494003 -0.0402672 -0.0524631 -0.0633051 -0.0653717 -0.0490483 -0.0270713 -0.0266980 -0.0265078 -0.0261439 -0.0272320 -0.0276424 -0.0292388 -0.0270042 -0.0274370 -0.0269344 -0.0266654 -0.0274567 -0.0264681 -0.0276385 -0.0270662 -0.0267465 -0.0255605 -0.0270186 -0.0262364 -0.0265087 -0.0246910 -0.0268754 -0.0255846 -0.0267281 -0.0261179 -0.0286795 -0.0252639 -0.0269417 -0.0267682 -0.0293161 -0.0276141 -0.0255881 -0.0275933 -0.0284195 -0.0258814 -0.0273982 -0.0287831 -0.0271609 -0.0258742 -0.0269640 -0.0272358 -0.0270313 -0.0270604 -0.0271809 -0.0276155 -0.0237104 -0.0269665 -0.0260310 -0.0278495
-0.0295603 -0.0572656 -0.0535238 -0.0382931 -0.0297652 -0.0268171 -0.0302621 -0.0269943 -0.0301419 -0.0460643 -0.0530335 -0.0233818 -0.0431466 -0.0305761 -0.0433777 -0.0491258 -0.0102454 -0.0103828 -0.0290191 -0.0202726 -0.0206165 -0.0476850 -0.0572696 1.7230121 -0.0309009 -0.0287933 -0.0265567 -0.0111793 -0.0293541 -0.0580132 -0.0529563 -0.0233969 -0.0071307 -0.0078383 -0.0088247 -0.0090191 -0.0076254 -0.0080173 -0.0094970 -0.0087036 -0.0065022 -0.0078998 -0.0110579 -0.0078280 -0.0073794 -0.0091586 -0.0081416 -0.0073522 -0.0074945 -0.0090405 -0.0041306 -0.0075104 -0.0048705 -0.0039323 -0.0039600 -0.0086851 -0.0067723 -0.0077612 -0.0068483 -0.0074917 -0.0051789 -0.0115916 -0.0071911 -0.0036598 -0.0090297 -0.0085936 -0.0056053 -0.0097458 -0.0085120 -0.0090208 -0.0065843 -0.0072555 -0.0083050 -0.0077588 -0.0033681 -0.0071191 -0.0077941 -0.0039582 -0.0085743 -0.0082766 -0.0086391
-0.0295963 -0.0582484 -0.0542506 -0.0376848 -0.0263918 -0.0272895 -0.0295054 -0.0259549 -0.0293826 -0.0468950 -0.0535105 -0.0233906 -0.0430854 -0.0304852 -0.0430954 -0.0491551 -0.0102275 -0.0104702 -0.0289509 -0.0195269 -0.0202298 -0.0479523 -0.0570855 -0.0309009 1.7583482 -0.0280744 -0.0254415 -0.0114021 -0.0280970 -0.0589140 -0.0546104 -0.0226574 -0.0076847 -0.0081904 -0.0092084 -0.0095951 -0.0078601 -0.0085664 -0.0099905 -0.0093788 -0.0069985 -0.0078943 -0.0117615 -0.0082298 -0.0071801 -0.0096421 -0.0080747 -0.0079285 -0.0076030 -0.0092892 -0.0043737 -0.0076455 -0.0051855 -0.0041833 -0.0040547 -0.0088061 -0.0069791 -0.0084233 -0.0069954 -0.0077235 -0.0053301 -0.0121108 -0.0074527 -0.0033767 -0.0092961 -0.0091294 -0.0060196 -0.0097225 -0.0087244 -0.0095342 -0.0067429 -0.0080095 -0.0086808 -0.0078852 -0.0033883 -0.0077386 -0.0080790 -0.0042374 -0.0083342 -0.0093989 -0.0088198
-0.0267082 -0.0551901 -0.0512592 -0.0337767 -0.0243861 -0.0254505 -0.0276823 -0.0253548 -0.0290755 -0.0416436 -0.0505411 -0.0231474 -0.0395035 -0.0278116 -0.0390397 -0.0445939 -0.0104046 -0.0100499 -0.0259963 -0.0195162 -0.0200083 -0.0433771 -0.0544263 -0.0287933 -0.0280744 1.6129233 -0.0228322 -0.0109438 -0.0262587 -0.0556726 -0.0517544 -0.0203563 -0.0067864 -0.0064544 -0.0077242 -0.0078207 -0.0067053 -0.0072874 -0.0086290 -0.0079655 -0.0058767 -0.0065733 -0.0100012 -0.0069530 -0.0066398 -0.0079350 -0.0070330 -0.0065238 -0.0067762 -0.0078734 -0.0037187 -0.0062006 -0.0044287 -0.0031755 -0.0040025 -0.0075018 -0.0061861 -0.0068680 -0.0062091 -0.0069152 -0.0044759 -0.0101660 -0.0062481 -0.0033405 -0.0083642 -0.0075326 -0.0055316 -0.0088295 -0.0079018 -0.0081768 -0.0058133 -0.0067709 -0.0075320 -0.0069042 -0.0027852 -0.0066016 -0.0065106 -0.0033652 -0.0075397 -0.0079831 -0.0080005
-0.0243102 -0.0502188 -0.0459791 -0.0306001 -0.0265273 -0.0219432 -0.0247922 -0.0211650 -0.0232286 -0.0363501 -0.0453548 -0.0189462 -0.0344631 -0.0261590 -0.0347719 -0.0383545 -0.0076202 -0.0087703 -0.0240898 -0.0164802 -0.0161668 -0.0374564 -0.0494003 -0.0265567 -0.0254415 -0.0228322 1.3316261 -0.0093080 -0.0233820 -0.0511222 -0.0454440 -0.0192071 -0.0039067 -0.0045623 -0.0050482 -0.0050343 -0.0044181 -0.0049348 -0.0053203 -0.0050233 -0.0037998 -0.0043085 -0.0062700 -0.0045025 -0.0040203 -0.0049878 -0.0042236 -0.0040877 -0.0039610 -0.0050240 -0.0021778 -0.0045664 -0.0027967 -0.0024843 -0.0018722 -0.0050224 -0.0038360 -0.0046496 -0.0035381 -0.0046303 -0.0027650 -0.0071525 -0.0040754 -0.0018721 -0.0051769 -0.0051483 -0.0034970 -0.0058154 -0.0050485 -0.0049103 -0.0037236 -0.0042720 -0.0044676 -0.0044356 -0.0020403 -0.0043627 -0.0042366 -0.0022657 -0.0046120 -0.0048095 -0.0047269
-0.0105061 -0.0385064 -0.0315170 -0.0164498 -0.0081365 -0.0094604 -0.0111508 -0.0095644 -0.0112337 -0.0222793 -0.0305084 -0.0089417 -0.0211201 -0.0115932 -0.0204511 -0.0250749 -0.0026767 -0.0033426 -0.0102730 -0.0072580 -0.0072158 -0.0241494 -0.0402672 -0.0111793 -0.0114021 -0.0109438 -0.0093080 0.9500127 -0.0101192 -0.0398798 -0.0273371 -0.0080353 0.0001205 0.0001489 -0.0000403 0.0000291 0.0002026 -0.0000863 -0.0002937 0.0000655 0.0003626 0.0002693 -0.0005650 0.0001886 0.0003841 -0.0000923 0.0000104 0.0001425 0.0002821 -0.0000877 0.0008981 0.0003664 0.0004434 0.0005653 0.0008149 -0.0001445 0.0003288 -0.0000758 0.0002083 -0.0000730 0.0007239 -0.0012340 0.0001346 0.0007840 -0.0001942 -0.0001783 0.0003603 -0.0004819 -0.0002228 -0.0002079 0.0000864 0.0001895 0.0001812 0.0000087 0.0009634 -0.0000015 0.0001684 0.0007315 0.0000916 -0.0000145 0.0000253
-0.0267776 -0.0527964 -0.0492860 -0.0334596 -0.0284124 -0.0240950 -0.0267179 -0.0238564 -0.0271532 -0.0396625 -0.0487633 -0.0216165 -0.0383539 -0.0283519 -0.0378859 -0.0418296 -0.0090090 -0.0101287 -0.0262162 -0.0186264 -0.0189943 -0.0406499 -0.0524631 -0.0293541 -0.0280970 -0.0262587 -0.0233820 -0.0101192 1.4804848 -0.0540268 -0.0494609 -0.0206222 -0.0055666 -0.0058274 -0.0065159 -0.0068693 -0.0059740 -0.0057394 -0.0073404 -0.0066899 -0.0050319 -0.0058315 -0.0083478 -0.0058379 -0.0052902 -0.0070347 -0.0058699 -0.0054929 -0.0053933 -0.0063785 -0.0028833 -0.0054844 -0.0037795 -0.0031045 -0.0032203 -0.0064128 -0.0051926 -0.0058945 -0.0049977 -0.0058320 -0.0035173 -0.0088319 -0.0058123 -0.0027740 -0.0064771 -0.0065523 -0.0043304 -0.0073794 -0.0066242 -0.0063935 -0.0050757 -0.0054079 -0.0063223 -0.0056404 -0.0025199 -0.0055269 -0.0055812 -0.0029817 -0.0058119 -0.0065542 -0.0065523
-0.0551734 -0.0618503 -0.0657324 -0.0595284 -0.0658945 -0.0514024 -0.0576047 -0.0533655 -0.0569155 -0.0601669 -0.0652077 -0.0517735 0.2535691 -0.0596684 0.2268100 -0.0626596 -0.0394760 -0.0428986 -0.0542359 -0.0494800 -0.0492722 -0.0620249 -0.0633051 -0.0580132 -0.0589140 -0.0556726 -0.0511222 -0.0398798 -0.0540268 2.6392355 -0.0665636 -0.0504610 -0.0289647 -0.0268483 -0.0284858 -0.0281487 -0.0283973 -0.0297109 -0.0288640 -0.0290009 -0.0285818 -0.0263780 -0.0303557 -0.0282519 -0.0279597 -0.0293204 -0.0287571 -0.0284286 -0.0291413 -0.0286063 -0.0259756 -0.0265002 -0.0282364 -0.0260414 -0.0258321 -0.0279357 -0.0273046 -0.0299632 -0.0276429 -0.0305787 -0.0266808 -0.0319167 -0.0280538 -0.0286695 -0.0278237 -0.0294347 -0.0283854 -0.0296916 -0.0298600 -0.0286804 -0.0287412 -0.0270950 -0.0280389 -0.0298239 -0.0258405 -0.0286118 -0.0267314 -0.0263777 -0.0281575 -0.0288285 -0.0287052
-0.0510424 -0.0661871 -0.0625763 -0.0537495 -0.0617557 -0.0474546 -0.0528376 -0.0491881 -0.0534223 -0.0556266 -0.0611770 -0.0475267 -0.0564480 -0.0549397 -0.0562530 -0.0578674 -0.0164588 -0.0196887 -0.0502045 -0.0441806 -0.0334012 -0.0578337 -0.0653717 -0.0529563 -0.0546104 -0.0517544 -0.0454440 -0.0273371 -0.0494609 -0.0665636 2.2161520 -0.0450714 -0.0160114 -0.0183008 -0.0182746 -0.0190955 -0.0180706 -0.0163961 -0.0192184 -0.0170569 -0.0176771 -0.0161273 -0.0190885 -0.0177531 -0.0176417 -0.0178006 -0.0175311 -0.0173947 -0.0160574 -0.0189105 -0.0141755 -0.0172988 -0.0131835 -0.0166440 -0.0152858 -0.0180105 -0.0171766 -0.0181586 -0.0178688 -0.0186178 -0.0149391 -0.0198593 -0.0160777 -0.0146262 -0.0181552 -0.0175081 -0.0143659 -0.0177091 -0.0187618 -0.0165851 -0.0186513 -0.0167628 -0.0173396 -0.0175995 -0.0146999 -0.0182158 -0.0172333 -0.0139067 -0.0184069 -0.0185626 -0.0190478
-0.0222977 -0.0494963 -0.0457939 -0.0286539 -0.0211931 -0.0197578 -0.0219855 -0.0184644 -0.0208912 -0.0344656 -0.0451747 -0.0166022 -0.0321595 -0.0225164 -0.0324779 -0.0362984 -0.0069633 -0.0083915 -0.0211577 -0.0146720 -0.0143187 -0.0351754 -0.0490483 -0.0233969 -0.0226574 -0.0203563 -0.0192071 -0.0080353 -0.0206222 -0.0504610 -0.0450714 1.3092283 -0.0032603 -0.0041024 -0.0047118 -0.0043171 -0.0042493 -0.0042934 -0.0051061 -0.0044168 -0.0036125 -0.0036258 -0.0056445 -0.0040507 -0.0036433 -0.0045444 -0.0042084 -0.0037428 -0.0036057 -0.0044317 -0.0020061 -0.0036207 -0.0024559 -0.0019414 -0.0015097 -0.0045705 -0.0034401 -0.0044697 -0.0034338 -0.0042605 -0.0025010 -0.0060147 -0.0037296 -0.0011658 -0.0042701 -0.0047682 -0.0029823 -0.0050246 -0.0047780 -0.0044766 -0.0033196 -0.0034818 -0.0040182 -0.0041911 -0.0017915 -0.0037490 -0.0037345 -0.0019044 -0.0042729 -0.0041450 -0.0043272
-0.0062912 -0.0259875 -0.0210084 -0.0102364 -0.0077514 -0.0046118 -0.0072007 -0.0053037 -0.0071695 -0.0141461 -0.0203003 -0.0050781 -0.0140005 -0.0080135 -0.0137178 -0.0159384 0.0007131 -0.0000562 -0.0062182 -0.0032114 -0.0032057 -0.0153568 -0.0270713 -0.0071307 -0.0076847 -0.0067864 -0.0039067 0.0001205 -0.0055666 -0.0289647 -0.0160114 -0.0032603 0.5647622 0.0040081 0.0042460 0.0044840 0.0042724 0.0039651 0.0040145 0.0043403 0.0039289 0.0042023 0.0041079 0.0040736 0.0040196 0.0044508 0.0040489 0.0038112 0.0040974 0.0042266 0.0035804 0.0040457 0.0038811 0.0034417 0.0033502 0.0042288 0.0038387 0.0038327 0.0041327 0.0034069 0.0035876 0.0036393 0.0038074 0.0036098 0.0039116 0.0041588 0.0035484 0.0038647 0.0035139 0.0042195 0.0038909 0.0041412 0.0042255 0.0037539 0.0034157 0.0036070 0.0039246 0.0034762 0.0043052 0.0044315 0.0042693
-0.0063007 -0.0270791 -0.0216625 -0.0112086 -0.0084643 -0.0049041 -0.0074957 -0.0058143 -0.0075090 -0.0145956 -0.0206550 -0.0046022 -0.0133715 -0.0081630 -0.0131309 -0.0157600 0.0008415 -0.0000497 -0.0064825 -0.0034057 -0.0026858 -0.0151668 -0.0266980 -0.0078383 -0.0081904 -0.0064544 -0.0045623 0.0001489 -0.0058274 -0.0268483 -0.0183008 -0.0041024 0.0040081 0.5281532 0.0046758 0.0046896 0.0043215 0.0042485 0.0041164 0.0045596 0.0041240 0.0044909 0.0043385 0.0042451 0.0043545 0.0046089 0.0042712 0.0041649 0.0043067 0.0047018 0.0037788 0.0042588 0.0039260 0.0035973 0.0037210 0.0044621 0.0040920 0.0040797 0.0045333 0.0037348 0.0038794 0.0038350 0.0040061 0.0038514 0.0041811 0.0045027 0.0037967 0.0041873 0.0037346 0.0045462 0.0042148 0.0043453 0.0045005 0.0041070 0.0035652 0.0039826 0.0041898 0.0035807 0.0045483 0.0045543 0.0046171
-0.0076276 -0.0271021 -0.0206341 -0.0116968 -0.0108120 -0.0056993 -0.0082405 -0.0060763 -0.0083638 -0.0154324 -0.0198557 -0.0053027 -0.0141316 -0.0093374 -0.0142658 -0.0162724 0.0005255 -0.0004109 -0.0076052 -0.0034947 -0.0035771 -0.0155395 -0.0265078 -0.0088247 -0.0092084 -0.0077242 -0.0050482 -0.0000403 -0.0065159 -0.0284858 -0.0182746 -0.0047118 0.0042460 0.0046758 0.4895719 0.0051218 0.0046124 0.0045246 0.0045074 0.0049397 0.0043260 0.0048775 0.0047257 0.0044312 0.0048343 0.0050547 0.0047081 0.0042477 0.0046487 0.0049124 0.0039201 0.0046235 0.0042619 0.0037577 0.0039371 0.0046990 0.0042960 0.0042497 0.0046461 0.0037997 0.0043178 0.0041534 0.0044322 0.0040739 0.0045422 0.0048014 0.0041903 0.0044658 0.0042524 0.0049140 0.0046657 0.0046512 0.0049314 0.0043737 0.0038025 0.0041715 0.0044699 0.0039066 0.0051006 0.0050257 0.0050644
-0.0073751 -0.0271005 -0.0208547 -0.0117831 -0.0107985 -0.0053966 -0.0084617 -0.0063599 -0.0082480 -0.0149905 -0.0203996 -0.0054548 -0.0145644 -0.0098027 -0.0142086 -0.0162149 0.0006107 -0.0002558 -0.0074839 -0.0040765 -0.0035067 -0.0157164 -0.0261439 -0.0090191 -0.0095951 -0.0078207 -0.0050343 0.0000291 -0.0068693 -0.0281487 -0.0190955 -0.0043171 0.0044840 0.0046896 0.0051218 0.4830876 0.0047722 0.0045898 0.0045027 0.0049857 0.0045902 0.0047923 0.0047424 0.0046817 0.0047539 0.0051243 0.0047382 0.0043069 0.0047372 0.0050076 0.0041533 0.0046817 0.0042266 0.0039037 0.0039917 0.0047796 0.0044814 0.0045321 0.0046370 0.0038965 0.0043017 0.0043798 0.0042968 0.0041944 0.0047524 0.0048046 0.0041566 0.0045030 0.0042302 0.0049241 0.0046123 0.0048539 0.0048542 0.0044131 0.0038697 0.0042572 0.0046464 0.0039020 0.0050985 0.0048978 0.0050511
-0.0066620 -0.0276679 -0.0213859 -0.0110844 -0.0080744 -0.0047359 -0.0071840 -0.0056993 -0.0074875 -0.0149487 -0.0209175 -0.0046977 -0.0139792 -0.0081215 -0.0132903 -0.0161172 0.0004765 -0.0000140 -0.0063027 -0.0031409 -0.0031850 -0.0154829 -0.0272320 -0.0076254 -0.0078601 -0.0067053 -0.0044181 0.0002026 -0.0059740 -0.0283973 -0.0180706 -0.0042493 0.0042724 0.0043215 0.0046124 0.0047722 0.5225696 0.0042927 0.0043178 0.0045863 0.0041033 0.0045025 0.0046173 0.0043936 0.0045971 0.0047972 0.0044471 0.0039645 0.0043518 0.0045640 0.0037991 0.0044341 0.0040206 0.0037315 0.0037587 0.0046780 0.0041586 0.0040753 0.0043403 0.0037897 0.0041158 0.0040080 0.0041455 0.0038138 0.0043137 0.0045028 0.0040184 0.0041673 0.0039171 0.0047166 0.0043548 0.0044283 0.0047876 0.0042023 0.0035665 0.0040265 0.0042298 0.0036447 0.0047795 0.0045417 0.0047475
-0.0065567 -0.0272435 -0.0211473 -0.0112086 -0.0090296 -0.0049571 -0.0075275 -0.0059530 -0.0079941 -0.0147946 -0.0207918 -0.0049581 -0.0143143 -0.0086731 -0.0141065 -0.0166487 0.0003857 -0.0004294 -0.0066423 -0.0037029 -0.0033964 -0.0158324 -0.0276424 -0.0080173 -0.0085664 -0.0072874 -0.0049348 -0.0000863 -0.0057394 -0.0297109 -0.0163961 -0.0042934 0.0039651 0.0042485 0.0045246 0.0045898 0.0042927 0.5353988 0.0041012 0.0046971 0.0040104 0.0044555 0.0043499 0.0040469 0.0043794 0.0045858 0.0041702 0.0039520 0.0042850 0.0045486 0.0038048 0.0042532 0.0039287 0.0035435 0.0036716 0.0042483 0.0039643 0.0040243 0.0043697 0.0037085 0.0039163 0.0038868 0.0039895 0.0039400 0.0041852 0.0042622 0.0037886 0.0039035 0.0036923 0.0044740 0.0042251 0.0042451 0.0043509 0.0039290 0.0034130 0.0037656 0.0041398 0.0036621 0.0045454 0.0045479 0.0046734
-0.0078070 -0.0269675 -0.0220983 -0.0121072 -0.0112978 -0.0060458 -0.0090456 -0.0073191 -0.0089347 -0.0154227 -0.0214096 -0.0061142 -0.0150948 -0.0102316 -0.0150498 -0.0181714 0.0000066 -0.0007203 -0.0082976 -0.0044264 -0.0041891 -0.0174007 -0.0292388 -0.0094970 -0.0099905 -0.0086290 -0.0053203 -0.0002937 -0.0073404 -0.0288640 -0.0192184 -0.0051061 0.0040145 0.0041164 0.0045074 0.0045027 0.0043178 0.0041012 0.5232405 0.0042782 0.0039321 0.0043450 0.0042157 0.0043577 0.0043349 0.0045122 0.0039614 0.0038052 0.0042735 0.0045796 0.0036365 0.0042825 0.0040147 0.0034742 0.0035357 0.0044173 0.0039566 0.0039836 0.0045000 0.0037344 0.0039758 0.0037902 0.0040851 0.0038139 0.0040795 0.0042606 0.0038674 0.0041257 0.0036908 0.0044985 0.0042245 0.0044789 0.0044838 0.0040889 0.0037752 0.0038224 0.0041768 0.0036850 0.0045744 0.0044428 0.0046082
-0.0073379 -0.0273392 -0.0218178 -0.0116734 -0.0103371 -0.0057462 -0.0084699 -0.0061402 -0.0083089 -0.0154917 -0.0211119 -0.0051450 -0.0145220 -0.0096803 -0.0142942 -0.0162942 0.0005598 -0.0004006 -0.0072886 -0.0039239 -0.0036016 -0.0159876 -0.0270042 -0.0087036 -0.0093788 -0.0079655 -0.0050233 0.0000655 -0.0066899 -0.0290009 -0.0170569 -0.0044168 0.0043403 0.0045596 0.0049397 0.0049857 0.0045863 0.0046971 0.0042782 0.4944756 0.0043542 0.0047706 0.0048658 0.0044680 0.0047949 0.0052783 0.0045015 0.0043700 0.0045048 0.0047140 0.0039245 0.0045781 0.0042063 0.0038128 0.0038489 0.0046542 0.0044549 0.0043332 0.0047084 0.0039238 0.0042505 0.0042425 0.0042801 0.0039922 0.0044677 0.0047551 0.0041086 0.0043486 0.0040661 0.0048104 0.0045047 0.0048930 0.0047809 0.0042996 0.0036506 0.0042237 0.0044932 0.0038006 0.0048809 0.0049449 0.0050966
-0.0059044 -0.0273416 -0.0200262 -0.0103709 -0.0063666 -0.0042389 -0.0061180 -0.0047998 -0.0066212 -0.0145730 -0.0192557 -0.0042219 -0.0133745 -0.0069452 -0.0131378 -0.0159126 0.0007751 -0.0001176 -0.0058386 -0.0030247 -0.0029982 -0.0150634 -0.0274370 -0.0065022 -0.0069985 -0.0058767 -0.0037998 0.0003626 -0.0050319 -0.0285818 -0.0176771 -0.0036125 0.0039289 0.0041240 0.0043260 0.0045902 0.0041033 0.0040104 0.0039321 0.0043542 0.5595641 0.0043538 0.0044114 0.0040712 0.0041987 0.0044497 0.0041307 0.0038467 0.0040861 0.0042561 0.0035886 0.0039926 0.0037266 0.0035310 0.0035386 0.0042458 0.0039413 0.0039899 0.0040138 0.0034286 0.0037856 0.0037648 0.0039645 0.0036680 0.0039839 0.0042808 0.0036666 0.0039118 0.0036769 0.0043398 0.0040721 0.0041638 0.0042666 0.0039470 0.0033079 0.0038427 0.0040241 0.0036072 0.0043473 0.0042987 0.0045671
-0.0062962 -0.0244301 -0.0210865 -0.0102563 -0.0080165 -0.0046256 -0.0070517 -0.0052029 -0.0074959 -0.0134736 -0.0206465 -0.0046043 -0.0134178 -0.0078032 -0.0131086 -0.0158884 0.0006831 -0.0002461 -0.0067878 -0.0030243 -0.0030384 -0.0152884 -0.0269344 -0.0078998 -0.0078943 -0.0065733 -0.0043085 0.0002693 -0.0058315 -0.0263780 -0.0161273 -0.0036258 0.0042023 0.0044909 0.0048775 0.0047923 0.0045025 0.0044555 0.0043450 0.0047706 0.0043538 0.5153626 0.0045351 0.0044227 0.0044279 0.0049328 0.0045443 0.0040874 0.0044553 0.0048637 0.0038262 0.0044641 0.0040790 0.0036218 0.0037442 0.0046789 0.0042115 0.0040632 0.0043666 0.0039783 0.0041249 0.0041192 0.0042109 0.0039144 0.0042133 0.0044839 0.0040066 0.0043150 0.0040463 0.0046168 0.0043301 0.0045379 0.0045791 0.0041520 0.0035888 0.0041451 0.0043136 0.0037007 0.0048221 0.0047164 0.0048254
-0.0092971 -0.0279388 -0.0222842 -0.0136477 -0.0139870 -0.0072864 -0.0102830 -0.0077852 -0.0107479 -0.0164524 -0.0218686 -0.0068009 -0.0166541 -0.0119536 -0.0164849 -0.0175044 -0.0001361 -0.0011160 -0.0091832 -0.0051296 -0.0051490 -0.0172068 -0.0266654 -0.0110579 -0.0117615 -0.0100012 -0.0062700 -0.0005650 -0.0083478 -0.0303557 -0.0190885 -0.0056445 0.0041079 0.0043385 0.0047257 0.0047424 0.0046173 0.0043499 0.0042157 0.0048658 0.0044114 0.0045351 0.4980333 0.0044539 0.0045636 0.0047311 0.0043495 0.0040059 0.0045122 0.0046022 0.0039921 0.0044440 0.0039530 0.0038448 0.0040067 0.0045255 0.0040966 0.0040732 0.0046339 0.0037855 0.0040765 0.0038574 0.0041584 0.0039388 0.0044864 0.0044834 0.0039820 0.0042629 0.0037318 0.0047763 0.0045173 0.0045989 0.0048133 0.0042298 0.0035653 0.0038696 0.0042346 0.0040282 0.0047268 0.0046781 0.0047985
-0.0067915 -0.0276228 -0.0222575 -0.0111852 -0.0081943 -0.0050530 -0.0076266 -0.0058204 -0.0073158 -0.0149042 -0.0215434 -0.0046454 -0.0136603 -0.0085832 -0.0138804 -0.0164056 0.0005265 -0.0003183 -0.0066082 -0.0035408 -0.0030632 -0.0159034 -0.0274567 -0.0078280 -0.0082298 -0.0069530 -0.0045025 0.0001886 -0.0058379 -0.0282519 -0.0177531 -0.0040507 0.0040736 0.0042451 0.0044312 0.0046817 0.0043936 0.0040469 0.0043577 0.0044680 0.0040712 0.0044227 0.0044539 0.5386153 0.0045158 0.0046021 0.0041483 0.0038950 0.0042343 0.0046133 0.0038003 0.0041281 0.0039982 0.0038162 0.0036137 0.0043894 0.0041118 0.0040273 0.0041917 0.0035511 0.0038807 0.0039314 0.0040309 0.0037317 0.0041715 0.0044540 0.0038234 0.0040365 0.0036901 0.0044682 0.0042482 0.0043931 0.0045047 0.0041539 0.0034361 0.0039058 0.0042897 0.0035887 0.0045133 0.0045262 0.0046365
-0.0057683 -0.0268184 -0.0198427 -0.0103820 -0.0076858 -0.0045307 -0.0071052 -0.0052706 -0.0071579 -0.0142920 -0.0193922 -0.0046389 -0.0133351 -0.0074511 -0.0130193 -0.0155082 0.0005331 0.0000671 -0.0061803 -0.0028728 -0.0030255 -0.0148588 -0.0264681 -0.0073794 -0.0071801 -0.0066398 -0.0040203 0.0003841 -0.0052902 -0.0279597 -0.0176417 -0.0036433 0.0040196 0.0043545 0.0048343 0.0047539 0.0045971 0.0043794 0.0043349 0.0047949 0.0041987 0.0044279 0.0045636 0.0045158 0.5264898 0.0046091 0.0044787 0.0040215 0.0044124 0.0045833 0.0038415 0.0044725 0.0040328 0.0036897 0.0036546 0.0044302 0.0041921 0.0041026 0.0045268 0.0037851 0.0040759 0.0040919 0.0041870 0.0039028 0.0042716 0.0044112 0.0039709 0.0042047 0.0039069 0.0045795 0.0043600 0.0043929 0.0045353 0.0042476 0.0035801 0.0040731 0.0042154 0.0036730 0.0047795 0.0046735 0.0047337
