1.0520496 -0.1073365 0.0655411 -0.0677128 -0.0599053 -0.0216941 -0.0055879 0.0319968 -0.0069391 -0.0664211 0.1278132 0.0657510 0.2065032 0.0656657 -0.0326382 -0.0226240 0.0974070 0.1186092 -0.1521666 -0.1687762 -0.1226250 -0.1482131 0.0798273 -0.0462661 0.0381006 -0.2148660 0.0193151 0.1179153 -0.0209338 0.0371195 -0.0301825 0.0280973 0.2293956 0.0447043 -0.0535605 -0.0558942 0.0261674 -0.0456985 -0.0624290 -0.0496883 -0.1541802 0.0040007 0.0602648 0.0480289 -0.1931536 -0.0334278 -0.1311657 -0.0587835 0.1329007 0.0299493 0.0614801 0.0618592 0.1188386 0.1049042 -0.0190123 0.0812505 -0.2395385 -0.0403935 0.1709815 0.1909753 -0.0012050 0.0447312 -0.0741172 -0.1626928 -0.1387932 -0.1759716 -0.2740998 -0.0801181 -0.0169115 -0.0135226 -0.0370936 0.0061904 -0.1995382 -0.1314675 -0.1408827 -0.0186281 -0.0471710 -0.1951184 0.0900314 0.1236855 -0.1071938
-0.1073365 1.0639371 -0.0385356 0.0601266 0.0513281 -0.0065220 0.0298980 -0.0259210 0.0600092 -0.0164068 -0.0594135 0.0236789 -0.0820194 -0.0162191 -0.1224148 -0.0180527 -0.0288368 0.0236562 -0.0209438 0.1328229 -0.0134272 0.1589273 0.0746938 0.0121892 -0.0145959 0.1324786 -0.0176997 -0.0023267 0.1566360 0.0678104 -0.0480875 0.1501779 0.0177048 -0.0152553 0.1940324 -0.0241806 -0.1387911 -0.0418169 -0.1890596 0.0089534 -0.1206573 0.0611037 0.0301555 -0.0878799 -0.0215405 0.1287259 -0.0695271 -0.1063450 -0.0891379 -0.0591948 -0.0544879 -0.1146750 -0.1241856 -0.0735440 -0.0182632 0.0176192 -0.0002288 -0.1105832 0.0873960 -0.0760769 -0.0784224 -0.0425010 -0.0855440 0.1192194 0.2146083 0.0067299 0.0005339 0.1493871 -0.0979352 0.1145050 0.1000670 0.0230257 -0.1026211 -0.0334060 -0.0673148 -0.0993417 -0.0149151 -0.0520253 -0.0684735 -0.0467239 -0.1284796
0.0655411 -0.0385356 0.8070941 0.0278701 0.0723318 0.1063605 0.0821556 0.0029163 0.0320034 -0.0082433 0.0856662 0.0343695 0.0155469 0.0332533 0.0776833 -0.0435114 -0.0009692 0.0384248 0.0363503 -0.1440514 -0.1152036 -0.1007223 -0.1373989 -0.1043034 -0.0821860 -0.1391116 0.0503630 0.0577341 -0.0919260 -0.0845114 0.0503740 -0.0110810 -0.0321274 -0.0564588 -0.1058799 0.0498748 0.0056479 -0.0553537 -0.0445527 -0.0160521 0.0313364 -0.0459675 0.0215103 -0.1369135 -0.0748960 -0.0759323 0.0253062 0.0777260 -0.1365096 -0.0704028 0.1076434 -0.1040673 -0.0440574 0.0736693 0.0756971 -0.0584428 0.0463630 0.0942474 -0.0233835 0.1086734 0.1501574 0.0236759 0.0539918 -0.1166134 -0.1629787 -0.0788876 -0.0999778 -0.1435978 0.2319726 0.0177831 -0.0473562 -0.0267456 0.1438538 -0.0054367 -0.0253588 -0.1674453 -0.1016038 0.0248332 0.0725336 -0.0866528 0.0714277
-0.0677128 0.0601266 0.0278701 1.1143187 -0.0723174 0.0328989 0.0110232 -0.0613242 0.0914667 0.0184081 0.0833093 -0.0438074 0.0474891 -0.0632479 -0.0949008 0.1290115 -0.1517417 -0.0019263 0.0077492 -0.0063962 -0.0456349 0.1318308 -0.0809630 -0.1602340 -0.0938203 0.1124536 -0.0533092 -0.0575459 -0.0686701 -0.0133970 0.0031889 0.0225624 -0.1152337 -0.2658480 0.0793995 -0.0770254 -0.0873593 -0.0146805 0.0086938 0.0881763 -0.0142839 0.1818546 -0.1495887 -0.1461027 0.0725619 0.0629720 0.1567604 -0.0241688 -0.1101366 0.1284996 -0.1539284 -0.0124372 -0.2076024 -0.0785321 -0.0670178 -0.0781063 0.2568146 0.0941398 -0.1479969 -0.1617960 0.0059367 0.0105815 0.1051904 0.0366404 -0.0048902 0.0760811 0.1260161 -0.1038183 0.1290497 -0.0742313 -0.0640317 -0.0869132 0.2607260 0.1249781 0.0452289 -0.1892695 -0.0917039 0.2193237 -0.0230272 -0.0329213 0.0633131
-0.0599053 0.0513281 0.0723318 -0.0723174 0.7955099 0.0303939 -0.0141609 -0.0038588 -0.0236245 0.0271569 -0.0277985 -0.0121595 -0.0116770 -0.0716519 -0.0938258 0.0489699 0.0588337 -0.0875347 0.0033437 0.0201347 -0.0726716 0.0117922 -0.0146148 0.0261408 -0.0230835 -0.0652792 -0.0799139 0.0762370 -0.1025209 0.1491317 0.0066070 -0.1061587 -0.0675990 -0.0429109 -0.0557290 -0.0276659 0.1163402 -0.0525555 -0.0336349 -0.0415737 0.0866107 0.0176061 -0.0846912 -0.0025530 0.0506522 -0.1239657 0.0366995 0.1262307 -0.0845912 -0.0035060 0.0271478 -0.0562840 -0.0554230 0.0175254 0.0168765 -0.0332030 0.0182589 0.0386974 -0.0550375 0.0378175 0.0609983 -0.1078983 0.0232124 0.0681186 -0.0452093 0.0638841 0.0043625 -0.0132496 0.0720163 -0.0429852 0.0644925 -0.0055621 0.0670078 0.0682641 0.0521779 0.0201375 0.0171616 0.0415426 -0.0594083 -0.0868113 0.0078086
-0.0216941 -0.0065220 0.1063605 0.0328989 0.0303939 0.8869292 -0.0115905 0.0955010 -0.0628635 -0.0434584 -0.0781323 -0.0672109 0.0473498 -0.0005054 0.0513885 -0.1395034 0.0540369 -0.0824098 -0.0537095 -0.0034848 -0.0816335 -0.0220295 -0.1422530 -0.0133050 0.0142049 -0.0875244 -0.0178852 0.0453504 -0.0170374 0.2093202 -0.0015324 -0.0184977 -0.0471010 -0.0071623 -0.1456794 0.0734312 0.1355535 -0.0351459 0.0227381 -0.0266615 0.0240393 -0.0607691 -0.0292951 0.0204588 -0.0203407 -0.0801418 -0.0100796 0.1782472 -0.0696882 -0.0217508 0.1374916 -0.0396693 0.0421255 0.0351054 0.0490725 -0.0880845 0.0276970 0.0441983 -0.0563561 -0.0533042 -0.0321224 0.0339860 -0.0048019 -0.1124076 -0.0354574 -0.0664683 -0.0543194 0.0160904 0.0175475 -0.0423892 -0.0294885 -0.0489419 -0.0264992 -0.0293410 0.1110213 -0.0339899 -0.0404899 -0.0155068 -0.0135373 -0.0936392 0.0919584
-0.0055879 0.0298980 0.0821556 0.0110232 -0.0141609 -0.0115905 0.7475177 -0.0173579 -0.0596873 -0.0815186 -0.0505227 -0.0159051 0.1057119 0.1617947 -0.0404983 -0.0578002 0.0475210 0.0378488 0.0178856 -0.1487659 -0.0200351 -0.1374664 0.0313657 0.0296078 -0.0017710 -0.1748924 -0.0319834 0.0476391 -0.1305945 -0.0334675 0.0470175 -0.0166479 0.0483459 -0.0352878 -0.0633902 0.0396535 0.0284063 0.0069810 0.0190521 -0.1038471 -0.0263027 0.0010908 0.0335705 -0.0260196 -0.1265401 0.0088215 0.0071310 -0.0607960 0.0901208 -0.1026055 0.0128156 -0.0875884 0.0441071 0.0889584 -0.0296805 -0.0107151 -0.0859277 0.0129223 0.0051856 0.0405655 0.1359577 0.0798997 0.0159702 -0.1611570 -0.1275151 -0.0193670 -0.0441826 -0.0834252 -0.0180501 0.0685282 0.0296947 0.0872715 -0.0220966 -0.0962923 -0.0563859 -0.0814749 -0.0904540 -0.0582741 0.1197812 0.0141380 0.0576174
0.0319968 -0.0259210 0.0029163 -0.0613242 -0.0038588 0.0955010 -0.0173579 0.6520967 0.0224884 -0.0386928 -0.0195092 0.0170353 0.0003930 0.0537155 -0.0023433 0.0317684 0.0037757 0.0683842 -0.0782368 -0.0061535 -0.0679110 -0.0607842 0.0791191 -0.1629163 0.0392575 -0.0581467 -0.0045960 -0.0277764 -0.0332006 0.0354342 0.0238118 0.0891889 0.0515670 -0.1143821 0.0806317 -0.0692622 0.0340838 -0.0031038 -0.1341967 0.0058059 -0.0843839 -0.0194927 0.0137149 -0.0683851 -0.0543969 0.0462434 -0.0348677 -0.0778832 -0.0333631 -0.0354970 -0.0186005 -0.0663851 -0.0209667 -0.0044553 -0.0143232 -0.0211238 -0.0800047 -0.0138651 0.0345391 0.0655067 -0.0109351 0.0335228 0.0025570 0.0024911 -0.0496373 -0.0265536 -0.0905400 0.1390779 0.0142407 0.0385496 0.0458648 0.0207814 -0.0914432 -0.0872812 -0.0732972 -0.1025532 0.0069793 -0.0521118 -0.0221407 0.0935816 -0.0719395
-0.0069391 0.0600092 0.0320034 0.0914667 -0.0236245 -0.0628635 -0.0596873 0.0224884 0.9532011 -0.1289369 0.1632555 0.0147102 -0.0883329 0.0854575 0.1340298 0.2121818 -0.2604490 0.2796473 -0.2317333 0.0384152 -0.0490924 0.0231551 0.1075170 -0.2260538 -0.0429165 0.0080380 0.0496754 -0.0982003 0.1221028 -0.0202496 0.1206936 0.1710597 0.1779468 -0.2376843 0.2431198 -0.1626405 -0.1056473 -0.0124536 -0.2771869 0.1037965 -0.0706203 0.0020433 0.0744053 -0.1588032 -0.0466821 0.1480392 0.0466992 -0.2103895 -0.1199048 -0.1010149 -0.0268076 -0.0552163 -0.1094386 -0.1369824 -0.0867446 -0.0259074 -0.0445286 -0.0580914 0.1290203 0.0912380 -0.0241386 0.1219241 0.0047968 0.1131617 0.0113991 -0.0565270 0.0231987 0.0135980 0.0098140 -0.0118223 -0.0615687 0.0004374 -0.0611138 -0.0457169 -0.2189206 -0.2839733 -0.0405198 0.0360454 -0.0539284 0.1634829 -0.1210658
-0.0664211 -0.0164068 -0.0082433 0.0184081 0.0271569 -0.0434584 -0.0815186 -0.0386928 -0.1289369 0.9189159 -0.1115900 0.0432917 -0.0273887 -0.1304870 -0.1131074 -0.0414005 0.0986663 -0.1195101 0.1128999 0.0274205 -0.0441759 0.0936567 -0.0301600 0.0062005 -0.0787300 0.1127324 -0.0192883 -0.0701736 -0.0749561 -0.0110949 -0.0174293 -0.1554302 -0.1158027 0.0685328 -0.1459624 0.0400227 0.0252194 0.0245940 0.1618150 -0.0393799 0.0190224 -0.0264366 -0.0678556 0.0378567 0.0065269 -0.0231893 0.1074646 0.1458253 -0.0130455 0.0189384 -0.0855194 0.0586580 0.0130222 0.0427464 0.0123384 -0.0193995 0.0715783 0.0248800 -0.0661275 -0.0954554 0.0324259 -0.0511001 0.0031608 0.0408427 -0.0136717 0.1937802 0.0529541 -0.0068029 -0.0087281 -0.0446624 -0.0054935 -0.0283827 0.1042366 0.1580990 0.1087690 0.1247346 0.0377519 0.0419292 -0.0146147 -0.1189630 0.0635229
0.1278132 -0.0594135 0.0856662 0.0833093 -0.0277985 -0.0781323 -0.0505227 -0.0195092 0.1632555 -0.1115900 0.9261991 0.0038018 -0.0522170 0.0386668 0.0319289 0.0810482 -0.1074118 0.1408248 -0.0959276 0.0618444 0.1252128 -0.0450283 0.0088841 0.0463094 -0.1033982 0.0014811 0.0636713 0.0701414 0.0798945 -0.1234292 -0.0237148 -0.0312022 0.0045773 -0.0565566 0.1707010 -0.0088168 -0.0450512 0.0182450 -0.1789619 0.0386408 -0.1012106 -0.0495515 -0.0774094 -0.1525909 0.0026092 0.1209336 -0.0443585 -0.1172316 -0.0748210 0.0304502 -0.0846496 -0.0312733 0.0315147 -0.0465091 -0.0402208 -0.0941596 -0.0908816 -0.0194131 0.0702048 0.1244900 -0.0493794 0.0657480 -0.0569325 0.0673319 0.0094931 -0.0260212 -0.0016357 0.0453574 0.0399121 -0.0410113 0.0136016 -0.0601961 -0.1300448 0.0486465 -0.1124091 -0.1150979 0.1055198 -0.0634962 -0.0199607 0.0997932 -0.1518756
0.0657510 0.0236789 0.0343695 -0.0438074 -0.0121595 -0.0672109 -0.0159051 0.0170353 0.0147102 0.0432917 0.0038018 0.8825345 -0.0286189 -0.0620558 -0.0118574 0.0825293 -0.0565479 0.0052902 -0.0847745 0.0880246 -0.0083461 0.0775922 0.1614801 0.0292449 0.0113255 -0.0351845 -0.0380393 -0.0034721 0.1450105 -0.1047342 -0.0365858 -0.0360811 -0.0272633 -0.0658303 0.1164355 -0.0555992 -0.0393494 0.0164633 -0.0792950 0.0708363 -0.0872720 -0.0281925 0.1058391 -0.0827614 0.0292492 -0.0068134 -0.0695810 -0.0532608 -0.0575709 -0.0059509 -0.0171352 -0.0031276 -0.0321436 -0.0907737 0.0574357 0.0075766 -0.1083206 -0.0684242 0.0936824 -0.0238297 -0.0355353 -0.0400141 -0.1061925 0.0925849 0.1033235 -0.0328585 0.1048883 0.0921056 -0.0215240 0.0485254 0.0311046 -0.0350410 -0.0685341 0.0596499 -0.0533847 0.0187627 0.0352127 -0.0180276 -0.0848993 0.0101508 -0.0983699
0.2065032 -0.0820194 0.0155469 0.0474891 -0.0116770 0.0473498 0.1057119 0.0003930 -0.0883329 -0.0273887 -0.0522170 -0.0286189 0.8820186 0.0771645 0.0883147 0.0288170 0.0288940 0.0062541 -0.0928742 -0.2200652 -0.0096026 -0.1403760 -0.0443295 -0.1248326 0.0096928 -0.1738391 -0.0477229 -0.0014147 -0.2634276 0.0786113 0.0497244 -0.0948662 0.0306899 -0.0388493 -0.1120786 -0.0926717 0.0037811 -0.0765074 0.0217374 0.0269170 0.0308008 0.0117279 -0.0604681 -0.0249770 -0.1204102 -0.0263153 0.1094096 0.0669607 0.0150399 -0.1063738 0.0010907 0.0190903 -0.0016890 0.1276047 -0.0800509 -0.0480194 0.0415316 -0.0070349 -0.0368647 0.0535655 0.1286787 0.1190639 0.0837775 -0.2421763 -0.1429065 0.0037325 -0.0798967 -0.0905572 0.0443662 -0.0370102 -0.0998318 0.0672732 0.1569902 -0.1169131 -0.0106533 -0.0587236 -0.0789643 0.0743333 0.0850942 0.0989241 0.0353621
0.0656657 -0.0162191 0.0332533 -0.0632479 -0.0716519 -0.0005054 0.1617947 0.0537155 0.0854575 -0.1304870 0.0386668 -0.0620558 0.0771645 1.0242491 0.1112773 0.0343736 -0.0451787 0.2155423 -0.2072491 -0.1128878 -0.1009790 -0.3337507 0.1023935 -0.0626132 -0.0335765 -0.2076016 0.0865342 -0.0205402 -0.2006403 0.0871589 0.1011746 -0.0255477 0.1889676 0.0574284 0.0665494 -0.0803294 0.0958195 -0.0594402 -0.2031836 -0.0846812 -0.0343361 0.1399165 0.1104286 -0.1323765 -0.2179512 0.0187535 -0.0691437 -0.1130871 0.1055489 -0.1604724 0.0318622 -0.1536448 0.0582681 0.0307187 -0.0891943 0.0234065 -0.1742737 -0.0584984 0.0526026 0.2256014 0.1221450 0.1802394 0.0611403 -0.2336554 -0.1203453 -0.2797019 -0.2251158 -0.0267951 0.0353110 0.0516607 -0.0488367 0.1351170 -0.1788088 -0.2327151 -0.2169186 -0.1611943 -0.1592853 -0.0546130 0.2753661 0.1537662 -0.1002466
-0.0326382 -0.1224148 0.0776833 -0.0949008 -0.0938258 0.0513885 -0.0404983 -0.0023433 0.1340298 -0.1131074 0.0319289 -0.0118574 0.0883147 0.1112773 1.2550638 -0.0824347 -0.1113742 0.0762110 -0.1100473 -0.1884206 0.0673733 -0.3186687 -0.1423128 -0.0710524 -0.1179465 -0.0938822 -0.0150726 0.0327888 -0.1868901 0.0969522 0.1799671 0.0154211 0.0916972 -0.0846119 -0.0763158 -0.0157380 0.0163433 -0.0699782 0.0458578 0.0384796 0.0274977 0.0511990 0.0866245 -0.0659565 -0.1764705 0.0050276 -0.0403714 0.0211191 -0.1041608 -0.0820029 0.0821870 -0.0666747 0.0234168 0.1458697 -0.0188693 -0.0629709 0.0206752 0.0225341 -0.0740485 0.0017679 0.2134947 0.0961687 0.1974611 -0.1800234 -0.1283903 -0.1375002 -0.1287288 -0.1632011 0.1808466 0.0432702 -0.1009038 0.0546161 -0.0215629 -0.1412512 -0.1672146 -0.1513126 -0.0618713 0.1173888 -0.0003090 0.1206771 0.0491540
-0.0226240 -0.0180527 -0.0435114 0.1290115 0.0489699 -0.1395034 -0.0578002 0.0317684 0.2121818 -0.0414005 0.0810482 0.0825293 0.0288170 0.0343736 -0.0824347 1.1075065 -0.1866571 0.1192802 -0.1507584 0.0978805 -0.0916065 0.0128040 0.1495723 -0.2605011 -0.0339503 0.1510432 -0.0733011 -0.2096663 0.0998726 0.0085357 0.0710322 0.0130603 -0.0040361 -0.2151232 0.2738424 -0.1789654 -0.1563947 -0.0533796 -0.1990629 0.1465615 -0.0836956 0.0812937 0.0129233 -0.2216424 0.0864470 0.0119161 0.0832824 -0.0951548 -0.0856255 -0.0367784 -0.1346347 0.0043701 -0.1791412 -0.1379235 -0.1066473 -0.0195783 0.1649694 -0.0340877 0.1269200 -0.0534087 0.0056383 0.0133747 -0.0239456 0.1080944 0.0172616 0.0065366 0.1591611 0.0738628 0.0229631 -0.0448938 -0.0135005 -0.0583680 0.1660970 0.0246912 -0.1708176 -0.2916318 -0.0197225 0.1617567 -0.1033971 0.1155519 -0.1094132
0.0974070 -0.0288368 -0.0009692 -0.1517417 0.0588337 0.0540369 0.0475210 0.0037757 -0.2604490 0.0986663 -0.1074118 -0.0565479 0.0288940 -0.0451787 -0.1113742 -0.1866571 1.3248348 -0.1204769 0.1674436 -0.1691073 0.0398692 -0.0926118 -0.0537382 0.1592250 0.0219942 -0.2007674 -0.1236227 0.0633984 -0.0538517 -0.0413324 -0.0880322 -0.1471170 -0.0032119 0.2983655 -0.2748639 0.3355443 0.1215284 0.0538888 0.1078113 -0.2011936 0.0397804 -0.1141256 0.0687387 0.1608735 -0.1000942 -0.1522238 -0.0876548 0.1098452 0.1710070 0.1429815 0.0944434 0.0514589 0.0630084 0.1591830 0.0798172 -0.0263313 -0.0358953 -0.0031219 -0.0287841 0.0480767 0.0965494 -0.0511841 -0.0769613 -0.2384869 -0.0979490 -0.0889583 -0.2010710 -0.0351648 -0.0142136 0.0149024 -0.0019939 0.0390698 -0.1090125 0.0361877 0.1417164 0.2417230 0.0736193 -0.1345804 0.0351930 -0.1383854 0.1188875
0.1186092 0.0236562 0.0384248 -0.0019263 -0.0875347 -0.0824098 0.0378488 0.0683842 0.2796473 -0.1195101 0.1408248 0.0052902 0.0062541 0.2155423 0.0762110 0.1192802 -0.1204769 0.9717339 -0.1377029 -0.0659114 -0.1068841 -0.1277772 0.1352915 -0.1373811 -0.0505885 -0.0898345 0.0322325 -0.1338907 -0.0377131 -0.0374231 0.1481604 0.0686974 0.1842553 -0.1487057 0.1180122 -0.1668394 -0.0853919 0.0394848 -0.2491183 0.0235583 -0.1147972 0.0308058 0.0656911 -0.1476953 -0.1311716 0.1854903 -0.0587026 -0.1377108 0.0274448 -0.1493225 -0.0363714 -0.1144901 0.0054188 -0.0292374 -0.0858881 0.0005393 -0.1172464 -0.0646036 0.0844814 0.1816336 0.0534413 0.1794378 0.0444690 -0.0506399 -0.0657885 -0.1002489 -0.0498157 -0.0424584 0.0503376 0.0567397 -0.0238319 0.0377927 -0.1404516 -0.1710477 -0.2118617 -0.2227466 -0.0885672 -0.0166447 0.0336886 0.2141074 -0.1333610
-0.1521666 -0.0209438 0.0363503 0.0077492 0.0033437 -0.0537095 0.0178856 -0.0782368 -0.2317333 0.1128999 -0.0959276 -0.0847745 -0.0928742 -0.2072491 -0.1100473 -0.1507584 0.1674436 -0.1377029 0.9655843 0.0252085 0.1155372 0.0965433 -0.2156587 0.1894473 -0.0127205 -0.0206225 -0.0809299 0.0392159 0.0280334 -0.0705011 -0.1419757 -0.2116312 -0.1528970 0.1677304 -0.1425874 0.2095221 0.0800704 0.1474299 0.1160073 -0.0777293 0.1554978 -0.0495016 0.0236904 0.1709090 0.0796191 -0.1144899 0.0450699 0.1424025 0.0265721 0.0737403 0.0282535 0.0613142 0.0254416 0.0771153 0.0345913 0.0471534 0.0151296 0.0618965 -0.1405821 -0.1464600 -0.0395276 -0.1181436 0.0161984 -0.0112889 -0.0207479 0.0872694 -0.0511507 -0.0630658 -0.0200486 -0.0421982 0.0327734 -0.0943025 0.1358172 0.1372246 0.2078860 0.2364838 0.0115691 -0.0174806 0.0109770 -0.1909489 0.1447941
-0.1687762 0.1328229 -0.1440514 -0.0063962 0.0201347 -0.0034848 -0.1487659 -0.0061535 0.0384152 0.0274205 0.0618444 0.0880246 -0.2200652 -0.1128878 -0.1884206 0.0978805 -0.1691073 -0.0659114 0.0252085 1.1011820 0.0955995 0.2042930 0.0882064 0.0550118 -0.0799235 0.1686753 0.0780491 -0.1060034 0.3396747 -0.1198001 -0.0841799 0.0189470 -0.1438365 -0.1546329 0.4326420 -0.1247844 -0.1344302 0.0247677 -0.1575897 0.0979297 0.0351713 0.0405145 -0.1427702 -0.0713439 0.2505476 0.0515165 -0.0038541 -0.0884178 -0.1018444 -0.0035479 -0.0779893 -0.0011047 -0.1210199 -0.1831762 0.0486401 -0.0190270 -0.0033143 -0.0955543 0.0842808 -0.1706906 -0.2082423 0.0127466 -0.0935998 0.4306748 0.2347880 0.1234427 0.2166607 0.3184495 -0.1066723 -0.0235997 0.1478502 -0.0940069 -0.0505225 0.1044397 -0.0100041 0.0376447 0.1084456 -0.0431972 -0.0900631 -0.0706031 -0.0135182
-0.1226250 -0.0134272 -0.1152036 -0.0456349 -0.0726716 -0.0816335 -0.0200351 -0.0679110 -0.0490924 -0.0441759 0.1252128 -0.0083461 -0.0096026 -0.1009790 0.0673733 -0.0916065 0.0398692 -0.1068841 0.1155372 0.0955995 1.2622581 0.0125008 -0.0150785 0.2131397 -0.0408573 -0.0484124 -0.0843755 0.0684313 0.0421769 -0.0687161 -0.0876410 -0.0431090 -0.0456210 0.2705314 -0.0032080 0.1758546 -0.0034956 0.0972886 -0.0541545 -0.1065753 -0.0060846 -0.1773660 -0.0752782 0.1655496 0.0279200 -0.0493892 -0.0596740 -0.0141799 0.0477548 0.0236922 0.0242074 0.1961242 0.0470786 -0.0824704 0.1389945 -0.0580834 -0.0904987 -0.0663299 0.0701907 -0.1325511 -0.1008797 -0.0921510 -0.0482706 0.0428947 0.0504482 0.0191087 0.0006406 0.0923422 -0.1395981 0.0010810 0.1253446 -0.0116721 -0.0548211 0.0918038 0.1147100 0.1889835 0.1634441 -0.1050707 -0.0877371 -0.0928117 -0.0437343
-0.1482131 0.1589273 -0.1007223 0.1318308 0.0117922 -0.0220295 -0.1374664 -0.0607842 0.0231551 0.0936567 -0.0450283 0.0775922 -0.1403760 -0.3337507 -0.3186687 0.0128040 -0.0926118 -0.1277772 0.0965433 0.2042930 0.0125008 1.4943805 -0.0260695 -0.1134791 -0.0897160 0.3376639 -0.0580399 -0.0743859 0.3453273 0.0318783 -0.0865001 -0.0283343 -0.2370527 -0.0298661 0.0384022 -0.0543280 -0.1463026 0.0284448 -0.0799237 0.2136695 -0.0025387 -0.0121426 -0.0263447 -0.0919865 0.3043633 0.0170027 0.0615876 -0.0921518 -0.0114252 0.1489280 -0.1409691 -0.0203968 -0.1363144 -0.2162251 0.0100116 0.0756006 0.1628212 -0.0685052 0.0120594 -0.1917413 -0.1825562 -0.1555763 -0.1458273 0.4134479 0.3377183 0.2474663 0.3624375 0.1943222 -0.0716997 -0.0747065 0.0488314 -0.1376408 0.1305703 0.1897716 0.0708131 0.1273002 0.0530918 0.1084829 -0.2644148 -0.1578222 -0.0403950
0.0798273 0.0746938 -0.1373989 -0.0809630 -0.0146148 -0.1422530 0.0313657 0.0791191 0.1075170 -0.0301600 0.0088841 0.1614801 -0.0443295 0.1023935 -0.1423128 0.1495723 -0.0537382 0.1352915 -0.2156587 0.0882064 -0.0150785 -0.0260695 0.9525284 -0.0490096 0.1166564 -0.0742475 0.0769907 0.0372812 0.1784141 -0.1739571 -0.0101625 0.0713957 0.0861495 -0.0681811 0.2227523 -0.0710288 -0.0895516 -0.0359727 -0.2306006 0.0024094 -0.1900046 -0.0891418 0.1260010 -0.0091114 0.0247266 0.0434405 -0.1198758 -0.0948923 0.0579180 -0.0842261 -0.0362511 0.0203374 0.0618663 -0.1340840 -0.0187931 0.0742433 -0.1822291 -0.1828381 0.1733184 0.1206620 -0.1096430 0.0010561 -0.1160469 0.0598189 0.0255159 -0.2505482 -0.0827450 0.2180761 -0.1431387 0.0593829 0.0274299 0.0008869 -0.2683953 0.0075219 -0.1828560 0.0188811 0.0070285 -0.2201923 0.0483924 0.1125624 -0.1993126
-0.0462661 0.0121892 -0.1043034 -0.1602340 0.0261408 -0.0133050 0.0296078 -0.1629163 -0.2260538 0.0062005 0.0463094 0.0292449 -0.1248326 -0.0626132 -0.0710524 -0.2605011 0.1592250 -0.1373811 0.1894473 0.0550118 0.2131397 -0.1134791 -0.0490096 1.3365436 0.0478734 -0.0766031 -0.0821957 0.2575039 0.0004096 -0.1758046 -0.1591928 -0.0405228 -0.0808419 0.3504847 -0.1709758 0.2315003 0.1933555 0.1355051 0.1823393 -0.1813577 0.1096180 -0.2306709 0.0279863 0.4013956 -0.0099348 -0.1250468 -0.1914472 0.1346608 0.1131535 0.0846861 -0.0382085 0.1045461 0.2411487 0.0064621 0.1168389 -0.0041890 -0.2066045 -0.0431471 0.0354947 -0.0809327 -0.0983848 -0.1880299 -0.1619891 -0.0122808 -0.0323885 -0.0191669 -0.0068511 0.0376623 -0.2136973 0.0912874 0.1199929 -0.0755603 -0.1611572 0.1184883 0.1752167 0.4820916 0.1306963 -0.2120691 -0.0193704 -0.1571560 0.0876323
0.0381006 -0.0145959 -0.0821860 -0.0938203 -0.0230835 0.0142049 -0.0017710 0.0392575 -0.0429165 -0.0787300 -0.1033982 0.0113255 0.0096928 -0.0335765 -0.1179465 -0.0339503 0.0219942 -0.0505885 -0.0127205 -0.0799235 -0.0408573 -0.0897160 0.1166564 0.0478734 0.8096502 0.0000740 0.0379544 0.0887179 0.1871470 0.0068342 -0.0466741 0.0056914 0.0178266 0.0731150 -0.0209782 0.0228245 0.0364674 0.0341457 0.0049032 -0.0307757 -0.1342130 -0.0474187 0.0055182 0.0617523 0.0331160 -0.0446590 -0.0941545 -0.0254149 0.0162244 0.0538679 0.0041090 0.1150083 0.0539480 -0.0099187 0.0478839 0.1079220 -0.0910027 -0.0431562 0.0322975 0.0944618 -0.0443471 -0.0502762 -0.1167206 -0.0610885 -0.0840430 -0.1448138 -0.0341053 0.0577150 -0.1613682 0.0353220 -0.0281114 0.0039456 -0.1272004 -0.0706919 0.0581324 0.2014074 0.0644078 -0.1753069 0.1232277 -0.0835979 -0.0736808
-0.2148660 0.1324786 -0.1391116 0.1124536 -0.0652792 -0.0875244 -0.1748924 -0.0581467 0.0080380 0.1127324 0.0014811 -0.0351845 -0.1738391 -0.2076016 -0.0938822 0.1510432 -0.2007674 -0.0898345 -0.0206225 0.1686753 -0.0484124 0.3376639 -0.0742475 -0.0766031 0.0000740 1.3481557 -0.0698863 -0.1466823 0.1219635 0.0176142 -0.1468086 0.1060359 -0.2537220 -0.0632735 0.0796410 -0.1379334 -0.1239052 -0.0116519 0.0451930 0.2436139 -0.0790276 0.1037988 -0.1483115 -0.2189823 0.2166435 0.0254554 0.1384562 -0.0207081 -0.0527788 0.1203174 -0.0818586 0.0496253 -0.1981896 -0.0751601 -0.0730306 -0.0757647 0.2752339 0.0234661 -0.0697793 -0.1083336 -0.1645344 -0.1058624 -0.0659267 0.3575517 0.1405971 0.2505979 0.3785485 0.1045073 0.0534751 -0.0419698 0.0774556 -0.1350952 0.2807355 0.0977998 0.0570905 -0.0141175 0.1591709 0.1695220 -0.2531421 -0.0879273 -0.0176622
0.0193151 -0.0176997 0.0503630 -0.0533092 -0.0799139 -0.0178852 -0.0319834 -0.0045960 0.0496754 -0.0192883 0.0636713 -0.0380393 -0.0477229 0.0865342 -0.0150726 -0.0733011 -0.1236227 0.0322325 -0.0809299 0.0780491 -0.0843755 -0.0580399 0.0769907 -0.0821957 0.0379544 -0.0698863 0.8209964 0.0940032 0.0156495 -0.0773132 -0.0685294 0.1085013 0.0622891 -0.0617565 0.1363522 -0.0237915 -0.0725044 -0.0307072 -0.0628110 -0.0089807 0.0111958 0.0611637 0.0453846 -0.0002295 0.0238697 0.0750389 0.0177020 -0.0078984 -0.0284431 -0.0782858 -0.0551759 -0.0524967 0.0007606 -0.0625060 -0.0726839 0.0805175 -0.0584018 -0.0046475 0.0869989 0.0746939 -0.0451822 0.0737891 0.0804214 -0.0433377 -0.0896563 -0.1167076 -0.0412745 -0.0160742 -0.0381343 -0.0071553 -0.0656442 -0.0290950 -0.1471296 -0.0510473 -0.0524240 -0.0753249 0.0403260 -0.0470807 0.1828348 0.0844079 -0.0377277
0.1179153 -0.0023267 0.0577341 -0.0575459 0.0762370 0.0453504 0.0476391 -0.0277764 -0.0982003 -0.0701736 0.0701414 -0.0034721 -0.0014147 -0.0205402 0.0327888 -0.2096663 0.0633984 -0.1338907 0.0392159 -0.1060034 0.0684313 -0.0743859 0.0372812 0.2575039 0.0887179 -0.1466823 0.0940032 1.0315661 -0.0149133 -0.0327044 -0.1646346 -0.0009405 0.0335576 0.0969621 -0.1059288 0.1654047 0.1838153 -0.0302844 0.0079373 -0.1339187 0.0226889 -0.1009719 -0.0610675 0.0850096 -0.0494564 -0.1094074 -0.1107363 0.0592739 0.0652406 0.0416602 0.1018690 0.1211689 0.1336671 0.0368438 0.0541577 0.0297241 -0.0833915 -0.0240108 0.0435172 0.0746203 -0.0002801 -0.0850503 -0.0886227 -0.0597321 -0.0842786 -0.1500412 -0.1977595 -0.0219540 -0.0327773 0.0139114 -0.0060141 -0.0265315 -0.0896248 -0.0044265 0.0187113 0.1315739 0.0063971 -0.1485723 0.0775756 -0.1075304 0.0034060
-0.0209338 0.1566360 -0.0919260 -0.0686701 -0.1025209 -0.0170374 -0.1305945 -0.0332006 0.1221028 -0.0749561 0.0798945 0.1450105 -0.2634276 -0.2006403 -0.1868901 0.0998726 -0.0538517 -0.0377131 0.0280334 0.3396747 0.0421769 0.3453273 0.1784141 0.0004096 0.1871470 0.1219635 0.0156495 -0.0149133 1.1841661 -0.2221068 -0.0821149 0.0727705 -0.0371213 -0.0629873 0.2588323 -0.0774637 -0.1274409 0.1528110 -0.1531240 -0.0313651 -0.1213040 -0.0972017 0.0249857 -0.0094841 0.1606974 0.0765636 -0.1865744 -0.2084928 -0.0553997 0.1656712 -0.0073671 0.0986223 -0.0144138 -0.2313567 0.0444537 0.1482553 -0.2014212 -0.1198376 0.1765411 -0.0401441 -0.1753496 -0.1045770 -0.2172925 0.3304225 0.2441055 -0.0261497 0.1386001 0.2894025 -0.2022745 0.0188809 0.0519411 -0.1227998 -0.2357563 0.0534448 -0.0773939 0.2113459 0.1539997 -0.2182349 -0.1687813 -0.1004591 -0.0246672
0.0371195 0.0678104 -0.0845114 -0.0133970 0.1491317 0.2093202 -0.0334675 0.0354342 -0.0202496 -0.0110949 -0.1234292 -0.1047342 0.0786113 0.0871589 0.0969522 0.0085357 -0.0413324 -0.0374231 -0.0705011 -0.1198001 -0.0687161 0.0318783 -0.1739571 -0.1758046 0.0068342 0.0176142 -0.0773132 -0.0327044 -0.2221068 1.2317467 0.0205165 -0.0265634 0.0227892 0.0356538 -0.0439604 -0.0917637 0.0662618 -0.1634890 -0.0555498 -0.0372008 0.0462511 0.1925687 -0.0862928 -0.0814778 -0.0133475 -0.0291875 -0.0105092 0.0986774 -0.1466194 -0.0820273 0.0030287 -0.0181864 -0.0791912 0.0057442 -0.0800398 0.0439632 0.0604584 -0.0867235 -0.0242228 0.0153828 0.0415419 -0.0190793 0.1818854 -0.1269738 0.0787270 -0.0508881 -0.0584737 -0.0117932 0.0219703 -0.0612675 -0.0058805 0.0457833 0.0128430 -0.1634906 0.0640776 -0.0882104 -0.0582711 0.1612183 0.0110653 -0.0325729 -0.0416536
-0.0301825 -0.0480875 0.0503740 0.0031889 0.0066070 -0.0015324 0.0470175 0.0238118 0.1206936 -0.0174293 -0.0237148 -0.0365858 0.0497244 0.1011746 0.1799671 0.0710322 -0.0880322 0.1481604 -0.1419757 -0.0841799 -0.0876410 -0.0865001 -0.0101625 -0.1591928 -0.0466741 -0.1468086 -0.0685294 -0.1646346 -0.0821149 0.0205165 0.9564076 -0.1037134 0.1206814 -0.2163073 -0.0017430 -0.1156222 -0.0685704 0.0258113 0.0277848 0.0018817 -0.0060487 0.0244491 0.1085024 -0.0797008 -0.0984555 0.0893966 0.0214146 -0.0338850 -0.0130871 -0.0979081 0.0269975 -0.1067299 -0.0656198 -0.0632492 -0.0635043 -0.0450065 0.0083821 -0.0453563 -0.0300599 -0.0104124 0.0747878 0.0648089 0.0915250 -0.0096034 0.0236415 0.1117367 0.0926289 -0.0483478 0.0025290 -0.0216768 -0.0462473 0.0451610 0.0464005 0.0045069 -0.0518840 -0.2198816 -0.0343161 0.0890425 -0.0425628 0.0821376 -0.0958602
0.0280973 0.1501779 -0.0110810 0.0225624 -0.1061587 -0.0184977 -0.0166479 0.0891889 0.1710597 -0.1554302 -0.0312022 -0.0360811 -0.0948662 -0.0255477 0.0154211 0.0130603 -0.1471170 0.0686974 -0.2116312 0.0189470 -0.0431090 -0.0283343 0.0713957 -0.0405228 0.0056914 0.1060359 0.1085013 -0.0009405 0.0727705 -0.0265634 -0.1037134 0.9998178 0.0926717 -0.1341865 0.1465670 -0.1177304 -0.1695981 -0.0139070 0.0078358 0.0066520 -0.1991115 -0.0711323 0.0332100 -0.1003444 -0.0183025 0.1461499 -0.1238897 -0.0998422 0.0086190 -0.0434908 0.0279043 0.0176137 -0.0326758 -0.1160639 -0.0388176 0.1049998 -0.1205706 -0.1001727 0.1523050 0.1199564 -0.0491678 0.1131597 -0.0874114 0.1084900 -0.0190264 -0.1054157 -0.0791645 0.0944467 -0.1238544 0.1040118 0.0459493 0.0306641 -0.1692396 -0.0201785 -0.1425188 -0.1344264 -0.0496860 -0.0383643 -0.0663943 0.1959124 -0.0956791
0.2293956 0.0177048 -0.0321274 -0.1152337 -0.0675990 -0.0471010 0.0483459 0.0515670 0.1779468 -0.1158027 0.0045773 -0.0272633 0.0306899 0.1889676 0.0916972 -0.0040361 -0.0032119 0.1842553 -0.1528970 -0.1438365 -0.0456210 -0.2370527 0.0861495 -0.0808419 0.0178266 -0.2537220 0.0622891 0.0335576 -0.0371213 0.0227892 0.1206814 0.0926717 1.0717276 0.0321480 0.0084155 -0.0526820 -0.0281968 -0.0038599 -0.1507235 -0.0640925 -0.0484981 0.0306795 0.1232894 -0.0230363 -0.2335767 0.0736943 -0.1266846 -0.0667693 0.1644548 -0.0417150 0.0660698 -0.0455999 0.0665159 -0.0328807 -0.0771196 0.0275399 -0.1929985 -0.0654076 0.0485618 0.1072674 0.0487082 0.1092840 0.0871828 -0.1894704 -0.1037020 -0.1376242 -0.2208828 -0.1138641 -0.0746755 0.0667083 -0.0335419 0.1082914 -0.2467321 -0.2137241 -0.1894969 -0.1629964 -0.1302715 -0.1046863 0.1283678 0.2280824 -0.0647093
0.0447043 -0.0152553 -0.0564588 -0.2658480 -0.0429109 -0.0071623 -0.0352878 -0.1143821 -0.2376843 0.0685328 -0.0565566 -0.0658303 -0.0388493 0.0574284 -0.0846119 -0.2151232 0.2983655 -0.1487057 0.1677304 -0.1546329 0.2705314 -0.0298661 -0.0681811 0.3504847 0.0731150 -0.0632735 -0.0617565 0.0969621 -0.0629873 0.0356538 -0.2163073 -0.1341865 0.0321480 1.5603989 -0.2637149 0.4026334 0.1692490 0.0186021 0.1352521 -0.2646859 0.1188149 -0.0178933 0.0185618 0.2890172 -0.1535230 -0.2289228 -0.1339724 0.1568996 0.2156313 0.1178567 0.0878057 0.1293576 0.2303846 0.0194937 0.1532129 0.0868701 -0.2131493 0.0460927 0.0010871 0.0550527 -0.1152593 -0.2055919 -0.1351329 -0.1996147 -0.0231068 -0.1081236 -0.2404405 -0.0636114 -0.1763057 0.0175915 0.0542674 -0.0266770 -0.1590611 -0.0266148 0.1914701 0.3998489 0.0893716 -0.2531781 0.1113967 -0.2281842 -0.0584503
-0.0535605 0.1940324 -0.1058799 0.0793995 -0.0557290 -0.1456794 -0.0633902 0.0806317 0.2431198 -0.1459624 0.1707010 0.1164355 -0.1120786 0.0665494 -0.0763158 0.2738424 -0.2748639 0.1180122 -0.1425874 0.4326420 -0.0032080 0.0384022 0.2227523 -0.1709758 -0.0209782 0.0796410 0.1363522 -0.1059288 0.2588323 -0.0439604 -0.0017430 0.1465670 0.0084155 -0.2637149 1.0725855 -0.1631704 -0.2117343 -0.0626677 -0.2701471 0.1001880 -0.2049335 0.1218510 -0.0635297 -0.2152559 0.1039820 0.1685474 -0.0452319 -0.2587133 -0.0590912 -0.0533649 -0.1253773 -0.0485920 -0.1449356 -0.2054154 -0.0191038 0.0584205 -0.0941150 -0.1694533 0.1438088 -0.0540529 -0.1464254 -0.0069531 -0.1066279 0.3003834 0.1901358 -0.0429967 0.0857292 0.2896151 -0.1106012 0.0121367 0.0467765 -0.0258935 -0.1195700 -0.0860037 -0.1747170 -0.1653794 0.0594413 -0.0658273 -0.0055891 0.1668381 -0.2217171
-0.0558942 -0.0241806 0.0498748 -0.0770254 -0.0276659 0.0734312 0.0396535 -0.0692622 -0.1626405 0.0400227 -0.0088168 -0.0555992 -0.0926717 -0.0803294 -0.0157380 -0.1789654 0.3355443 -0.1668394 0.2095221 -0.1247844 0.1758546 -0.0543280 -0.0710288 0.2315003 0.0228245 -0.1379334 -0.0237915 0.1654047 -0.0774637 -0.0917637 -0.1156222 -0.1177304 -0.0526820 0.4026334 -0.1631704 1.2616419 0.1197923 0.0052707 0.1324178 -0.2144947 0.1612085 -0.1640298 0.0016999 0.1985117 -0.0573029 -0.1878504 -0.0580309 0.1740166 0.0670626 0.0796948 0.0760434 0.0986586 0.1393144 0.0959970 0.1271093 0.0090226 0.1107102 0.0226582 -0.0410850 -0.0328457 -0.0862390 -0.1579224 -0.0917839 -0.1631439 -0.0422834 -0.1462718 -0.1898973 -0.0629777 -0.1095732 0.0138439 0.0296754 -0.0433969 -0.1027043 0.0488672 0.1944630 0.2161390 0.0746101 -0.1939754 0.0445261 -0.2160553 -0.0138169
0.0261674 -0.1387911 0.0056479 -0.0873593 0.1163402 0.1355535 0.0284063 0.0340838 -0.1056473 0.0252194 -0.0450512 -0.0393494 0.0037811 0.0958195 0.0163433 -0.1563947 0.1215284 -0.0853919 0.0800704 -0.1344302 -0.0034956 -0.1463026 -0.0895516 0.1933555 0.0364674 -0.1239052 -0.0725044 0.1838153 -0.1274409 0.0662618 -0.0685704 -0.1695981 -0.0281968 0.1692490 -0.2117343 0.1197923 1.0951378 -0.0100250 0.1486197 -0.0679279 0.0058488 -0.0375375 -0.0687033 0.1671402 -0.0819045 -0.0913884 -0.0024939 0.0820834 0.0500153 -0.0777145 0.0813883 0.1261640 0.1128145 0.0708982 0.0144519 0.0267826 -0.0126814 0.1036997 -0.0662927 0.0859163 0.0176702 -0.0718466 -0.0306391 -0.1614315 -0.1454263 -0.0368310 -0.1790643 -0.0441539 -0.0146011 -0.0057746 -0.0043339 0.0035569 0.0557264 -0.0435723 0.0315888 0.1194934 -0.0536030 -0.0786291 0.0293109 -0.1259401 0.0770937
-0.0456985 -0.0418169 -0.0553537 -0.0146805 -0.0525555 -0.0351459 0.0069810 -0.0031038 -0.0124536 0.0245940 0.0182450 0.0164633 -0.0765074 -0.0594402 -0.0699782 -0.0533796 0.0538888 0.0394848 0.1474299 0.0247677 0.0972886 0.0284448 -0.0359727 0.1355051 0.0341457 -0.0116519 -0.0307072 -0.0302844 0.1528110 -0.1634890 0.0258113 -0.0139070 -0.0038599 0.0186021 -0.0626677 0.0052707 -0.0100250 1.0016971 0.0078177 -0.0438635 -0.0549947 -0.0275817 0.0787911 0.1097278 0.0150774 -0.0519991 -0.0216035 0.0162286 0.0516479 0.0023869 -0.0651488 0.0052088 0.0305063 -0.0419369 0.0101161 0.0181652 -0.1166680 0.0132904 0.0056618 -0.1120103 -0.0617850 -0.0102761 -0.0798816 0.0788395 -0.0206038 0.0671698 0.0687429 0.0199314 -0.1142226 0.0345998 0.0253385 -0.0237812 -0.0782156 0.0304773 0.0289981 0.0578000 0.1107835 -0.0430061 -0.0605757 0.0441975 -0.0097511
-0.0624290 -0.1890596 -0.0445527 0.0086938 -0.0336349 0.0227381 0.0190521 -0.1341967 -0.2771869 0.1618150 -0.1789619 -0.0792950 0.0217374 -0.2031836 0.0458578 -0.1990629 0.1078113 -0.2491183 0.1160073 -0.1575897 -0.0541545 -0.0799237 -0.2306006 0.1823393 0.0049032 0.0451930 -0.0628110 0.0079373 -0.1531240 -0.0555498 0.0277848 0.0078358 -0.1507235 0.1352521 -0.2701471 0.1324178 0.1486197 0.0078177 1.5425954 -0.1687011 0.0383509 -0.0389155 0.0638842 0.2692811 -0.0630309 -0.1289066 0.0605992 0.2257556 0.0591650 0.0785704 0.0011426 0.0671264 0.0870765 0.1201085 -0.0069385 -0.0355519 -0.0004647 0.1389389 -0.1135343 -0.0932731 0.0568599 -0.1184275 -0.0139041 -0.1691503 -0.0194169 0.1540491 0.1477332 -0.1450221 0.0271358 -0.0356496 -0.0396160 -0.0699505 0.1572880 0.1483184 0.2572617 0.2523994 0.0060515 0.0967366 -0.0492793 -0.1282685 0.1443009
-0.0496883 0.0089534 -0.0160521 0.0881763 -0.0415737 -0.0266615 -0.1038471 0.0058059 0.1037965 -0.0393799 0.0386408 0.0708363 0.0269170 -0.0846812 0.0384796 0.1465615 -0.2011936 0.0235583 -0.0777293 0.0979297 -0.1065753 0.2136695 0.0024094 -0.1813577 -0.0307757 0.2436139 -0.0089807 -0.1339187 -0.0313651 -0.0372008 0.0018817 0.0066520 -0.0640925 -0.2646859 0.1001880 -0.2144947 -0.0679279 -0.0438635 -0.1687011 1.1213044 0.0019186 0.0752546 -0.0598703 -0.1889150 0.2464485 0.0988167 0.0940251 -0.1204892 -0.1951251 -0.0718639 -0.1196916 -0.1424121 -0.1875600 -0.0932121 -0.1057387 -0.1457880 0.3443810 0.0515696 -0.0299363 -0.1067266 -0.0157820 0.1568402 0.0542425 0.1441655 0.0339484 0.1406290 0.2558352 0.0477950 0.1297216 -0.1083258 -0.0090951 -0.0097028 0.1564268 -0.0638701 -0.0950530 -0.2188273 -0.0531627 0.2429096 -0.0430602 0.1437625 -0.0104319
-0.1541802 -0.1206573 0.0313364 -0.0142839 0.0866107 0.0240393 -0.0263027 -0.0843839 -0.0706203 0.0190224 -0.1012106 -0.0872720 0.0308008 -0.0343361 0.0274977 -0.0836956 0.0397804 -0.1147972 0.1554978 0.0351713 -0.0060846 -0.0025387 -0.1900046 0.1096180 -0.1342130 -0.0790276 0.0111958 0.0226889 -0.1213040 0.0462511 -0.0060487 -0.1991115 -0.0484981 0.1188149 -0.2049335 0.1612085 0.0058488 -0.0549947 0.0383509 0.0019186 1.3185611 0.0169087 -0.0662699 0.0615482 0.0908895 -0.0554666 0.0958368 0.1076297 -0.0444941 -0.0356043 0.0368709 -0.0817341 -0.0305878 0.0923326 -0.0414942 -0.0915884 0.1786542 0.0716208 -0.1686199 -0.1024489 0.0679872 -0.0172287 0.1645432 -0.0441636 -0.0872222 0.0875217 0.0731723 -0.1330711 0.0968685 -0.1356617 0.0010771 0.0009643 0.1329746 -0.0066232 0.1032409 0.1063647 -0.0257141 0.1339854 0.0179473 -0.0811973 0.2591091
0.0040007 0.0611037 -0.0459675 0.1818546 0.0176061 -0.0607691 0.0010908 -0.0194927 0.0020433 -0.0264366 -0.0495515 -0.0281925 0.0117279 0.1399165 0.0511990 0.0812937 -0.1141256 0.0308058 -0.0495016 0.0405145 -0.1773660 -0.0121426 -0.0891418 -0.2306709 -0.0474187 0.1037988 0.0611637 -0.1009719 -0.0972017 0.1925687 0.0244491 -0.0711323 0.0306795 -0.0178933 0.1218510 -0.1640298 -0.0375375 -0.0275817 -0.0389155 0.0752546 0.0169087 1.0985996 -0.0486519 -0.1654546 -0.0163249 0.1403345 0.0596676 0.0091272 -0.0342804 -0.0031672 -0.0948110 -0.1462844 -0.1636410 -0.0192092 -0.1255530 0.0138509 0.1146512 0.0199188 -0.0833609 -0.0424094 0.0868293 0.0443419 0.1523901 -0.0499681 -0.1352798 0.0477457 0.0179504 -0.0950535 0.1340718 -0.0452404 -0.0416148 -0.0168336 0.0532306 -0.1091650 -0.0236389 -0.2083269 -0.0793356 0.1484202 0.0725959 0.0163656 0.0303989
0.0602648 0.0301555 0.0215103 -0.1495887 -0.0846912 -0.0292951 0.0335705 0.0137149 0.0744053 -0.0678556 -0.0774094 0.1058391 -0.0604681 0.1104286 0.0866245 0.0129233 0.0687387 0.0656911 0.0236904 -0.1427702 -0.0752782 -0.0263447 0.1260010 0.0279863 0.0055182 -0.1483115 0.0453846 -0.0610675 0.0249857 -0.0862928 0.1085024 0.0332100 0.1232894 0.0185618 -0.0635297 0.0016999 -0.0687033 0.0787911 0.0638842 -0.0598703 -0.0662699 -0.0486519 1.0732169 0.1724757 -0.1423169 -0.0365977 -0.0758633 -0.1216336 0.0162514 -0.0566638 0.0032596 -0.0352128 0.0446051 -0.0185568 0.0521155 -0.0027724 -0.1713973 -0.0380451 0.1431296 0.0605160 -0.0325713 0.0666777 -0.0803610 -0.1337357 0.0076037 -0.2013430 -0.0495273 -0.0325206 -0.0602303 0.0993271 -0.0463627 0.0119973 -0.1603480 -0.0525893 -0.1313808 -0.0116629 -0.0729769 -0.0228924 -0.0179270 0.0066218 -0.0307088
0.0480289 -0.0878799 -0.1369135 -0.1461027 -0.0025530 0.0204588 -0.0260196 -0.0683851 -0.1588032 0.0378567 -0.1525909 -0.0827614 -0.0249770 -0.1323765 -0.0659565 -0.2216424 0.1608735 -0.1476953 0.1709090 -0.0713439 0.1655496 -0.0919865 -0.0091114 0.4013956 0.0617523 -0.2189823 -0.0002295 0.0850096 -0.0094841 -0.0814778 -0.0797008 -0.1003444 -0.0230363 0.2890172 -0.2152559 0.1985117 0.1671402 0.1097278 0.2692811 -0.1889150 0.0615482 -0.1654546 0.1724757 1.3956406 -0.1076220 -0.1517556 -0.0896797 0.0381647 0.1183155 0.0120013 0.0251936 0.1702716 0.2299667 0.0864137 0.1229134 0.1079326 -0.1249282 0.0679292 0.0158552 -0.0248689 -0.0856071 -0.1474803 -0.0714052 -0.1194984 0.0095172 -0.0429170 -0.1939147 -0.0383957 -0.1671138 0.0274973 -0.0182546 0.0010900 -0.1198432 0.1966068 0.1477747 0.2757509 0.1161340 -0.2281441 -0.0031547 -0.2028195 0.0319722
-0.1931536 -0.0215405 -0.0748960 0.0725619 0.0506522 -0.0203407 -0.1265401 -0.0543969 -0.0466821 0.0065269 0.0026092 0.0292492 -0.1204102 -0.2179512 -0.1764705 0.0864470 -0.1000942 -0.1311716 0.0796191 0.2505476 0.0279200 0.3043633 0.0247266 -0.0099348 0.0331160 0.2166435 0.0238697 -0.0494564 0.1606974 -0.0133475 -0.0984555 -0.0183025 -0.2335767 -0.1535230 0.1039820 -0.0573029 -0.0819045 0.0150774 -0.0630309 0.2464485 0.0908895 -0.0163249 -0.1423169 -0.1076220 1.0960817 -0.0263753 0.0892890 -0.0268285 -0.0799798 0.0778923 -0.0802911 0.0369931 -0.1362936 -0.1087709 0.0373211 0.0112899 0.1990440 -0.0243206 -0.0281112 -0.1906793 -0.1347435 -0.1410929 -0.0241807 0.3557329 0.1250945 0.2032621 0.2848822 0.1499271 0.0099639 -0.1043869 0.0704253 -0.0795438 0.1384801 0.1391909 0.1147199 0.0884155 0.0784829 0.0884669 -0.0918341 -0.1344810 -0.0297234
-0.0334278 0.1287259 -0.0759323 0.0629720 -0.1239657 -0.0801418 0.0088215 0.0462434 0.1480392 -0.0231893 0.1209336 -0.0068134 -0.0263153 0.0187535 0.0050276 0.0119161 -0.1522238 0.1854903 -0.1144899 0.0515165 -0.0493892 0.0170027 0.0434405 -0.1250468 -0.0446590 0.0254554 0.0750389 -0.1094074 0.0765636 -0.0291875 0.0893966 0.1461499 0.0736943 -0.2289228 0.1685474 -0.1878504 -0.0913884 -0.0519991 -0.1289066 0.0988167 -0.0554666 0.1403345 -0.0365977 -0.1517556 -0.0263753 0.8800779 -0.0199031 -0.1640040 -0.0299620 -0.0700244 -0.0624763 -0.0512875 -0.1090334 -0.1026308 -0.0782407 -0.0449371 0.0383564 -0.0720773 0.0364124 0.0149557 0.0302877 0.1366651 0.0556327 0.0904557 -0.0360194 0.0375897 -0.0265120 0.0409840 -0.0102128 0.0789124 -0.0305135 -0.0152355 -0.0733081 -0.0999618 -0.1167648 -0.1631057 0.0037162 0.0402964 0.0093868 0.1623358 -0.0706128
