1.6351002 -0.0534643 0.2197109 -0.0465347 0.0963448 -0.0325694 -0.0384364 -0.0358618 -0.0438135 -0.0407055 -0.0515024 0.0023815 -0.0420276 -0.0416272 -0.0435023 -0.0507701 -0.0158962 -0.0180006 -0.0233020 -0.0227319 -0.0265886 -0.0446786 -0.0556064 -0.0425596 -0.0414169 -0.0265825 -0.0310736 -0.0174014 -0.0367079 -0.0529087 -0.0523967 -0.0303790 -0.0110273 -0.0107357 -0.0119043 -0.0114327 -0.0107968 -0.0112869 -0.0119036 -0.0113992 -0.0106894 -0.0107715 -0.0128576 -0.0114012 -0.0102961 -0.0117933 -0.0110500 -0.0110942 -0.0108981 -0.0112544 -0.0086931 -0.0106694 -0.0095357 -0.0088819 -0.0084042 -0.0118291 -0.0104927 -0.0110636 -0.0103803 -0.0112794 -0.0093739 -0.0138740 -0.0107729 -0.0083016 -0.0118435 -0.0117708 -0.0104801 -0.0124120 -0.0111907 -0.0114050 -0.0102517 -0.0107923 -0.0111427 -0.0111446 -0.0087669 -0.0106563 -0.0107576 -0.0086406 -0.0108369 -0.0114681 -0.0113288
-0.0534643 2.5018988 -0.0644917 -0.0584485 -0.0651020 -0.0495058 -0.0543032 -0.0518766 -0.0566777 -0.0567524 -0.0622030 -0.0508396 -0.0578350 -0.0574996 -0.0587714 -0.0631428 -0.0312107 -0.0318605 0.3037926 -0.0389861 -0.0452067 -0.0600066 -0.0655947 -0.0563624 -0.0572606 -0.0554119 -0.0484832 -0.0334837 -0.0516280 -0.0644759 -0.0641905 -0.0252493 -0.0217062 -0.0212875 -0.0228745 -0.0235644 -0.0238280 -0.0234335 -0.0234602 -0.0235650 -0.0228210 -0.0217616 -0.0235250 -0.0240855 -0.0231542 -0.0241242 -0.0229858 -0.0222458 -0.0234275 -0.0231187 -0.0186056 -0.0238826 -0.0243936 -0.0224603 -0.0218478 -0.0232374 -0.0220542 -0.0227585 -0.0229097 -0.0246236 -0.0226522 -0.0261375 -0.0225259 -0.0217284 -0.0223486 -0.0230130 -0.0234764 -0.0250246 -0.0255567 -0.0236157 -0.0194894 -0.0229567 -0.0233153 -0.0228321 -0.0213423 -0.0223008 -0.0222128 -0.0206058 -0.0235860 -0.0245818 -0.0229514
0.2197109 -0.0644917 2.6428709 -0.0576332 -0.0615182 -0.0507914 -0.0560169 -0.0537778 -0.0577248 -0.0577766 -0.0642743 0.1603757 -0.0594507 -0.0591652 -0.0598648 -0.0637590 -0.0353998 -0.0392466 0.0712326 -0.0486429 -0.0475027 -0.0612245 -0.0690231 -0.0567939 -0.0583569 -0.0563339 -0.0496490 -0.0380553 -0.0532022 -0.0652842 -0.0643021 -0.0493554 -0.0260790 -0.0263698 -0.0264051 -0.0258133 -0.0246635 -0.0260932 -0.0252953 -0.0259320 -0.0251698 -0.0259933 -0.0264738 -0.0265571 -0.0250141 -0.0270047 -0.0239216 -0.0265324 -0.0254306 -0.0260745 -0.0226669 -0.0258751 -0.0247840 -0.0232196 -0.0227469 -0.0274228 -0.0259098 -0.0238568 -0.0241591 -0.0261221 -0.0235744 -0.0284141 -0.0257062 -0.0245391 -0.0269205 -0.0273951 -0.0265168 -0.0283304 -0.0246403 -0.0260535 -0.0253407 -0.0261306 -0.0256814 -0.0257998 -0.0251120 -0.0263127 -0.0249809 -0.0242217 -0.0249303 -0.0263114 -0.0250967
-0.0465347 -0.0584485 -0.0576332 1.8816637 -0.0577776 -0.0409045 -0.0464380 -0.0440045 0.1267541 -0.0487024 -0.0554521 -0.0412384 -0.0501397 -0.0497115 -0.0505009 0.2820788 -0.0235218 -0.0239390 -0.0467790 -0.0358113 -0.0354738 -0.0516847 -0.0595952 -0.0493344 -0.0491241 -0.0473938 -0.0390401 -0.0246114 -0.0438210 -0.0579573 -0.0558444 -0.0382104 -0.0139162 -0.0152398 -0.0141330 -0.0146456 -0.0145529 -0.0147297 -0.0161224 -0.0148065 -0.0144325 -0.0137752 -0.0168427 -0.0151360 -0.0139745 -0.0147993 -0.0138859 -0.0141181 -0.0145433 -0.0148282 -0.0121939 -0.0136441 -0.0128597 -0.0125079 -0.0124712 -0.0155145 -0.0132688 -0.0144904 -0.0132448 -0.0150405 -0.0123692 -0.0180541 -0.0144726 -0.0120267 -0.0155168 -0.0154621 -0.0129418 -0.0163195 -0.0153629 -0.0156182 -0.0136981 -0.0140266 -0.0136131 -0.0131851 -0.0111031 -0.0154700 -0.0141404 -0.0107919 -0.0141570 -0.0142414 -0.0149509
0.0963448 -0.0651020 -0.0615182 -0.0577776 2.4475751 -0.0494222 -0.0542126 -0.0518800 -0.0565955 -0.0558176 -0.0620384 -0.0501105 -0.0582868 -0.0568531 -0.0586332 -0.0616785 -0.0276730 -0.0327264 -0.0539114 0.0067571 -0.0364622 -0.0598388 -0.0665014 -0.0568762 -0.0569768 0.0920382 -0.0484940 -0.0272927 -0.0518574 -0.0608813 -0.0625014 -0.0476706 -0.0230740 -0.0213562 -0.0242748 -0.0235097 -0.0215927 -0.0241320 -0.0245651 -0.0226298 -0.0219797 -0.0216193 -0.0245721 -0.0226303 -0.0216360 -0.0236884 -0.0231664 -0.0206436 -0.0223531 -0.0225620 -0.0212256 -0.0233275 -0.0213270 -0.0198557 -0.0190327 -0.0216578 -0.0220328 -0.0220971 -0.0224934 -0.0224971 -0.0193850 -0.0259692 -0.0210695 -0.0165325 -0.0227516 -0.0232958 -0.0222075 -0.0233176 -0.0218415 -0.0226081 -0.0205857 -0.0213376 -0.0220644 -0.0217928 -0.0199892 -0.0203110 -0.0223476 -0.0192894 -0.0223197 -0.0233880 -0.0233327
-0.0325694 -0.0495058 -0.0507914 -0.0409045 -0.0494222 1.3881480 -0.0230855 -0.0256339 -0.0370146 -0.0218534 -0.0474215 -0.0226808 -0.0223359 -0.0222370 -0.0222225 -0.0464359 -0.0077472 -0.0079355 -0.0340864 -0.0171044 -0.0158535 -0.0213301 -0.0512416 -0.0339177 -0.0230532 -0.0340191 -0.0202123 -0.0084405 -0.0269604 -0.0480113 -0.0480316 -0.0183312 -0.0040437 -0.0043455 -0.0052838 -0.0048993 -0.0042439 -0.0043955 -0.0055789 -0.0052934 -0.0036638 -0.0040904 -0.0068777 -0.0045403 -0.0039793 -0.0052870 -0.0045600 -0.0039076 -0.0042154 -0.0050191 -0.0017388 -0.0041786 -0.0024028 -0.0017979 -0.0016321 -0.0051728 -0.0035102 -0.0048094 -0.0033493 -0.0047193 -0.0025776 -0.0068748 -0.0043419 -0.0015702 -0.0051098 -0.0051449 -0.0033048 -0.0055877 -0.0052449 -0.0052556 -0.0038467 -0.0042570 -0.0045501 -0.0045345 -0.0010839 -0.0041662 -0.0044673 -0.0019969 -0.0048650 -0.0050256 -0.0052100
-0.0384364 -0.0543032 -0.0560169 -0.0464380 -0.0542126 -0.0230855 1.6788071 -0.0289105 -0.0449823 -0.0189439 -0.0531901 -0.0265085 -0.0216144 -0.0216159 -0.0203524 -0.0509413 -0.0083334 -0.0082065 -0.0400875 -0.0185055 -0.0173419 -0.0199835 -0.0566131 -0.0408445 -0.0221286 -0.0408525 -0.0218611 -0.0093997 -0.0304341 -0.0550742 -0.0534864 -0.0193983 -0.0062883 -0.0065888 -0.0075744 -0.0076716 -0.0063726 -0.0066276 -0.0083043 -0.0077789 -0.0051848 -0.0062128 -0.0096542 -0.0067847 -0.0062255 -0.0076377 -0.0066729 -0.0063645 -0.0061077 -0.0080132 -0.0030378 -0.0059410 -0.0039826 -0.0025996 -0.0029303 -0.0074565 -0.0054639 -0.0067242 -0.0060670 -0.0061446 -0.0037834 -0.0100350 -0.0063514 -0.0023765 -0.0076221 -0.0072565 -0.0044094 -0.0085000 -0.0074732 -0.0077953 -0.0057494 -0.0062278 -0.0070624 -0.0063396 -0.0019253 -0.0063748 -0.0062362 -0.0025909 -0.0070725 -0.0073125 -0.0075433
-0.0358618 -0.0518766 -0.0537778 -0.0440045 -0.0518800 -0.0256339 -0.0289105 1.5426699 -0.0405116 -0.0285506 -0.0500291 -0.0279752 -0.0305462 -0.0292748 -0.0300915 -0.0486553 -0.0124541 -0.0127249 -0.0369428 -0.0226632 -0.0216327 -0.0310568 0.2133401 -0.0391056 -0.0298062 -0.0379512 -0.0243396 -0.0131266 0.0039761 -0.0508689 -0.0502826 -0.0221883 -0.0075184 -0.0081586 -0.0081504 -0.0084389 -0.0081226 -0.0083143 -0.0095790 -0.0084210 -0.0073987 -0.0075635 -0.0094884 -0.0078949 -0.0074660 -0.0087638 -0.0081369 -0.0077697 -0.0078014 -0.0087077 -0.0059779 -0.0073107 -0.0064002 -0.0056623 -0.0057630 -0.0083268 -0.0075631 -0.0082582 -0.0072337 -0.0075297 -0.0061090 -0.0104830 -0.0074931 -0.0052990 -0.0086740 -0.0086871 -0.0067809 -0.0088112 -0.0089366 -0.0084645 -0.0072240 -0.0078201 -0.0083663 -0.0082121 -0.0052274 -0.0074160 -0.0076850 -0.0054450 -0.0079232 -0.0084052 -0.0083918
-0.0438135 -0.0566777 -0.0577248 0.1267541 -0.0565955 -0.0370146 -0.0449823 -0.0405116 1.8033546 -0.0470410 -0.0547559 -0.0381554 -0.0483699 -0.0481700 -0.0483850 0.2063387 -0.0209030 -0.0203291 -0.0452694 -0.0321034 -0.0321184 -0.0494368 -0.0569511 -0.0474831 -0.0474384 -0.0454434 -0.0346706 -0.0212442 -0.0401504 -0.0563372 -0.0557083 -0.0334174 -0.0120637 -0.0128526 -0.0121957 -0.0124167 -0.0124465 -0.0127882 -0.0138657 -0.0127177 -0.0121833 -0.0120060 -0.0148144 -0.0126335 -0.0120659 -0.0126344 -0.0116893 -0.0126805 -0.0128169 -0.0134503 -0.0103443 -0.0115759 -0.0106683 -0.0100918 -0.0103923 -0.0132364 -0.0114305 -0.0120496 -0.0113638 -0.0127073 -0.0099430 -0.0157117 -0.0124067 -0.0097381 -0.0136936 -0.0138229 -0.0106629 -0.0145979 -0.0132679 -0.0138633 -0.0116720 -0.0121541 -0.0124438 -0.0117395 -0.0090472 -0.0133438 -0.0121108 -0.0089810 -0.0124973 -0.0124470 -0.0132645
-0.0407055 -0.0567524 -0.0577766 -0.0487024 -0.0558176 -0.0218534 -0.0189439 -0.0285506 -0.0470410 1.7662898 -0.0551341 -0.0243692 -0.0128697 -0.0148607 -0.0140952 -0.0530104 -0.0069912 -0.0078434 -0.0431096 -0.0174988 -0.0155084 -0.0095827 -0.0577959 -0.0435959 -0.0167835 -0.0437294 -0.0221068 -0.0084020 -0.0313804 -0.0566271 -0.0545895 -0.0198263 -0.0059518 -0.0062841 -0.0084705 -0.0079000 -0.0068011 -0.0066884 -0.0085502 -0.0082546 -0.0056981 -0.0064509 -0.0102470 -0.0066840 -0.0058793 -0.0079998 -0.0066677 -0.0063856 -0.0060165 -0.0077542 -0.0024823 -0.0063124 -0.0031242 -0.0022961 -0.0023945 -0.0080069 -0.0053913 -0.0069741 -0.0054352 -0.0065533 -0.0038840 -0.0102531 -0.0061083 -0.0023044 -0.0077825 -0.0079497 -0.0042918 -0.0081286 -0.0067602 -0.0075198 -0.0055101 -0.0060510 -0.0070882 -0.0065505 -0.0011909 -0.0057922 -0.0067506 -0.0022629 -0.0075868 -0.0075440 -0.0074321
-0.0515024 -0.0622030 -0.0642743 -0.0554521 -0.0620384 -0.0474215 -0.0531901 -0.0500291 -0.0547559 -0.0551341 2.3597591 -0.0488983 -0.0551631 -0.0554065 -0.0563861 -0.0605189 -0.0305642 -0.0326352 -0.0520013 -0.0441836 -0.0445287 -0.0576668 -0.0651448 0.2565860 -0.0550052 -0.0530446 -0.0463664 -0.0301586 -0.0504715 -0.0632771 -0.0611247 -0.0464264 -0.0215734 -0.0212682 -0.0206405 -0.0217635 -0.0221965 -0.0216672 -0.0213450 -0.0218438 -0.0201751 -0.0225517 -0.0232132 -0.0216435 -0.0214164 -0.0218843 -0.0228081 -0.0219509 -0.0213078 -0.0225695 -0.0176538 -0.0218377 -0.0182848 -0.0196224 -0.0197314 -0.0230619 -0.0213561 -0.0228548 -0.0198162 -0.0215999 -0.0211402 -0.0248379 -0.0218331 -0.0200042 -0.0224662 -0.0217744 -0.0211297 -0.0220967 -0.0221225 -0.0228410 -0.0199538 -0.0203604 -0.0222321 -0.0206962 -0.0196691 -0.0214748 -0.0210278 -0.0210528 -0.0205009 -0.0208662 -0.0226488
0.0023815 -0.0508396 0.1603757 -0.0412384 -0.0501105 -0.0226808 -0.0265085 -0.0279752 -0.0381554 -0.0243692 -0.0488983 1.4620564 -0.0277059 -0.0267172 -0.0269150 -0.0467925 -0.0110744 -0.0112997 -0.0193256 -0.0203657 -0.0198558 -0.0277859 -0.0516782 -0.0355849 -0.0266780 -0.0363300 -0.0215048 -0.0120273 -0.0285656 -0.0498907 -0.0486859 -0.0202060 -0.0069761 -0.0065272 -0.0070974 -0.0070317 -0.0064061 -0.0068231 -0.0076530 -0.0068987 -0.0060752 -0.0065035 -0.0082851 -0.0066555 -0.0064471 -0.0076115 -0.0065343 -0.0069742 -0.0063078 -0.0074895 -0.0044685 -0.0067568 -0.0052493 -0.0041270 -0.0047214 -0.0075289 -0.0063565 -0.0067666 -0.0058958 -0.0064290 -0.0050152 -0.0089818 -0.0063274 -0.0046180 -0.0075757 -0.0077881 -0.0062494 -0.0083289 -0.0072187 -0.0074189 -0.0062036 -0.0068961 -0.0070434 -0.0064587 -0.0042585 -0.0068384 -0.0066264 -0.0044007 -0.0067963 -0.0069862 -0.0068840
-0.0420276 -0.0578350 -0.0594507 -0.0501397 -0.0582868 -0.0223359 -0.0216144 -0.0305462 -0.0483699 -0.0128697 -0.0551631 -0.0277059 1.8480535 -0.0162520 -0.0149720 -0.0545565 -0.0082131 -0.0068842 -0.0450302 -0.0177796 -0.0174638 -0.0150597 -0.0593529 -0.0449367 -0.0177447 -0.0459624 -0.0209502 -0.0093723 -0.0330279 -0.0580125 -0.0566800 -0.0173511 -0.0067882 -0.0068441 -0.0080186 -0.0083926 -0.0071585 -0.0071769 -0.0089700 -0.0083774 -0.0057402 -0.0072210 -0.0113232 -0.0067502 -0.0062388 -0.0087126 -0.0069599 -0.0069385 -0.0066515 -0.0089948 -0.0026438 -0.0065973 -0.0037122 -0.0020267 -0.0021792 -0.0079074 -0.0056159 -0.0070554 -0.0063186 -0.0061325 -0.0039098 -0.0111499 -0.0063277 -0.0025282 -0.0084516 -0.0081721 -0.0045827 -0.0096038 -0.0081514 -0.0089210 -0.0060640 -0.0070170 -0.0077915 -0.0075405 -0.0014606 -0.0062619 -0.0068011 -0.0024394 -0.0078017 -0.0082646 -0.0087743
-0.0416272 -0.0574996 -0.0591652 -0.0497115 -0.0568531 -0.0222370 -0.0216159 -0.0292748 -0.0481700 -0.0148607 -0.0554065 -0.0267172 -0.0162520 1.8221607 -0.0169303 -0.0542824 -0.0073534 -0.0063176 -0.0445399 -0.0177577 -0.0161016 -0.0152276 -0.0584385 -0.0442579 -0.0196555 -0.0455117 -0.0218547 -0.0088314 -0.0321802 -0.0577263 -0.0559731 -0.0185254 -0.0066208 -0.0067811 -0.0083792 -0.0086781 -0.0069059 -0.0073279 -0.0091466 -0.0086796 -0.0055054 -0.0065280 -0.0110950 -0.0072953 -0.0060575 -0.0084780 -0.0071978 -0.0068751 -0.0061161 -0.0088116 -0.0033186 -0.0068210 -0.0039529 -0.0024780 -0.0029718 -0.0084611 -0.0057013 -0.0077998 -0.0058093 -0.0066098 -0.0038776 -0.0109806 -0.0064149 -0.0027804 -0.0081784 -0.0087385 -0.0046413 -0.0093451 -0.0080792 -0.0085760 -0.0059667 -0.0063619 -0.0081404 -0.0073878 -0.0017511 -0.0064034 -0.0069267 -0.0025298 -0.0076100 -0.0080588 -0.0083388
-0.0435023 -0.0587714 -0.0598648 -0.0505009 -0.0586332 -0.0222225 -0.0203524 -0.0300915 -0.0483850 -0.0140952 -0.0563861 -0.0269150 -0.0149720 -0.0169303 1.8544877 -0.0550392 -0.0065745 -0.0061139 -0.0462891 -0.0184668 -0.0165255 -0.0116538 -0.0603832 -0.0461921 -0.0179226 -0.0468339 -0.0219624 -0.0082782 -0.0332835 -0.0578881 -0.0568476 -0.0188864 -0.0064230 -0.0065625 -0.0083405 -0.0083303 -0.0065026 -0.0068923 -0.0089912 -0.0081993 -0.0055080 -0.0068495 -0.0111166 -0.0072208 -0.0058418 -0.0095387 -0.0072223 -0.0068460 -0.0062094 -0.0089349 -0.0018142 -0.0065237 -0.0033850 -0.0012259 -0.0018472 -0.0082298 -0.0051614 -0.0068061 -0.0058473 -0.0064091 -0.0034490 -0.0111546 -0.0062030 -0.0017721 -0.0082950 -0.0084588 -0.0043596 -0.0088595 -0.0078689 -0.0086263 -0.0059132 -0.0063589 -0.0076685 -0.0073090 -0.0010297 -0.0064680 -0.0068162 -0.0017573 -0.0075936 -0.0082471 -0.0085937
-0.0507701 -0.0631428 -0.0637590 0.2820788 -0.0616785 -0.0464359 -0.0509413 -0.0486553 0.2063387 -0.0530104 -0.0605189 -0.0467925 -0.0545565 -0.0542824 -0.0550392 2.1731768 -0.0311993 -0.0318969 -0.0511622 -0.0430692 -0.0429435 -0.0561413 -0.0639603 -0.0537344 -0.0532072 -0.0516366 -0.0449114 -0.0323888 -0.0485277 -0.0620891 -0.0611939 -0.0440060 -0.0188844 -0.0200643 -0.0183455 -0.0192897 -0.0191855 -0.0195960 -0.0215214 -0.0192636 -0.0195917 -0.0184042 -0.0213237 -0.0201578 -0.0189544 -0.0198222 -0.0188210 -0.0194654 -0.0196920 -0.0200335 -0.0174975 -0.0187230 -0.0179167 -0.0171786 -0.0177084 -0.0201855 -0.0178042 -0.0190330 -0.0179271 -0.0201351 -0.0170334 -0.0230949 -0.0193609 -0.0169989 -0.0206638 -0.0207559 -0.0174369 -0.0214539 -0.0201062 -0.0206743 -0.0185606 -0.0186763 -0.0187751 -0.0177664 -0.0157706 -0.0210127 -0.0188987 -0.0148146 -0.0194491 -0.0185731 -0.0200980
-0.0158962 -0.0312107 -0.0353998 -0.0235218 -0.0276730 -0.0077472 -0.0083334 -0.0124541 -0.0209030 -0.0069912 -0.0305642 -0.0110744 -0.0082131 -0.0073534 -0.0065745 -0.0311993 0.9052315 -0.0020736 -0.0173438 -0.0075610 -0.0061589 -0.0065115 -0.0334931 -0.0171360 -0.0075640 -0.0180720 -0.0067064 -0.0024348 -0.0122096 -0.0311026 -0.0129734 -0.0064374 0.0008764 0.0009916 0.0006407 0.0007722 0.0005946 0.0005439 0.0001371 0.0006852 0.0009116 0.0008386 0.0000022 0.0006579 0.0006885 0.0005750 0.0006111 0.0005095 0.0007032 0.0005035 0.0012260 0.0008627 0.0011617 0.0012972 0.0011619 0.0008596 0.0008467 0.0005826 0.0009798 0.0004673 0.0010866 -0.0003873 0.0008457 0.0011655 0.0002746 0.0006704 0.0007846 0.0001483 0.0001881 0.0004098 0.0008513 0.0007438 0.0005428 0.0006126 0.0012053 0.0006306 0.0007555 0.0009044 0.0006800 0.0005734 0.0006233
-0.0180006 -0.0318605 -0.0392466 -0.0239390 -0.0327264 -0.0079355 -0.0082065 -0.0127249 -0.0203291 -0.0078434 -0.0326352 -0.0112997 -0.0068842 -0.0063176 -0.0061139 -0.0318969 -0.0020736 0.9835059 -0.0191003 -0.0067484 -0.0057373 -0.0059854 -0.0393361 -0.0180649 -0.0072089 -0.0204233 -0.0076391 -0.0029984 -0.0138749 -0.0378798 -0.0163183 -0.0076374 0.0001618 0.0001641 -0.0002284 -0.0000201 0.0001622 -0.0002056 -0.0005277 -0.0002098 0.0000793 -0.0000383 -0.0009115 -0.0001284 0.0003012 -0.0003156 -0.0000820 0.0000497 0.0002500 -0.0002120 0.0008610 -0.0000663 0.0006778 0.0007247 0.0007189 -0.0001239 -0.0000920 -0.0003176 0.0001282 -0.0003011 0.0004942 -0.0011094 -0.0000390 0.0008103 -0.0003328 -0.0002991 0.0003722 -0.0005642 -0.0003351 -0.0003312 -0.0000106 0.0002482 -0.0000624 -0.0001912 0.0008902 -0.0000745 -0.0000622 0.0006909 -0.0000467 -0.0002134 -0.0000231
-0.0233020 0.3037926 0.0712326 -0.0467790 -0.0539114 -0.0340864 -0.0400875 -0.0369428 -0.0452694 -0.0431096 -0.0520013 -0.0193256 -0.0450302 -0.0445399 -0.0462891 -0.0511622 -0.0173438 -0.0191003 1.6884497 -0.0276845 -0.0284660 -0.0476139 -0.0558028 -0.0436671 -0.0442401 -0.0427699 -0.0327506 -0.0191619 -0.0378546 -0.0527941 -0.0523939 -0.0250131 -0.0113905 -0.0112458 -0.0122029 -0.0121349 -0.0116725 -0.0118614 -0.0126903 -0.0120839 -0.0114114 -0.0116237 -0.0130672 -0.0121527 -0.0115787 -0.0126245 -0.0116004 -0.0112281 -0.0116200 -0.0117109 -0.0089046 -0.0121404 -0.0111885 -0.0100477 -0.0099265 -0.0124215 -0.0114348 -0.0115255 -0.0113115 -0.0122991 -0.0108474 -0.0147644 -0.0114860 -0.0100973 -0.0121095 -0.0125502 -0.0117444 -0.0133493 -0.0128090 -0.0122648 -0.0105258 -0.0116024 -0.0117786 -0.0118396 -0.0098369 -0.0110562 -0.0112941 -0.0097220 -0.0119619 -0.0125222 -0.0118277
-0.0227319 -0.0389861 -0.0486429 -0.0358113 0.0067571 -0.0171044 -0.0185055 -0.0226632 -0.0321034 -0.0174988 -0.0441836 -0.0203657 -0.0177796 -0.0177577 -0.0184668 -0.0430692 -0.0075610 -0.0067484 -0.0276845 1.2736953 -0.0136827 -0.0176898 -0.0487246 -0.0294706 -0.0176865 -0.0254486 -0.0160866 -0.0072395 -0.0230404 -0.0467854 -0.0448658 -0.0147350 -0.0033133 -0.0034457 -0.0036510 -0.0041158 -0.0032421 -0.0038165 -0.0045655 -0.0040166 -0.0031381 -0.0030930 -0.0052180 -0.0036533 -0.0029342 -0.0041288 -0.0035692 -0.0036358 -0.0033103 -0.0043639 -0.0016246 -0.0031418 -0.0024511 -0.0014919 -0.0017099 -0.0040291 -0.0030510 -0.0035382 -0.0028937 -0.0036976 -0.0019848 -0.0053264 -0.0032895 -0.0013282 -0.0041426 -0.0038705 -0.0024148 -0.0044862 -0.0042055 -0.0039545 -0.0031517 -0.0033039 -0.0037185 -0.0037095 -0.0011148 -0.0036440 -0.0032883 -0.0014164 -0.0036050 -0.0038288 -0.0034718
-0.0265886 -0.0452067 -0.0475027 -0.0354738 -0.0364622 -0.0158535 -0.0173419 -0.0216327 -0.0321184 -0.0155084 -0.0445287 -0.0198558 -0.0174638 -0.0161016 -0.0165255 -0.0429435 -0.0061589 -0.0057373 -0.0284660 -0.0136827 1.2474666 -0.0172869 -0.0481770 -0.0285843 -0.0163872 -0.0290583 -0.0146063 -0.0065725 -0.0224566 -0.0464972 -0.0291546 -0.0132044 -0.0028098 -0.0022722 -0.0032549 -0.0030996 -0.0028382 -0.0029953 -0.0038260 -0.0032584 -0.0026223 -0.0026665 -0.0047941 -0.0026969 -0.0026431 -0.0037657 -0.0030177 -0.0032596 -0.0028726 -0.0036415 -0.0011365 -0.0025148 -0.0013407 -0.0009899 -0.0011262 -0.0032732 -0.0022450 -0.0030986 -0.0023408 -0.0031646 -0.0015048 -0.0049853 -0.0025090 -0.0009750 -0.0039092 -0.0034984 -0.0018993 -0.0045829 -0.0034939 -0.0036171 -0.0023063 -0.0028237 -0.0031663 -0.0031246 -0.0007206 -0.0030078 -0.0030206 -0.0010812 -0.0031060 -0.0034404 -0.0032853
-0.0446786 -0.0600066 -0.0612245 -0.0516847 -0.0598388 -0.0213301 -0.0199835 -0.0310568 -0.0494368 -0.0095827 -0.0576668 -0.0277859 -0.0150597 -0.0152276 -0.0116538 -0.0561413 -0.0065115 -0.0059854 -0.0476139 -0.0176898 -0.0172869 1.9252745 -0.0614945 -0.0476981 -0.0154229 -0.0480165 -0.0204456 -0.0081553 -0.0336747 -0.0592571 -0.0582139 -0.0164733 -0.0063190 -0.0064326 -0.0082684 -0.0085346 -0.0065864 -0.0070924 -0.0090954 -0.0084356 -0.0053064 -0.0065385 -0.0113735 -0.0071730 -0.0059937 -0.0088900 -0.0067491 -0.0066794 -0.0061293 -0.0091482 -0.0022641 -0.0063890 -0.0029599 -0.0011939 -0.0013966 -0.0074911 -0.0051822 -0.0067152 -0.0058424 -0.0060913 -0.0032812 -0.0115497 -0.0058384 -0.0016221 -0.0089104 -0.0083843 -0.0040955 -0.0099582 -0.0077308 -0.0089905 -0.0059020 -0.0068922 -0.0083764 -0.0069625 -0.0006121 -0.0060692 -0.0071776 -0.0010013 -0.0078239 -0.0082124 -0.0086920
-0.0556064 -0.0655947 -0.0690231 -0.0595952 -0.0665014 -0.0512416 -0.0566131 0.2133401 -0.0569511 -0.0577959 -0.0651448 -0.0516782 -0.0593529 -0.0584385 -0.0603832 -0.0639603 -0.0334931 -0.0393361 -0.0558028 -0.0487246 -0.0481770 -0.0614945 2.7047698 -0.0587706 -0.0574293 -0.0558458 -0.0494105 -0.0368818 0.2051972 -0.0667202 -0.0649892 -0.0485101 -0.0255128 -0.0270129 -0.0253190 -0.0266276 -0.0266578 -0.0268015 -0.0279604 -0.0269737 -0.0268389 -0.0260680 -0.0259403 -0.0248357 -0.0253471 -0.0273429 -0.0271973 -0.0251244 -0.0257281 -0.0255240 -0.0249423 -0.0257895 -0.0248102 -0.0257249 -0.0244136 -0.0257245 -0.0269302 -0.0276104 -0.0252531 -0.0257969 -0.0257536 -0.0280366 -0.0262686 -0.0230169 -0.0257315 -0.0272779 -0.0252339 -0.0249861 -0.0277464 -0.0254692 -0.0248114 -0.0256700 -0.0268804 -0.0265260 -0.0259686 -0.0251875 -0.0256391 -0.0238881 -0.0257482 -0.0255038 -0.0264297
-0.0425596 -0.0563624 -0.0567939 -0.0493344 -0.0568762 -0.0339177 -0.0408445 -0.0391056 -0.0474831 -0.0435959 0.2565860 -0.0355849 -0.0449367 -0.0442579 -0.0461921 -0.0537344 -0.0171360 -0.0180649 -0.0436671 -0.0294706 -0.0285843 -0.0476981 -0.0587706 1.7890650 -0.0438024 -0.0454060 -0.0331631 -0.0177189 -0.0397190 -0.0562660 -0.0541573 -0.0315484 -0.0115275 -0.0118186 -0.0119724 -0.0124240 -0.0119918 -0.0118844 -0.0125577 -0.0122666 -0.0105961 -0.0122686 -0.0141166 -0.0118901 -0.0116248 -0.0126197 -0.0124727 -0.0117504 -0.0115266 -0.0127901 -0.0085538 -0.0117517 -0.0088702 -0.0091278 -0.0091347 -0.0127170 -0.0112283 -0.0123261 -0.0107363 -0.0119576 -0.0103125 -0.0150779 -0.0115394 -0.0092748 -0.0128184 -0.0122202 -0.0103954 -0.0132065 -0.0123618 -0.0129205 -0.0105206 -0.0111702 -0.0124195 -0.0116938 -0.0088215 -0.0115039 -0.0117610 -0.0096963 -0.0119255 -0.0116253 -0.0125778
-0.0414169 -0.0572606 -0.0583569 -0.0491241 -0.0569768 -0.0230532 -0.0221286 -0.0298062 -0.0474384 -0.0167835 -0.0550052 -0.0266780 -0.0177447 -0.0196555 -0.0179226 -0.0532072 -0.0075640 -0.0072089 -0.0442401 -0.0176865 -0.0163872 -0.0154229 -0.0574293 -0.0438024 1.7833649 -0.0444499 -0.0212516 -0.0086913 -0.0317775 -0.0568448 -0.0555959 -0.0188564 -0.0063182 -0.0068671 -0.0082864 -0.0085349 -0.0066674 -0.0072997 -0.0089601 -0.0083908 -0.0055905 -0.0067163 -0.0109366 -0.0070080 -0.0058084 -0.0085978 -0.0067634 -0.0066907 -0.0061600 -0.0083512 -0.0027139 -0.0062868 -0.0033606 -0.0022715 -0.0022026 -0.0076858 -0.0054241 -0.0073281 -0.0056443 -0.0062947 -0.0037834 -0.0110457 -0.0060940 -0.0018405 -0.0082151 -0.0080216 -0.0043849 -0.0086410 -0.0075122 -0.0085096 -0.0055672 -0.0068439 -0.0076841 -0.0068016 -0.0013868 -0.0065065 -0.0069634 -0.0024341 -0.0072627 -0.0083337 -0.0077235
-0.0265825 -0.0554119 -0.0563339 -0.0473938 0.0920382 -0.0340191 -0.0408525 -0.0379512 -0.0454434 -0.0437294 -0.0530446 -0.0363300 -0.0459624 -0.0455117 -0.0468339 -0.0516366 -0.0180720 -0.0204233 -0.0427699 -0.0254486 -0.0290583 -0.0480165 -0.0558458 -0.0454060 -0.0444499 1.7178998 -0.0327459 -0.0181929 -0.0382921 0.2700378 -0.0539770 -0.0311985 -0.0120861 -0.0110631 -0.0123980 -0.0123681 -0.0116662 -0.0126476 -0.0132231 -0.0124965 -0.0110583 -0.0106172 -0.0143026 -0.0119431 -0.0113761 -0.0126581 -0.0119932 -0.0115062 -0.0116583 -0.0119956 -0.0096570 -0.0107243 -0.0101617 -0.0091375 -0.0096714 -0.0117175 -0.0110457 -0.0124242 -0.0111370 -0.0125204 -0.0102828 -0.0146133 -0.0113010 -0.0093849 -0.0123248 -0.0120816 -0.0107927 -0.0130764 -0.0126677 -0.0126619 -0.0111304 -0.0113031 -0.0117091 -0.0120859 -0.0088212 -0.0113956 -0.0110681 -0.0087305 -0.0120273 -0.0125310 -0.0125288
-0.0310736 -0.0484832 -0.0496490 -0.0390401 -0.0484940 -0.0202123 -0.0218611 -0.0243396 -0.0346706 -0.0221068 -0.0463664 -0.0215048 -0.0209502 -0.0218547 -0.0219624 -0.0449114 -0.0067064 -0.0076391 -0.0327506 -0.0160866 -0.0146063 -0.0204456 -0.0494105 -0.0331631 -0.0212516 -0.0327459 1.3276131 -0.0083857 -0.0261837 -0.0484898 -0.0469343 -0.0179029 -0.0033656 -0.0040431 -0.0046443 -0.0045263 -0.0039761 -0.0044187 -0.0048640 -0.0045945 -0.0032837 -0.0038101 -0.0058554 -0.0040045 -0.0034855 -0.0045031 -0.0036770 -0.0036105 -0.0033596 -0.0046176 -0.0016049 -0.0040299 -0.0021122 -0.0018161 -0.0012017 -0.0045716 -0.0032181 -0.0042195 -0.0030013 -0.0041099 -0.0021786 -0.0066443 -0.0035457 -0.0013926 -0.0047048 -0.0046743 -0.0028894 -0.0053737 -0.0045796 -0.0044665 -0.0033009 -0.0037839 -0.0040281 -0.0040303 -0.0013295 -0.0038979 -0.0037958 -0.0015953 -0.0041769 -0.0043349 -0.0042677
-0.0174014 -0.0334837 -0.0380553 -0.0246114 -0.0272927 -0.0084405 -0.0093997 -0.0131266 -0.0212442 -0.0084020 -0.0301586 -0.0120273 -0.0093723 -0.0088314 -0.0082782 -0.0323888 -0.0024348 -0.0029984 -0.0191619 -0.0072395 -0.0065725 -0.0081553 -0.0368818 -0.0177189 -0.0086913 -0.0181929 -0.0083857 0.9443713 -0.0135453 -0.0308049 -0.0274653 -0.0074825 0.0002792 0.0003204 0.0000753 0.0002120 0.0003282 0.0000735 -0.0001577 0.0001881 0.0004967 0.0004311 -0.0004123 0.0003242 0.0005471 0.0000600 0.0001793 0.0002535 0.0004685 0.0000221 0.0010243 0.0005472 0.0006556 0.0007382 0.0009819 0.0000056 0.0005344 0.0000179 0.0003599 0.0000779 0.0008853 -0.0010422 0.0002912 0.0008543 -0.0000414 -0.0000296 0.0005396 -0.0003279 -0.0001010 -0.0000838 0.0001758 0.0003388 0.0002956 0.0001095 0.0011467 0.0000987 0.0002760 0.0009217 0.0002197 0.0001366 0.0001649
-0.0367079 -0.0516280 -0.0532022 -0.0438210 -0.0518574 -0.0269604 -0.0304341 0.0039761 -0.0401504 -0.0313804 -0.0504715 -0.0285656 -0.0330279 -0.0321802 -0.0332835 -0.0485277 -0.0122096 -0.0138749 -0.0378546 -0.0230404 -0.0224566 -0.0336747 0.2051972 -0.0397190 -0.0317775 -0.0382921 -0.0261837 -0.0135453 1.5264487 -0.0521069 -0.0504256 -0.0239252 -0.0076960 -0.0082000 -0.0084285 -0.0088375 -0.0082938 -0.0079932 -0.0094745 -0.0088287 -0.0075822 -0.0080092 -0.0098398 -0.0078514 -0.0074830 -0.0090541 -0.0082121 -0.0077485 -0.0075074 -0.0082935 -0.0056485 -0.0076945 -0.0062893 -0.0059856 -0.0058548 -0.0083558 -0.0076119 -0.0083605 -0.0072362 -0.0080556 -0.0062283 -0.0106684 -0.0080621 -0.0054298 -0.0084606 -0.0087524 -0.0067600 -0.0090344 -0.0089459 -0.0081982 -0.0073334 -0.0076155 -0.0086067 -0.0080845 -0.0056420 -0.0078097 -0.0078417 -0.0055649 -0.0079096 -0.0084982 -0.0085262
-0.0529087 -0.0644759 -0.0652842 -0.0579573 -0.0608813 -0.0480113 -0.0550742 -0.0508689 -0.0563372 -0.0566271 -0.0632771 -0.0498907 -0.0580125 -0.0577263 -0.0578881 -0.0620891 -0.0311026 -0.0378798 -0.0527941 -0.0467854 -0.0464972 -0.0592571 -0.0667202 -0.0562660 -0.0568448 0.2700378 -0.0484898 -0.0308049 -0.0521069 2.4392250 -0.0646516 -0.0477088 -0.0231567 -0.0211174 -0.0226296 -0.0227985 -0.0226663 -0.0238971 -0.0232176 -0.0233820 -0.0212780 -0.0195436 -0.0251971 -0.0225772 -0.0214876 -0.0240218 -0.0226335 -0.0224475 -0.0220778 -0.0216246 -0.0201122 -0.0198064 -0.0207219 -0.0202211 -0.0194758 -0.0214963 -0.0206037 -0.0239060 -0.0207601 -0.0239024 -0.0219105 -0.0256590 -0.0220159 -0.0211815 -0.0211666 -0.0228798 -0.0206493 -0.0233860 -0.0230996 -0.0231755 -0.0224546 -0.0213584 -0.0213562 -0.0232947 -0.0184211 -0.0214365 -0.0206550 -0.0184001 -0.0223926 -0.0230282 -0.0232132
-0.0523967 -0.0641905 -0.0643021 -0.0558444 -0.0625014 -0.0480316 -0.0534864 -0.0502826 -0.0557083 -0.0545895 -0.0611247 -0.0486859 -0.0566800 -0.0559731 -0.0568476 -0.0611939 -0.0129734 -0.0163183 -0.0523939 -0.0448658 -0.0291546 -0.0582139 -0.0649892 -0.0541573 -0.0555959 -0.0539770 -0.0469343 -0.0274653 -0.0504256 -0.0646516 2.2509878 -0.0461577 -0.0161069 -0.0194323 -0.0187288 -0.0198554 -0.0188446 -0.0164304 -0.0198535 -0.0174572 -0.0179171 -0.0168135 -0.0192510 -0.0183274 -0.0185021 -0.0178278 -0.0178566 -0.0179262 -0.0168615 -0.0193126 -0.0158605 -0.0179473 -0.0140393 -0.0175066 -0.0161424 -0.0184712 -0.0178814 -0.0189020 -0.0189099 -0.0191823 -0.0155924 -0.0199089 -0.0167382 -0.0153634 -0.0185411 -0.0178508 -0.0154103 -0.0176771 -0.0190791 -0.0166697 -0.0194485 -0.0175341 -0.0178398 -0.0183297 -0.0158092 -0.0187086 -0.0176480 -0.0147281 -0.0189499 -0.0194118 -0.0198931
-0.0303790 -0.0252493 -0.0493554 -0.0382104 -0.0476706 -0.0183312 -0.0193983 -0.0221883 -0.0334174 -0.0198263 -0.0464264 -0.0202060 -0.0173511 -0.0185254 -0.0188864 -0.0440060 -0.0064374 -0.0076374 -0.0250131 -0.0147350 -0.0132044 -0.0164733 -0.0485101 -0.0315484 -0.0188564 -0.0311985 -0.0179029 -0.0074825 -0.0239252 -0.0477088 -0.0461577 1.3062352 -0.0029311 -0.0037675 -0.0044661 -0.0039808 -0.0040247 -0.0039658 -0.0048311 -0.0041708 -0.0033125 -0.0033004 -0.0053559 -0.0037751 -0.0033370 -0.0042630 -0.0038724 -0.0034783 -0.0032523 -0.0042160 -0.0016534 -0.0032843 -0.0020763 -0.0015389 -0.0011230 -0.0042916 -0.0030466 -0.0042459 -0.0031229 -0.0039776 -0.0021479 -0.0056874 -0.0034041 -0.0009752 -0.0039699 -0.0044937 -0.0026236 -0.0047511 -0.0045592 -0.0042145 -0.0030445 -0.0031893 -0.0037680 -0.0039563 -0.0013830 -0.0035078 -0.0034752 -0.0014951 -0.0040295 -0.0038678 -0.0040279
-0.0110273 -0.0217062 -0.0260790 -0.0139162 -0.0230740 -0.0040437 -0.0062883 -0.0075184 -0.0120637 -0.0059518 -0.0215734 -0.0069761 -0.0067882 -0.0066208 -0.0064230 -0.0188844 0.0008764 0.0001618 -0.0113905 -0.0033133 -0.0028098 -0.0063190 -0.0255128 -0.0115275 -0.0063182 -0.0120861 -0.0033656 0.0002792 -0.0076960 -0.0231567 -0.0161069 -0.0029311 0.5618321 0.0040991 0.0043243 0.0045827 0.0043363 0.0040573 0.0040944 0.0044160 0.0040114 0.0042961 0.0041958 0.0041500 0.0041123 0.0045358 0.0041544 0.0038724 0.0042014 0.0042817 0.0036428 0.0041583 0.0039912 0.0035532 0.0034465 0.0043128 0.0039590 0.0038850 0.0042218 0.0034844 0.0036787 0.0037538 0.0038859 0.0036390 0.0039905 0.0042341 0.0036517 0.0039392 0.0035773 0.0042912 0.0039514 0.0042285 0.0042959 0.0038074 0.0035198 0.0036553 0.0039919 0.0035864 0.0043755 0.0045182 0.0043557
-0.0107357 -0.0212875 -0.0263698 -0.0152398 -0.0213562 -0.0043455 -0.0065888 -0.0081586 -0.0128526 -0.0062841 -0.0212682 -0.0065272 -0.0068441 -0.0067811 -0.0065625 -0.0200643 0.0009916 0.0001641 -0.0112458 -0.0034457 -0.0022722 -0.0064326 -0.0270129 -0.0118186 -0.0068671 -0.0110631 -0.0040431 0.0003204 -0.0082000 -0.0211174 -0.0194323 -0.0037675 0.0040991 0.5252845 0.0047546 0.0047912 0.0043964 0.0043463 0.0041979 0.0046460 0.0042098 0.0045867 0.0044288 0.0043217 0.0044494 0.0047088 0.0043793 0.0042402 0.0044095 0.0047731 0.0038631 0.0043731 0.0040548 0.0037118 0.0038239 0.0045502 0.0042253 0.0041440 0.0046313 0.0038243 0.0039789 0.0039438 0.0040999 0.0039003 0.0042714 0.0045888 0.0039093 0.0042763 0.0038113 0.0046233 0.0042795 0.0044389 0.0045793 0.0041694 0.0036785 0.0040369 0.0042624 0.0036976 0.0046287 0.0046446 0.0047050
-0.0119043 -0.0228745 -0.0264051 -0.0141330 -0.0242748 -0.0052838 -0.0075744 -0.0081504 -0.0121957 -0.0084705 -0.0206405 -0.0070974 -0.0080186 -0.0083792 -0.0083405 -0.0183455 0.0006407 -0.0002284 -0.0122029 -0.0036510 -0.0032549 -0.0082684 -0.0253190 -0.0119724 -0.0082864 -0.0123980 -0.0046443 0.0000753 -0.0084285 -0.0226296 -0.0187288 -0.0044661 0.0043243 0.0047546 0.4878033 0.0052108 0.0046679 0.0045997 0.0045667 0.0049949 0.0043907 0.0049599 0.0047969 0.0044992 0.0049117 0.0051346 0.0047913 0.0043052 0.0047315 0.0049575 0.0039779 0.0047168 0.0043712 0.0038605 0.0040211 0.0047616 0.0044028 0.0042882 0.0047288 0.0038675 0.0043944 0.0042393 0.0045014 0.0040955 0.0045984 0.0048682 0.0042816 0.0045257 0.0043018 0.0049662 0.0047073 0.0047266 0.0049887 0.0044196 0.0038971 0.0042049 0.0045215 0.0040133 0.0051556 0.0050989 0.0051228
-0.0114327 -0.0235644 -0.0258133 -0.0146456 -0.0235097 -0.0048993 -0.0076716 -0.0084389 -0.0124167 -0.0079000 -0.0217635 -0.0070317 -0.0083926 -0.0086781 -0.0083303 -0.0192897 0.0007722 -0.0000201 -0.0121349 -0.0041158 -0.0030996 -0.0085346 -0.0266276 -0.0124240 -0.0085349 -0.0123681 -0.0045263 0.0002120 -0.0088375 -0.0227985 -0.0198554 -0.0039808 0.0045827 0.0047912 0.0052108 0.4800033 0.0048598 0.0046976 0.0045875 0.0050855 0.0046803 0.0049056 0.0048393 0.0047720 0.0048598 0.0052330 0.0048587 0.0043966 0.0048575 0.0050856 0.0042396 0.0048021 0.0043592 0.0040363 0.0041054 0.0048767 0.0046178 0.0046103 0.0047373 0.0039944 0.0044122 0.0044992 0.0043920 0.0042485 0.0048455 0.0048886 0.0042823 0.0045948 0.0043083 0.0050140 0.0046802 0.0049481 0.0049388 0.0044812 0.0039999 0.0043190 0.0047261 0.0040339 0.0051871 0.0050007 0.0051386
-0.0107968 -0.0238280 -0.0246635 -0.0145529 -0.0215927 -0.0042439 -0.0063726 -0.0081226 -0.0124465 -0.0068011 -0.0221965 -0.0064061 -0.0071585 -0.0069059 -0.0065026 -0.0191855 0.0005946 0.0001622 -0.0116725 -0.0032421 -0.0028382 -0.0065864 -0.0266578 -0.0119918 -0.0066674 -0.0116662 -0.0039761 0.0003282 -0.0082938 -0.0226663 -0.0188446 -0.0040247 0.0043363 0.0043964 0.0046679 0.0048598 0.5206583 0.0043653 0.0043663 0.0046442 0.0041560 0.0045794 0.0046799 0.0044463 0.0046667 0.0048662 0.0045316 0.0040162 0.0044348 0.0046014 0.0038494 0.0045174 0.0041123 0.0038139 0.0038413 0.0047444 0.0042632 0.0041091 0.0044171 0.0038532 0.0041944 0.0040947 0.0042124 0.0038305 0.0043728 0.0045565 0.0041090 0.0042204 0.0039683 0.0047710 0.0043877 0.0044899 0.0048343 0.0042360 0.0036552 0.0040566 0.0042723 0.0037429 0.0048289 0.0046074 0.0048138
-0.0112869 -0.0234335 -0.0260932 -0.0147297 -0.0241320 -0.0043955 -0.0066276 -0.0083143 -0.0127882 -0.0066884 -0.0216672 -0.0068231 -0.0071769 -0.0073279 -0.0068923 -0.0195960 0.0005439 -0.0002056 -0.0118614 -0.0038165 -0.0029953 -0.0070924 -0.0268015 -0.0118844 -0.0072997 -0.0126476 -0.0044187 0.0000735 -0.0079932 -0.0238971 -0.0164304 -0.0039658 0.0040573 0.0043463 0.0045997 0.0046976 0.0043653 0.5326092 0.0041809 0.0047785 0.0040909 0.0045507 0.0044406 0.0041199 0.0044752 0.0046778 0.0042766 0.0040203 0.0044008 0.0046083 0.0038753 0.0043583 0.0040508 0.0036634 0.0037720 0.0043329 0.0040919 0.0040795 0.0044648 0.0037862 0.0040116 0.0039991 0.0040779 0.0039787 0.0042659 0.0043417 0.0039016 0.0039808 0.0037634 0.0045536 0.0042804 0.0043368 0.0044231 0.0039944 0.0035303 0.0038152 0.0042027 0.0037846 0.0046270 0.0046398 0.0047543
-0.0119036 -0.0234602 -0.0252953 -0.0161224 -0.0245651 -0.0055789 -0.0083043 -0.0095790 -0.0138657 -0.0085502 -0.0213450 -0.0076530 -0.0089700 -0.0091466 -0.0089912 -0.0215214 0.0001371 -0.0005277 -0.0126903 -0.0045655 -0.0038260 -0.0090954 -0.0279604 -0.0125577 -0.0089601 -0.0132231 -0.0048640 -0.0001577 -0.0094745 -0.0232176 -0.0198535 -0.0048311 0.0040944 0.0041979 0.0045667 0.0045875 0.0043663 0.0041809 0.5213274 0.0043544 0.0039958 0.0044246 0.0042879 0.0044139 0.0044067 0.0045897 0.0040544 0.0038593 0.0043639 0.0046246 0.0036817 0.0043666 0.0041300 0.0035719 0.0036260 0.0044816 0.0040616 0.0040294 0.0045927 0.0038061 0.0040577 0.0038774 0.0041598 0.0038410 0.0041427 0.0043187 0.0039478 0.0041885 0.0037427 0.0045584 0.0042664 0.0045532 0.0045388 0.0041363 0.0038675 0.0038620 0.0042250 0.0037844 0.0046365 0.0045238 0.0046689
-0.0113992 -0.0235650 -0.0259320 -0.0148065 -0.0226298 -0.0052934 -0.0077789 -0.0084210 -0.0127177 -0.0082546 -0.0218438 -0.0068987 -0.0083774 -0.0086796 -0.0081993 -0.0192636 0.0006852 -0.0002098 -0.0120839 -0.0040166 -0.0032584 -0.0084356 -0.0269737 -0.0122666 -0.0083908 -0.0124965 -0.0045945 0.0001881 -0.0088287 -0.0233820 -0.0174572 -0.0041708 0.0044160 0.0046460 0.0049949 0.0050855 0.0046442 0.0047785 0.0043544 0.4919660 0.0044165 0.0048570 0.0049365 0.0045278 0.0048708 0.0053608 0.0045902 0.0044204 0.0045928 0.0047640 0.0039776 0.0046742 0.0043074 0.0039118 0.0039355 0.0047227 0.0045636 0.0043754 0.0047835 0.0039926 0.0043374 0.0043311 0.0043457 0.0040168 0.0045300 0.0048154 0.0042009 0.0044100 0.0041232 0.0048687 0.0045504 0.0049667 0.0048386 0.0043457 0.0037470 0.0042619 0.0045457 0.0039000 0.0049458 0.0050223 0.0051645
-0.0106894 -0.0228210 -0.0251698 -0.0144325 -0.0219797 -0.0036638 -0.0051848 -0.0073987 -0.0121833 -0.0056981 -0.0201751 -0.0060752 -0.0057402 -0.0055054 -0.0055080 -0.0195917 0.0009116 0.0000793 -0.0114114 -0.0031381 -0.0026223 -0.0053064 -0.0268389 -0.0105961 -0.0055905 -0.0110583 -0.0032837 0.0004967 -0.0075822 -0.0212780 -0.0179171 -0.0033125 0.0040114 0.0042098 0.0043907 0.0046803 0.0041560 0.0040909 0.0039958 0.0044165 0.5571970 0.0044357 0.0044861 0.0041354 0.0042724 0.0045240 0.0042202 0.0039045 0.0041807 0.0042943 0.0036455 0.0040877 0.0038315 0.0036268 0.0036206 0.0043154 0.0040559 0.0040319 0.0040907 0.0035005 0.0038682 0.0038616 0.0040347 0.0036916 0.0040530 0.0043492 0.0037639 0.0039714 0.0037268 0.0044010 0.0041159 0.0042373 0.0043224 0.0039932 0.0033999 0.0038799 0.0040808 0.0037061 0.0044083 0.0043719 0.0046337
-0.0107715 -0.0217616 -0.0259933 -0.0137752 -0.0216193 -0.0040904 -0.0062128 -0.0075635 -0.0120060 -0.0064509 -0.0225517 -0.0065035 -0.0072210 -0.0065280 -0.0068495 -0.0184042 0.0008386 -0.0000383 -0.0116237 -0.0030930 -0.0026665 -0.0065385 -0.0260680 -0.0122686 -0.0067163 -0.0106172 -0.0038101 0.0004311 -0.0080092 -0.0195436 -0.0168135 -0.0033004 0.0042961 0.0045867 0.0049599 0.0049056 0.0045794 0.0045507 0.0044246 0.0048570 0.0044357 0.5124199 0.0046194 0.0045109 0.0045269 0.0050335 0.0046536 0.0041658 0.0045714 0.0049261 0.0038973 0.0045787 0.0041987 0.0037341 0.0038474 0.0047685 0.0043439 0.0041225 0.0044661 0.0040681 0.0042184 0.0042407 0.0043052 0.0039548 0.0042964 0.0045723 0.0041222 0.0043966 0.0041168 0.0046929 0.0043959 0.0046301 0.0046561 0.0042150 0.0037053 0.0042075 0.0043836 0.0038259 0.0049037 0.0048083 0.0049095
-0.0128576 -0.0235250 -0.0264738 -0.0168427 -0.0245721 -0.0068777 -0.0096542 -0.0094884 -0.0148144 -0.0102470 -0.0232132 -0.0082851 -0.0113232 -0.0110950 -0.0111166 -0.0213237 0.0000022 -0.0009115 -0.0130672 -0.0052180 -0.0047941 -0.0113735 -0.0259403 -0.0141166 -0.0109366 -0.0143026 -0.0058554 -0.0004123 -0.0098398 -0.0251971 -0.0192510 -0.0053559 0.0041958 0.0044288 0.0047969 0.0048393 0.0046799 0.0044406 0.0042879 0.0049365 0.0044861 0.0046194 0.4956216 0.0045334 0.0046475 0.0048156 0.0044485 0.0040711 0.0046021 0.0046603 0.0040510 0.0045468 0.0040596 0.0039513 0.0041014 0.0046047 0.0042113 0.0041299 0.0047205 0.0038688 0.0041623 0.0039578 0.0042395 0.0039738 0.0045625 0.0045568 0.0040833 0.0043348 0.0037974 0.0048418 0.0045693 0.0046843 0.0048818 0.0042826 0.0036701 0.0039155 0.0042943 0.0041305 0.0047960 0.0047599 0.0048749
-0.0114012 -0.0240855 -0.0265571 -0.0151360 -0.0226303 -0.0045403 -0.0067847 -0.0078949 -0.0126335 -0.0066840 -0.0216435 -0.0066555 -0.0067502 -0.0072953 -0.0072208 -0.0201578 0.0006579 -0.0001284 -0.0121527 -0.0036533 -0.0026969 -0.0071730 -0.0248357 -0.0118901 -0.0070080 -0.0119431 -0.0040045 0.0003242 -0.0078514 -0.0225772 -0.0183274 -0.0037751 0.0041500 0.0043217 0.0044992 0.0047720 0.0044463 0.0041199 0.0044139 0.0045278 0.0041354 0.0045109 0.0045334 0.5360028 0.0045900 0.0046877 0.0042419 0.0039444 0.0043253 0.0046578 0.0038590 0.0042242 0.0041079 0.0039057 0.0036966 0.0044540 0.0042276 0.0040696 0.0042730 0.0036230 0.0039603 0.0040281 0.0041029 0.0037584 0.0042495 0.0045181 0.0039195 0.0041048 0.0037439 0.0045317 0.0042931 0.0044733 0.0045663 0.0041971 0.0035315 0.0039373 0.0043409 0.0036890 0.0045785 0.0046092 0.0047087
-0.0102961 -0.0231542 -0.0250141 -0.0139745 -0.0216360 -0.0039793 -0.0062255 -0.0074660 -0.0120659 -0.0058793 -0.0214164 -0.0064471 -0.0062388 -0.0060575 -0.0058418 -0.0189544 0.0006885 0.0003012 -0.0115787 -0.0029342 -0.0026431 -0.0059937 -0.0253471 -0.0116248 -0.0058084 -0.0113761 -0.0034855 0.0005471 -0.0074830 -0.0214876 -0.0185021 -0.0033370 0.0041123 0.0044494 0.0049117 0.0048598 0.0046667 0.0044752 0.0044067 0.0048708 0.0042724 0.0045269 0.0046475 0.0045900 0.5238039 0.0047013 0.0045862 0.0040897 0.0045202 0.0046464 0.0039161 0.0045831 0.0041588 0.0038023 0.0037612 0.0045239 0.0043193 0.0041561 0.0046220 0.0038707 0.0041695 0.0041941 0.0042759 0.0039451 0.0043487 0.0044883 0.0040795 0.0042740 0.0039792 0.0046545 0.0044192 0.0044824 0.0046003 0.0043086 0.0036966 0.0041203 0.0042844 0.0037940 0.0048585 0.0047634 0.0048123
