1.1389717 -0.1296360 0.0917475 -0.1110136 -0.0388361 0.0083705 -0.0633833 0.0468773 0.0050129 -0.0932569 0.0983311 0.0871552 0.2312818 -0.0041653 -0.0662017 0.0418266 0.0591525 0.1363304 -0.1905157 -0.2333477 -0.2145917 -0.0699315 0.0722043 -0.0235114 0.0975163 -0.1128902 0.0163540 0.1545598 0.0256387 0.0492339 -0.0078985 -0.0467797 0.2601890 -0.0808490 -0.1371342 -0.1471177 0.0911313 -0.0096409 0.0205568 -0.0276737 -0.2102128 -0.0584764 0.0487121 0.0533390 -0.1502285 -0.0745238 -0.1712787 0.0392060 0.0928745 0.1851827 0.1291026 0.3504468 0.0039661 0.0617552 -0.0480581 0.1078245 -0.2427139 -0.0054395 0.1992931 0.2175579 0.0030102 0.0188298 -0.0642809 -0.1913281 -0.2093838 -0.1514362 -0.2910542 -0.0821891 -0.0391694 -0.0001796 -0.1010082 0.0262220 -0.1694431 -0.1647080 -0.0133415 -0.0095786 0.0332511 -0.2437006 -0.0648043 0.1092170 -0.0345475
-0.1296360 1.2051961 -0.0342540 0.0557589 0.1500401 -0.0272790 0.1105356 0.0003252 -0.1084543 0.0049203 -0.1001307 0.1643470 -0.0974231 0.0225187 -0.2239855 -0.0036099 0.1824922 -0.0998289 -0.0286892 0.2824840 -0.1455709 0.1570182 0.2139856 0.0565169 -0.0018281 0.0864856 -0.0860080 0.0299342 0.2257281 0.1322453 -0.1481414 0.1049747 -0.0608851 0.2337140 0.2858561 0.0970777 -0.1633902 -0.2030341 -0.3161221 -0.0924669 -0.0474959 0.1047053 0.0261403 -0.1390723 -0.0390451 0.1047964 -0.1162523 -0.0933600 -0.1930708 -0.0938698 -0.1440470 -0.2710825 -0.2356023 -0.1900385 0.1434475 -0.0097018 -0.0231657 -0.1739445 0.0664403 -0.1430033 -0.0891002 -0.1293432 -0.1919447 0.1789714 0.3086157 -0.0695335 -0.1564386 0.3107068 -0.0761476 0.2290055 0.2538227 0.0041625 -0.1589721 -0.1154302 -0.1508566 -0.0231619 -0.0609507 -0.0834326 0.0326960 -0.1405656 -0.2165737
0.0917475 -0.0342540 0.8908192 0.0077280 0.0580810 0.1298896 0.0839742 0.0178543 0.0847807 -0.0677577 0.0986712 0.0583099 -0.0518480 0.0452986 0.1155017 0.0143544 -0.0126951 -0.0080199 -0.0034274 -0.1389040 -0.2042345 -0.0698720 -0.1542679 -0.0658287 -0.1096438 -0.1017120 0.0724133 0.0759543 -0.0285859 -0.0997066 0.0284478 0.0192247 -0.0791361 0.0072172 -0.0991432 0.1160374 0.0271653 -0.0453900 0.0074025 -0.0063782 -0.0198269 -0.1160515 0.0971507 -0.1715371 -0.0736781 -0.1128739 0.0480669 0.0683531 -0.2729066 -0.0626084 0.1448792 -0.0781807 -0.0605917 0.1646931 0.1162472 -0.1671932 0.0203082 0.1689888 0.0956089 0.1007955 0.1772689 0.0023767 -0.2073054 -0.0270132 -0.1028129 -0.2263349 -0.1429737 -0.1923042 0.2271077 0.0403767 0.0026371 -0.1366041 0.0729641 0.0049941 -0.1682089 -0.2381857 -0.0928484 -0.0275603 0.0493487 -0.1719775 0.0883738
-0.1110136 0.0557589 0.0077280 1.1199590 -0.1304651 0.0354487 0.0315065 -0.0641024 0.0920639 0.0248919 0.0923459 -0.1341270 0.0588718 -0.0032644 -0.0211436 0.0726149 -0.1002067 -0.1001735 0.0425871 0.0328693 0.1265879 0.0495498 -0.1098636 -0.1545614 -0.1286191 0.0362239 -0.0006966 -0.0551630 -0.0988548 -0.0081375 -0.0476426 0.1369059 -0.1179261 -0.1376576 0.1824734 0.0000408 -0.1760199 -0.0150456 0.0204881 0.0720914 0.0349498 0.1751605 -0.1408657 -0.1591585 -0.0199837 0.1186830 0.1595895 -0.0352441 -0.0994863 0.0752486 -0.1538153 -0.1290330 -0.1796274 -0.1010636 -0.0965091 -0.1291620 0.1751683 0.0181432 -0.1148975 -0.1194883 0.0042230 0.0402828 0.1297557 -0.0445735 -0.0010404 0.0059894 0.1274846 -0.1280042 0.0818404 -0.0585101 -0.0345498 -0.0893633 0.1505611 0.0542281 0.0157137 -0.1437916 -0.0829422 0.2511294 0.0709806 0.0260051 0.0875505
-0.0388361 0.1500401 0.0580810 -0.1304651 0.8743544 0.0303719 -0.0110701 0.0564063 -0.1413316 0.0048955 -0.0976898 0.0806478 0.0053534 -0.0746344 -0.0956034 0.0911750 0.1088211 -0.1448782 -0.0560696 0.0868034 -0.1290507 -0.0593471 0.1044764 0.0091494 0.0174847 -0.0772117 -0.1488897 0.0684587 -0.0948310 0.2012445 -0.0066976 -0.1685225 -0.1080045 -0.0496487 -0.0520263 -0.0049089 0.2300432 -0.1714766 -0.1061189 -0.0666049 -0.0533912 0.0326347 -0.1343785 0.0112779 0.0658469 -0.1872044 -0.0241542 0.1248640 -0.1329808 -0.1051829 0.0516874 -0.0524060 -0.0474816 0.0017947 0.1579136 -0.0044457 0.0392790 0.0026403 -0.0453142 -0.0801477 0.0728180 -0.2128078 -0.1227622 0.1411777 0.0036641 -0.0084702 -0.2347953 0.1102089 0.1468878 -0.0031435 0.1904100 0.0536478 0.1128209 0.0707733 -0.0029875 0.0239053 0.0354256 -0.0438866 -0.0917354 -0.1913801 -0.0961374
0.0083705 -0.0272790 0.1298896 0.0354487 0.0303719 0.9001536 -0.0531971 0.0808416 -0.0138679 -0.0687828 -0.0673947 -0.0839685 0.0698500 -0.0200314 -0.0069769 -0.1410949 -0.0666489 -0.1293293 -0.0626933 -0.0321791 -0.1099703 -0.0330881 -0.1729356 0.0014505 0.0188992 -0.0538551 -0.0060021 0.1107430 -0.0187181 0.2488949 -0.0236132 0.0464323 -0.0822448 -0.0589866 -0.1550999 0.0188844 0.1520627 -0.0695293 0.0207800 -0.0046545 -0.0203062 -0.1000734 -0.0509617 0.0431858 0.0475887 -0.1053477 -0.0177420 0.1946682 -0.1324519 -0.0391536 0.1738923 0.0021849 -0.0005143 0.0600220 0.0480436 -0.1291604 0.0802335 0.0120155 0.0166435 -0.0204568 -0.0104579 0.0482257 -0.1353984 -0.0983208 -0.0720844 -0.1488569 -0.0849414 -0.0113710 0.0177671 -0.1127462 -0.0546160 -0.0893456 -0.0203293 -0.0187545 0.1100409 -0.0462074 0.0211757 0.0014321 -0.0672539 -0.1440936 0.0637297
-0.0633833 0.1105356 0.0839742 0.0315065 -0.0110701 -0.0531971 0.8146227 -0.0642621 -0.0618982 -0.0243881 -0.0542831 0.0417224 0.0330946 0.2524653 -0.1039739 -0.0285135 -0.0067414 0.1041539 -0.0172072 -0.0576581 -0.1486776 -0.1208492 0.1082763 0.1434083 -0.0132989 -0.1402544 -0.0306335 -0.0030379 -0.0599894 -0.0416758 0.0410872 -0.0791643 -0.0044391 0.0155766 -0.0245323 0.0333292 -0.0412269 0.0392001 -0.0373877 -0.1276115 0.1221084 0.1233592 0.0314214 -0.0718549 -0.0825682 0.0333663 -0.0076908 -0.0702477 0.1351719 -0.1388248 -0.1273312 -0.2337954 0.1017634 0.0635200 -0.0323242 -0.0131042 -0.1278979 -0.0492983 -0.0392472 -0.0738268 0.1563005 0.0064910 -0.0614054 -0.1206758 -0.0674963 -0.0808995 0.2794872 -0.0367452 -0.0757922 0.1037622 0.0857623 0.0250013 -0.1035774 -0.0965386 -0.1661130 -0.0358994 -0.1222114 -0.0686661 0.2189826 -0.0718122 -0.0048948
0.0468773 0.0003252 0.0178543 -0.0641024 0.0564063 0.0808416 -0.0642621 0.7104013 0.0395801 -0.0518845 -0.0286387 0.0575785 0.0170436 -0.0104330 0.0404672 0.0655962 0.1130457 0.0161869 -0.0807180 -0.0460361 -0.0350272 -0.0639601 0.1132122 -0.2645739 0.0086188 -0.0588785 -0.1044594 -0.0975346 -0.0071479 0.0486757 0.0427786 0.0537934 0.0838042 -0.0881799 0.0773506 -0.0824051 0.0385445 -0.0647035 -0.1256413 -0.0423723 -0.1948041 -0.0770272 -0.0019166 -0.1175691 -0.1219407 0.0116745 -0.0600846 -0.0311147 -0.1433909 0.0663778 0.0195459 0.0104726 -0.1643527 -0.0697794 0.0513777 -0.0428058 -0.0686830 0.0398672 0.0041534 -0.0245430 -0.0173546 -0.0535184 0.0338755 0.0260280 -0.0355627 0.0046844 -0.3393674 0.1470350 0.0768804 0.1133957 0.0893857 0.0436928 -0.0389672 -0.1100170 -0.0123419 -0.0941728 0.0096378 -0.0978035 -0.1287994 0.1192522 -0.0162469
0.0050129 -0.1084543 0.0847807 0.0920639 -0.1413316 -0.0138679 -0.0618982 0.0395801 1.0902910 -0.1353859 0.3262061 -0.0666390 -0.0819724 0.0707956 0.3099161 0.1767510 -0.2546212 0.3159837 -0.2147638 -0.0342373 0.1042749 -0.0754837 -0.0600982 -0.2239069 -0.1605765 -0.0665440 0.0924991 -0.1091402 0.0736936 -0.1476428 0.1987948 0.1246790 0.2216338 -0.1983207 0.1978496 -0.1019914 -0.0538879 0.1588444 -0.2512703 0.1529087 -0.0281921 -0.1979329 0.0542236 -0.1243655 -0.1465259 0.1697015 0.0853492 -0.2840316 -0.1789029 -0.1975263 0.1900553 0.1216497 -0.0098340 -0.0240891 -0.0746818 -0.1755251 -0.0210452 0.0274280 0.1328938 -0.0127756 -0.0608153 0.1709304 -0.0094532 0.1262321 0.0121181 0.0503868 0.0012588 -0.1843349 0.0210567 -0.0827864 -0.1227175 -0.0834275 -0.0020753 0.0521859 -0.2519211 -0.4365159 0.0094165 0.0472391 -0.0919134 0.3381868 -0.0220710
-0.0932569 0.0049203 -0.0677577 0.0248919 0.0048955 -0.0687828 -0.0243881 -0.0518845 -0.1353859 1.0053972 -0.2160001 0.0112247 -0.0475704 -0.0726761 -0.1976302 -0.0396648 0.1158065 -0.0040738 0.1033314 -0.0220720 -0.1176339 0.0756307 0.0235951 -0.0495704 -0.0850370 0.1474700 -0.0094188 -0.1409475 -0.1330213 -0.0037627 -0.0003308 -0.0772005 -0.0363852 0.0923497 -0.1524116 -0.0055072 -0.0245920 0.0245306 0.1353089 -0.0577245 -0.0225806 0.0979204 0.0145251 0.0183247 -0.0277244 0.0149614 0.1090850 0.1041488 0.2066375 0.0281083 -0.1407224 -0.0498690 0.1007709 -0.0383265 -0.0416407 0.1391764 0.0761202 -0.0681742 -0.1127780 -0.0608404 -0.0038699 -0.0093781 0.1258824 -0.0368752 0.0252375 0.1637542 0.1647013 -0.0023383 -0.0551465 0.0137709 0.0221851 0.0706652 0.0604029 0.0890249 0.1116280 0.0912257 -0.0881242 0.1051966 0.0260016 -0.0974900 -0.0345716
0.0983311 -0.1001307 0.0986712 0.0923459 -0.0976898 -0.0673947 -0.0542831 -0.0286387 0.3262061 -0.2160001 1.1492313 -0.0122804 -0.0491775 0.0289587 0.2574398 0.0466984 -0.1820005 0.1447051 -0.0376012 0.1162278 0.3544935 -0.1608831 -0.0768972 0.0967577 -0.1408799 -0.1623066 0.0931068 0.1332151 0.1003861 -0.1759741 0.0300120 -0.0408493 0.0024402 -0.1290239 0.2815323 -0.0127053 -0.0320560 0.1156827 -0.2082181 0.0467175 0.0763920 -0.1755274 -0.1247910 -0.1601450 -0.0615736 0.2161025 -0.0685570 -0.1437896 -0.2244166 -0.0792290 0.0348843 0.0836571 -0.0167231 0.0674039 -0.0645784 -0.2374246 -0.2114722 0.0180830 0.1206854 0.1471235 -0.0429981 0.1854089 0.0171477 0.0980097 -0.0006861 0.0299869 -0.0518411 0.0098894 0.0087701 -0.1144093 -0.0886577 -0.1590624 -0.2233937 0.1160630 -0.1487308 -0.1609728 0.1908658 -0.1318978 0.0229686 0.2312732 0.0009840
0.0871552 0.1643470 0.0583099 -0.1341270 0.0806478 -0.0839685 0.0417224 0.0575785 -0.0666390 0.0112247 -0.0122804 0.9236090 -0.0393094 0.0086046 -0.0840595 0.1108812 0.0118857 -0.0286411 -0.1458903 0.1984950 -0.1425742 0.0899709 0.2664397 0.0890338 0.0437123 -0.0769451 -0.0996551 0.0598962 0.2093309 -0.0835132 -0.0734662 -0.1455315 -0.0716118 -0.0333588 0.1502066 -0.0762825 0.0498385 -0.0877583 -0.1620863 0.0580015 -0.0878759 -0.0636210 0.0695472 -0.0813315 0.0464969 -0.0706621 -0.1500731 -0.0671927 -0.1470156 -0.1020684 0.0242414 -0.0423856 -0.0535351 -0.0873908 0.1620882 0.0092325 -0.1475419 -0.0785507 0.1362051 -0.0578021 -0.0351228 -0.0735460 -0.2284882 0.1779593 0.1731625 -0.1009302 -0.0605379 0.2346592 -0.0069404 0.0969805 0.0832383 -0.0277933 -0.0893826 0.0280096 -0.1501652 0.0422409 0.0364277 -0.1247024 -0.0500216 -0.0642748 -0.1871041
0.2312818 -0.0974231 -0.0518480 0.0588718 0.0053534 0.0698500 0.0330946 0.0170436 -0.0819724 -0.0475704 -0.0491775 -0.0393094 0.9020855 0.0486435 0.0482406 0.0417824 -0.0862876 -0.0245415 -0.1056420 -0.2248971 0.1168930 -0.1375184 -0.0122202 -0.1158261 0.0599094 -0.1585033 -0.0674008 -0.0017511 -0.2697352 0.1755594 0.0505922 -0.1103543 0.0489164 -0.1588348 -0.0374713 -0.1208741 -0.0229949 -0.1064012 -0.0638747 0.0640119 -0.0080292 0.0429800 -0.1749117 -0.0290467 -0.0923679 -0.0104760 0.0584711 0.0642534 0.0079286 -0.1277925 -0.0083617 0.1518614 -0.0723579 -0.0475912 -0.0659953 -0.0194806 0.0457016 -0.1849991 -0.0421046 -0.0388657 0.1122905 0.1259208 0.0916369 -0.2866471 -0.1887261 0.0255532 -0.0100236 -0.0548576 -0.0162336 -0.0960573 -0.1077928 0.1514108 0.1606878 -0.1912384 0.0995700 -0.0084430 -0.0175491 0.0372522 0.0283770 0.1204160 -0.0746866
-0.0041653 0.0225187 0.0452986 -0.0032644 -0.0746344 -0.0200314 0.2524653 -0.0104330 0.0707956 -0.0726761 0.0289587 0.0086046 0.0486435 1.0945029 -0.0971375 0.0539502 -0.1378080 0.2316512 -0.2427798 0.0418841 -0.2311827 -0.3050821 0.1429880 0.0915647 -0.0193890 -0.1301172 0.0703035 -0.0396243 -0.1644109 0.0869061 0.0991926 -0.1538295 0.0546521 0.0392238 0.1029947 -0.0439821 0.0535233 -0.0687353 -0.2250897 -0.0706320 0.2280411 0.3253016 0.0746224 -0.1994404 -0.0600030 0.0194519 -0.0434386 -0.1091507 0.0653321 -0.1968011 -0.1183128 -0.2715176 0.1400730 0.0404046 -0.0870133 -0.0854423 -0.1477822 -0.1221160 -0.0128734 0.0192237 0.1831315 0.0932027 -0.0715124 -0.1795187 -0.0691884 -0.3357895 0.4109811 0.0279485 -0.0148153 0.0291071 0.0213324 0.0690275 -0.1375711 -0.2118731 -0.2533160 -0.0640249 -0.1550636 -0.0567005 0.3924374 0.0158699 -0.1608526
-0.0662017 -0.2239855 0.1155017 -0.0211436 -0.0956034 -0.0069769 -0.1039739 0.0404672 0.3099161 -0.1976302 0.2574398 -0.0840595 0.0482406 -0.0971375 1.7935773 -0.0531285 -0.1075928 0.0383117 -0.0366637 -0.1598435 0.4884436 -0.4508091 -0.2131337 -0.0859701 -0.2156631 -0.2259592 -0.0647512 -0.1060297 -0.0591159 -0.0769699 0.2468632 -0.0457863 0.0743531 -0.0713329 -0.0082064 0.0215424 -0.0498685 0.1674547 0.2467163 -0.0565160 -0.0916669 -0.0482164 0.0130342 -0.0609341 -0.2284040 0.0383267 -0.1171002 0.0900262 -0.2365316 0.0718556 0.1380994 0.0465701 -0.0225472 0.3485435 0.0014844 -0.2514974 -0.1181232 0.3365632 -0.1888169 -0.1537954 0.3306325 -0.0166691 0.2469547 0.0051213 -0.1226319 0.0746016 -0.2040877 -0.2929125 0.3415441 0.0352531 -0.0212661 -0.1102634 -0.0816021 0.1094428 -0.0811430 -0.0857147 0.1353502 -0.0682190 -0.1686208 0.2539372 0.4281077
0.0418266 -0.0036099 0.0143544 0.0726149 0.0911750 -0.1410949 -0.0285135 0.0655962 0.1767510 -0.0396648 0.0466984 0.1108812 0.0417824 0.0539502 -0.0531285 1.1029732 -0.0678734 0.0244892 -0.1819730 0.0765542 -0.1446492 -0.0171711 0.2014667 -0.2763916 -0.0059418 0.1194371 -0.1146452 -0.2082215 0.1105620 0.0141286 0.0711900 -0.0321247 -0.0163480 -0.1418970 0.2242783 -0.1593076 -0.0612099 -0.1062312 -0.1877067 0.1781311 -0.1647013 0.0271341 -0.0040412 -0.1942689 0.0105715 -0.0402845 0.0709485 -0.0965263 -0.1111674 -0.0965666 -0.0297186 0.0765351 -0.1240692 -0.0864100 -0.0298111 -0.0245126 0.1580788 0.0110837 0.1283585 -0.0926022 0.0226675 -0.0626739 -0.1511000 0.1382603 0.0319669 -0.0645277 0.0249334 0.0702547 0.0700759 0.0244655 0.0168759 -0.0216572 0.2558864 -0.0167257 -0.2110687 -0.3046717 -0.0117295 0.1266799 -0.0951600 0.1102152 -0.1102233
0.0591525 0.1824922 -0.0126951 -0.1002067 0.1088211 -0.0666489 -0.0067414 0.1130457 -0.2546212 0.1158065 -0.1820005 0.0118857 -0.0862876 -0.1378080 -0.1075928 -0.0678734 1.4245523 0.0206592 0.1494189 -0.1381900 -0.1600587 0.1321295 0.0926938 -0.0460253 0.0092056 -0.0805442 -0.2047993 -0.1067016 0.0554857 -0.0679296 -0.0824455 0.0227219 0.1357811 0.4944260 -0.1389441 0.3773870 -0.1819588 0.0724522 0.0601098 -0.2787424 -0.1215457 -0.0019154 0.3154332 -0.0156812 -0.1886513 -0.1602638 -0.0839918 0.1318246 0.2001497 0.4869842 -0.1705324 -0.1345631 -0.1834276 -0.0552039 0.1178628 0.1581610 -0.0890737 0.0860773 -0.1072052 -0.0268922 -0.0034170 -0.2773151 0.1094202 -0.1392863 0.0962639 -0.0890540 -0.3676711 0.0391464 -0.0031181 0.3025342 0.1983524 0.0940161 -0.2222572 -0.0024190 0.1110803 0.1641011 -0.0565270 -0.1715144 -0.0835306 -0.1480137 0.1755066
0.1363304 -0.0998289 -0.0080199 -0.1001735 -0.1448782 -0.1293293 0.1041539 0.0161869 0.3159837 -0.0040738 0.1447051 -0.0286411 -0.0245415 0.2316512 0.0383117 0.0244892 0.0206592 1.2935708 -0.0878513 -0.1617741 -0.1020682 -0.0906690 0.1460103 -0.0132635 -0.1227582 -0.2488604 -0.0022568 -0.2552395 -0.0195275 -0.1856031 0.3627166 -0.1254217 0.3737000 0.0748413 -0.0410393 -0.0880876 -0.0396339 0.3398448 -0.1566784 -0.0769862 -0.0391814 -0.0679357 0.2559206 0.0502668 -0.2598516 0.1329669 -0.0929832 -0.1995899 0.3595266 -0.1470013 -0.0162699 0.0206858 0.3110763 -0.0374084 -0.0710104 0.1188221 -0.2655971 -0.0452873 -0.0401487 0.0072336 -0.0424320 0.0597051 0.1792430 -0.0810656 0.0547031 0.0968715 0.2357651 -0.1553721 -0.0797793 0.1306347 -0.0427635 0.0789170 -0.1232185 0.0055194 -0.1507654 -0.2329431 -0.1288456 -0.1442351 0.0302250 0.2881783 -0.1437796
-0.1905157 -0.0286892 -0.0034274 0.0425871 -0.0560696 -0.0626933 -0.0172072 -0.0807180 -0.2147638 0.1033314 -0.0376012 -0.1458903 -0.1056420 -0.2427798 -0.0366637 -0.1819730 0.1494189 -0.0878513 1.0210285 -0.0117375 0.2297795 0.0783310 -0.2241384 0.1958545 -0.0379699 -0.0680590 -0.0359153 0.0386400 -0.0216205 -0.1110154 -0.1252342 -0.0718982 -0.0804304 0.2142599 -0.0852473 0.2746380 0.0164176 0.2216422 0.1310485 -0.1108113 0.1384383 -0.0752513 0.1240259 0.2041725 0.0212330 -0.0762608 0.0770536 0.0971100 0.0993417 0.0772731 -0.0613704 -0.0013687 0.0300256 0.0545161 -0.0046557 0.1135311 -0.0270987 0.0066720 -0.1472465 -0.0396250 -0.0938321 -0.0593891 0.1452435 -0.0234476 0.0118457 0.1197290 -0.1624085 -0.0721541 -0.0827278 -0.0754058 0.0364336 -0.0928258 0.0495171 0.2073180 0.1883887 0.1708873 -0.0249271 0.0151062 0.0043762 -0.1537948 0.1174148
-0.2333477 0.2824840 -0.1389040 0.0328693 0.0868034 -0.0321791 -0.0576581 -0.0460361 -0.0342373 -0.0220720 0.1162278 0.1984950 -0.2248971 0.0418841 -0.1598435 0.0765542 -0.1381900 -0.1617741 -0.0117375 1.3061928 0.1328296 0.0478362 0.1445992 0.1321660 -0.0575509 0.0635727 0.0681787 -0.0245049 0.3274680 -0.1025659 -0.1240960 -0.0712788 -0.2509572 -0.1466804 0.5515528 -0.1079942 -0.1108753 -0.1208499 -0.2667216 0.0935902 0.1435470 0.0688439 -0.2472557 -0.0887385 0.2686821 0.0979076 -0.0616529 -0.1250076 -0.2105381 -0.1687417 -0.0636554 -0.2392954 -0.1206946 -0.1032816 0.1220787 -0.0859201 -0.0619896 -0.1139033 0.0815224 -0.1631677 -0.1521724 0.0392455 -0.1268124 0.4692103 0.2528168 0.0787193 0.1509045 0.4668798 -0.0367305 -0.0117525 0.1868579 -0.1156399 -0.1075773 0.1032258 -0.1095681 0.1118017 0.0902959 -0.0697982 0.0927399 -0.0853232 -0.0712314
-0.2145917 -0.1455709 -0.2042345 0.1265879 -0.1290507 -0.1099703 -0.1486776 -0.0350272 0.1042749 -0.1176339 0.3544935 -0.1425742 0.1168930 -0.2311827 0.4884436 -0.1446492 -0.1600587 -0.1020682 0.2297795 0.1328296 1.7267630 -0.2242027 -0.1553122 0.1435595 -0.1270561 -0.2388885 -0.0033293 0.0063504 -0.1094276 -0.0626638 -0.0263481 0.0013318 0.0442689 0.0399993 0.2352910 0.0625433 -0.1122373 0.2323478 -0.1537927 -0.0570716 0.1323107 -0.1835631 -0.3532654 0.1388980 -0.0295707 0.1849737 -0.0416987 -0.0453665 -0.0510158 -0.1324875 -0.0092028 0.2004498 -0.1357536 -0.1081254 0.0901024 -0.1371835 -0.1111562 -0.1322306 -0.0801865 -0.2137625 -0.1011185 0.1459641 0.4035272 0.0060458 -0.0888343 0.3918420 -0.1685769 0.0613093 -0.0480169 -0.1873452 0.0065746 -0.0098906 -0.0459037 0.1768387 0.3118940 0.0971172 0.2927922 -0.0309503 -0.1259765 0.3069238 0.0629860
-0.0699315 0.1570182 -0.0698720 0.0495498 -0.0593471 -0.0330881 -0.1208492 -0.0639601 -0.0754837 0.0756307 -0.1608831 0.0899709 -0.1375184 -0.3050821 -0.4508091 -0.0171711 0.1321295 -0.0906690 0.0783310 0.0478362 -0.2242027 1.7903221 -0.0790710 -0.2575428 -0.0616252 0.3883410 0.0560199 0.0248951 0.3238595 0.0876679 -0.1764623 0.3080831 -0.1307552 0.1617719 -0.0361955 -0.0091112 -0.2022882 -0.0052554 -0.0876233 0.2384057 -0.1228719 -0.1671377 0.1646252 -0.0211562 0.2185604 -0.0299941 0.0939019 -0.2020158 0.1700085 0.1424717 -0.0396272 -0.0094272 -0.1615646 -0.3412173 -0.0173818 0.3873546 0.2319956 -0.1820824 0.2109733 0.1638886 -0.3416481 -0.0622176 -0.1349043 0.3049890 0.3787860 0.1382432 0.1259331 0.1877727 -0.1659366 -0.0033470 -0.0837808 -0.0717644 0.0992353 0.0406202 0.0338764 -0.0365982 -0.0628807 0.3059684 -0.2038161 -0.1278202 -0.2246337
0.0722043 0.2139856 -0.1542679 -0.1098636 0.1044764 -0.1729356 0.1082763 0.1132122 -0.0600982 0.0235951 -0.0768972 0.2664397 -0.0122202 0.1429880 -0.2131337 0.2014667 0.0926938 0.1460103 -0.2241384 0.1445992 -0.1553122 -0.0790710 1.0034207 -0.0832685 0.1623341 -0.0950264 -0.0563359 -0.0288988 0.1993472 -0.0869504 -0.0116120 -0.0563350 0.0873391 -0.0325916 0.2005993 -0.1129388 -0.1016634 -0.1262187 -0.2511606 -0.0681943 -0.0781230 0.0677944 0.0565472 -0.0936662 0.0200079 0.0088195 -0.1976445 -0.0102612 0.0204275 0.0200765 -0.1298978 -0.0971464 -0.0125580 -0.1924892 0.0358670 0.1080146 -0.1845437 -0.1255371 0.0346858 0.0211349 -0.0575607 -0.0782149 0.0170282 0.0429221 0.0125629 -0.1727446 0.0272320 0.3210328 -0.0831388 0.1798942 0.0779771 0.0707546 -0.2329857 -0.1260410 -0.1043235 0.1414248 -0.0099878 -0.2499003 0.1280425 0.0611704 -0.1460329
-0.0235114 0.0565169 -0.0658287 -0.1545614 0.0091494 0.0014505 0.1434083 -0.2645739 -0.2239069 -0.0495704 0.0967577 0.0890338 -0.1158261 0.0915647 -0.0859701 -0.2763916 -0.0460253 -0.0132635 0.1958545 0.1321660 0.1435595 -0.2575428 -0.0832685 1.4834622 0.0462779 -0.1378690 -0.0145905 0.3443492 -0.0829189 -0.1792326 -0.1518205 -0.1309045 -0.1317983 0.2452880 -0.1860270 0.1682319 0.2711294 0.1664501 0.0763621 -0.0812349 0.3570155 -0.1274852 0.0501831 0.4617576 0.1112923 -0.1232968 -0.1866734 0.0797184 0.1033795 -0.1924095 -0.0784099 -0.0271847 0.3729819 0.2364334 0.0725142 -0.0673108 -0.2606114 -0.0990265 0.0276664 -0.0367316 0.0046034 -0.0085640 -0.2052675 -0.0176021 -0.0428013 -0.0486465 0.1781627 0.0347642 -0.2108023 -0.0863675 0.0717389 -0.1564242 -0.1920793 0.2374097 0.0155106 0.4441667 0.0822258 -0.2068869 0.1361288 -0.2038797 -0.0132088
0.0975163 -0.0018281 -0.1096438 -0.1286191 0.0174847 0.0188992 -0.0132989 0.0086188 -0.1605765 -0.0850370 -0.1408799 0.0437123 0.0599094 -0.0193890 -0.2156631 -0.0059418 0.0092056 -0.1227582 -0.0379699 -0.0575509 -0.1270561 -0.0616252 0.1623341 0.0462779 0.8508413 0.1082582 0.0544316 0.1564750 0.2294532 0.0693061 -0.0729856 -0.0442350 -0.0649357 -0.1209632 -0.0508502 -0.1056781 0.0696670 -0.1214268 0.0615717 -0.0467039 -0.1199208 0.0962873 -0.0862119 -0.0092178 0.1567739 -0.0513167 -0.1199253 0.0819505 -0.0557510 0.1824748 -0.0158011 0.1265767 -0.0361404 -0.0151528 0.0048710 0.1198248 -0.0863281 -0.0523173 0.0479259 0.2040859 0.0311616 -0.0033916 -0.0622610 -0.1143435 -0.1575996 -0.1594457 0.0231598 0.1389692 -0.1231617 -0.0005441 -0.0717389 0.0210984 -0.1561463 -0.1884021 0.1541926 0.3611737 0.1379703 -0.1773088 0.1049208 -0.1733963 0.0114524
-0.1128902 0.0864856 -0.1017120 0.0362239 -0.0772117 -0.0538551 -0.1402544 -0.0588785 -0.0665440 0.1474700 -0.1623066 -0.0769451 -0.1585033 -0.1301172 -0.2259592 0.1194371 -0.0805442 -0.2488604 -0.0680590 0.0635727 -0.2388885 0.3883410 -0.0950264 -0.1378690 0.1082582 1.5156265 0.0048038 -0.0502359 0.1943984 0.0401381 -0.2201305 0.3000245 -0.3583577 -0.1680369 -0.0420606 -0.2924851 0.0034515 -0.1216954 0.2844290 0.3062903 -0.2583480 0.1330394 -0.1414318 -0.1831339 0.3076464 0.0207169 0.1277648 0.0327876 0.0479343 0.2311143 0.0498749 0.0078994 -0.0915847 0.1292298 -0.1964211 0.0223037 0.3392293 0.1773099 0.0391122 0.3049525 -0.0585509 -0.0161917 -0.1758057 0.3476242 0.0388829 0.1023819 0.3532835 0.0588454 0.1594012 -0.0522742 0.0402810 -0.1094955 0.3348226 -0.0065203 0.0454219 0.1416336 0.0776702 0.2808526 -0.1965554 -0.1173607 0.1284762
0.0163540 -0.0860080 0.0724133 -0.0006966 -0.1488897 -0.0060021 -0.0306335 -0.1044594 0.0924991 -0.0094188 0.0931068 -0.0996551 -0.0674008 0.0703035 -0.0647512 -0.1146452 -0.2047993 -0.0022568 -0.0359153 0.0681787 -0.0033293 0.0560199 -0.0563359 -0.0145905 0.0544316 0.0048038 0.9587622 0.1835065 0.0256085 -0.0791064 -0.1099670 0.1821208 0.0252341 -0.1225371 0.1240773 -0.0038456 -0.1285909 0.0035060 0.0011064 0.0311876 0.1874087 0.0196132 0.0566050 -0.0503924 0.0891890 0.1318434 0.0422600 0.0096253 -0.0700200 0.0134867 -0.0773619 0.0088767 -0.0566441 -0.0915712 -0.1686781 0.0366201 -0.0345904 -0.0660157 0.1941616 0.2278093 -0.0946544 0.2079740 0.1099203 -0.1297021 -0.1372749 -0.1411409 0.2419344 -0.0197628 -0.1556123 -0.0939094 -0.2060732 -0.1043111 -0.2492445 -0.1503564 0.0237086 -0.0204265 0.0742978 0.0491260 0.2184357 0.0901099 -0.0748446
0.1545598 0.0299342 0.0759543 -0.0551630 0.0684587 0.1107430 -0.0030379 -0.0975346 -0.1091402 -0.1409475 0.1332151 0.0598962 -0.0017511 -0.0396243 -0.1060297 -0.2082215 -0.1067016 -0.2552395 0.0386400 -0.0245049 0.0063504 0.0248951 -0.0288988 0.3443492 0.1564750 -0.0502359 0.1835065 1.1733201 0.0031428 0.0592127 -0.2629541 0.0756105 -0.1169799 -0.0853912 -0.0793283 0.1666198 0.2377692 -0.1732545 -0.0467394 -0.0246585 0.1651531 -0.1538543 -0.1229999 0.0415505 0.1810556 -0.1379386 -0.1067957 0.0726986 -0.1701085 0.0062247 0.1437091 0.2221434 -0.0736117 0.0253313 0.0651606 -0.0470174 -0.0184976 -0.1309507 0.2225672 0.2114973 -0.0586872 0.0652806 -0.2538975 -0.0431572 -0.1323179 -0.2385558 -0.1998421 0.0966041 -0.0978013 -0.1487761 -0.0965390 -0.1281861 -0.1392741 -0.0361174 0.0335550 0.1784433 0.1312886 -0.1130620 0.0809132 -0.2348825 -0.0861734
0.0256387 0.2257281 -0.0285859 -0.0988548 -0.0948310 -0.0187181 -0.0599894 -0.0071479 0.0736936 -0.1330213 0.1003861 0.2093309 -0.2697352 -0.1644109 -0.0591159 0.1105620 0.0554857 -0.0195275 -0.0216205 0.3274680 -0.1094276 0.3238595 0.1993472 -0.0829189 0.2294532 0.1943984 0.0256085 0.0031428 1.2452800 -0.2434880 -0.0960401 0.0836601 -0.0700140 -0.1214185 0.2330441 -0.2214714 -0.1256651 0.1107396 0.0011444 -0.0452922 -0.1569550 -0.0581567 0.0666398 -0.0724436 0.1103258 0.1133940 -0.2237941 -0.1253404 -0.1017815 0.3745655 0.0280310 -0.0158067 -0.0929605 -0.0833266 0.0029939 0.1371860 -0.2506536 0.1698128 0.1942846 0.2267389 -0.1050234 -0.0288739 -0.0826586 0.3617280 0.1549583 -0.0309631 0.0231523 0.3238015 -0.0740633 0.1529505 -0.0076242 -0.1801802 -0.2982497 -0.0278118 -0.0698713 0.2334583 0.1604382 -0.2312874 -0.1433149 -0.0434081 0.2493392
0.0492339 0.1322453 -0.0997066 -0.0081375 0.2012445 0.2488949 -0.0416758 0.0486757 -0.1476428 -0.0037627 -0.1759741 -0.0835132 0.1755594 0.0869061 -0.0769699 0.0141286 -0.0679296 -0.1856031 -0.1110154 -0.1025659 -0.0626638 0.0876679 -0.0869504 -0.1792326 0.0693061 0.0401381 -0.0791064 0.0592127 -0.2434880 1.3145347 -0.0281660 -0.0397449 -0.0234458 0.0059045 -0.0503611 -0.0803204 0.0702952 -0.3377475 -0.1057216 -0.0470537 0.0257798 0.2217056 -0.1992289 -0.0888800 0.0654071 -0.0529760 -0.0444191 0.1554252 -0.1564703 -0.1600785 -0.0532169 0.0430356 -0.1834862 -0.1587774 -0.0163667 0.0847965 0.1807353 -0.2510842 0.0103154 -0.0902717 0.0304745 -0.0545080 0.0405810 -0.1983227 0.0372173 -0.1020968 -0.1301728 0.1239220 -0.0097287 -0.0989304 0.0396344 0.1632517 0.1009786 -0.2709865 0.1822554 -0.0212687 -0.0557277 0.1645958 0.0335624 -0.1104168 -0.1772002
-0.0078985 -0.1481414 0.0284478 -0.0476426 -0.0066976 -0.0236132 0.0410872 0.0427786 0.1987948 -0.0003308 0.0300120 -0.0734662 0.0505922 0.0991926 0.2468632 0.0711900 -0.0824455 0.3627166 -0.1252342 -0.1240960 -0.0263481 -0.1764623 -0.0116120 -0.1518205 -0.0729856 -0.2201305 -0.1099670 -0.2629541 -0.0960401 -0.0281660 1.0483458 -0.2280105 0.2093997 -0.2014813 -0.0290456 -0.1459542 0.0056725 0.2140547 0.0220637 -0.0378374 -0.0716622 -0.0091138 0.1081981 0.0076055 -0.1837227 0.0969422 -0.0120712 -0.0820320 0.1619515 -0.1629229 0.0783823 -0.0385584 0.2013451 0.0201499 -0.0321704 0.0113563 -0.0469284 0.0528831 -0.1209541 -0.1785963 0.0701480 -0.0229487 0.1954347 0.0309764 0.0711411 0.2407945 0.1816152 -0.1428588 0.0307304 0.0102587 0.0034428 0.0875323 0.1229421 0.1188244 -0.0557027 -0.2459465 -0.0399420 0.0109401 -0.0406225 0.1691712 -0.0405974
-0.0467797 0.1049747 0.0192247 0.1369059 -0.1685225 0.0464323 -0.0791643 0.0537934 0.1246790 -0.0772005 -0.0408493 -0.1455315 -0.1103543 -0.1538295 -0.0457863 -0.0321247 0.0227219 -0.1254217 -0.0718982 -0.0712788 0.0013318 0.3080831 -0.0563350 -0.1309045 -0.0442350 0.3000245 0.1821208 0.0756105 0.0836601 -0.0397449 -0.2280105 1.2027069 0.0179632 -0.0397225 0.0338631 -0.0386711 -0.2648298 -0.0241891 0.1784560 0.0262764 -0.1162892 -0.1941039 0.0839349 -0.1507697 0.0140831 0.1356533 -0.0162888 0.0265853 -0.0590247 0.2478072 0.0203965 0.0447869 -0.2653780 -0.1710227 -0.1094648 0.0537683 -0.0129249 0.0119391 0.1404458 0.2947065 -0.1428953 0.1504097 -0.0362058 0.0571289 -0.0571099 -0.0579924 -0.1136433 0.0131469 -0.1412279 0.0959050 -0.0518963 -0.0471073 -0.1455135 -0.0427023 0.0306707 -0.1288737 -0.0194785 0.1413537 -0.1095054 0.1761195 0.0755560
0.2601890 -0.0608851 -0.0791361 -0.1179261 -0.1080045 -0.0822448 -0.0044391 0.0838042 0.2216338 -0.0363852 0.0024402 -0.0716118 0.0489164 0.0546521 0.0743531 -0.0163480 0.1357811 0.3737000 -0.0804304 -0.2509572 0.0442689 -0.1307552 0.0873391 -0.1317983 -0.0649357 -0.3583577 0.0252341 -0.1169799 -0.0700140 -0.0234458 0.2093997 0.0179632 1.2346729 0.1805063 -0.0562951 0.0086854 -0.1233439 0.2160705 -0.1411737 -0.1179429 -0.0056136 -0.0686882 0.2235332 0.0208004 -0.3581138 0.0917673 -0.1219061 -0.0710457 0.3463026 0.0863498 0.0250498 0.1519361 0.0956856 -0.2292585 -0.0478017 0.1249696 -0.2407147 -0.1317871 -0.0330355 -0.0950005 -0.0869113 0.0090613 0.3149522 -0.2435890 -0.0387883 0.0630515 -0.1646537 -0.1605121 -0.2025326 0.1539161 -0.0452490 0.1890257 -0.2281384 -0.1420664 0.0173564 -0.2324448 -0.1054595 -0.1623111 -0.0042673 0.3681989 -0.0999123
-0.0808490 0.2337140 0.0072172 -0.1376576 -0.0496487 -0.0589866 0.0155766 -0.0881799 -0.1983207 0.0923497 -0.1290239 -0.0333588 -0.1588348 0.0392238 -0.0713329 -0.1418970 0.4944260 0.0748413 0.2142599 -0.1466804 0.0399993 0.1617719 -0.0325916 0.2452880 -0.1209632 -0.1680369 -0.1225371 -0.0853912 -0.1214185 0.0059045 -0.2014813 -0.0397225 0.1805063 1.8157529 -0.1901063 0.6905528 -0.1308494 0.1490773 -0.0206017 -0.2971246 0.2108069 0.0527671 0.3755209 0.1859337 -0.2584571 -0.2508572 -0.0216245 0.0704089 0.2369106 0.1092874 -0.1473055 -0.1441057 0.0477650 -0.1500733 0.2088368 0.1522562 -0.1395926 -0.0010685 -0.0782931 -0.1334984 -0.1707118 -0.3015398 -0.0554335 -0.1857562 0.2225937 -0.1310706 -0.2957819 -0.0775709 -0.2174363 0.1588562 0.1947395 0.0048680 -0.2164943 -0.0084163 -0.0180705 0.0434926 -0.1433375 -0.1911325 0.1091406 -0.2482227 -0.1824345
-0.1371342 0.2858561 -0.0991432 0.1824734 -0.0520263 -0.1550999 -0.0245323 0.0773506 0.1978496 -0.1524116 0.2815323 0.1502066 -0.0374713 0.1029947 -0.0082064 0.2242783 -0.1389441 -0.0410393 -0.0852473 0.5515528 0.2352910 -0.0361955 0.2005993 -0.1860270 -0.0508502 -0.0420606 0.1240773 -0.0793283 0.2330441 -0.0503611 -0.0290456 0.0338631 -0.0562951 -0.1901063 1.1981193 -0.0845329 -0.2408580 -0.1246190 -0.3799810 0.0801888 -0.0513335 0.0637091 -0.1993270 -0.2379665 0.0422927 0.2261349 -0.0289963 -0.2684173 -0.2417592 -0.1670099 -0.1494860 -0.1158675 -0.2609930 -0.2315093 0.0694531 -0.0841499 -0.1069656 -0.1950221 0.0795871 -0.1601534 -0.1569045 0.0259618 -0.0052274 0.2849348 0.2043758 0.0740997 0.0300008 0.3993796 -0.0840297 0.0200024 0.0488728 -0.0412854 -0.1071004 -0.0737308 -0.1429492 -0.1384019 0.0923814 -0.0628079 0.1059860 0.2272770 -0.2243310
-0.1471177 0.0970777 0.1160374 0.0000408 -0.0049089 0.0188844 0.0333292 -0.0824051 -0.1019914 -0.0055072 -0.0127053 -0.0762825 -0.1208741 -0.0439821 0.0215424 -0.1593076 0.3773870 -0.0880876 0.2746380 -0.1079942 0.0625433 -0.0091112 -0.1129388 0.1682319 -0.1056781 -0.2924851 -0.0038456 0.1666198 -0.2214714 -0.0803204 -0.1459542 -0.0386711 0.0086854 0.6905528 -0.0845329 1.4680364 -0.0801943 0.0267797 -0.0411022 -0.2129577 0.3731010 -0.1834022 0.1997448 0.1318164 -0.1538776 -0.2242980 0.0924675 0.1325383 -0.0466198 -0.0204731 -0.0595559 -0.1145772 -0.0638043 -0.0117972 0.1882955 -0.0413086 0.1892268 -0.0515585 -0.0447248 -0.1084928 -0.1177555 -0.1570924 -0.0979439 -0.2176085 0.1021929 -0.2392765 -0.3595525 -0.1303771 -0.1678624 0.0118425 0.0788949 -0.0771225 -0.1584023 0.0212842 0.0052117 -0.0484740 -0.0778369 -0.0803053 0.1256530 -0.2713357 -0.1110490
0.0911313 -0.1633902 0.0271653 -0.1760199 0.2300432 0.1520627 -0.0412269 0.0385445 -0.0538879 -0.0245920 -0.0320560 0.0498385 -0.0229949 0.0535233 -0.0498685 -0.0612099 -0.1819588 -0.0396339 0.0164176 -0.1108753 -0.1122373 -0.2022882 -0.1016634 0.2711294 0.0696670 0.0034515 -0.1285909 0.2377692 -0.1256651 0.0702952 0.0056725 -0.2648298 -0.1233439 -0.1308494 -0.2408580 -0.0801943 1.2496353 0.0126599 0.1088903 0.0525128 -0.2017032 -0.0456617 -0.1353959 0.2316016 0.1287396 -0.1939766 -0.0131411 0.0348461 0.0382079 -0.2553260 0.2388740 0.2762411 0.2557684 0.2310473 0.0665261 0.0255185 0.0741203 0.1078890 -0.0048207 0.0010191 0.0077956 -0.1084958 -0.2368943 0.0410582 -0.0907061 0.0230646 -0.1370024 -0.0121755 0.0550560 -0.1457006 -0.0249245 -0.0218282 0.3112237 0.1190734 -0.0446432 0.0469490 0.0253273 -0.0732084 -0.1299725 -0.2050867 -0.0684072
-0.0096409 -0.2030341 -0.0453900 -0.0150456 -0.1714766 -0.0695293 0.0392001 -0.0647035 0.1588444 0.0245306 0.1156827 -0.0877583 -0.1064012 -0.0687353 0.1674547 -0.1062312 0.0724522 0.3398448 0.2216422 -0.1208499 0.2323478 -0.0052554 -0.1262187 0.1664501 -0.1214268 -0.1216954 0.0035060 -0.1732545 0.1107396 -0.3377475 0.2140547 -0.0241891 0.2160705 0.1490773 -0.1246190 0.0267797 0.0126599 1.4273665 0.1948062 -0.1132016 -0.0380257 -0.1449005 0.2761061 0.2249413 -0.1494533 0.0112944 0.0244952 -0.0679235 0.3514233 0.0339376 -0.0381767 0.0045687 0.2817256 0.0865218 -0.0912207 0.0813172 -0.2571493 0.1663555 -0.0958233 -0.1215134 -0.1114135 -0.0291354 0.1827547 0.0484560 0.0660974 0.2322430 0.1109141 -0.1947661 -0.1479033 0.0447043 -0.0501184 -0.0854661 -0.1042892 0.2697574 -0.0146965 -0.0829956 0.0261954 -0.0743290 -0.0832567 0.2186123 0.0568282
0.0205568 -0.3161221 0.0074025 0.0204881 -0.1061189 0.0207800 -0.0373877 -0.1256413 -0.2512703 0.1353089 -0.2082181 -0.1620863 -0.0638747 -0.2250897 0.2467163 -0.1877067 0.0601098 -0.1566784 0.1310485 -0.2667216 -0.1537927 -0.0876233 -0.2511606 0.0763621 0.0615717 0.2844290 0.0011064 -0.0467394 0.0011444 -0.1057216 0.0220637 0.1784560 -0.1411737 -0.0206017 -0.3799810 -0.0411022 0.1088903 0.1948062 1.8517261 -0.2300332 -0.1420234 0.0945213 0.1818727 0.2425359 -0.0777934 -0.1413392 0.0249245 0.3337384 0.2352733 0.4395758 0.0021865 0.0552960 0.2001502 0.4223086 -0.2165340 0.0441727 -0.1256430 0.4914670 -0.1545699 0.2669373 0.2088737 -0.0831487 0.0985679 -0.1565256 -0.0855259 0.1058517 0.3079514 -0.2722640 0.1208640 -0.0046230 -0.0876094 -0.1692524 0.0180039 0.1733139 0.2322100 0.3482745 0.0004571 0.0874172 -0.0903910 -0.1377819 0.5110930
-0.0276737 -0.0924669 -0.0063782 0.0720914 -0.0666049 -0.0046545 -0.1276115 -0.0423723 0.1529087 -0.0577245 0.0467175 0.0580015 0.0640119 -0.0706320 -0.0565160 0.1781311 -0.2787424 -0.0769862 -0.1108113 0.0935902 -0.0570716 0.2384057 -0.0681943 -0.0812349 -0.0467039 0.3062903 0.0311876 -0.0246585 -0.0452922 -0.0470537 -0.0378374 0.0262764 -0.1179429 -0.2971246 0.0801888 -0.2129577 0.0525128 -0.1132016 -0.2300332 1.2644522 -0.0933009 -0.1084502 -0.1262281 -0.0991003 0.3405028 0.0902931 0.1376879 -0.2250964 -0.1818729 -0.2821893 0.0601894 0.0615390 -0.0388192 -0.0650521 -0.0807682 -0.1433687 0.4854839 -0.0574845 0.1201498 -0.0663827 -0.1025954 0.2412856 -0.2003737 0.1988289 0.0742007 0.1115917 0.2312478 -0.0025690 0.0859993 -0.2141521 -0.0903818 -0.0164420 0.3393214 -0.0424800 -0.1439957 -0.2594905 -0.0201764 0.3645249 -0.0534497 0.1508001 -0.2078926
-0.2102128 -0.0474959 -0.0198269 0.0349498 -0.0533912 -0.0203062 0.1221084 -0.1948041 -0.0281921 -0.0225806 0.0763920 -0.0878759 -0.0080292 0.2280411 -0.0916669 -0.1647013 -0.1215457 -0.0391814 0.1384383 0.1435470 0.1323107 -0.1228719 -0.0781230 0.3570155 -0.1199208 -0.2583480 0.1874087 0.1651531 -0.1569550 0.0257798 -0.0716622 -0.1162892 -0.0056136 0.2108069 -0.0513335 0.3731010 -0.2017032 -0.0380257 -0.1420234 -0.0933009 1.5091258 0.0878704 0.0228992 0.0346030 0.0453475 0.0591538 0.0594154 0.0080549 -0.0363512 -0.1857775 -0.1512179 -0.2612915 0.0539322 -0.0105904 -0.0717393 -0.1635494 -0.0224005 -0.2127915 -0.0510456 -0.0093142 0.0326451 0.1740770 0.0575085 -0.1720605 -0.0935995 -0.1469304 0.3186744 -0.0530104 -0.1833399 -0.1547502 -0.0274476 -0.0410831 -0.2191355 -0.0665007 -0.0116539 0.1368532 -0.0604936 0.0109022 0.3795733 -0.0690867 0.0663125
-0.0584764 0.1047053 -0.1160515 0.1751605 0.0326347 -0.1000734 0.1233592 -0.0770272 -0.1979329 0.0979204 -0.1755274 -0.0636210 0.0429800 0.3253016 -0.0482164 0.0271341 -0.0019154 -0.0679357 -0.0752513 0.0688439 -0.1835631 -0.1671377 0.0677944 -0.1274852 0.0962873 0.1330394 0.0196132 -0.1538543 -0.0581567 0.2217056 -0.0091138 -0.1941039 -0.0686882 0.0527671 0.0637091 -0.1834022 -0.0456617 -0.1449005 0.0945213 -0.1084502 0.0878704 1.3387382 -0.1092951 -0.1818275 -0.0201576 0.1735762 -0.0084379 0.1262591 0.1478385 0.0885225 -0.2309536 -0.2902255 -0.0231988 0.0399735 -0.1521671 0.0156379 0.0032341 0.0416486 -0.1905427 0.0005228 0.2581520 -0.0100003 0.1324520 -0.1434940 -0.2085197 -0.1062379 0.4301876 -0.0368611 0.1252415 0.0619180 0.0198379 0.0445853 0.0044964 -0.2351176 0.0192774 0.1241809 -0.1040937 0.0432641 0.2995142 -0.1273616 0.1250588
0.0487121 0.0261403 0.0971507 -0.1408657 -0.1343785 -0.0509617 0.0314214 -0.0019166 0.0542236 0.0145251 -0.1247910 0.0695472 -0.1749117 0.0746224 0.0130342 -0.0040412 0.3154332 0.2559206 0.1240259 -0.2472557 -0.3532654 0.1646252 0.0565472 0.0501831 -0.0862119 -0.1414318 0.0566050 -0.1229999 0.0666398 -0.1992289 0.1081981 0.0839349 0.2235332 0.3755209 -0.1993270 0.1997448 -0.1353959 0.2761061 0.1818727 -0.1262281 0.0228992 -0.1092951 1.4312552 0.2038025 -0.2341323 -0.1507800 -0.0193434 -0.1072263 0.1647061 0.1719037 -0.0412997 -0.0535751 0.0679543 -0.0393664 0.0352173 0.0605998 -0.1608331 0.0830348 0.0942177 0.0498267 -0.1110513 -0.1015333 -0.0552920 -0.1582689 0.1406092 -0.2579885 0.0088601 -0.1538356 -0.1265099 0.2281380 -0.0450380 -0.0581842 -0.1835099 -0.0028193 -0.1833961 -0.1202063 -0.1805216 -0.0154561 -0.0197237 -0.0732150 0.0199365
0.0533390 -0.1390723 -0.1715371 -0.1591585 0.0112779 0.0431858 -0.0718549 -0.1175691 -0.1243655 0.0183247 -0.1601450 -0.0813315 -0.0290467 -0.1994404 -0.0609341 -0.1942689 -0.0156812 0.0502668 0.2041725 -0.0887385 0.1388980 -0.0211562 -0.0936662 0.4617576 -0.0092178 -0.1831339 -0.0503924 0.0415505 -0.0724436 -0.0888800 0.0076055 -0.1507697 0.0208004 0.1859337 -0.2379665 0.1318164 0.2316016 0.2249413 0.2425359 -0.0991003 0.0346030 -0.1818275 0.2038025 1.5290210 -0.0271730 -0.2122765 -0.0460074 -0.0320840 0.2151523 -0.1411399 0.0509723 0.2562840 0.3442380 0.1110438 0.1123174 0.1896745 -0.0424610 -0.0001255 -0.0156291 -0.1112216 -0.1655368 -0.1274032 -0.0031010 -0.0687039 0.0518291 0.1105747 -0.1472674 -0.0789229 -0.1613002 -0.1129219 -0.0436480 0.0115090 0.0312323 0.4405304 0.1386911 0.1669555 0.0856410 -0.1653692 -0.1226173 -0.1881618 -0.1009804
-0.1502285 -0.0390451 -0.0736781 -0.0199837 0.0658469 0.0475887 -0.0825682 -0.1219407 -0.1465259 -0.0277244 -0.0615736 0.0464969 -0.0923679 -0.0600030 -0.2284040 0.0105715 -0.1886513 -0.2598516 0.0212330 0.2686821 -0.0295707 0.2185604 0.0200079 0.1112923 0.1567739 0.3076464 0.0891890 0.1810556 0.1103258 0.0654071 -0.1837227 0.0140831 -0.3581138 -0.2584571 0.0422927 -0.1538776 0.1287396 -0.1494533 -0.0777934 0.3405028 0.0453475 -0.0201576 -0.2341323 -0.0271730 1.2113166 -0.0617563 0.0687956 -0.0254974 -0.0793140 -0.1155829 0.0156410 -0.0242845 -0.0083597 0.0550561 0.0117143 0.0274991 0.2744969 -0.0586016 0.1029086 0.0405025 -0.0609133 0.0239908 -0.2248077 0.3089500 0.0325924 0.0154587 0.2250391 0.2095579 0.0482391 -0.1973573 -0.0313698 -0.1056230 0.2004975 0.0625891 0.0397549 0.1754185 0.1131264 0.1653600 0.0662146 -0.2532547 -0.1098542
-0.0745238 0.1047964 -0.1128739 0.1186830 -0.1872044 -0.1053477 0.0333663 0.0116745 0.1697015 0.0149614 0.2161025 -0.0706621 -0.0104760 0.0194519 0.0383267 -0.0402845 -0.1602638 0.1329669 -0.0762608 0.0979076 0.1849737 -0.0299941 0.0088195 -0.1232968 -0.0513167 0.0207169 0.1318434 -0.1379386 0.1133940 -0.0529760 0.0969422 0.1356533 0.0917673 -0.2508572 0.2261349 -0.2242980 -0.1939766 0.0112944 -0.1413392 0.0902931 0.0591538 0.1735762 -0.1507800 -0.2122765 -0.0617563 1.0375738 -0.0366488 -0.1543608 -0.0157963 -0.0373567 -0.0874630 -0.0402715 -0.1267230 -0.1710594 -0.1427541 -0.0889076 -0.0136835 -0.1006042 -0.0099863 0.0330791 0.0009703 0.2037505 0.2417723 0.0448137 -0.0812153 0.1854389 0.1896715 0.0239561 -0.0620401 0.0803785 -0.0833692 -0.0193079 -0.1062888 -0.1183065 0.0128267 -0.1053570 0.0436802 0.0632406 0.0839348 0.2909731 -0.0008134
