1.4246261 -0.2388283 0.2100091 0.0423776 -0.0878891 -0.0913582 -0.1699240 0.0098979 -0.0147311 -0.1274247 0.1250872 0.2349440 0.3037018 -0.1017430 -0.2273312 0.0696755 0.0208126 0.2926176 -0.1445376 -0.0586857 -0.2754139 -0.0317240 0.0017231 0.0264982 -0.0275139 -0.0914578 0.0964794 -0.0224012 0.1008142 -0.0821862 -0.0498176 -0.0286925 0.3417579 0.1750510 0.0964730 -0.1459527 -0.0357214 0.1047204 0.1835301 0.0711096 -0.3092694 -0.0046373 -0.0715813 0.0767015 -0.2371752 -0.0260763 -0.1546875 -0.0846663 -0.0058528 0.2947343 0.0215177 0.6484659 -0.0685027 0.1020996 0.0237571 -0.0290511 -0.3416750 0.0440453 0.2758761 0.2624101 -0.1583933 -0.0174220 0.0023656 -0.1237642 -0.0928494 0.0802663 -0.4222504 -0.1307780 0.2051036 -0.0091391 -0.0944120 -0.0472087 0.0374722 -0.1866938 0.0615680 -0.0598518 -0.0547793 -0.1624504 -0.0405847 0.0878848 0.1566572
-0.2388283 1.6344559 0.0370206 0.0498328 0.0662332 -0.0068625 0.0845230 -0.1427684 -0.0884404 -0.1202368 -0.1153480 -0.0162235 -0.1677551 -0.1097578 -0.2687491 -0.1045279 -0.1417789 0.2553540 0.1124712 0.0184830 -0.0001976 0.3128361 0.0674963 0.1264283 -0.0533660 0.1270906 0.0541942 0.1377208 0.2174449 0.0545548 -0.0753590 0.2431403 -0.0892087 0.3271146 0.1449190 0.0742253 -0.2184593 -0.0532784 -0.3216926 -0.1102569 -0.0180847 0.0084115 0.1667752 0.1095500 -0.1884774 0.3726794 -0.0069216 0.0411332 -0.3193573 -0.2084687 0.2093372 -0.3142599 -0.3177600 -0.0527263 -0.1164943 -0.1490490 -0.0211410 -0.1412356 0.2475629 -0.1276234 -0.1134737 -0.1530845 -0.1495951 -0.0694093 0.0019292 -0.1339758 -0.0556030 0.1661172 -0.2466774 0.1901737 0.3305437 0.0386463 0.0559692 0.4026044 -0.0656802 -0.2542727 -0.1501247 0.0794546 -0.1637999 -0.1982635 0.0358371
0.2100091 0.0370206 0.9380751 -0.0093214 0.0123321 0.2044472 0.1622109 -0.0621995 0.0284648 0.0239486 0.1238989 0.0556030 -0.0456829 -0.0131208 -0.0495987 -0.0190228 -0.1988557 0.0934012 0.0023069 -0.1807639 -0.3065684 -0.1272006 -0.1869685 -0.0006763 -0.1416931 -0.2382134 0.0721114 0.0064179 0.0148060 -0.1578071 0.0309309 -0.0154853 -0.2084145 0.0695324 -0.1520257 0.0479305 -0.0495265 -0.1198707 -0.2058928 -0.0556852 -0.0539146 -0.2680170 -0.0477097 -0.2177027 -0.0251655 -0.0521681 0.0600627 0.0207354 -0.3698708 -0.1168804 0.0997931 -0.0964189 -0.0940962 0.0785735 0.2379439 -0.1620617 -0.0137411 0.0472830 0.3065476 0.2749166 0.1198389 0.1461328 -0.2974917 -0.0777656 -0.2138161 -0.2577875 -0.1837209 -0.1799133 0.2762232 0.0663043 -0.0561200 -0.1432035 0.1889825 0.0410855 -0.1822655 -0.3290387 -0.2549143 -0.1197969 0.0377392 -0.1824547 -0.0645201
0.0423776 0.0498328 -0.0093214 1.4001592 -0.1491340 0.1669769 0.1909526 -0.1120552 0.0555105 0.0622527 0.0824777 0.0066231 0.1911962 -0.0656338 -0.1628120 0.0745081 -0.1187548 -0.3131995 -0.0205692 -0.0980792 -0.0058246 0.3627386 -0.0799463 -0.1783275 -0.0730512 0.1859175 -0.1230042 -0.0167156 -0.1030433 0.2016580 -0.0440857 0.0253957 -0.1238903 -0.5178779 0.0607401 -0.0463644 -0.1492540 0.0576489 0.3853548 0.0161966 -0.0793560 0.4385771 -0.1113104 -0.0393925 -0.0259373 0.2270647 -0.0624542 -0.0051314 0.1491196 0.1433987 0.1224594 0.2371465 -0.3157100 -0.2460724 -0.0383809 -0.0781541 0.3588397 0.0322502 -0.1029708 -0.1820097 0.0575746 0.0011531 0.2397367 -0.1292706 -0.2162144 -0.0094382 0.0655947 -0.1931231 -0.1147937 -0.1113061 -0.1229002 -0.1012008 0.3004292 0.2441534 0.2199307 0.0235267 -0.1862161 0.1315500 -0.0387209 -0.1971824 0.3926874
-0.0878891 0.0662332 0.0123321 -0.1491340 1.2421750 -0.0005648 -0.1404743 0.0476770 0.2398112 -0.0431922 -0.0774873 0.0311178 -0.0431256 -0.0073570 -0.1074201 0.2402171 0.3131762 -0.1735702 -0.0061259 0.1454475 -0.0757268 -0.1100981 0.0019091 -0.0571280 -0.0471539 -0.1886416 -0.1460379 0.2864438 -0.1653798 0.5324895 -0.0462234 -0.0754111 0.0485853 -0.1319592 -0.0677568 -0.0676908 0.1046046 -0.2239312 -0.1136113 -0.1914676 0.3331625 -0.1714546 -0.1602567 -0.0516187 0.1657327 -0.2343121 -0.0026579 0.2468209 -0.1295338 -0.1301239 0.4280289 -0.2727108 -0.1675992 -0.1011200 -0.0297831 -0.1395823 -0.1808741 -0.0377708 -0.0652411 0.0098122 0.2220189 -0.2492515 -0.2080152 0.3167417 -0.0776534 0.3533287 -0.1825455 -0.0274130 0.1776033 -0.0718532 0.3400289 -0.0708494 0.0411941 0.0404558 -0.0674417 -0.1261897 -0.0778023 0.4610638 -0.1018472 0.0659607 -0.1886842
-0.0913582 -0.0068625 0.2044472 0.1669769 -0.0005648 1.0401317 -0.0476359 0.1504442 0.0787703 -0.0374646 -0.1039895 -0.1696526 -0.0185134 -0.0504872 -0.1056479 -0.1854193 -0.1644594 -0.3516242 -0.1112955 0.0755399 -0.2597078 0.0782506 -0.2338971 -0.0666159 -0.0020558 -0.0538471 -0.0340842 -0.0508187 0.0107506 0.2328727 0.0171642 0.0179319 -0.1352774 -0.2379802 -0.1266967 -0.0307794 0.1315858 -0.1563673 -0.2365350 0.0113681 -0.0468270 -0.1552392 -0.1305479 -0.1819906 0.0288681 -0.0903374 -0.1132549 0.4040636 -0.2183554 -0.0426302 0.3543503 0.0005816 0.0167690 -0.1258436 0.4426385 -0.3479664 0.0703875 0.0135539 -0.0622896 -0.1704243 -0.1583431 0.0314745 -0.2258272 -0.1169618 -0.2455222 -0.2165389 -0.0094824 0.0543650 -0.0378502 -0.0587645 -0.0900220 -0.1264162 -0.2488342 -0.1042383 0.2986336 -0.1710576 -0.1188504 0.0038917 -0.0893865 -0.0900396 0.0413504
-0.1699240 0.0845230 0.1622109 0.1909526 -0.1404743 -0.0476359 1.2810564 -0.0997746 -0.1489870 0.0066265 0.0028154 -0.1153718 0.1846053 0.1989851 -0.1884402 -0.2065314 0.2323875 -0.1321141 0.1278134 -0.2597433 0.0522156 -0.1352680 -0.1005648 0.1589548 -0.0893360 -0.0929176 -0.1402940 0.0863197 -0.1349858 -0.1143822 -0.0774034 0.0824435 0.3007301 -0.1856639 -0.1744027 0.0473288 -0.1097782 0.3196932 0.0513992 -0.2489986 0.0387189 0.0421051 -0.0076300 -0.1379951 0.0240713 0.0267923 0.1143342 -0.2616948 0.4483315 -0.1532206 -0.2105426 -0.2647194 0.1759823 0.1381528 0.0004594 -0.2192807 -0.0385956 -0.0801376 -0.0202408 -0.1729524 0.4314974 0.2734166 -0.0295780 -0.1877591 -0.2474922 0.2242824 0.1777545 -0.1517839 -0.1143470 0.1307532 0.1412394 0.1616441 0.1465431 -0.1291538 -0.1880247 0.1239455 -0.0585765 -0.2808793 0.1510571 0.1132164 0.4151593
0.0098979 -0.1427684 -0.0621995 -0.1120552 0.0476770 0.1504442 -0.0997746 0.6655583 -0.0572494 -0.0794986 -0.0828443 -0.0912446 -0.0213223 0.0380470 -0.2245684 0.0156946 0.0568923 -0.0354673 0.0350712 -0.0004101 -0.2072210 -0.1567821 0.0203308 -0.2324389 0.0443978 -0.1043462 -0.0608797 -0.1728618 -0.0989830 0.0793775 0.0579998 0.0415225 -0.0966298 -0.2855770 -0.0049352 -0.1002277 0.0815924 -0.0821372 -0.2314967 -0.0259899 -0.1635683 -0.1313810 -0.0518500 -0.1399222 -0.0982677 -0.1114952 -0.1256257 -0.0578145 -0.1119201 0.1006550 -0.1730566 -0.1925358 -0.0493093 -0.1398288 -0.1362522 -0.0936259 -0.2307038 0.0389842 -0.1406981 -0.0565774 -0.1637017 -0.1066960 0.0349514 -0.0159761 -0.0787216 -0.0237926 -0.4274367 0.1491297 -0.1022633 0.0416260 0.0480057 0.0197360 -0.2284925 -0.1197447 0.1312023 -0.2053158 -0.1086307 -0.2851099 -0.0311588 0.0255797 -0.1249898
-0.0147311 -0.0884404 0.0284648 0.0555105 0.2398112 0.0787703 -0.1489870 -0.0572494 1.6073556 -0.2448123 0.2434770 -0.1964592 -0.1480333 0.1296002 0.3441688 0.3863793 0.2657570 0.3204793 -0.3488670 0.2288441 -0.0645102 0.0305739 0.0681762 -0.2777021 -0.1693456 -0.0714507 -0.0319147 -0.0567862 0.0336907 0.3610841 0.1331350 0.1907280 0.5024253 -0.0552992 0.0764222 -0.2343279 0.1281682 -0.0476044 0.3467497 0.0760952 0.3350570 -0.2404050 0.2979653 -0.1531194 -0.0231133 0.1273559 0.0779609 -0.0864335 -0.3097318 -0.1828162 0.8433788 -0.0259151 0.0890190 -0.0586857 0.0248929 -0.1525225 -0.1900247 0.0762728 0.2091838 0.0125685 0.2349617 0.1349306 -0.0337219 0.1722535 0.1538243 0.0786797 0.0331091 -0.1115586 0.0323394 -0.0545959 0.1808330 -0.1455325 -0.1199183 0.0440340 -0.3921804 -0.5579823 0.1041852 0.5109191 -0.1738680 0.3846627 0.0851775
-0.1274247 -0.1202368 0.0239486 0.0622527 -0.0431922 -0.0374646 0.0066265 -0.0794986 -0.2448123 1.5455095 -0.1051502 0.2638023 -0.0115567 -0.2006694 -0.1166358 0.0017913 0.1708705 0.1349772 0.1644897 0.0012391 -0.2925966 0.1027639 0.0509679 -0.0020604 -0.1605384 0.2685049 -0.0335059 -0.2613525 -0.1459766 0.0743009 0.0237009 -0.1946774 -0.1656578 -0.0824443 -0.3135659 0.0292133 -0.1852435 -0.0472624 0.1099375 -0.1283431 -0.0428640 0.0772025 0.0188534 -0.0946269 -0.1780343 -0.0313795 0.3788861 0.2594807 0.2474809 -0.0710225 -0.3242025 0.1334215 0.3032733 0.3210781 -0.0286833 0.1081713 -0.0236530 -0.0161219 -0.0902919 0.0222483 0.2151072 -0.0132205 0.0181198 -0.0305420 0.4649942 0.1543357 0.7042571 -0.0897233 -0.1938647 -0.0284059 -0.1576458 0.0094933 0.2195568 0.3392646 -0.0153156 0.2150664 0.3387099 -0.0522508 0.0361839 -0.2820136 0.0581593
0.1250872 -0.1153480 0.1238989 0.0824777 -0.0774873 -0.1039895 0.0028154 -0.0828443 0.2434770 -0.1051502 1.3394475 -0.1120454 0.0407264 0.0257402 0.1949729 0.0402483 -0.0006127 0.3755491 -0.1174162 -0.1038396 0.5302500 -0.0579705 -0.0028966 0.1158489 -0.1556142 -0.0996851 0.0594317 0.0095167 -0.0620326 -0.1852000 -0.0286283 -0.1060223 -0.1006598 0.0021327 0.2097278 0.0640090 0.1778566 0.1626444 0.1278643 -0.0870032 -0.2456040 -0.0122984 -0.1168216 -0.2669649 -0.0792683 0.2012066 0.0565041 0.0049066 -0.1716820 0.0720647 -0.1457894 0.1171604 0.1694552 0.1401231 -0.0148133 -0.2138313 -0.1045391 0.0382195 0.0618548 0.2598072 -0.1251886 0.0459551 -0.0148884 0.0183279 0.0809635 -0.0114272 0.0069196 0.0455866 0.1298558 -0.1020280 0.0840205 -0.2214859 -0.0713730 0.0342192 -0.1087969 -0.2380657 0.3169554 -0.1931673 -0.0191438 0.1052821 -0.1413968
0.2349440 -0.0162235 0.0556030 0.0066231 0.0311178 -0.1696526 -0.1153718 -0.0912446 -0.1964592 0.2638023 -0.1120454 1.3959378 0.0961241 -0.1470723 0.0959521 0.0448300 0.1254158 -0.2979401 -0.1711558 -0.0528854 -0.0657858 0.4860963 0.0770465 -0.0466640 -0.0109728 -0.1409469 -0.1804234 -0.1272961 0.4122650 -0.1174345 0.0022060 -0.2822642 -0.2559933 0.1794294 -0.0377420 -0.2175742 -0.0575745 -0.1890190 -0.0721377 -0.0462305 -0.1427286 0.0382045 -0.0632685 -0.0119846 -0.1223171 0.1189897 -0.2593180 0.0202160 -0.2378805 0.1628687 -0.0945766 -0.0330910 -0.1834682 -0.2707846 0.0051416 0.2104843 -0.1316897 0.0181710 0.1117316 0.0144151 0.3032828 -0.1577163 -0.0654389 0.1466400 0.0288051 -0.1004789 0.3645496 0.0508513 0.0882631 0.0540023 -0.1258774 0.4242149 -0.0484957 0.1993211 -0.1877965 0.5437714 -0.0551051 0.1256585 -0.1232591 -0.1756642 0.3029945
0.3037018 -0.1677551 -0.0456829 0.1911962 -0.0431256 -0.0185134 0.1846053 -0.0213223 -0.1480333 -0.0115567 0.0407264 0.0961241 1.0471051 0.0211015 -0.0488156 -0.0089255 -0.1463663 -0.0549243 -0.0142766 -0.2412878 0.1238664 -0.1471212 -0.0501549 -0.0855617 0.0741353 -0.0123160 -0.0521211 -0.1200117 -0.1321318 0.0135249 0.0233986 -0.2218371 -0.0409781 -0.1356799 -0.0717748 -0.2558197 -0.1497770 0.1130293 0.3175215 0.1423514 -0.1438576 0.0088128 -0.3261856 -0.0451115 -0.1579567 -0.0402616 0.1738609 0.0527919 0.0107983 -0.0957021 -0.0453129 0.3176172 -0.0408422 0.0710009 -0.0488513 -0.2031184 0.0314495 -0.0703410 -0.1380817 0.0437023 0.0376312 0.1446159 0.0120650 -0.2662047 -0.3456235 0.0439739 0.1409514 -0.0415234 -0.2474636 -0.0357614 -0.1893052 0.0009963 0.4264663 -0.1006663 0.0138934 0.0785438 0.1300840 -0.0798795 0.0490970 0.1428566 0.0422617
-0.1017430 -0.1097578 -0.0131208 -0.0656338 -0.0073570 -0.0504872 0.1989851 0.0380470 0.1296002 -0.2006694 0.0257402 -0.1470723 0.0211015 1.4382696 0.2313871 0.0180225 -0.0562213 0.3702964 -0.2140609 -0.0321313 -0.0851519 -0.3875188 0.1448576 0.0839549 0.0558180 0.0978221 -0.0398522 0.1321728 -0.2604999 0.2575817 0.1604297 -0.0372789 0.1442992 0.3376836 0.2617573 0.1527384 0.1674250 0.0645529 0.0594702 -0.2184792 0.0551649 0.4676625 0.2365003 -0.2747063 0.0651089 -0.1258687 0.0564393 -0.1029565 0.3176034 -0.0633672 0.0463699 -0.3623848 -0.0481509 0.0904395 0.0165552 0.1158846 0.0635620 -0.2547295 0.1140311 0.1785558 0.1621751 0.1018046 0.1820626 0.0235976 -0.0754928 -0.3289925 0.3781531 -0.0071135 0.3880942 -0.0042590 0.0484811 0.0225136 -0.1685027 -0.1911142 0.1054169 0.2030618 -0.2292673 -0.0786470 0.3819207 0.0778511 -0.1804727
-0.2273312 -0.2687491 -0.0495987 -0.1628120 -0.1074201 -0.1056479 -0.1884402 -0.2245684 0.3441688 -0.1166358 0.1949729 0.0959521 -0.0488156 0.2313871 3.0235131 -0.2295898 0.4738228 0.3431436 -0.2068550 -0.2997614 0.9426767 -0.4288333 -0.2183297 -0.1035976 -0.1931848 0.2018485 -0.0081276 0.1237182 -0.0097017 0.2134686 0.3740216 0.3541891 0.8466689 0.2894466 -0.0102447 0.0784774 0.1298190 0.2942989 0.6265908 -0.1721463 -0.0294089 0.3723108 0.8770356 -0.0212663 -0.0039667 -0.0062219 -0.1812793 0.6443522 0.1936110 0.2933591 0.5343704 0.6483536 0.1549524 0.2308804 0.7356578 0.2044067 0.2232456 0.0192911 -0.1576170 0.0745176 0.8355511 0.0086186 0.6847031 0.5075601 0.2691980 -0.0505216 0.1157157 -0.2849746 0.6623816 0.0028400 -0.1348657 -0.1802797 -0.3394114 0.1660152 0.0827324 -0.0721724 0.1537405 1.0909933 -0.1000103 0.4622667 -0.1561042
0.0696755 -0.1045279 -0.0190228 0.0745081 0.2402171 -0.1854193 -0.2065314 0.0156946 0.3863793 0.0017913 0.0402483 0.0448300 -0.0089255 0.0180225 -0.2295898 1.3483243 0.2369148 -0.0916750 -0.1360547 0.2416680 -0.1426073 -0.2092369 0.2796971 -0.1689067 0.0723649 0.0847905 -0.1193556 -0.0541429 -0.0468243 0.0528030 0.0096406 -0.0010916 -0.0928483 -0.1417236 0.2047776 -0.0052501 -0.1438641 -0.1540317 0.1933122 0.4261993 -0.0419249 -0.1493706 0.0205356 -0.1955209 0.2329845 -0.1677800 0.0730696 -0.0515143 -0.1915799 -0.1470376 0.0490497 0.0527292 -0.1755323 -0.3252724 -0.1729955 0.0580307 0.3687098 0.0061688 0.1580815 -0.1897438 0.0472725 -0.1632836 -0.2325494 0.0315137 0.0588649 0.0282825 0.1247395 0.0896661 -0.0359373 -0.0975834 0.1917965 -0.1052470 0.3611742 0.0490760 -0.3066058 -0.2110437 -0.0582000 0.1357399 0.0147081 0.1825521 -0.1860967
0.0208126 -0.1417789 -0.1988557 -0.1187548 0.3131762 -0.1644594 0.2323875 0.0568923 0.2657570 0.1708705 -0.0006127 0.1254158 -0.1463663 -0.0562213 0.4738228 0.2369148 3.2131815 0.4836563 0.2951520 -0.0317640 0.2891828 -0.1694469 -0.0681125 0.0663359 0.0942064 -0.1473215 -0.4117923 -0.0872318 0.2048364 0.3208671 -0.0053415 0.0835780 1.3276286 0.3700073 -0.0040799 0.5444404 -0.4603787 0.2253893 0.4522071 -0.2509888 0.2601515 -0.0081377 1.1053993 0.0363703 0.1374383 -0.2411602 0.0598326 -0.0450466 0.8553638 0.8517659 0.5995691 0.0239887 0.1864588 0.6136014 0.0980898 -0.3590836 0.0010579 0.1268616 -0.0640460 0.0507081 0.7589020 -0.0180507 0.6318724 0.1041687 0.7372944 1.0015665 0.0709762 -0.0011570 0.2818349 -0.2234656 0.2867993 0.2586369 -0.2589312 0.2693807 0.6865919 0.7049144 0.1371636 0.1985917 -0.0852698 0.1814304 0.7277288
0.2926176 0.2553540 0.0934012 -0.3131995 -0.1735702 -0.3516242 -0.1321141 -0.0354673 0.3204793 0.1349772 0.3755491 -0.2979401 -0.0549243 0.3702964 0.3431436 -0.0916750 0.4836563 3.1476169 0.1752999 -0.1461578 0.1883252 -0.3050254 0.2242448 -0.2414870 -0.2984366 0.0158490 0.0302216 -0.2286581 -0.0560115 -0.0862887 0.7347360 0.0045414 0.7405291 0.7150728 0.1296736 0.2095624 -0.0509346 0.7896143 0.5716478 -0.0366956 0.1061399 0.0669454 0.9890272 -0.2703388 -0.4688569 0.2398260 0.3179320 -0.0109836 0.4558521 0.1007205 0.0763331 -0.0715288 0.1777043 0.7227336 -0.1777964 -0.0709828 -0.3130654 0.0480132 0.1727674 0.7479519 -0.1922402 0.1813416 1.0651423 0.1389121 1.1064006 0.4712663 0.5440462 -0.1158908 0.1353563 -0.0597639 0.0800814 -0.0941942 0.3271315 -0.0972153 0.2262970 -0.1351880 0.2545737 0.1518857 -0.1274477 0.1632640 0.0664475
-0.1445376 0.1124712 0.0023069 -0.0205692 -0.0061259 -0.1112955 0.1278134 0.0350712 -0.3488670 0.1644897 -0.1174162 -0.1711558 -0.0142766 -0.2140609 -0.2068550 -0.1360547 0.2951520 0.1752999 1.1502807 0.0919309 0.1484921 -0.0659757 -0.1606708 0.1223347 0.0632872 -0.1285132 -0.0521831 -0.0366634 0.0654596 -0.1570140 -0.0312394 -0.2680866 0.1377981 0.0077985 -0.0948854 0.1255070 -0.1055859 0.4573810 0.0460744 -0.0687925 0.0500410 -0.0104264 0.3636906 0.1589872 0.1363600 -0.0630304 0.0630237 0.0551163 0.1991704 0.0072104 0.0244448 0.0633399 0.0973975 0.1207476 -0.1977179 0.1635247 0.0056385 -0.0281216 -0.2368783 -0.0305402 -0.0578551 0.1098374 0.2481025 0.0214095 0.2205402 0.0044738 -0.3859867 0.0238745 -0.1410960 -0.0881332 -0.0463744 -0.0896279 0.2376068 0.1944774 0.1229748 0.2799456 0.0120422 -0.2096081 0.0181090 -0.1289284 0.1031995
-0.0586857 0.0184830 -0.1807639 -0.0980792 0.1454475 0.0755399 -0.2597433 -0.0004101 0.2288441 0.0012391 -0.1038396 -0.0528854 -0.2412878 -0.0321313 -0.2997614 0.2416680 -0.0317640 -0.1461578 0.0919309 1.5797048 0.1818273 -0.0583898 0.2255442 -0.0553661 -0.0916549 -0.0144440 0.1116206 -0.1748811 0.1262280 -0.1353855 -0.1733549 -0.0893420 -0.0352209 -0.1393060 0.6173416 -0.1836708 -0.0944105 -0.1072274 -0.1792945 0.1003788 0.1850403 0.0096217 -0.2279420 -0.0435460 0.1293522 0.1177641 0.0477732 -0.0775594 -0.2689909 -0.1552895 0.3065196 -0.0441875 -0.0769184 -0.0110692 0.0247941 -0.2050586 -0.2200493 -0.1469242 -0.0481325 -0.0733001 -0.1300365 0.2307444 -0.2342306 0.3035812 0.0795676 -0.1677070 -0.0653275 0.5163755 0.1376004 -0.0899451 0.0509869 -0.2422300 -0.1730923 0.0712435 -0.2072588 -0.0095345 -0.0077509 -0.2354386 0.0089843 0.0261054 0.1947033
-0.2754139 -0.0001976 -0.3065684 -0.0058246 -0.0757268 -0.2597078 0.0522156 -0.2072210 -0.0645102 -0.2925966 0.5302500 -0.0657858 0.1238664 -0.0851519 0.9426767 -0.1426073 0.2891828 0.1883252 0.1484921 0.1818273 2.5325892 -0.2960562 0.1379586 0.0942745 -0.2043997 -0.2145401 0.0344118 0.1522132 -0.0928469 -0.1942392 -0.1730053 0.0294688 0.3816817 0.5263521 0.2267979 0.4490885 -0.0935206 0.3957115 0.2125796 -0.1714088 0.1372499 0.0892706 0.1645535 0.1592046 -0.0119915 0.0651021 -0.1775483 0.2823758 0.2595426 -0.0518183 -0.2182991 0.5293165 -0.1560965 -0.0306608 0.5457041 -0.0546081 0.0726016 -0.1183939 -0.0134669 0.0566338 -0.0742086 0.0689671 0.7345366 0.2076171 0.0721599 0.2403051 0.2961353 0.3268702 -0.0242683 -0.1362771 0.1272508 0.0713595 0.0033625 -0.1491914 0.0884083 0.4115675 0.2371056 0.0957269 -0.1793910 0.2107052 0.0364718
-0.0317240 0.3128361 -0.1272006 0.3627386 -0.1100981 0.0782506 -0.1352680 -0.1567821 0.0305739 0.1027639 -0.0579705 0.4860963 -0.1471212 -0.3875188 -0.4288333 -0.2092369 -0.1694469 -0.3050254 -0.0659757 -0.0583898 -0.2960562 2.7141523 0.1247019 -0.3033696 -0.1256243 0.0014418 -0.1279636 0.1591772 0.4785720 0.2983452 -0.1434109 0.1136424 -0.3280787 0.1912256 -0.0176559 -0.1084798 -0.3042632 -0.1464495 -0.0294308 0.3322110 -0.0202974 -0.1566696 0.0448974 0.0361056 -0.0461639 0.2794984 0.0170532 -0.2819642 0.0033335 0.3796934 0.3181550 -0.1311873 0.0901984 -0.0992625 -0.1806927 0.6818222 0.0503966 -0.1367285 0.3477730 -0.2097280 -0.2428816 -0.0835739 -0.4382659 0.2069618 0.5981365 0.0121628 0.3220934 0.0676689 -0.0093884 -0.0928136 -0.3062257 0.4665608 -0.0737853 0.4019014 0.0897287 0.4814770 0.1822904 0.8654469 -0.2988641 -0.2206957 -0.1248813
0.0017231 0.0674963 -0.1869685 -0.0799463 0.0019091 -0.2338971 -0.1005648 0.0203308 0.0681762 0.0509679 -0.0028966 0.0770465 -0.0501549 0.1448576 -0.2183297 0.2796971 -0.0681125 0.2242448 -0.1606708 0.2255442 0.1379586 0.1247019 1.2839378 -0.1007890 0.0363251 -0.0176631 0.0306785 0.2641160 0.0729610 -0.2858438 -0.1093851 0.1252867 -0.0570489 -0.0401378 0.1800186 0.1376031 -0.0040779 -0.1840627 -0.0444958 0.1285772 -0.1250163 -0.1356105 0.0509277 -0.0675012 -0.1390297 -0.0417806 -0.0570568 -0.0286983 0.1303309 0.1254789 -0.0342226 -0.1463924 0.1548921 -0.1872351 -0.1117328 0.1055330 -0.2388947 -0.1418539 -0.0826302 0.1614086 -0.0991625 -0.0756421 -0.0026604 0.0321534 -0.1163991 -0.3110600 0.3442560 0.2998171 -0.1491775 0.1092897 -0.0173910 -0.0365544 -0.1643956 0.1995396 -0.0451959 0.2869759 -0.1707261 -0.1970784 0.0573432 0.1238083 0.0245881
0.0264982 0.1264283 -0.0006763 -0.1783275 -0.0571280 -0.0666159 0.1589548 -0.2324389 -0.2777021 -0.0020604 0.1158489 -0.0466640 -0.0855617 0.0839549 -0.1035976 -0.1689067 0.0663359 -0.2414870 0.1223347 -0.0553661 0.0942745 -0.3033696 -0.1007890 1.7121887 0.0658982 0.0374172 -0.0779095 0.3231053 -0.1465023 -0.1664571 -0.1290275 -0.1329979 -0.0245660 0.1781866 -0.2093778 0.2799119 0.3446532 0.1302182 0.0674882 -0.0532789 0.2301019 -0.1543079 0.0456886 0.6260267 0.2167975 -0.1516301 -0.2597539 0.0163852 0.0537770 -0.0687873 -0.2909014 0.2152480 0.2567866 0.0988589 -0.0539727 -0.2699048 0.0733273 -0.1293463 0.1076225 -0.1543546 0.1417331 0.1494124 -0.2309286 -0.2164395 -0.2926584 -0.1140024 0.2464472 -0.0420906 0.1349451 -0.0471636 0.2171798 -0.1671708 -0.2398902 0.0400331 0.0687653 0.6640551 0.0598193 -0.2638350 0.0235471 -0.0333281 -0.0678697
-0.0275139 -0.0533660 -0.1416931 -0.0730512 -0.0471539 -0.0020558 -0.0893360 0.0443978 -0.1693456 -0.1605384 -0.1556142 -0.0109728 0.0741353 0.0558180 -0.1931848 0.0723649 0.0942064 -0.2984366 0.0632872 -0.0916549 -0.2043997 -0.1256243 0.0363251 0.0658982 1.0193006 0.1558370 0.1738016 0.1174467 0.3887228 -0.0058424 -0.1347011 -0.0761515 -0.2764495 0.0705420 -0.0189154 -0.1530089 -0.0473144 -0.0250109 0.1612359 -0.0617039 -0.2123748 0.1749726 0.0023845 0.0134504 0.2757588 -0.1789679 -0.0750803 0.0760133 -0.0999892 0.2558236 -0.0246875 -0.0355006 -0.1046711 -0.1536037 -0.0873627 0.0017635 0.0353133 -0.0006277 0.0052417 0.1333199 -0.1241710 -0.0112315 -0.1910783 -0.2473170 -0.1574446 -0.1912978 0.1365390 0.1208079 -0.1290470 0.0084340 -0.1503915 -0.0812012 -0.0921201 -0.1720960 0.3007200 0.4352738 0.2659044 0.0667178 0.1917710 -0.1496805 0.0817591
-0.0914578 0.1270906 -0.2382134 0.1859175 -0.1886416 -0.0538471 -0.0929176 -0.1043462 -0.0714507 0.2685049 -0.0996851 -0.1409469 -0.0123160 0.0978221 0.2018485 0.0847905 -0.1473215 0.0158490 -0.1285132 -0.0144440 -0.2145401 0.0014418 -0.0176631 0.0374172 0.1558370 2.0718160 -0.1730629 0.0030486 0.0063849 0.0353393 -0.3153810 0.3309034 -0.4672622 0.4071736 -0.1626711 -0.1877506 -0.1185226 -0.0760389 0.1895586 0.2879696 -0.2096397 0.2727350 -0.3334977 -0.1242954 0.1981286 -0.1026133 0.0187303 0.2581988 0.3361023 0.1722704 0.3693192 0.2101701 0.0330014 0.2366719 0.1196659 0.0848867 0.2981725 0.1873587 -0.0825554 0.1395269 -0.0386614 -0.1325434 -0.2047090 0.1900082 0.1420148 0.1528860 0.4072306 -0.2180736 0.2283408 0.0671479 0.1881768 -0.1025540 0.2851366 -0.0545879 0.2251748 0.3726836 0.4600540 -0.0620243 -0.1948304 -0.1211569 0.2295935
0.0964794 0.0541942 0.0721114 -0.1230042 -0.1460379 -0.0340842 -0.1402940 -0.0608797 -0.0319147 -0.0335059 0.0594317 -0.1804234 -0.0521211 -0.0398522 -0.0081276 -0.1193556 -0.4117923 0.0302216 -0.0521831 0.1116206 0.0344118 -0.1279636 0.0306785 -0.0779095 0.1738016 -0.1730629 1.0272853 0.2061285 0.0310082 -0.1528752 -0.1511066 0.1265538 0.2022409 -0.1928860 0.2004796 -0.1291014 -0.1754000 0.0182900 -0.0741739 -0.0430519 0.0913609 0.2325637 -0.0128097 -0.0258257 0.0464871 0.2282571 0.1230247 0.1458589 -0.2429464 -0.1525499 -0.1382786 0.0421372 -0.1220912 -0.0210115 -0.0278367 0.1837463 -0.0695847 -0.0185884 0.1945122 0.2657700 -0.1453687 0.1186879 0.1958026 -0.2265601 -0.0668311 -0.1649679 0.1464657 0.0043273 -0.0537238 -0.0493100 -0.1152260 -0.1664987 -0.1719944 -0.1383891 -0.0716401 -0.2085030 0.0769880 0.2379624 0.2446757 0.1285888 -0.1045541
-0.0224012 0.1377208 0.0064179 -0.0167156 0.2864438 -0.0508187 0.0863197 -0.1728618 -0.0567862 -0.2613525 0.0095167 -0.1272961 -0.1200117 0.1321728 0.1237182 -0.0541429 -0.0872318 -0.2286581 -0.0366634 -0.1748811 0.1522132 0.1591772 0.2641160 0.3231053 0.1174467 0.0030486 0.2061285 1.8800144 0.0726508 0.1396839 -0.3203532 0.2463348 0.1783267 -0.3542110 -0.0760961 0.0990250 0.2878317 -0.1317422 -0.3483795 0.0566281 0.0531346 -0.1667001 0.0131098 0.0079218 0.5068140 -0.1200054 -0.1647647 -0.0583604 0.2519591 -0.0661523 0.2409831 0.2171145 0.1262095 -0.0604451 0.2230950 0.2700814 0.2865512 -0.1080523 0.1054546 0.2550483 0.1020323 -0.1272156 0.0409610 0.2671599 0.1788095 -0.1187626 0.1239645 -0.1294461 0.4169258 -0.1103717 -0.0409726 -0.1131632 -0.0286620 -0.1555390 0.1101514 0.4374489 -0.2366814 0.2833034 0.1320621 -0.1426341 -0.0068375
0.1008142 0.2174449 0.0148060 -0.1030433 -0.1653798 0.0107506 -0.1349858 -0.0989830 0.0336907 -0.1459766 -0.0620326 0.4122650 -0.1321318 -0.2604999 -0.0097017 -0.0468243 0.2048364 -0.0560115 0.0654596 0.1262280 -0.0928469 0.4785720 0.0729610 -0.1465023 0.3887228 0.0063849 0.0310082 0.0726508 1.3932852 -0.2767376 -0.0953958 -0.0379836 -0.0585779 0.2885567 0.0520914 -0.3074597 0.1151374 0.0423992 -0.0431985 -0.0583520 -0.1513823 -0.0300414 0.0831984 0.0417765 0.0662990 0.3191411 -0.2908528 -0.0842702 -0.1627031 0.3573461 0.3441583 0.0244726 0.0076387 -0.2891071 -0.0155017 0.0751803 -0.1317797 0.1389284 0.0832965 0.2728860 -0.0250082 0.0514487 -0.1709869 0.0967576 0.1369788 -0.0959562 -0.0377079 0.2777826 -0.0333322 0.1252274 -0.2275202 0.0646680 -0.0741252 -0.0069392 0.0675449 0.3649814 0.2652590 0.1618715 -0.1493713 -0.2752463 0.5798189
-0.0821862 0.0545548 -0.1578071 0.2016580 0.5324895 0.2328727 -0.1143822 0.0793775 0.3610841 0.0743009 -0.1852000 -0.1174345 0.0135249 0.2575817 0.2134686 0.0528030 0.3208671 -0.0862887 -0.1570140 -0.1353855 -0.1942392 0.2983452 -0.2858438 -0.1664571 -0.0058424 0.0353393 -0.1528752 0.1396839 -0.2767376 1.9522104 -0.0251118 0.1490803 0.4520469 0.2191418 -0.1378213 -0.1995577 0.1305215 -0.3693656 0.2707072 -0.2026784 0.1427625 0.1970701 0.2565672 -0.1065774 0.0234015 -0.0956668 -0.0321829 0.1639410 0.0508324 -0.2076768 0.4516637 0.1827566 -0.0981915 -0.0718656 -0.0726535 0.1380680 0.0169049 -0.2829465 0.3954755 -0.1308303 0.2615743 -0.1009929 0.0838960 -0.0559392 0.4036781 0.1290101 -0.1878123 -0.0707853 -0.1057479 -0.1016527 0.2383369 0.0922890 -0.1086123 -0.1186851 0.2889328 -0.2261630 -0.0103441 0.9057297 -0.0167894 0.0601261 -0.2597256
-0.0498176 -0.0753590 0.0309309 -0.0440857 -0.0462234 0.0171642 -0.0774034 0.0579998 0.1331350 0.0237009 -0.0286283 0.0022060 0.0233986 0.1604297 0.3740216 0.0096406 -0.0053415 0.7347360 -0.0312394 -0.1733549 -0.1730053 -0.1434109 -0.1093851 -0.1290275 -0.1347011 -0.3153810 -0.1511066 -0.3203532 -0.0953958 -0.0251118 1.2118156 -0.2340132 0.0761871 -0.4299632 -0.0068307 -0.1546940 -0.0225424 0.5453957 0.1047619 -0.1278877 0.0530560 0.0773661 0.4823035 -0.1081528 -0.1842208 0.0656306 -0.0103751 0.0455679 -0.0552525 -0.0909181 -0.0871210 0.0376267 -0.0109653 -0.1161683 0.0004881 -0.0864486 -0.0767479 -0.1391593 -0.1320910 -0.2046782 0.0244144 -0.0001108 0.5489468 0.2351533 0.1960627 0.1601858 0.3525290 -0.0910379 -0.0397041 -0.0261689 -0.1482517 -0.0086809 -0.0251895 -0.0201448 -0.0587836 -0.4111408 0.1491829 0.1483300 -0.1058696 -0.0153832 -0.2269911
-0.0286925 0.2431403 -0.0154853 0.0253957 -0.0754111 0.0179319 0.0824435 0.0415225 0.1907280 -0.1946774 -0.1060223 -0.2822642 -0.2218371 -0.0372789 0.3541891 -0.0010916 0.0835780 0.0045414 -0.2680866 -0.0893420 0.0294688 0.1136424 0.1252867 -0.1329979 -0.0761515 0.3309034 0.1265538 0.2463348 -0.0379836 0.1490803 -0.2340132 1.4627752 0.3617683 -0.0591626 -0.0592110 -0.0215693 -0.1903754 -0.2628941 0.3739523 -0.0322064 -0.1881162 -0.3019236 0.0569636 -0.1405466 -0.0593791 0.0921387 -0.2641980 0.0535278 0.1127394 0.2585134 0.3503745 0.0776341 -0.0711024 -0.1631880 0.1203163 0.2652124 -0.1802190 0.0016668 0.3790963 0.1670757 0.1692730 0.1018865 -0.0978639 0.0167135 0.0607700 0.0112940 -0.3264825 -0.0185934 0.0255064 0.1927576 0.3190014 0.0276726 -0.2446876 0.0557609 0.1775756 -0.1943799 -0.2972868 0.3953364 -0.2119922 0.3247918 0.0204760
0.3417579 -0.0892087 -0.2084145 -0.1238903 0.0485853 -0.1352774 0.3007301 -0.0966298 0.5024253 -0.1656578 -0.1006598 -0.2559933 -0.0409781 0.1442992 0.8466689 -0.0928483 1.3276286 0.7405291 0.1377981 -0.0352209 0.3816817 -0.3280787 -0.0570489 -0.0245660 -0.2764495 -0.4672622 0.2022409 0.1783267 -0.0585779 0.4520469 0.0761871 0.3617683 3.6502142 0.2704424 0.2541424 0.3843704 -0.1346477 0.5262083 0.6935498 -0.0835042 0.5861526 0.5278996 0.9606373 -0.0587860 -0.2116776 0.3604636 -0.1143789 0.2554978 1.1504991 0.2168060 0.6382309 0.4219226 0.3568950 0.2700965 0.1196341 0.1497836 0.0846125 -0.1535745 -0.0356310 -0.0934493 0.6827024 0.2211662 1.2071996 -0.1642903 0.4259597 0.9638800 -0.0961617 -0.3122212 0.0635835 -0.1398116 0.3278477 0.2208503 -0.4090283 -0.2252646 0.3428670 0.0177685 -0.2082605 0.7166969 0.1546261 1.0698512 0.5223989
0.1750510 0.3271146 0.0695324 -0.5178779 -0.1319592 -0.2379802 -0.1856639 -0.2855770 -0.0552992 -0.0824443 0.0021327 0.1794294 -0.1356799 0.3376836 0.2894466 -0.1417236 0.3700073 0.7150728 0.0077985 -0.1393060 0.5263521 0.1912256 -0.0401378 0.1781866 0.0705420 0.4071736 -0.1928860 -0.3542110 0.2885567 0.2191418 -0.4299632 -0.0591626 0.2704424 3.7104971 -0.1642498 1.0344472 0.0720686 -0.0308511 -0.0089034 -0.2437832 0.4648492 0.5012324 0.5171594 0.3270994 -0.3585970 -0.3278666 0.1590694 0.1760941 0.4488471 0.1313252 0.0064096 -0.1162623 -0.0273917 0.3918226 0.1758905 0.5727520 0.0831455 0.0798517 0.5337267 0.4648601 -0.2824627 -0.1285710 -0.1441971 -0.2804557 0.1051295 -0.0121617 -0.2551217 -0.0247885 -0.0042753 0.2599040 0.2736872 0.3860506 0.1120153 -0.2528377 0.0676905 0.1676790 0.4061027 0.2795907 0.1231771 -0.0149642 -0.1217653
0.0964730 0.1449190 -0.1520257 0.0607401 -0.0677568 -0.1266967 -0.1744027 -0.0049352 0.0764222 -0.3135659 0.2097278 -0.0377420 -0.0717748 0.2617573 -0.0102447 0.2047776 -0.0040799 0.1296736 -0.0948854 0.6173416 0.2267979 -0.0176559 0.1800186 -0.2093778 -0.0189154 -0.1626711 0.2004796 -0.0760961 0.0520914 -0.1378213 -0.0068307 -0.0592110 0.2541424 -0.1642498 1.6685655 0.1504351 -0.1717821 0.0736786 0.2023828 -0.0485336 -0.2547653 0.4701095 -0.2006618 -0.1859498 0.0448744 0.2955588 0.2342429 -0.1162756 0.1053488 0.1792520 0.0509361 -0.1784135 -0.2624812 0.2382291 -0.0261840 -0.0100362 0.0396145 -0.1846288 -0.0735689 -0.1829606 -0.2480512 -0.1141400 0.0197756 0.1520019 0.2932248 0.0946846 -0.0685142 0.3716075 0.3438153 -0.1035860 -0.0059209 -0.1282956 -0.1286772 0.1004655 0.1482440 -0.0593574 -0.1215822 -0.0392520 0.2613189 0.2051625 -0.1876541
-0.1459527 0.0742253 0.0479305 -0.0463644 -0.0676908 -0.0307794 0.0473288 -0.1002277 -0.2343279 0.0292133 0.0640090 -0.2175742 -0.2558197 0.1527384 0.0784774 -0.0052501 0.5444404 0.2095624 0.1255070 -0.1836708 0.4490885 -0.1084798 0.1376031 0.2799119 -0.1530089 -0.1877506 -0.1291014 0.0990250 -0.3074597 -0.1995577 -0.1546940 -0.0215693 0.3843704 1.0344472 0.1504351 2.4385860 -0.1426173 -0.1943950 -0.0295336 -0.3318716 0.7913306 0.2915463 -0.0258299 0.0396063 -0.1566178 -0.3258853 0.4328525 0.1995754 0.5100315 0.4269035 -0.3052208 -0.0388415 -0.0364023 0.7586719 0.1332914 0.4043880 0.8913914 0.0244644 -0.2331189 -0.1086226 -0.1018047 -0.2506309 0.1135166 -0.1176114 0.2365480 0.0245451 -0.2565795 -0.0737838 0.0680640 -0.0861990 0.0464493 -0.1375809 -0.0159973 0.0832760 0.3543670 0.1879579 -0.2051766 -0.2049945 0.4389017 -0.2110395 -0.1507381
-0.0357214 -0.2184593 -0.0495265 -0.1492540 0.1046046 0.1315858 -0.1097782 0.0815924 0.1281682 -0.1852435 0.1778566 -0.0575745 -0.1497770 0.1674250 0.1298190 -0.1438641 -0.4603787 -0.0509346 -0.1055859 -0.0944105 -0.0935206 -0.3042632 -0.0040779 0.3446532 -0.0473144 -0.1185226 -0.1754000 0.2878317 0.1151374 0.1305215 -0.0225424 -0.1903754 -0.1346477 0.0720686 -0.1717821 -0.1426173 1.6805309 -0.0060223 0.1952208 -0.0582182 -0.1865307 -0.1179021 -0.0649482 0.3597713 -0.0074023 -0.0880667 -0.1936466 -0.0354455 0.1206806 -0.2392937 -0.1276835 0.0001953 0.3763089 -0.1119926 -0.1033560 -0.0209110 -0.1128842 0.2530577 -0.2275350 0.1232878 -0.0763682 -0.1580098 -0.1882144 0.0261569 -0.0093261 -0.1709290 -0.2440588 -0.0262383 -0.0017373 0.0964858 -0.0191671 -0.1812998 0.0964603 -0.2203585 -0.1042683 -0.0057005 -0.1221484 0.0135155 -0.0492337 -0.0548073 0.0077843
0.1047204 -0.0532784 -0.1198707 0.0576489 -0.2239312 -0.1563673 0.3196932 -0.0821372 -0.0476044 -0.0472624 0.1626444 -0.1890190 0.1130293 0.0645529 0.2942989 -0.1540317 0.2253893 0.7896143 0.4573810 -0.1072274 0.3957115 -0.1464495 -0.1840627 0.1302182 -0.0250109 -0.0760389 0.0182900 -0.1317422 0.0423992 -0.3693656 0.5453957 -0.2628941 0.5262083 -0.0308511 0.0736786 -0.1943950 -0.0060223 2.1842797 0.3890790 -0.1882920 -0.1524325 0.4464589 0.8895974 0.1468533 0.0381270 0.0198158 0.0264445 0.1756182 0.7414384 0.0285250 -0.2635176 0.0639849 0.0760245 0.0392499 0.0573760 -0.1632302 -0.3672967 0.0374148 -0.1713929 -0.2766629 -0.1534542 -0.0454306 0.6294194 0.2235944 0.1734605 0.7668548 0.5170094 -0.2017397 0.0788270 -0.0244313 0.0066747 -0.0675163 0.1686608 -0.2610666 -0.0484975 0.0085858 0.5940187 0.4134873 -0.1759690 0.2555509 0.0381086
0.1835301 -0.3216926 -0.2058928 0.3853548 -0.1136113 -0.2365350 0.0513992 -0.2314967 0.3467497 0.1099375 0.1278643 -0.0721377 0.3175215 0.0594702 0.6265908 0.1933122 0.4522071 0.5716478 0.0460744 -0.1792945 0.2125796 -0.0294308 -0.0444958 0.0674882 0.1612359 0.1895586 -0.0741739 -0.3483795 -0.0431985 0.2707072 0.1047619 0.3739523 0.6935498 -0.0089034 0.2023828 -0.0295336 0.1952208 0.3890790 3.4151976 -0.1462772 -0.3386764 0.0388656 0.1782397 0.2482181 -0.2164390 0.1268217 0.1741510 0.3229105 0.4516931 0.4244872 0.6813211 0.2952104 0.0656030 0.3628300 -0.3424552 0.4369493 -0.0657155 0.1840154 0.1070894 0.1288561 0.3811955 0.1994609 0.1851562 -0.4012475 0.8065152 0.5396128 0.6722066 -0.1506032 -0.2459526 -0.1186126 0.2057398 -0.0377755 0.5606847 0.3246478 0.5388196 0.8472490 0.0523882 1.1584237 -0.1218935 0.6903569 0.1431480
0.0711096 -0.1102569 -0.0556852 0.0161966 -0.1914676 0.0113681 -0.2489986 -0.0259899 0.0760952 -0.1283431 -0.0870032 -0.0462305 0.1423514 -0.2184792 -0.1721463 0.4261993 -0.2509888 -0.0366956 -0.0687925 0.1003788 -0.1714088 0.3322110 0.1285772 -0.0532789 -0.0617039 0.2879696 -0.0430519 0.0566281 -0.0583520 -0.2026784 -0.1278877 -0.0322064 -0.0835042 -0.2437832 -0.0485336 -0.3318716 -0.0582182 -0.1882920 -0.1462772 1.8551735 -0.0746926 -0.3835289 -0.0719086 -0.0519899 0.3648583 0.0211565 -0.0913988 -0.2832243 -0.1031741 -0.1677856 -0.0989932 0.1752984 0.1751632 -0.0802930 -0.1966217 -0.2035238 0.7929485 0.0736370 0.0346284 -0.0977409 -0.2007378 0.3370815 -0.1264070 -0.1659065 -0.1286979 -0.0808346 0.2023046 0.0505507 0.1868979 -0.1714713 -0.1338961 -0.0049620 0.4034452 -0.1534757 0.0073981 0.0648837 -0.2076216 0.0529588 -0.1495043 0.3787127 -0.2875271
-0.3092694 -0.0180847 -0.0539146 -0.0793560 0.3331625 -0.0468270 0.0387189 -0.1635683 0.3350570 -0.0428640 -0.2456040 -0.1427286 -0.1438576 0.0551649 -0.0294089 -0.0419249 0.2601515 0.1061399 0.0500410 0.1850403 0.1372499 -0.0202974 -0.1250163 0.2301019 -0.2123748 -0.2096397 0.0913609 0.0531346 -0.1513823 0.1427625 0.0530560 -0.1881162 0.5861526 0.4648492 -0.2547653 0.7913306 -0.1865307 -0.1524325 -0.3386764 -0.0746926 2.2090287 0.2037107 -0.1089877 0.1150535 0.1120945 0.1051463 0.2080158 -0.0457430 -0.1763810 -0.2009535 0.2034359 -0.2504918 -0.0991771 0.3107468 -0.2267220 0.1022513 0.5018531 -0.0006305 -0.1304187 0.0440147 0.3468747 0.3410203 0.3766736 0.0670522 -0.2545520 0.2288823 0.1239893 -0.1782958 -0.0181861 -0.1358096 0.0557870 -0.0973742 -0.0553703 -0.2005268 -0.2829975 0.0008711 0.1519973 0.3013987 0.2131605 0.0588754 0.3859505
-0.0046373 0.0084115 -0.2680170 0.4385771 -0.1714546 -0.1552392 0.0421051 -0.1313810 -0.2404050 0.0772025 -0.0122984 0.0382045 0.0088128 0.4676625 0.3723108 -0.1493706 -0.0081377 0.0669454 -0.0104264 0.0096217 0.0892706 -0.1566696 -0.1356105 -0.1543079 0.1749726 0.2727350 0.2325637 -0.1667001 -0.0300414 0.1970701 0.0773661 -0.3019236 0.5278996 0.5012324 0.4701095 0.2915463 -0.1179021 0.4464589 0.0388656 -0.3835289 0.2037107 2.1847184 0.1806047 -0.1057138 0.0051702 0.3314510 0.0451437 0.2651161 0.7949271 0.2851759 -0.3375928 -0.0924722 -0.3565382 0.0127530 -0.1245327 0.2225374 0.4277520 -0.1301102 -0.2513699 -0.0837247 0.0839894 -0.0800032 0.6294563 -0.0875609 -0.3130997 0.2613636 0.1883755 -0.1363731 0.2441127 -0.0238229 -0.1505725 -0.1352324 -0.0716044 -0.1651125 0.3662320 0.0015538 0.1901679 0.3554916 0.4523424 -0.0730032 0.1813651
-0.0715813 0.1667752 -0.0477097 -0.1113104 -0.1602567 -0.1305479 -0.0076300 -0.0518500 0.2979653 0.0188534 -0.1168216 -0.0632685 -0.3261856 0.2365003 0.8770356 0.0205356 1.1053993 0.9890272 0.3636906 -0.2279420 0.1645535 0.0448974 0.0509277 0.0456886 0.0023845 -0.3334977 -0.0128097 0.0131098 0.0831984 0.2565672 0.4823035 0.0569636 0.9606373 0.5171594 -0.2006618 -0.0258299 -0.0649482 0.8895974 0.1782397 -0.0719086 -0.1089877 0.1806047 3.0889337 0.5123830 -0.2285632 -0.3060272 -0.0737616 -0.0690024 0.3606803 0.1684621 -0.0862957 0.0447170 0.1764764 0.0665974 0.1959492 -0.0472743 -0.3997680 0.0916882 0.3812857 -0.0881818 0.2518490 -0.1389958 1.0378197 0.0447589 0.8692020 -0.0834881 0.3778735 -0.2237672 -0.0179408 0.0005142 -0.0028949 0.2678623 -0.2356166 0.0330530 -0.0254132 0.1990471 -0.0620003 0.8132623 -0.1805061 0.0088210 0.2256174
0.0767015 0.1095500 -0.2177027 -0.0393925 -0.0516187 -0.1819906 -0.1379951 -0.1399222 -0.1531194 -0.0946269 -0.2669649 -0.0119846 -0.0451115 -0.2747063 -0.0212663 -0.1955209 0.0363703 -0.2703388 0.1589872 -0.0435460 0.1592046 0.0361056 -0.0675012 0.6260267 0.0134504 -0.1242954 -0.0258257 0.0079218 0.0417765 -0.1065774 -0.1081528 -0.1405466 -0.0587860 0.3270994 -0.1859498 0.0396063 0.3597713 0.1468533 0.2482181 -0.0519899 0.1150535 -0.1057138 0.5123830 1.9374593 -0.0668594 -0.0966815 0.0690878 -0.2589778 0.1165609 -0.1413974 0.1204099 0.3399263 0.1326496 0.1891737 -0.0814095 -0.0054692 -0.2249473 0.2815408 -0.0902371 -0.1550062 -0.1400293 -0.2207844 0.0532116 -0.1665570 0.0020796 0.1028679 -0.2149245 -0.1164432 -0.2820223 -0.0355537 -0.0625846 0.0665430 0.0540373 0.5177699 -0.0273597 0.1855897 0.0825254 -0.1034267 -0.0896825 -0.2683403 0.0565064
-0.2371752 -0.1884774 -0.0251655 -0.0259373 0.1657327 0.0288681 0.0240713 -0.0982677 -0.0231133 -0.1780343 -0.0792683 -0.1223171 -0.1579567 0.0651089 -0.0039667 0.2329845 0.1374383 -0.4688569 0.1363600 0.1293522 -0.0119915 -0.0461639 -0.1390297 0.2167975 0.2757588 0.1981286 0.0464871 0.5068140 0.0662990 0.0234015 -0.1842208 -0.0593791 -0.2116776 -0.3585970 0.0448744 -0.1566178 -0.0074023 0.0381270 -0.2164390 0.3648583 0.1120945 0.0051702 -0.2285632 -0.0668594 1.4333982 -0.1157903 -0.0867398 -0.1462386 0.1901945 -0.0227032 0.2252406 -0.1204949 -0.0183451 -0.0688834 0.0672460 -0.0013811 0.4825646 -0.0072073 0.0248356 0.0465347 0.0903569 0.1264719 -0.1649555 0.2630056 -0.0751454 0.1928308 0.2411933 -0.0013556 0.6028506 -0.2028582 -0.0485598 -0.1564121 0.0534311 -0.1423458 0.1940311 0.3792063 0.0415894 0.1487682 0.1189793 -0.0911033 -0.1113413
-0.0260763 0.3726794 -0.0521681 0.2270647 -0.2343121 -0.0903374 0.0267923 -0.1114952 0.1273559 -0.0313795 0.2012066 0.1189897 -0.0402616 -0.1258687 -0.0062219 -0.1677800 -0.2411602 0.2398260 -0.0630304 0.1177641 0.0651021 0.2794984 -0.0417806 -0.1516301 -0.1789679 -0.1026133 0.2282571 -0.1200054 0.3191411 -0.0956668 0.0656306 0.0921387 0.3604636 -0.3278666 0.2955588 -0.3258853 -0.0880667 0.0198158 0.1268217 0.0211565 0.1051463 0.3314510 -0.3060272 -0.0966815 -0.1157903 1.4056556 -0.1926178 -0.1112538 -0.0629113 -0.1029688 0.2459439 0.0128251 -0.1233257 -0.2454234 -0.2513866 0.0575763 0.0365661 -0.1003288 0.0461582 0.0971321 0.0909606 0.2150143 0.3939931 -0.0289950 -0.0026440 0.0996281 0.1213951 0.0731899 -0.1562968 0.0200085 -0.0101618 0.0245310 -0.1176161 0.1942141 -0.0062339 -0.1445510 -0.0209569 0.0100317 -0.0370732 0.0894842 0.3426714
