1.5770873 -0.0408744 -0.0401457 -0.0358685 -0.0417473 -0.0306238 -0.0346593 -0.0290176 -0.0320329 -0.0360707 -0.0408776 -0.0269573 -0.0347996 -0.0364410 -0.0368321 -0.0374395 -0.0120045 -0.0136435 -0.0328840 -0.0243760 -0.0242781 -0.0381820 -0.0416258 -0.0353745 -0.0368504 -0.0326945 -0.0285324 -0.0143892 -0.0320442 -0.0420431 -0.0446533 -0.0274560 -0.0096419 -0.0093347 -0.0111464 -0.0106445 -0.0099646 -0.0099214 -0.0111621 -0.0107045 -0.0097141 -0.0093066 -0.0126353 -0.0103024 -0.0094048 -0.0106464 -0.0105673 -0.0102753 -0.0099424 -0.0102104 -0.0058494 -0.0089675 -0.0069095 -0.0062124 -0.0062371 -0.0108124 -0.0090939 -0.0105401 -0.0093105 -0.0097733 -0.0076464 -0.0133587 -0.0097539 -0.0059055 -0.0110355 -0.0111809 -0.0089664 -0.0113335 -0.0103347 -0.0107957 -0.0083108 -0.0096050 -0.0099581 -0.0103165 -0.0048296 -0.0094615 -0.0093455 -0.0060618 -0.0099403 -0.0105666 -0.0107311
-0.0408744 2.1206436 -0.0504661 -0.0436419 -0.0509611 -0.0371284 -0.0418842 -0.0380403 -0.0432647 -0.0418543 -0.0495534 -0.0369352 -0.0451796 -0.0447408 -0.0470472 -0.0463886 -0.0147780 -0.0150810 -0.0394261 -0.0286118 -0.0309651 -0.0471572 -0.0483831 -0.0449078 -0.0443374 -0.0412300 -0.0362727 -0.0177170 -0.0401409 -0.0492569 -0.0539155 -0.0331041 -0.0145248 -0.0151597 -0.0172958 -0.0176621 -0.0159131 -0.0159829 -0.0174506 -0.0172654 -0.0143692 -0.0142218 -0.0200648 -0.0170476 -0.0158155 -0.0181918 -0.0164889 -0.0163062 -0.0164135 -0.0178208 -0.0079205 -0.0155271 -0.0110468 -0.0097285 -0.0097004 -0.0165764 -0.0133429 -0.0162146 -0.0147450 -0.0151062 -0.0098309 -0.0203802 -0.0150313 -0.0091685 -0.0169616 -0.0176765 -0.0128724 -0.0181985 -0.0165138 -0.0181405 -0.0130397 -0.0150062 -0.0163741 -0.0156183 -0.0064075 -0.0160214 -0.0148599 -0.0086870 -0.0165367 -0.0176851 -0.0170286
-0.0401457 -0.0504661 2.0532460 -0.0417728 -0.0503602 -0.0375800 -0.0406521 -0.0366654 -0.0387891 -0.0419055 -0.0478184 -0.0319950 -0.0446661 -0.0430534 -0.0434780 -0.0468753 -0.0120312 -0.0144319 -0.0381429 -0.0292659 -0.0281990 -0.0445745 -0.0502591 -0.0433054 -0.0441874 -0.0401091 -0.0358319 -0.0164522 -0.0396743 -0.0491859 -0.0524552 -0.0331083 -0.0121692 -0.0143666 -0.0160478 -0.0160716 -0.0141348 -0.0138653 -0.0164230 -0.0156784 -0.0133993 -0.0132151 -0.0184889 -0.0148599 -0.0133749 -0.0165094 -0.0140712 -0.0139403 -0.0135635 -0.0154939 -0.0064691 -0.0137596 -0.0089031 -0.0062503 -0.0062645 -0.0159623 -0.0125301 -0.0132215 -0.0129948 -0.0130725 -0.0080224 -0.0185305 -0.0127326 -0.0065334 -0.0152683 -0.0170200 -0.0107334 -0.0164804 -0.0142050 -0.0164957 -0.0118228 -0.0135018 -0.0142682 -0.0136222 -0.0031092 -0.0137869 -0.0128851 -0.0071948 -0.0142324 -0.0161475 -0.0155442
-0.0358685 -0.0436419 -0.0417728 1.7506187 -0.0439102 -0.0313124 -0.0352926 -0.0309379 -0.0324212 -0.0356381 -0.0415353 -0.0271234 -0.0381555 -0.0380807 -0.0365511 -0.0392047 -0.0117707 -0.0122245 -0.0350742 -0.0249216 -0.0246760 -0.0379035 -0.0431478 -0.0397912 -0.0382585 -0.0338239 -0.0306311 -0.0134658 -0.0338824 -0.0444198 -0.0454409 -0.0290084 -0.0096242 -0.0113196 -0.0120573 -0.0123302 -0.0112793 -0.0112360 -0.0127557 -0.0119767 -0.0101976 -0.0104401 -0.0150287 -0.0116557 -0.0107860 -0.0118626 -0.0110934 -0.0102689 -0.0103287 -0.0114756 -0.0047123 -0.0102061 -0.0069018 -0.0059063 -0.0056389 -0.0124631 -0.0102098 -0.0119035 -0.0096281 -0.0102538 -0.0066690 -0.0158760 -0.0105740 -0.0057286 -0.0120013 -0.0117735 -0.0091586 -0.0132703 -0.0114979 -0.0123420 -0.0092714 -0.0104506 -0.0099054 -0.0100921 -0.0019882 -0.0104296 -0.0104476 -0.0052978 -0.0104673 -0.0122129 -0.0118284
-0.0417473 -0.0509611 -0.0503602 -0.0439102 2.0825427 -0.0382053 -0.0415043 -0.0364662 -0.0426589 -0.0432231 -0.0505252 -0.0346450 -0.0453928 -0.0439283 -0.0469058 -0.0465942 -0.0134001 -0.0171160 -0.0413816 -0.0297419 -0.0295287 -0.0478291 -0.0513640 -0.0465834 -0.0452528 -0.0408211 -0.0382560 -0.0173584 -0.0410304 -0.0511613 -0.0533033 -0.0340968 -0.0142377 -0.0151429 -0.0178595 -0.0177106 -0.0147939 -0.0159898 -0.0184294 -0.0168315 -0.0138635 -0.0141910 -0.0203271 -0.0158911 -0.0151586 -0.0173921 -0.0155887 -0.0152500 -0.0144774 -0.0167835 -0.0084940 -0.0149339 -0.0099213 -0.0079138 -0.0077972 -0.0152798 -0.0136732 -0.0156042 -0.0138468 -0.0144580 -0.0091094 -0.0206123 -0.0137348 -0.0077652 -0.0165333 -0.0181768 -0.0122637 -0.0172133 -0.0153193 -0.0167316 -0.0121573 -0.0147931 -0.0154928 -0.0151567 -0.0045502 -0.0150649 -0.0146794 -0.0082999 -0.0158429 -0.0161029 -0.0171487
-0.0306238 -0.0371284 -0.0375800 -0.0313124 -0.0382053 1.4144222 -0.0313880 -0.0272309 -0.0303141 -0.0320481 -0.0369026 -0.0245040 -0.0336573 -0.0337809 -0.0345466 -0.0351997 -0.0115027 -0.0122619 -0.0298314 -0.0219431 -0.0214710 -0.0343440 -0.0384237 -0.0318921 -0.0338005 -0.0306459 -0.0264576 -0.0122138 -0.0285755 -0.0381620 -0.0402355 -0.0248757 -0.0072182 -0.0075585 -0.0086072 -0.0080540 -0.0070161 -0.0073220 -0.0085033 -0.0083998 -0.0071013 -0.0071222 -0.0100204 -0.0083451 -0.0075568 -0.0082950 -0.0080676 -0.0071124 -0.0077222 -0.0080102 -0.0041705 -0.0073860 -0.0052998 -0.0049813 -0.0045179 -0.0082886 -0.0069260 -0.0081224 -0.0063951 -0.0082157 -0.0053146 -0.0099863 -0.0080644 -0.0044827 -0.0083976 -0.0080699 -0.0070321 -0.0088846 -0.0086216 -0.0084941 -0.0067175 -0.0074742 -0.0073771 -0.0077985 -0.0033821 -0.0077407 -0.0077441 -0.0052844 -0.0079951 -0.0082890 -0.0082331
-0.0346593 -0.0418842 -0.0406521 -0.0352926 -0.0415043 -0.0313880 1.6944448 -0.0300338 -0.0343600 -0.0359124 -0.0418412 -0.0296451 -0.0374906 -0.0372582 -0.0384355 -0.0381787 -0.0127013 -0.0140839 -0.0335426 -0.0252978 -0.0251277 -0.0397208 -0.0426808 -0.0380126 -0.0377890 -0.0341704 -0.0303124 -0.0146654 -0.0319586 -0.0442317 -0.0442697 -0.0273144 -0.0108360 -0.0107614 -0.0114788 -0.0119347 -0.0106359 -0.0109373 -0.0126275 -0.0118221 -0.0095177 -0.0097598 -0.0133536 -0.0114720 -0.0112247 -0.0117902 -0.0109985 -0.0108894 -0.0104696 -0.0121489 -0.0066024 -0.0099643 -0.0080001 -0.0067332 -0.0068336 -0.0115652 -0.0100455 -0.0112525 -0.0104119 -0.0103510 -0.0072390 -0.0143501 -0.0110919 -0.0056013 -0.0119861 -0.0116497 -0.0085898 -0.0126849 -0.0118706 -0.0119283 -0.0096506 -0.0102343 -0.0105408 -0.0101993 -0.0049311 -0.0111600 -0.0104937 -0.0063474 -0.0111360 -0.0115617 -0.0118116
-0.0290176 -0.0380403 -0.0366654 -0.0309379 -0.0364662 -0.0272309 -0.0300338 1.5439165 -0.0291282 -0.0310114 -0.0366682 -0.0255366 -0.0333731 -0.0314670 -0.0325948 -0.0337707 -0.0103244 -0.0101701 -0.0278783 -0.0216097 -0.0216368 -0.0334950 -0.0358128 -0.0335150 -0.0314310 -0.0303448 -0.0252030 -0.0112824 -0.0276347 -0.0376374 -0.0388744 -0.0221963 -0.0072743 -0.0083218 -0.0083978 -0.0089862 -0.0079586 -0.0083812 -0.0099414 -0.0081818 -0.0069728 -0.0073242 -0.0102786 -0.0087302 -0.0077951 -0.0090618 -0.0081769 -0.0079151 -0.0081349 -0.0094860 -0.0038094 -0.0068584 -0.0048314 -0.0034947 -0.0036773 -0.0086386 -0.0069690 -0.0083312 -0.0071961 -0.0069823 -0.0036964 -0.0112466 -0.0069875 -0.0037204 -0.0089028 -0.0085616 -0.0065280 -0.0090773 -0.0082931 -0.0086655 -0.0060961 -0.0077735 -0.0080606 -0.0078909 -0.0009700 -0.0069150 -0.0071689 -0.0033697 -0.0084484 -0.0092623 -0.0084438
-0.0320329 -0.0432647 -0.0387891 -0.0324212 -0.0426589 -0.0303141 -0.0343600 -0.0291282 1.7489623 -0.0337033 -0.0411466 -0.0290054 -0.0362524 -0.0364940 -0.0356156 -0.0372146 -0.0113431 -0.0095874 -0.0317513 -0.0232654 -0.0238608 -0.0384368 -0.0400756 -0.0372871 -0.0366566 -0.0335788 -0.0271864 -0.0121049 -0.0315717 -0.0412935 -0.0443289 -0.0245427 -0.0086026 -0.0096010 -0.0107552 -0.0107537 -0.0096061 -0.0102037 -0.0111854 -0.0104607 -0.0086033 -0.0094192 -0.0137455 -0.0095834 -0.0095478 -0.0103479 -0.0088690 -0.0097338 -0.0102772 -0.0118238 -0.0033823 -0.0089993 -0.0048904 -0.0032392 -0.0042059 -0.0102280 -0.0083518 -0.0090810 -0.0085843 -0.0078947 -0.0036866 -0.0136574 -0.0094207 -0.0031050 -0.0112301 -0.0119116 -0.0066837 -0.0127400 -0.0100781 -0.0120939 -0.0070159 -0.0093438 -0.0097977 -0.0096007 0.0007828 -0.0095150 -0.0081160 -0.0035700 -0.0099307 -0.0112485 -0.0113694
-0.0360707 -0.0418543 -0.0419055 -0.0356381 -0.0432231 -0.0320481 -0.0359124 -0.0310114 -0.0337033 1.7713087 -0.0428045 -0.0281152 -0.0370471 -0.0367125 -0.0377771 -0.0389586 -0.0124708 -0.0143821 -0.0353152 -0.0253668 -0.0254532 -0.0384117 -0.0432117 -0.0381104 -0.0369118 -0.0322888 -0.0315141 -0.0148353 -0.0335023 -0.0446835 -0.0443098 -0.0295859 -0.0108831 -0.0107770 -0.0134131 -0.0125316 -0.0113720 -0.0117255 -0.0134499 -0.0131968 -0.0109696 -0.0110409 -0.0151049 -0.0122554 -0.0111138 -0.0128872 -0.0113743 -0.0116015 -0.0111760 -0.0124082 -0.0063261 -0.0114540 -0.0071947 -0.0068493 -0.0067018 -0.0130044 -0.0106865 -0.0122700 -0.0104477 -0.0112933 -0.0079745 -0.0147313 -0.0117837 -0.0071610 -0.0127660 -0.0128263 -0.0095045 -0.0129327 -0.0111285 -0.0124517 -0.0097326 -0.0105268 -0.0108640 -0.0109754 -0.0044083 -0.0110115 -0.0112343 -0.0065523 -0.0123251 -0.0127002 -0.0119715
-0.0408776 -0.0495534 -0.0478184 -0.0415353 -0.0505252 -0.0369026 -0.0418412 -0.0366682 -0.0411466 -0.0428045 2.0391431 -0.0341743 -0.0428615 -0.0448256 -0.0463976 -0.0468138 -0.0120511 -0.0151052 -0.0395861 -0.0282929 -0.0281894 -0.0443323 -0.0498903 -0.0450080 -0.0436600 -0.0395521 -0.0360242 -0.0171638 -0.0389268 -0.0513042 -0.0514443 -0.0327436 -0.0128551 -0.0141022 -0.0160908 -0.0169252 -0.0148422 -0.0151478 -0.0170607 -0.0163653 -0.0133407 -0.0144727 -0.0191809 -0.0151642 -0.0141957 -0.0167020 -0.0148008 -0.0142001 -0.0139048 -0.0168572 -0.0069208 -0.0144386 -0.0092034 -0.0072914 -0.0071780 -0.0165970 -0.0125974 -0.0154074 -0.0130451 -0.0126244 -0.0092066 -0.0196166 -0.0146791 -0.0074066 -0.0162059 -0.0162867 -0.0123217 -0.0165012 -0.0158695 -0.0164239 -0.0124506 -0.0138347 -0.0145432 -0.0143054 -0.0049892 -0.0143852 -0.0135576 -0.0079540 -0.0152574 -0.0155997 -0.0163919
-0.0269573 -0.0369352 -0.0319950 -0.0271234 -0.0346450 -0.0245040 -0.0296451 -0.0255366 -0.0290054 -0.0281152 -0.0341743 1.4786619 -0.0312571 -0.0303463 -0.0314840 -0.0304454 -0.0115752 -0.0118861 -0.0264977 -0.0202289 -0.0217050 -0.0321000 -0.0328866 -0.0291620 -0.0293029 -0.0280679 -0.0234031 -0.0129795 -0.0268284 -0.0343531 -0.0352259 -0.0219573 -0.0088794 -0.0080567 -0.0088624 -0.0087782 -0.0082030 -0.0088141 -0.0096252 -0.0082453 -0.0080947 -0.0080652 -0.0095328 -0.0081677 -0.0080992 -0.0091951 -0.0084846 -0.0087330 -0.0080998 -0.0091016 -0.0057328 -0.0086118 -0.0066032 -0.0057486 -0.0065405 -0.0088163 -0.0081864 -0.0087901 -0.0077695 -0.0077906 -0.0064801 -0.0102873 -0.0079821 -0.0059207 -0.0092833 -0.0096214 -0.0082246 -0.0096834 -0.0091102 -0.0090380 -0.0078242 -0.0084312 -0.0084277 -0.0078987 -0.0047160 -0.0086583 -0.0083330 -0.0057386 -0.0082956 -0.0086326 -0.0082341
-0.0347996 -0.0451796 -0.0446661 -0.0381555 -0.0453928 -0.0336573 -0.0374906 -0.0333731 -0.0362524 -0.0370471 -0.0428615 -0.0312571 1.8370785 -0.0381247 -0.0392601 -0.0421860 -0.0139627 -0.0140587 -0.0342816 -0.0258863 -0.0269508 -0.0414507 -0.0437191 -0.0389802 -0.0393215 -0.0361959 -0.0315126 -0.0162477 -0.0355208 -0.0451597 -0.0459528 -0.0287306 -0.0118419 -0.0121202 -0.0127761 -0.0135410 -0.0125147 -0.0122010 -0.0142786 -0.0132044 -0.0111857 -0.0120266 -0.0164112 -0.0124964 -0.0118058 -0.0132458 -0.0125623 -0.0123482 -0.0122617 -0.0135792 -0.0063986 -0.0118629 -0.0082965 -0.0071234 -0.0067734 -0.0125858 -0.0111250 -0.0123945 -0.0116791 -0.0111902 -0.0079500 -0.0158347 -0.0117969 -0.0074038 -0.0136085 -0.0128587 -0.0103865 -0.0145355 -0.0129885 -0.0138060 -0.0105368 -0.0117148 -0.0119844 -0.0124948 -0.0047701 -0.0118582 -0.0115104 -0.0068279 -0.0126793 -0.0136284 -0.0136854
-0.0364410 -0.0447408 -0.0430534 -0.0380807 -0.0439283 -0.0337809 -0.0372582 -0.0314670 -0.0364940 -0.0367125 -0.0448256 -0.0303463 -0.0381247 1.8149318 -0.0399958 -0.0388036 -0.0127361 -0.0122624 -0.0354536 -0.0259451 -0.0260623 -0.0416251 -0.0434780 -0.0393014 -0.0400016 -0.0348576 -0.0309059 -0.0155688 -0.0351346 -0.0461701 -0.0469794 -0.0281475 -0.0113650 -0.0114750 -0.0131307 -0.0137380 -0.0116378 -0.0124838 -0.0141284 -0.0135344 -0.0107614 -0.0107663 -0.0159317 -0.0129161 -0.0116385 -0.0129448 -0.0124432 -0.0122953 -0.0115759 -0.0136959 -0.0074943 -0.0120372 -0.0085836 -0.0071462 -0.0077751 -0.0136398 -0.0111343 -0.0133343 -0.0111030 -0.0118153 -0.0081150 -0.0157063 -0.0115086 -0.0078161 -0.0131535 -0.0141414 -0.0103171 -0.0144056 -0.0129108 -0.0135892 -0.0102247 -0.0111438 -0.0124061 -0.0118537 -0.0051682 -0.0119594 -0.0119009 -0.0070454 -0.0122023 -0.0132003 -0.0131788
-0.0368321 -0.0470472 -0.0434780 -0.0365511 -0.0469058 -0.0345466 -0.0384355 -0.0325948 -0.0356156 -0.0377771 -0.0463976 -0.0314840 -0.0392601 -0.0399958 1.8355099 -0.0414790 -0.0121581 -0.0140842 -0.0366322 -0.0271561 -0.0271450 -0.0419055 -0.0454013 -0.0412504 -0.0397138 -0.0363928 -0.0327206 -0.0159124 -0.0360534 -0.0470405 -0.0474786 -0.0299137 -0.0118129 -0.0120491 -0.0135106 -0.0135091 -0.0119855 -0.0125008 -0.0142441 -0.0126147 -0.0113618 -0.0119025 -0.0164027 -0.0133589 -0.0117404 -0.0149778 -0.0132676 -0.0128718 -0.0120917 -0.0144475 -0.0059454 -0.0123032 -0.0084043 -0.0059737 -0.0067931 -0.0134552 -0.0109317 -0.0121955 -0.0113546 -0.0115893 -0.0078389 -0.0165173 -0.0121760 -0.0067957 -0.0138509 -0.0144965 -0.0100345 -0.0139236 -0.0131560 -0.0142379 -0.0107033 -0.0117917 -0.0125788 -0.0128228 -0.0050082 -0.0126351 -0.0118196 -0.0065065 -0.0126729 -0.0139545 -0.0138784
-0.0374395 -0.0463886 -0.0468753 -0.0392047 -0.0465942 -0.0351997 -0.0381787 -0.0337707 -0.0372146 -0.0389586 -0.0468138 -0.0304454 -0.0421860 -0.0388036 -0.0414790 1.8983543 -0.0124986 -0.0144072 -0.0366048 -0.0263721 -0.0272757 -0.0433707 -0.0465839 -0.0418191 -0.0412385 -0.0378102 -0.0327525 -0.0161362 -0.0376628 -0.0480745 -0.0501860 -0.0296715 -0.0116510 -0.0119625 -0.0139171 -0.0139917 -0.0124190 -0.0129631 -0.0152869 -0.0131204 -0.0119501 -0.0116748 -0.0162234 -0.0132360 -0.0125001 -0.0146907 -0.0137024 -0.0127527 -0.0120723 -0.0145483 -0.0060744 -0.0131213 -0.0085211 -0.0056419 -0.0068713 -0.0132145 -0.0114027 -0.0134698 -0.0117208 -0.0114093 -0.0072522 -0.0175128 -0.0123543 -0.0067788 -0.0142244 -0.0146905 -0.0103130 -0.0152618 -0.0130164 -0.0143043 -0.0107181 -0.0118843 -0.0133121 -0.0123834 -0.0026113 -0.0129045 -0.0118108 -0.0059166 -0.0133392 -0.0139248 -0.0144222
-0.0120045 -0.0147780 -0.0120312 -0.0117707 -0.0134001 -0.0115027 -0.0127013 -0.0103244 -0.0113431 -0.0124708 -0.0120511 -0.0115752 -0.0139627 -0.0127361 -0.0121581 -0.0124986 1.1491750 -0.0063796 -0.0088192 -0.0097937 -0.0100092 -0.0130973 -0.0125189 -0.0121665 -0.0120760 -0.0117293 -0.0100143 -0.0064213 -0.0109744 -0.0137064 -0.0137450 -0.0109245 -0.0038747 -0.0031431 -0.0034948 -0.0031259 -0.0038659 -0.0040857 -0.0040467 -0.0033649 -0.0033159 -0.0036413 -0.0037723 -0.0033759 -0.0036294 -0.0036466 -0.0034893 -0.0037210 -0.0037345 -0.0035426 -0.0036153 -0.0034612 -0.0038291 -0.0039670 -0.0039799 -0.0027531 -0.0038118 -0.0033854 -0.0032983 -0.0046444 -0.0040819 -0.0042966 -0.0031487 -0.0040048 -0.0040945 -0.0027110 -0.0040017 -0.0037811 -0.0037787 -0.0034180 -0.0038750 -0.0036632 -0.0030642 -0.0037900 -0.0041436 -0.0037761 -0.0034908 -0.0041460 -0.0031355 -0.0034037 -0.0029321
-0.0136435 -0.0150810 -0.0144319 -0.0122245 -0.0171160 -0.0122619 -0.0140839 -0.0101701 -0.0095874 -0.0143821 -0.0151052 -0.0118861 -0.0140587 -0.0122624 -0.0140842 -0.0144072 -0.0063796 1.2132266 -0.0116805 -0.0093160 -0.0101526 -0.0147429 -0.0157799 -0.0133283 -0.0135104 -0.0123231 -0.0117728 -0.0070767 -0.0129400 -0.0176109 -0.0163155 -0.0130272 -0.0044050 -0.0038850 -0.0043201 -0.0039193 -0.0041467 -0.0048873 -0.0044617 -0.0042216 -0.0041843 -0.0044820 -0.0047433 -0.0042942 -0.0038354 -0.0043779 -0.0041630 -0.0040173 -0.0042564 -0.0041814 -0.0035480 -0.0043230 -0.0040374 -0.0041233 -0.0040950 -0.0036595 -0.0046363 -0.0043874 -0.0042737 -0.0051466 -0.0041066 -0.0048595 -0.0040266 -0.0038846 -0.0046017 -0.0038930 -0.0043107 -0.0047391 -0.0041858 -0.0045231 -0.0047243 -0.0041820 -0.0035671 -0.0045640 -0.0037464 -0.0045832 -0.0044952 -0.0038064 -0.0039278 -0.0043734 -0.0037795
-0.0328840 -0.0394261 -0.0381429 -0.0350742 -0.0413816 -0.0298314 -0.0335426 -0.0278783 -0.0317513 -0.0353152 -0.0395861 -0.0264977 -0.0342816 -0.0354536 -0.0366322 -0.0366048 -0.0088192 -0.0116805 1.6207874 -0.0236374 -0.0227074 -0.0352271 -0.0399418 -0.0349706 -0.0350648 -0.0308901 -0.0284449 -0.0118281 -0.0312051 -0.0405632 -0.0418393 -0.0255729 -0.0081394 -0.0085576 -0.0101852 -0.0098485 -0.0081971 -0.0087502 -0.0106619 -0.0089292 -0.0083223 -0.0090788 -0.0118127 -0.0093355 -0.0085192 -0.0105346 -0.0090822 -0.0076124 -0.0084638 -0.0090765 -0.0027217 -0.0091200 -0.0051296 -0.0034831 -0.0033734 -0.0096198 -0.0080504 -0.0085963 -0.0080878 -0.0078456 -0.0055325 -0.0129472 -0.0083873 -0.0044213 -0.0098261 -0.0110410 -0.0078578 -0.0106156 -0.0086167 -0.0094868 -0.0073400 -0.0079760 -0.0079785 -0.0083937 -0.0016715 -0.0080447 -0.0082729 -0.0035686 -0.0092006 -0.0098245 -0.0095468
-0.0243760 -0.0286118 -0.0292659 -0.0249216 -0.0297419 -0.0219431 -0.0252978 -0.0216097 -0.0232654 -0.0253668 -0.0282929 -0.0202289 -0.0258863 -0.0259451 -0.0271561 -0.0263721 -0.0097937 -0.0093160 -0.0236374 1.3636256 -0.0176930 -0.0280688 -0.0287306 -0.0252203 -0.0250924 -0.0237751 -0.0198292 -0.0094120 -0.0229197 -0.0309461 -0.0313944 -0.0192588 -0.0059806 -0.0055607 -0.0059761 -0.0070874 -0.0058022 -0.0064854 -0.0070645 -0.0065973 -0.0061154 -0.0054563 -0.0078287 -0.0065476 -0.0054574 -0.0067251 -0.0063413 -0.0063997 -0.0059664 -0.0069794 -0.0030064 -0.0055854 -0.0048200 -0.0035588 -0.0037286 -0.0065109 -0.0056631 -0.0057523 -0.0053823 -0.0064326 -0.0039718 -0.0079729 -0.0059766 -0.0033129 -0.0067096 -0.0060109 -0.0043173 -0.0068255 -0.0065457 -0.0066923 -0.0054404 -0.0058918 -0.0061736 -0.0062710 -0.0021575 -0.0066876 -0.0055313 -0.0034093 -0.0055979 -0.0065861 -0.0050391
-0.0242781 -0.0309651 -0.0281990 -0.0246760 -0.0295287 -0.0214710 -0.0251277 -0.0216368 -0.0238608 -0.0254532 -0.0281894 -0.0217050 -0.0269508 -0.0260623 -0.0271450 -0.0272757 -0.0100092 -0.0101526 -0.0227074 -0.0176930 1.3528132 -0.0294226 -0.0300399 -0.0252666 -0.0257168 -0.0242035 -0.0196042 -0.0106488 -0.0227176 -0.0309856 -0.0304094 -0.0183606 -0.0066397 -0.0053222 -0.0064911 -0.0064171 -0.0066295 -0.0066314 -0.0072401 -0.0066219 -0.0061207 -0.0062085 -0.0081114 -0.0061802 -0.0064374 -0.0074828 -0.0067939 -0.0070969 -0.0064483 -0.0070941 -0.0044815 -0.0059705 -0.0049951 -0.0047637 -0.0046407 -0.0064470 -0.0058866 -0.0065488 -0.0058745 -0.0072020 -0.0050187 -0.0083860 -0.0060365 -0.0047174 -0.0075421 -0.0069754 -0.0058164 -0.0081070 -0.0068973 -0.0071299 -0.0056178 -0.0064591 -0.0061125 -0.0066226 -0.0040719 -0.0068634 -0.0064732 -0.0046193 -0.0063514 -0.0070064 -0.0066915
-0.0381820 -0.0471572 -0.0445745 -0.0379035 -0.0478291 -0.0343440 -0.0397208 -0.0334950 -0.0384368 -0.0384117 -0.0443323 -0.0321000 -0.0414507 -0.0416251 -0.0419055 -0.0433707 -0.0130973 -0.0147429 -0.0352271 -0.0280688 -0.0294226 1.8945484 -0.0458448 -0.0407961 -0.0398562 -0.0374387 -0.0330189 -0.0161387 -0.0371805 -0.0452269 -0.0473997 -0.0289931 -0.0117030 -0.0122082 -0.0134554 -0.0142366 -0.0124408 -0.0128465 -0.0148176 -0.0137539 -0.0116881 -0.0116639 -0.0167989 -0.0137771 -0.0126074 -0.0143400 -0.0122234 -0.0128775 -0.0122211 -0.0144950 -0.0070346 -0.0122356 -0.0078670 -0.0066850 -0.0070747 -0.0125812 -0.0113710 -0.0128768 -0.0118828 -0.0120035 -0.0084265 -0.0173637 -0.0122035 -0.0070537 -0.0144847 -0.0140161 -0.0107103 -0.0159557 -0.0129677 -0.0149237 -0.0107432 -0.0127262 -0.0134079 -0.0122129 -0.0046946 -0.0126854 -0.0128678 -0.0060067 -0.0132899 -0.0141784 -0.0139089
-0.0416258 -0.0483831 -0.0502591 -0.0431478 -0.0513640 -0.0384237 -0.0426808 -0.0358128 -0.0400756 -0.0432117 -0.0498903 -0.0328866 -0.0437191 -0.0434780 -0.0454013 -0.0465839 -0.0125189 -0.0157799 -0.0399418 -0.0287306 -0.0300399 -0.0458448 2.1084027 -0.0439114 -0.0432022 -0.0389206 -0.0357889 -0.0173224 -0.0398813 -0.0514972 -0.0530734 -0.0329401 -0.0142869 -0.0145569 -0.0166500 -0.0168508 -0.0148766 -0.0149227 -0.0178988 -0.0163673 -0.0137270 -0.0144676 -0.0197907 -0.0154599 -0.0147933 -0.0177932 -0.0150662 -0.0137881 -0.0141524 -0.0164213 -0.0070412 -0.0154176 -0.0088392 -0.0074162 -0.0069898 -0.0161421 -0.0134546 -0.0157502 -0.0128049 -0.0135342 -0.0097940 -0.0195802 -0.0146936 -0.0077802 -0.0160564 -0.0169189 -0.0120180 -0.0172016 -0.0154225 -0.0169754 -0.0119883 -0.0145044 -0.0147969 -0.0139131 -0.0046687 -0.0146881 -0.0142107 -0.0064243 -0.0149552 -0.0160487 -0.0166124
-0.0353745 -0.0449078 -0.0433054 -0.0397912 -0.0465834 -0.0318921 -0.0380126 -0.0335150 -0.0372871 -0.0381104 -0.0450080 -0.0291620 -0.0389802 -0.0393014 -0.0412504 -0.0418191 -0.0121665 -0.0133283 -0.0349706 -0.0252203 -0.0252666 -0.0407961 -0.0439114 1.7520679 -0.0394329 -0.0360629 -0.0312766 -0.0145152 -0.0353995 -0.0458936 -0.0465122 -0.0288822 -0.0101729 -0.0107639 -0.0123132 -0.0125328 -0.0111531 -0.0115526 -0.0123535 -0.0122968 -0.0097208 -0.0110725 -0.0147465 -0.0114650 -0.0111160 -0.0126473 -0.0117757 -0.0110097 -0.0109306 -0.0126458 -0.0053063 -0.0110385 -0.0067352 -0.0052943 -0.0062227 -0.0121078 -0.0099288 -0.0113351 -0.0101631 -0.0101958 -0.0072768 -0.0155440 -0.0105839 -0.0058903 -0.0128761 -0.0123582 -0.0085721 -0.0134607 -0.0115573 -0.0127254 -0.0091326 -0.0103725 -0.0115241 -0.0112225 -0.0037538 -0.0101895 -0.0110957 -0.0059068 -0.0117753 -0.0120314 -0.0121446
-0.0368504 -0.0443374 -0.0441874 -0.0382585 -0.0452528 -0.0338005 -0.0377890 -0.0314310 -0.0366566 -0.0369118 -0.0436600 -0.0293029 -0.0393215 -0.0400016 -0.0397138 -0.0412385 -0.0120760 -0.0135104 -0.0350648 -0.0250924 -0.0257168 -0.0398562 -0.0432022 -0.0394329 1.7775137 -0.0353042 -0.0304076 -0.0150470 -0.0340606 -0.0458294 -0.0467517 -0.0288817 -0.0108795 -0.0118100 -0.0131368 -0.0134510 -0.0112154 -0.0121584 -0.0136121 -0.0130956 -0.0108920 -0.0111013 -0.0157805 -0.0125842 -0.0110931 -0.0131128 -0.0115369 -0.0121316 -0.0107843 -0.0127164 -0.0060524 -0.0111756 -0.0074638 -0.0065771 -0.0066514 -0.0122167 -0.0101199 -0.0124455 -0.0105589 -0.0110022 -0.0075700 -0.0158046 -0.0111931 -0.0055730 -0.0134302 -0.0133746 -0.0095161 -0.0126958 -0.0118652 -0.0130904 -0.0093874 -0.0116107 -0.0115427 -0.0113178 -0.0046157 -0.0117607 -0.0115472 -0.0064033 -0.0117498 -0.0135626 -0.0122119
-0.0326945 -0.0412300 -0.0401091 -0.0338239 -0.0408211 -0.0306459 -0.0341704 -0.0303448 -0.0335788 -0.0322888 -0.0395521 -0.0280679 -0.0361959 -0.0348576 -0.0363928 -0.0378102 -0.0117293 -0.0123231 -0.0308901 -0.0237751 -0.0242035 -0.0374387 -0.0389206 -0.0360629 -0.0353042 1.6544815 -0.0271836 -0.0133395 -0.0306689 -0.0413503 -0.0422629 -0.0249314 -0.0095621 -0.0086293 -0.0107313 -0.0108858 -0.0096028 -0.0100052 -0.0117045 -0.0108124 -0.0082702 -0.0087792 -0.0131507 -0.0100569 -0.0100608 -0.0104051 -0.0099488 -0.0095340 -0.0098056 -0.0106181 -0.0042751 -0.0089602 -0.0056225 -0.0040325 -0.0060173 -0.0102270 -0.0087315 -0.0097300 -0.0090168 -0.0092794 -0.0061428 -0.0131627 -0.0092474 -0.0048205 -0.0119093 -0.0103048 -0.0079052 -0.0118895 -0.0103772 -0.0113742 -0.0073750 -0.0094286 -0.0099286 -0.0098980 -0.0028914 -0.0097505 -0.0091666 -0.0045492 -0.0104663 -0.0111612 -0.0109550
-0.0285324 -0.0362727 -0.0358319 -0.0306311 -0.0382560 -0.0264576 -0.0303124 -0.0252030 -0.0271864 -0.0315141 -0.0360242 -0.0234031 -0.0315126 -0.0309059 -0.0327206 -0.0327525 -0.0100143 -0.0117728 -0.0284449 -0.0198292 -0.0196042 -0.0330189 -0.0357889 -0.0312766 -0.0304076 -0.0271836 1.3597184 -0.0125957 -0.0271574 -0.0375584 -0.0391952 -0.0235621 -0.0062942 -0.0070369 -0.0073423 -0.0074340 -0.0068222 -0.0077871 -0.0075159 -0.0070515 -0.0066298 -0.0066725 -0.0086953 -0.0071365 -0.0065636 -0.0072569 -0.0061172 -0.0064850 -0.0062149 -0.0074330 -0.0039948 -0.0073289 -0.0049219 -0.0048128 -0.0038070 -0.0071204 -0.0061593 -0.0074029 -0.0058644 -0.0072028 -0.0044518 -0.0094097 -0.0067536 -0.0042498 -0.0080311 -0.0074395 -0.0060887 -0.0086869 -0.0072933 -0.0072515 -0.0059805 -0.0069722 -0.0061533 -0.0067619 -0.0037578 -0.0072252 -0.0064153 -0.0043846 -0.0070254 -0.0071309 -0.0069637
-0.0143892 -0.0177170 -0.0164522 -0.0134658 -0.0173584 -0.0122138 -0.0146654 -0.0112824 -0.0121049 -0.0148353 -0.0171638 -0.0129795 -0.0162477 -0.0155688 -0.0159124 -0.0161362 -0.0064213 -0.0070767 -0.0118281 -0.0094120 -0.0106488 -0.0161387 -0.0173224 -0.0145152 -0.0150470 -0.0133395 -0.0125957 1.1194395 -0.0129414 -0.0181790 -0.0180593 -0.0121072 -0.0036448 -0.0030960 -0.0030340 -0.0027756 -0.0026902 -0.0036918 -0.0031501 -0.0029319 -0.0028636 -0.0028443 -0.0031034 -0.0027545 -0.0028489 -0.0033725 -0.0032215 -0.0030669 -0.0029462 -0.0032829 -0.0026122 -0.0029336 -0.0035444 -0.0035360 -0.0030066 -0.0030306 -0.0029905 -0.0033949 -0.0033892 -0.0041590 -0.0032024 -0.0039900 -0.0028943 -0.0033729 -0.0035110 -0.0028589 -0.0032181 -0.0037008 -0.0034457 -0.0032687 -0.0037417 -0.0031446 -0.0026660 -0.0035261 -0.0030884 -0.0036284 -0.0032967 -0.0031296 -0.0028784 -0.0031295 -0.0028928
-0.0320442 -0.0401409 -0.0396743 -0.0338824 -0.0410304 -0.0285755 -0.0319586 -0.0276347 -0.0315717 -0.0335023 -0.0389268 -0.0268284 -0.0355208 -0.0351346 -0.0360534 -0.0376628 -0.0109744 -0.0129400 -0.0312051 -0.0229197 -0.0227176 -0.0371805 -0.0398813 -0.0353995 -0.0340606 -0.0306689 -0.0271574 -0.0129414 1.5088245 -0.0398053 -0.0420034 -0.0242025 -0.0080648 -0.0084063 -0.0091368 -0.0098714 -0.0086951 -0.0081722 -0.0104928 -0.0090866 -0.0077639 -0.0083395 -0.0112423 -0.0089968 -0.0079436 -0.0098859 -0.0085570 -0.0084896 -0.0078680 -0.0087226 -0.0043496 -0.0081623 -0.0057332 -0.0051655 -0.0049570 -0.0089566 -0.0079953 -0.0089718 -0.0073451 -0.0082669 -0.0050555 -0.0115804 -0.0088658 -0.0047828 -0.0090560 -0.0092350 -0.0068333 -0.0103554 -0.0089116 -0.0088998 -0.0076333 -0.0079312 -0.0088226 -0.0083268 -0.0036902 -0.0086397 -0.0081518 -0.0047069 -0.0081512 -0.0095976 -0.0091640
-0.0420431 -0.0492569 -0.0491859 -0.0444198 -0.0511613 -0.0381620 -0.0442317 -0.0376374 -0.0412935 -0.0446835 -0.0513042 -0.0343531 -0.0451597 -0.0461701 -0.0470405 -0.0480745 -0.0137064 -0.0176109 -0.0405632 -0.0309461 -0.0309856 -0.0452269 -0.0514972 -0.0458936 -0.0458294 -0.0413503 -0.0375584 -0.0181790 -0.0398053 2.1222568 -0.0553597 -0.0349024 -0.0156332 -0.0159251 -0.0178563 -0.0178664 -0.0163571 -0.0160723 -0.0176302 -0.0175464 -0.0153917 -0.0147819 -0.0206477 -0.0164156 -0.0157157 -0.0182189 -0.0166258 -0.0156371 -0.0152824 -0.0166039 -0.0091505 -0.0155106 -0.0103875 -0.0098420 -0.0081586 -0.0162344 -0.0140603 -0.0163989 -0.0140807 -0.0159074 -0.0108769 -0.0214980 -0.0152488 -0.0102298 -0.0170054 -0.0178973 -0.0134314 -0.0180235 -0.0161125 -0.0177538 -0.0133098 -0.0151176 -0.0163434 -0.0159349 -0.0057070 -0.0154205 -0.0159377 -0.0087736 -0.0171307 -0.0181591 -0.0170977
-0.0446533 -0.0539155 -0.0524552 -0.0454409 -0.0533033 -0.0402355 -0.0442697 -0.0388744 -0.0443289 -0.0443098 -0.0514443 -0.0352259 -0.0459528 -0.0469794 -0.0474786 -0.0501860 -0.0137450 -0.0163155 -0.0418393 -0.0313944 -0.0304094 -0.0473997 -0.0530734 -0.0465122 -0.0467517 -0.0422629 -0.0391952 -0.0180593 -0.0420034 -0.0553597 2.1807818 -0.0340720 -0.0154363 -0.0151350 -0.0175394 -0.0186425 -0.0155015 -0.0159829 -0.0185578 -0.0165290 -0.0141617 -0.0147750 -0.0206537 -0.0170942 -0.0145541 -0.0174136 -0.0166148 -0.0155095 -0.0145476 -0.0172704 -0.0072142 -0.0154325 -0.0079597 -0.0076347 -0.0071351 -0.0175774 -0.0144667 -0.0164913 -0.0141482 -0.0147784 -0.0088907 -0.0205512 -0.0149607 -0.0068351 -0.0173629 -0.0181708 -0.0128734 -0.0175703 -0.0164115 -0.0172107 -0.0133683 -0.0157577 -0.0154051 -0.0156497 -0.0040120 -0.0154454 -0.0146845 -0.0074260 -0.0165941 -0.0175361 -0.0186335
-0.0274560 -0.0331041 -0.0331083 -0.0290084 -0.0340968 -0.0248757 -0.0273144 -0.0221963 -0.0245427 -0.0295859 -0.0327436 -0.0219573 -0.0287306 -0.0281475 -0.0299137 -0.0296715 -0.0109245 -0.0130272 -0.0255729 -0.0192588 -0.0183606 -0.0289931 -0.0329401 -0.0288822 -0.0288817 -0.0249314 -0.0235621 -0.0121072 -0.0242025 -0.0349024 -0.0340720 1.3869650 -0.0066118 -0.0075183 -0.0084714 -0.0074415 -0.0081125 -0.0080324 -0.0084297 -0.0072637 -0.0072215 -0.0066106 -0.0086710 -0.0074017 -0.0072123 -0.0075494 -0.0074378 -0.0070220 -0.0072263 -0.0079797 -0.0055680 -0.0066838 -0.0062435 -0.0052890 -0.0046694 -0.0077711 -0.0068637 -0.0082785 -0.0071409 -0.0078329 -0.0058546 -0.0087027 -0.0070956 -0.0046826 -0.0074661 -0.0082743 -0.0066998 -0.0085101 -0.0084940 -0.0074306 -0.0065500 -0.0065799 -0.0068529 -0.0080487 -0.0056171 -0.0075342 -0.0072509 -0.0058402 -0.0076439 -0.0076416 -0.0073365
-0.0096419 -0.0145248 -0.0121692 -0.0096242 -0.0142377 -0.0072182 -0.0108360 -0.0072743 -0.0086026 -0.0108831 -0.0128551 -0.0088794 -0.0118419 -0.0113650 -0.0118129 -0.0116510 -0.0038747 -0.0044050 -0.0081394 -0.0059806 -0.0066397 -0.0117030 -0.0142869 -0.0101729 -0.0108795 -0.0095621 -0.0062942 -0.0036448 -0.0080648 -0.0156332 -0.0154363 -0.0066118 0.5986212 0.0024867 0.0033838 0.0038995 0.0030477 0.0024729 0.0032548 0.0034979 0.0026120 0.0027278 0.0035815 0.0031747 0.0028600 0.0035884 0.0028948 0.0026326 0.0027098 0.0032119 0.0004894 0.0028798 0.0014050 -0.0000229 0.0003218 0.0034799 0.0021465 0.0026906 0.0028321 0.0007923 0.0005881 0.0026823 0.0027677 0.0006278 0.0027767 0.0039151 0.0015206 0.0027158 0.0018234 0.0034015 0.0016139 0.0028003 0.0033397 0.0020823 -0.0007736 0.0020266 0.0023000 0.0005537 0.0034085 0.0037848 0.0035361
-0.0093347 -0.0151597 -0.0143666 -0.0113196 -0.0151429 -0.0075585 -0.0107614 -0.0083218 -0.0096010 -0.0107770 -0.0141022 -0.0080567 -0.0121202 -0.0114750 -0.0120491 -0.0119625 -0.0031431 -0.0038850 -0.0085576 -0.0055607 -0.0053222 -0.0122082 -0.0145569 -0.0107639 -0.0118100 -0.0086293 -0.0070369 -0.0030960 -0.0084063 -0.0159251 -0.0151350 -0.0075183 0.0024867 0.5414616 0.0042414 0.0044435 0.0033001 0.0030801 0.0034064 0.0040067 0.0033469 0.0035317 0.0043468 0.0038205 0.0035211 0.0040157 0.0037017 0.0033975 0.0031024 0.0041745 0.0010453 0.0034405 0.0015793 0.0007383 0.0010866 0.0041491 0.0027720 0.0034122 0.0036524 0.0017177 0.0012915 0.0032042 0.0032391 0.0011741 0.0033307 0.0044089 0.0023276 0.0033739 0.0023812 0.0041208 0.0024713 0.0032963 0.0037548 0.0029052 -0.0002291 0.0028205 0.0029544 0.0010569 0.0040047 0.0042222 0.0042836
-0.0111464 -0.0172958 -0.0160478 -0.0120573 -0.0178595 -0.0086072 -0.0114788 -0.0083978 -0.0107552 -0.0134131 -0.0160908 -0.0088624 -0.0127761 -0.0131307 -0.0135106 -0.0139171 -0.0034948 -0.0043201 -0.0101852 -0.0059761 -0.0064911 -0.0134554 -0.0166500 -0.0123132 -0.0131368 -0.0107313 -0.0073423 -0.0030340 -0.0091368 -0.0178563 -0.0175394 -0.0084714 0.0033838 0.0042414 0.4622749 0.0054621 0.0042164 0.0040626 0.0044240 0.0048922 0.0038499 0.0044284 0.0050125 0.0043490 0.0050294 0.0051831 0.0047623 0.0039835 0.0042528 0.0048290 0.0015147 0.0043229 0.0025165 0.0013770 0.0018246 0.0046598 0.0036452 0.0039297 0.0042680 0.0022625 0.0024633 0.0039866 0.0044172 0.0021641 0.0043977 0.0052254 0.0033937 0.0042328 0.0038585 0.0050918 0.0035462 0.0041251 0.0050005 0.0036562 0.0005244 0.0037819 0.0038544 0.0021088 0.0052396 0.0054238 0.0054622
-0.0106445 -0.0176621 -0.0160716 -0.0123302 -0.0177106 -0.0080540 -0.0119347 -0.0089862 -0.0107537 -0.0125316 -0.0169252 -0.0087782 -0.0135410 -0.0137380 -0.0135091 -0.0139917 -0.0031259 -0.0039193 -0.0098485 -0.0070874 -0.0064171 -0.0142366 -0.0168508 -0.0125328 -0.0134510 -0.0108858 -0.0074340 -0.0027756 -0.0098714 -0.0178664 -0.0186425 -0.0074415 0.0038995 0.0044435 0.0054621 0.4483535 0.0046952 0.0043160 0.0045580 0.0050423 0.0048104 0.0045790 0.0052187 0.0048028 0.0048089 0.0054120 0.0047961 0.0042470 0.0046687 0.0051714 0.0022543 0.0046126 0.0027235 0.0019252 0.0022672 0.0049912 0.0042536 0.0047268 0.0044596 0.0026536 0.0027152 0.0049935 0.0041854 0.0026108 0.0049503 0.0054027 0.0033059 0.0044079 0.0038999 0.0052694 0.0036663 0.0047542 0.0048067 0.0040625 0.0009413 0.0040237 0.0042433 0.0022208 0.0053999 0.0051405 0.0053678
-0.0099646 -0.0159131 -0.0141348 -0.0112793 -0.0147939 -0.0070161 -0.0106359 -0.0079586 -0.0096061 -0.0113720 -0.0148422 -0.0082030 -0.0125147 -0.0116378 -0.0119855 -0.0124190 -0.0038659 -0.0041467 -0.0081971 -0.0058022 -0.0066295 -0.0124408 -0.0148766 -0.0111531 -0.0112154 -0.0096028 -0.0068222 -0.0026902 -0.0086951 -0.0163571 -0.0155015 -0.0081125 0.0030477 0.0033001 0.0042164 0.0046952 0.5272548 0.0032966 0.0038144 0.0040802 0.0032880 0.0035254 0.0048001 0.0040029 0.0040962 0.0043727 0.0037946 0.0031317 0.0033528 0.0039684 0.0012406 0.0037054 0.0018391 0.0010396 0.0012722 0.0043385 0.0028856 0.0034513 0.0034805 0.0018269 0.0018249 0.0035142 0.0036770 0.0012644 0.0036479 0.0045442 0.0029638 0.0034201 0.0029162 0.0046518 0.0028349 0.0035658 0.0044607 0.0032066 -0.0002428 0.0030811 0.0031648 0.0012469 0.0044761 0.0042683 0.0045739
-0.0099214 -0.0159829 -0.0138653 -0.0112360 -0.0159898 -0.0073220 -0.0109373 -0.0083812 -0.0102037 -0.0117255 -0.0151478 -0.0088141 -0.0122010 -0.0124838 -0.0125008 -0.0129631 -0.0040857 -0.0048873 -0.0087502 -0.0064854 -0.0066314 -0.0128465 -0.0149227 -0.0115526 -0.0121584 -0.0100052 -0.0077871 -0.0036918 -0.0081722 -0.0160723 -0.0159829 -0.0080324 0.0024729 0.0030801 0.0040626 0.0043160 0.0032966 0.5438383 0.0033777 0.0042073 0.0029721 0.0033516 0.0044318 0.0033395 0.0035484 0.0039772 0.0034629 0.0030346 0.0031531 0.0039374 0.0009984 0.0032851 0.0015227 0.0005181 0.0007677 0.0035917 0.0025297 0.0032379 0.0033688 0.0016280 0.0012696 0.0032418 0.0032346 0.0012393 0.0034115 0.0040524 0.0020901 0.0029025 0.0023195 0.0040189 0.0024476 0.0032270 0.0035873 0.0026266 -0.0006178 0.0025445 0.0029023 0.0009986 0.0040604 0.0042308 0.0043728
-0.0111621 -0.0174506 -0.0164230 -0.0127557 -0.0184294 -0.0085033 -0.0126275 -0.0099414 -0.0111854 -0.0134499 -0.0170607 -0.0096252 -0.0142786 -0.0141284 -0.0142441 -0.0152869 -0.0040467 -0.0044617 -0.0106619 -0.0070645 -0.0072401 -0.0148176 -0.0178988 -0.0123535 -0.0136121 -0.0117045 -0.0075159 -0.0031501 -0.0104928 -0.0176302 -0.0185578 -0.0084297 0.0032548 0.0034064 0.0044240 0.0045580 0.0038144 0.0033777 0.5079462 0.0038835 0.0033609 0.0037773 0.0045346 0.0043659 0.0039636 0.0040826 0.0035042 0.0032904 0.0038120 0.0041672 0.0013587 0.0038832 0.0021595 0.0012378 0.0012736 0.0044124 0.0030952 0.0036208 0.0042321 0.0022871 0.0019333 0.0035553 0.0038710 0.0016896 0.0040320 0.0045170 0.0030233 0.0039001 0.0027456 0.0043075 0.0030239 0.0042500 0.0041491 0.0034150 0.0007207 0.0032899 0.0034111 0.0019785 0.0043781 0.0044838 0.0046433
-0.0107045 -0.0172654 -0.0156784 -0.0119767 -0.0168315 -0.0083998 -0.0118221 -0.0081818 -0.0104607 -0.0131968 -0.0163653 -0.0082453 -0.0132044 -0.0135344 -0.0126147 -0.0131204 -0.0033649 -0.0042216 -0.0089292 -0.0065973 -0.0066219 -0.0137539 -0.0163673 -0.0122968 -0.0130956 -0.0108124 -0.0070515 -0.0029319 -0.0090866 -0.0175464 -0.0165290 -0.0072637 0.0034979 0.0040067 0.0048922 0.0050423 0.0040802 0.0042073 0.0038835 0.4860379 0.0039895 0.0042198 0.0051495 0.0042497 0.0047610 0.0055720 0.0042558 0.0041747 0.0039501 0.0044275 0.0016361 0.0044116 0.0024099 0.0014917 0.0016349 0.0044499 0.0039400 0.0040925 0.0040953 0.0023765 0.0022308 0.0039774 0.0039828 0.0018288 0.0041051 0.0052251 0.0031773 0.0039880 0.0032675 0.0049417 0.0032769 0.0045879 0.0044924 0.0036032 0.0002322 0.0036450 0.0038830 0.0018752 0.0046881 0.0050724 0.0051771
-0.0097141 -0.0143692 -0.0133993 -0.0101976 -0.0138635 -0.0071013 -0.0095177 -0.0069728 -0.0086033 -0.0109696 -0.0133407 -0.0080947 -0.0111857 -0.0107614 -0.0113618 -0.0119501 -0.0033159 -0.0041843 -0.0083223 -0.0061154 -0.0061207 -0.0116881 -0.0137270 -0.0097208 -0.0108920 -0.0082702 -0.0066298 -0.0028636 -0.0077639 -0.0153917 -0.0141617 -0.0072215 0.0026120 0.0033469 0.0038499 0.0048104 0.0032880 0.0029721 0.0033609 0.0039895 0.5703052 0.0036380 0.0045819 0.0036671 0.0035474 0.0040121 0.0036216 0.0031098 0.0030319 0.0035051 0.0010369 0.0032246 0.0016208 0.0010780 0.0010834 0.0038346 0.0029354 0.0035379 0.0030642 0.0013883 0.0013678 0.0032146 0.0034334 0.0013777 0.0032443 0.0043474 0.0024859 0.0031178 0.0024284 0.0039913 0.0024947 0.0032459 0.0036780 0.0027892 -0.0003389 0.0028284 0.0030535 0.0014000 0.0038490 0.0039381 0.0043651
-0.0093066 -0.0142218 -0.0132151 -0.0104401 -0.0141910 -0.0071222 -0.0097598 -0.0073242 -0.0094192 -0.0110409 -0.0144727 -0.0080652 -0.0120266 -0.0107663 -0.0119025 -0.0116748 -0.0036413 -0.0044820 -0.0090788 -0.0054563 -0.0062085 -0.0116639 -0.0144676 -0.0110725 -0.0111013 -0.0087792 -0.0066725 -0.0028443 -0.0083395 -0.0147819 -0.0147750 -0.0066106 0.0027278 0.0035317 0.0044284 0.0045790 0.0035254 0.0033516 0.0037773 0.0042198 0.0036380 0.5272337 0.0044824 0.0038739 0.0036473 0.0045432 0.0039820 0.0031953 0.0033956 0.0043709 0.0010113 0.0036837 0.0016788 0.0006797 0.0010223 0.0042938 0.0029660 0.0032309 0.0032992 0.0019241 0.0015019 0.0035149 0.0036433 0.0012544 0.0034087 0.0043867 0.0023500 0.0035780 0.0027621 0.0040769 0.0026111 0.0035766 0.0038596 0.0029695 -0.0002781 0.0030642 0.0030566 0.0012060 0.0043542 0.0043877 0.0045188
-0.0126353 -0.0200648 -0.0184889 -0.0150287 -0.0203271 -0.0100204 -0.0133536 -0.0102786 -0.0137455 -0.0151049 -0.0191809 -0.0095328 -0.0164112 -0.0159317 -0.0164027 -0.0162234 -0.0037723 -0.0047433 -0.0118127 -0.0078287 -0.0081114 -0.0167989 -0.0197907 -0.0147465 -0.0157805 -0.0131507 -0.0086953 -0.0031034 -0.0112423 -0.0206477 -0.0206537 -0.0086710 0.0035815 0.0043468 0.0050125 0.0052187 0.0048001 0.0044318 0.0045346 0.0051495 0.0045819 0.0044824 0.4475884 0.0047643 0.0048300 0.0049432 0.0045201 0.0040931 0.0044535 0.0049012 0.0023368 0.0046023 0.0025056 0.0022185 0.0028502 0.0047525 0.0037139 0.0042405 0.0047683 0.0027910 0.0024403 0.0040895 0.0042778 0.0021866 0.0051195 0.0051619 0.0033988 0.0045488 0.0032212 0.0054635 0.0039053 0.0047385 0.0050487 0.0040074 0.0007786 0.0037653 0.0039911 0.0026939 0.0051012 0.0050363 0.0053238
-0.0103024 -0.0170476 -0.0148599 -0.0116557 -0.0158911 -0.0083451 -0.0114720 -0.0087302 -0.0095834 -0.0122554 -0.0151642 -0.0081677 -0.0124964 -0.0129161 -0.0133589 -0.0132360 -0.0033759 -0.0042942 -0.0093355 -0.0065476 -0.0061802 -0.0137771 -0.0154599 -0.0114650 -0.0125842 -0.0100569 -0.0071365 -0.0027545 -0.0089968 -0.0164156 -0.0170942 -0.0074017 0.0031747 0.0038205 0.0043490 0.0048028 0.0040029 0.0033395 0.0043659 0.0042497 0.0036671 0.0038739 0.0047643 0.5208193 0.0044290 0.0044762 0.0038337 0.0035237 0.0036221 0.0045456 0.0016063 0.0035646 0.0022707 0.0018419 0.0013326 0.0042402 0.0033228 0.0036332 0.0035886 0.0019114 0.0017890 0.0037387 0.0036852 0.0016230 0.0038772 0.0048885 0.0026636 0.0036002 0.0027807 0.0044750 0.0029999 0.0039371 0.0043351 0.0036300 0.0001312 0.0033151 0.0038248 0.0016605 0.0043491 0.0046154 0.0047992
-0.0094048 -0.0158155 -0.0133749 -0.0107860 -0.0151586 -0.0075568 -0.0112247 -0.0077951 -0.0095478 -0.0111138 -0.0141957 -0.0080992 -0.0118058 -0.0116385 -0.0117404 -0.0125001 -0.0036294 -0.0038354 -0.0085192 -0.0054574 -0.0064374 -0.0126074 -0.0147933 -0.0111160 -0.0110931 -0.0100608 -0.0065636 -0.0028489 -0.0079436 -0.0157157 -0.0145541 -0.0072123 0.0028600 0.0035211 0.0050294 0.0048089 0.0040962 0.0035484 0.0039636 0.0047610 0.0035474 0.0036473 0.0048300 0.0044290 0.5091927 0.0042399 0.0042287 0.0035098 0.0036239 0.0041976 0.0013356 0.0039189 0.0020426 0.0011235 0.0012384 0.0041747 0.0032742 0.0036864 0.0040396 0.0020670 0.0018073 0.0037256 0.0038959 0.0015491 0.0038083 0.0046718 0.0027734 0.0037393 0.0029469 0.0045292 0.0029787 0.0036957 0.0040875 0.0034687 0.0000013 0.0033340 0.0033193 0.0015150 0.0046017 0.0045699 0.0048184
