1.5520427 -0.0520325 -0.0366144 -0.0323599 -0.0504428 -0.0274175 -0.0313447 -0.0269740 -0.0302051 -0.0323610 -0.0371086 -0.0242094 -0.0326895 -0.0330875 -0.0337566 -0.0349509 -0.0116586 -0.0128330 -0.0298406 -0.0218453 -0.0220883 -0.0341494 -0.0517751 -0.0326939 -0.0330922 -0.0296868 -0.0262636 -0.0128688 -0.0290840 -0.0378693 -0.0514920 -0.0245540 -0.0076454 -0.0075099 -0.0086664 -0.0084214 -0.0080083 -0.0078658 -0.0089255 -0.0084750 -0.0073200 -0.0075220 -0.0102191 -0.0081093 -0.0071051 -0.0087063 -0.0080450 -0.0079439 -0.0076832 -0.0083004 -0.0050480 -0.0071497 -0.0057345 -0.0052023 -0.0049256 -0.0087555 -0.0068239 -0.0082138 -0.0070785 -0.0079382 -0.0062267 -0.0109518 -0.0074872 -0.0048329 -0.0086492 -0.0087038 -0.0065771 -0.0092952 -0.0084130 -0.0085327 -0.0070159 -0.0075365 -0.0081191 -0.0079263 -0.0044217 -0.0075710 -0.0075049 -0.0047789 -0.0078631 -0.0083345 -0.0085168
-0.0520325 2.3098946 -0.0616614 -0.0556809 0.1719171 -0.0494891 -0.0538831 -0.0509319 -0.0549446 -0.0554829 -0.0609586 -0.0500632 -0.0568903 -0.0565086 -0.0573282 -0.0583081 -0.0333070 -0.0363378 -0.0528976 -0.0460319 -0.0466928 -0.0582332 0.2309215 -0.0552470 -0.0560692 -0.0533600 -0.0488498 -0.0358665 -0.0509321 -0.0633805 -0.0651553 -0.0478679 -0.0236881 -0.0240462 -0.0240517 -0.0245171 -0.0235256 -0.0250448 -0.0254376 -0.0241143 -0.0237345 -0.0224250 -0.0255128 -0.0246552 -0.0235254 -0.0251189 -0.0245815 -0.0239673 -0.0245404 -0.0247687 -0.0221297 -0.0241497 -0.0233601 -0.0228718 -0.0222562 -0.0234488 -0.0237048 -0.0245335 -0.0233533 -0.0247617 -0.0219091 -0.0269371 -0.0235199 -0.0209484 -0.0238646 -0.0240915 -0.0238308 -0.0246594 -0.0254887 -0.0241461 -0.0212601 -0.0228615 -0.0244871 -0.0241729 -0.0229739 -0.0236467 -0.0240750 -0.0217035 -0.0237298 -0.0243938 -0.0244085
-0.0366144 -0.0616614 2.0349903 -0.0383615 -0.0602994 -0.0339636 -0.0368294 -0.0328938 -0.0366172 -0.0372279 -0.0417016 -0.0293630 -0.0389950 -0.0387268 -0.0397586 -0.0410317 -0.0155633 -0.0165469 -0.0359207 -0.0270291 -0.0275394 -0.0393782 -0.0612387 -0.0400259 -0.0391304 -0.0356156 -0.0324359 -0.0168018 -0.0361939 -0.0408727 -0.0606773 -0.0298565 -0.0117421 -0.0126448 -0.0135863 -0.0135374 -0.0125736 -0.0124504 -0.0144772 -0.0137035 -0.0115021 -0.0120584 -0.0156973 -0.0126341 -0.0113485 -0.0142197 -0.0122334 -0.0121013 -0.0120232 -0.0134703 -0.0082990 -0.0120070 -0.0095041 -0.0080300 -0.0077810 -0.0139618 -0.0111384 -0.0119649 -0.0111869 -0.0123348 -0.0094361 -0.0166964 -0.0113840 -0.0080698 -0.0133095 -0.0141113 -0.0101755 -0.0147702 -0.0131883 -0.0139446 -0.0114365 -0.0122296 -0.0129835 -0.0124508 -0.0072417 -0.0118981 -0.0118826 -0.0080961 -0.0127897 -0.0134857 -0.0136128
-0.0323599 -0.0556809 -0.0383615 1.7198358 -0.0541767 -0.0291880 -0.0325795 -0.0286330 -0.0318700 -0.0332587 -0.0379519 -0.0255272 -0.0343082 -0.0340152 -0.0346747 -0.0357664 -0.0133299 -0.0141472 -0.0318733 -0.0234577 -0.0234568 -0.0346229 -0.0553748 -0.0355079 -0.0345454 -0.0307828 -0.0281833 -0.0142252 -0.0310563 -0.0387828 -0.0538921 -0.0263231 -0.0089033 -0.0096751 -0.0102338 -0.0103436 -0.0096639 -0.0098010 -0.0108997 -0.0103391 -0.0087946 -0.0091311 -0.0124107 -0.0097353 -0.0088400 -0.0103332 -0.0094488 -0.0088325 -0.0090191 -0.0101194 -0.0061864 -0.0088899 -0.0072759 -0.0065102 -0.0063295 -0.0105797 -0.0085616 -0.0099083 -0.0085695 -0.0095177 -0.0073366 -0.0132867 -0.0092215 -0.0063892 -0.0103276 -0.0101976 -0.0081209 -0.0113033 -0.0104036 -0.0105603 -0.0086267 -0.0091755 -0.0092796 -0.0091087 -0.0052832 -0.0090855 -0.0091799 -0.0060388 -0.0095816 -0.0101219 -0.0101058
-0.0504428 0.1719171 -0.0602994 -0.0541767 2.2022846 -0.0476994 -0.0527510 -0.0492995 -0.0535910 -0.0538957 -0.0595036 -0.0480818 -0.0556316 -0.0548433 -0.0561125 -0.0568851 -0.0301277 -0.0332830 -0.0515959 -0.0433222 -0.0437519 -0.0569179 0.1500038 -0.0539532 -0.0544683 -0.0516689 -0.0468130 -0.0327586 -0.0492524 -0.0615807 -0.0627735 -0.0455680 -0.0215889 -0.0219526 -0.0223445 -0.0224277 -0.0213325 -0.0229327 -0.0235359 -0.0221783 -0.0214820 -0.0205982 -0.0238103 -0.0222252 -0.0214445 -0.0227980 -0.0222237 -0.0216762 -0.0218703 -0.0224057 -0.0200582 -0.0219902 -0.0207912 -0.0200614 -0.0195308 -0.0212313 -0.0216207 -0.0222259 -0.0210794 -0.0225551 -0.0195243 -0.0251603 -0.0210765 -0.0183730 -0.0218083 -0.0225195 -0.0212224 -0.0224507 -0.0230482 -0.0219191 -0.0193948 -0.0208909 -0.0221115 -0.0218663 -0.0201294 -0.0214830 -0.0217882 -0.0192621 -0.0215397 -0.0220252 -0.0224049
-0.0274175 -0.0494891 -0.0339636 -0.0291880 -0.0476994 1.3939853 -0.0286655 -0.0244754 -0.0278961 -0.0290560 -0.0339912 -0.0222249 -0.0303982 -0.0300055 -0.0307841 -0.0318695 -0.0106872 -0.0114053 -0.0272319 -0.0196387 -0.0196169 -0.0312997 -0.0491664 -0.0294263 -0.0301392 -0.0276853 -0.0235484 -0.0113574 -0.0260338 -0.0344430 -0.0477992 -0.0216506 -0.0057474 -0.0059087 -0.0065782 -0.0062794 -0.0058633 -0.0060188 -0.0069836 -0.0067009 -0.0054096 -0.0056404 -0.0080713 -0.0061646 -0.0055917 -0.0066865 -0.0060988 -0.0055702 -0.0058763 -0.0063701 -0.0036808 -0.0057418 -0.0043301 -0.0038997 -0.0036874 -0.0066989 -0.0052332 -0.0063944 -0.0049613 -0.0064849 -0.0044987 -0.0083107 -0.0060048 -0.0036356 -0.0066003 -0.0066526 -0.0051553 -0.0070875 -0.0068120 -0.0067071 -0.0054672 -0.0058596 -0.0059933 -0.0060514 -0.0033003 -0.0059075 -0.0059649 -0.0039514 -0.0062817 -0.0064633 -0.0066085
-0.0313447 -0.0538831 -0.0368294 -0.0325795 -0.0527510 -0.0286655 1.6670330 -0.0282089 -0.0326597 -0.0321001 -0.0375739 -0.0264781 -0.0346940 -0.0341634 -0.0347641 -0.0355128 -0.0129637 -0.0137248 -0.0306602 -0.0227944 -0.0231640 -0.0359345 -0.0542162 -0.0342029 -0.0340268 -0.0311084 -0.0272343 -0.0139227 -0.0297174 -0.0379528 -0.0532784 -0.0249303 -0.0087835 -0.0089010 -0.0094643 -0.0096654 -0.0087896 -0.0090317 -0.0103311 -0.0097998 -0.0078135 -0.0084841 -0.0113450 -0.0091746 -0.0086124 -0.0096791 -0.0089412 -0.0087535 -0.0085747 -0.0099358 -0.0059994 -0.0083375 -0.0068902 -0.0058542 -0.0060752 -0.0096810 -0.0080247 -0.0091215 -0.0083630 -0.0088631 -0.0067358 -0.0120564 -0.0088166 -0.0055706 -0.0097561 -0.0094744 -0.0072543 -0.0106096 -0.0098027 -0.0098623 -0.0081617 -0.0085878 -0.0091544 -0.0086148 -0.0053476 -0.0089546 -0.0084697 -0.0056685 -0.0091255 -0.0094022 -0.0096290
-0.0269740 -0.0509319 -0.0328938 -0.0286330 -0.0492995 -0.0244754 -0.0282089 1.4874458 -0.0290640 -0.0278767 -0.0332611 -0.0232983 -0.0302285 -0.0293196 -0.0299736 -0.0313458 -0.0114948 -0.0113182 -0.0264414 -0.0205741 -0.0204699 -0.0314696 -0.0506188 -0.0302441 -0.0297222 -0.0280538 -0.0232515 -0.0117308 -0.0262920 -0.0333054 -0.0497606 -0.0209110 -0.0065590 -0.0069269 -0.0070982 -0.0073186 -0.0069491 -0.0071269 -0.0083389 -0.0072216 -0.0061027 -0.0063571 -0.0086541 -0.0070353 -0.0064485 -0.0076690 -0.0068051 -0.0068179 -0.0067347 -0.0077591 -0.0045979 -0.0061337 -0.0052976 -0.0042366 -0.0045534 -0.0074031 -0.0062283 -0.0070160 -0.0061251 -0.0066191 -0.0048865 -0.0095460 -0.0063411 -0.0044145 -0.0077848 -0.0075293 -0.0056658 -0.0081949 -0.0075682 -0.0076203 -0.0061604 -0.0067454 -0.0071494 -0.0069028 -0.0037897 -0.0064814 -0.0064933 -0.0042015 -0.0069049 -0.0074029 -0.0073315
-0.0302051 -0.0549446 -0.0366172 -0.0318700 -0.0535910 -0.0278961 -0.0326597 -0.0290640 1.6878968 -0.0311092 -0.0374740 -0.0273943 -0.0351282 -0.0339628 -0.0339922 -0.0352633 -0.0140713 -0.0132533 -0.0302920 -0.0232068 -0.0242042 -0.0360020 -0.0544253 -0.0339910 -0.0338003 -0.0321594 -0.0258352 -0.0138989 -0.0299599 -0.0362010 -0.0538556 -0.0238763 -0.0086989 -0.0089004 -0.0095390 -0.0094105 -0.0090179 -0.0094356 -0.0101592 -0.0096112 -0.0082337 -0.0088573 -0.0117580 -0.0088339 -0.0085950 -0.0097829 -0.0085723 -0.0092370 -0.0091187 -0.0103154 -0.0062292 -0.0083042 -0.0068557 -0.0058761 -0.0062214 -0.0098473 -0.0082506 -0.0090428 -0.0081612 -0.0087757 -0.0064945 -0.0122803 -0.0087990 -0.0058716 -0.0102095 -0.0103375 -0.0073679 -0.0112061 -0.0099641 -0.0105367 -0.0083200 -0.0089323 -0.0096887 -0.0091399 -0.0050916 -0.0090118 -0.0087377 -0.0058894 -0.0093414 -0.0096955 -0.0100287
-0.0323610 -0.0554829 -0.0372279 -0.0332587 -0.0538957 -0.0290560 -0.0321001 -0.0278767 -0.0311092 1.7270297 -0.0378807 -0.0251084 -0.0333616 -0.0336439 -0.0344553 -0.0355589 -0.0128298 -0.0144996 -0.0316540 -0.0231373 -0.0231315 -0.0345798 -0.0554295 -0.0345651 -0.0337951 -0.0301182 -0.0285451 -0.0142579 -0.0307206 -0.0386164 -0.0539248 -0.0263075 -0.0089921 -0.0091077 -0.0105912 -0.0102019 -0.0096074 -0.0095477 -0.0108885 -0.0105672 -0.0087943 -0.0091215 -0.0121445 -0.0095265 -0.0088286 -0.0103856 -0.0093426 -0.0093028 -0.0090110 -0.0100902 -0.0061880 -0.0090654 -0.0068076 -0.0063087 -0.0063011 -0.0105842 -0.0085067 -0.0098088 -0.0083237 -0.0097363 -0.0073860 -0.0126097 -0.0091146 -0.0062066 -0.0103113 -0.0104882 -0.0077740 -0.0107392 -0.0096516 -0.0100585 -0.0084519 -0.0089265 -0.0095640 -0.0092224 -0.0054387 -0.0089800 -0.0093463 -0.0060050 -0.0099806 -0.0100052 -0.0099169
-0.0371086 -0.0609586 -0.0417016 -0.0379519 -0.0595036 -0.0339912 -0.0375739 -0.0332611 -0.0374740 -0.0378807 2.0116694 -0.0301761 -0.0392516 -0.0396403 -0.0406350 -0.0415102 -0.0152807 -0.0167139 -0.0362407 -0.0266197 -0.0270472 -0.0402160 -0.0609529 -0.0399067 -0.0392791 -0.0355747 -0.0325145 -0.0168426 -0.0359036 -0.0418765 -0.0600700 -0.0293886 -0.0115344 -0.0121939 -0.0134097 -0.0136977 -0.0126078 -0.0127751 -0.0143186 -0.0137175 -0.0109379 -0.0122673 -0.0159075 -0.0124711 -0.0114733 -0.0137524 -0.0122147 -0.0118602 -0.0117686 -0.0138542 -0.0079382 -0.0117859 -0.0091453 -0.0076680 -0.0077437 -0.0137692 -0.0106733 -0.0126904 -0.0109664 -0.0116825 -0.0094820 -0.0166279 -0.0118136 -0.0078738 -0.0136358 -0.0134296 -0.0102253 -0.0142544 -0.0133205 -0.0137232 -0.0112751 -0.0116858 -0.0126541 -0.0121158 -0.0072266 -0.0117748 -0.0117060 -0.0078701 -0.0126694 -0.0130157 -0.0135635
-0.0242094 -0.0500632 -0.0293630 -0.0255272 -0.0480818 -0.0222249 -0.0264781 -0.0232983 -0.0273943 -0.0251084 -0.0301761 1.4212384 -0.0286053 -0.0274217 -0.0279477 -0.0285078 -0.0102601 -0.0104238 -0.0241471 -0.0184485 -0.0192334 -0.0292925 -0.0494468 -0.0269707 -0.0272585 -0.0258823 -0.0210971 -0.0109446 -0.0241154 -0.0294818 -0.0481141 -0.0190461 -0.0062460 -0.0057099 -0.0062825 -0.0064054 -0.0059167 -0.0061104 -0.0071326 -0.0062231 -0.0054661 -0.0057021 -0.0076757 -0.0058476 -0.0057738 -0.0068572 -0.0060320 -0.0061950 -0.0056820 -0.0068064 -0.0039071 -0.0059718 -0.0045651 -0.0035840 -0.0041998 -0.0066925 -0.0055912 -0.0063205 -0.0052945 -0.0057570 -0.0045063 -0.0082867 -0.0056752 -0.0038499 -0.0067843 -0.0070329 -0.0053295 -0.0074857 -0.0067346 -0.0068372 -0.0054746 -0.0060633 -0.0063194 -0.0057549 -0.0033866 -0.0060953 -0.0059340 -0.0035956 -0.0061574 -0.0062080 -0.0063996
-0.0326895 -0.0568903 -0.0389950 -0.0343082 -0.0556316 -0.0303982 -0.0346940 -0.0302285 -0.0351282 -0.0333616 -0.0392516 -0.0286053 1.8068665 -0.0354720 -0.0364153 -0.0377789 -0.0145403 -0.0146994 -0.0321547 -0.0242188 -0.0253481 -0.0378301 -0.0565197 -0.0357190 -0.0356276 -0.0332291 -0.0288632 -0.0156953 -0.0325362 -0.0384304 -0.0556134 -0.0258253 -0.0101616 -0.0100786 -0.0105965 -0.0111114 -0.0103961 -0.0104219 -0.0117209 -0.0110975 -0.0093670 -0.0102234 -0.0134498 -0.0101178 -0.0096254 -0.0113712 -0.0100895 -0.0102418 -0.0100504 -0.0115212 -0.0068860 -0.0098116 -0.0078545 -0.0067117 -0.0067269 -0.0109385 -0.0091927 -0.0103949 -0.0095214 -0.0099428 -0.0079620 -0.0138082 -0.0097832 -0.0069510 -0.0113238 -0.0111761 -0.0085110 -0.0124081 -0.0112982 -0.0116641 -0.0094255 -0.0101789 -0.0105748 -0.0105356 -0.0062951 -0.0098791 -0.0097833 -0.0067477 -0.0105886 -0.0110566 -0.0114827
-0.0330875 -0.0565086 -0.0387268 -0.0340152 -0.0548433 -0.0300055 -0.0341634 -0.0293196 -0.0339628 -0.0336439 -0.0396403 -0.0274217 -0.0354720 1.7838753 -0.0365125 -0.0368733 -0.0136596 -0.0138888 -0.0321843 -0.0238291 -0.0241826 -0.0375792 -0.0562532 -0.0355427 -0.0359061 -0.0323276 -0.0291017 -0.0150002 -0.0318822 -0.0396536 -0.0552037 -0.0261233 -0.0098658 -0.0098501 -0.0107714 -0.0111662 -0.0099912 -0.0104308 -0.0117327 -0.0112008 -0.0089540 -0.0094866 -0.0131267 -0.0104075 -0.0092601 -0.0110590 -0.0101378 -0.0100321 -0.0094188 -0.0112179 -0.0072402 -0.0098288 -0.0078314 -0.0068420 -0.0071526 -0.0112675 -0.0090906 -0.0107846 -0.0089188 -0.0101145 -0.0077454 -0.0134965 -0.0096614 -0.0069817 -0.0109489 -0.0114929 -0.0083873 -0.0120461 -0.0110670 -0.0111815 -0.0091473 -0.0094876 -0.0107355 -0.0102305 -0.0063283 -0.0098228 -0.0098245 -0.0066002 -0.0102740 -0.0107092 -0.0109752
-0.0337566 -0.0573282 -0.0397586 -0.0346747 -0.0561125 -0.0307841 -0.0347641 -0.0299736 -0.0339922 -0.0344553 -0.0406350 -0.0279477 -0.0364153 -0.0365125 1.8081164 -0.0382804 -0.0137021 -0.0146261 -0.0332966 -0.0250130 -0.0251967 -0.0378935 -0.0573564 -0.0369143 -0.0364177 -0.0331621 -0.0298484 -0.0153613 -0.0327521 -0.0405991 -0.0555958 -0.0271356 -0.0101330 -0.0100813 -0.0110766 -0.0111489 -0.0101011 -0.0104586 -0.0119510 -0.0111363 -0.0094223 -0.0101594 -0.0134645 -0.0107457 -0.0095460 -0.0122454 -0.0105997 -0.0103892 -0.0099496 -0.0117057 -0.0064873 -0.0099811 -0.0078856 -0.0063879 -0.0067577 -0.0114433 -0.0090885 -0.0103642 -0.0094116 -0.0104433 -0.0078471 -0.0140099 -0.0099189 -0.0066694 -0.0114408 -0.0116147 -0.0086657 -0.0120006 -0.0113102 -0.0116062 -0.0095596 -0.0099003 -0.0107492 -0.0105513 -0.0063410 -0.0103290 -0.0100986 -0.0065064 -0.0106690 -0.0112568 -0.0115257
-0.0349509 -0.0583081 -0.0410317 -0.0357664 -0.0568851 -0.0318695 -0.0355128 -0.0313458 -0.0352633 -0.0355589 -0.0415102 -0.0285078 -0.0377789 -0.0368733 -0.0382804 1.8718536 -0.0144848 -0.0154974 -0.0341836 -0.0252471 -0.0257938 -0.0390071 -0.0582212 -0.0377421 -0.0373458 -0.0343706 -0.0305179 -0.0161374 -0.0340380 -0.0413201 -0.0568730 -0.0276038 -0.0106496 -0.0105979 -0.0117495 -0.0118241 -0.0109257 -0.0114436 -0.0129287 -0.0116033 -0.0101852 -0.0104962 -0.0139384 -0.0111194 -0.0103765 -0.0124422 -0.0113540 -0.0108689 -0.0104736 -0.0123104 -0.0073761 -0.0108678 -0.0085934 -0.0068483 -0.0074548 -0.0117179 -0.0100339 -0.0113996 -0.0099483 -0.0106927 -0.0083454 -0.0150766 -0.0105124 -0.0074905 -0.0120959 -0.0121966 -0.0091943 -0.0131052 -0.0118163 -0.0123606 -0.0100218 -0.0104483 -0.0116564 -0.0108602 -0.0061141 -0.0108096 -0.0106384 -0.0069133 -0.0115343 -0.0117087 -0.0123811
-0.0116586 -0.0333070 -0.0155633 -0.0133299 -0.0301277 -0.0106872 -0.0129637 -0.0114948 -0.0140713 -0.0128298 -0.0152807 -0.0102601 -0.0145403 -0.0136596 -0.0137021 -0.0144848 0.9390178 -0.0040639 -0.0114057 -0.0093724 -0.0086035 -0.0146474 -0.0319614 -0.0133812 -0.0135788 -0.0128998 -0.0095215 -0.0041316 -0.0112699 -0.0156093 -0.0134590 -0.0089080 -0.0002143 -0.0000406 -0.0003111 -0.0002060 -0.0004625 -0.0005035 -0.0008491 -0.0003105 -0.0001725 -0.0001738 -0.0009413 -0.0003990 -0.0003450 -0.0004195 -0.0004046 -0.0005248 -0.0003487 -0.0004354 0.0001532 -0.0001675 0.0000451 0.0001387 0.0000297 -0.0001938 -0.0002068 -0.0004635 -0.0000280 -0.0006500 -0.0000180 -0.0014432 -0.0002249 0.0000213 -0.0007365 -0.0003770 -0.0003157 -0.0008802 -0.0008382 -0.0005928 -0.0001893 -0.0002861 -0.0004223 -0.0003836 0.0000474 -0.0004551 -0.0002175 -0.0001726 -0.0002931 -0.0004059 -0.0003709
-0.0128330 -0.0363378 -0.0165469 -0.0141472 -0.0332830 -0.0114053 -0.0137248 -0.0113182 -0.0132533 -0.0144996 -0.0167139 -0.0104238 -0.0146994 -0.0138888 -0.0146261 -0.0154974 -0.0040639 1.0203828 -0.0129552 -0.0089401 -0.0087435 -0.0156236 -0.0358893 -0.0140023 -0.0143187 -0.0130223 -0.0108366 -0.0049551 -0.0126466 -0.0175863 -0.0161739 -0.0105064 -0.0010762 -0.0010098 -0.0013168 -0.0011551 -0.0010468 -0.0014143 -0.0016690 -0.0013436 -0.0011504 -0.0011964 -0.0019993 -0.0013295 -0.0009071 -0.0014503 -0.0012438 -0.0011556 -0.0009737 -0.0013046 -0.0003748 -0.0012288 -0.0006062 -0.0006099 -0.0005837 -0.0013185 -0.0012945 -0.0015089 -0.0010143 -0.0015604 -0.0007841 -0.0023219 -0.0012624 -0.0005074 -0.0014881 -0.0014976 -0.0009106 -0.0017598 -0.0015225 -0.0014845 -0.0011994 -0.0009594 -0.0011720 -0.0013392 -0.0004645 -0.0013175 -0.0011850 -0.0005644 -0.0011686 -0.0013591 -0.0011718
-0.0298406 -0.0528976 -0.0359207 -0.0318733 -0.0515959 -0.0272319 -0.0306602 -0.0264414 -0.0302920 -0.0316540 -0.0362407 -0.0241471 -0.0321547 -0.0321843 -0.0332966 -0.0341836 -0.0114057 -0.0129552 1.5787892 -0.0218037 -0.0216981 -0.0332504 -0.0527649 -0.0324170 -0.0327400 -0.0291547 -0.0261393 -0.0127376 -0.0287060 -0.0365360 -0.0506437 -0.0236238 -0.0076139 -0.0077154 -0.0086831 -0.0085279 -0.0076900 -0.0079423 -0.0094027 -0.0084631 -0.0072749 -0.0080070 -0.0101185 -0.0079617 -0.0074837 -0.0089820 -0.0078578 -0.0074942 -0.0074935 -0.0082090 -0.0050490 -0.0079151 -0.0058503 -0.0050608 -0.0051576 -0.0087542 -0.0072671 -0.0077950 -0.0071353 -0.0078271 -0.0062545 -0.0111672 -0.0075194 -0.0052406 -0.0086516 -0.0091055 -0.0068861 -0.0094217 -0.0084251 -0.0087325 -0.0073495 -0.0074189 -0.0079889 -0.0079432 -0.0046962 -0.0073452 -0.0077535 -0.0050021 -0.0081073 -0.0084096 -0.0083348
-0.0218453 -0.0460319 -0.0270291 -0.0234577 -0.0433222 -0.0196387 -0.0227944 -0.0205741 -0.0232068 -0.0231373 -0.0266197 -0.0184485 -0.0242188 -0.0238291 -0.0250130 -0.0252471 -0.0093724 -0.0089401 -0.0218037 1.2843134 -0.0163492 -0.0254341 -0.0458062 -0.0237741 -0.0235265 -0.0223648 -0.0185621 -0.0091498 -0.0210764 -0.0267157 -0.0429991 -0.0169631 -0.0043350 -0.0044366 -0.0044416 -0.0049835 -0.0042891 -0.0047745 -0.0054206 -0.0049320 -0.0041784 -0.0040748 -0.0059913 -0.0046532 -0.0039604 -0.0049968 -0.0044925 -0.0046845 -0.0043144 -0.0051992 -0.0027241 -0.0040695 -0.0035353 -0.0027476 -0.0029340 -0.0050543 -0.0040694 -0.0045648 -0.0038383 -0.0048014 -0.0031942 -0.0062529 -0.0043571 -0.0026729 -0.0050858 -0.0048832 -0.0034937 -0.0054579 -0.0052022 -0.0048927 -0.0041774 -0.0043138 -0.0046191 -0.0046559 -0.0023915 -0.0047889 -0.0041838 -0.0026036 -0.0044959 -0.0047225 -0.0044080
-0.0220883 -0.0466928 -0.0275394 -0.0234568 -0.0437519 -0.0196169 -0.0231640 -0.0204699 -0.0242042 -0.0231315 -0.0270472 -0.0192334 -0.0253481 -0.0241826 -0.0251967 -0.0257938 -0.0086035 -0.0087435 -0.0216981 -0.0163492 1.2739275 -0.0267079 -0.0461708 -0.0239776 -0.0240069 -0.0227201 -0.0182876 -0.0091052 -0.0213845 -0.0281821 -0.0241248 -0.0166386 -0.0043184 -0.0037516 -0.0045216 -0.0044414 -0.0043277 -0.0044511 -0.0051760 -0.0046064 -0.0041557 -0.0040806 -0.0060069 -0.0041966 -0.0041027 -0.0050826 -0.0044152 -0.0047066 -0.0043173 -0.0048940 -0.0027475 -0.0039573 -0.0029947 -0.0027688 -0.0028559 -0.0047177 -0.0037804 -0.0045593 -0.0037797 -0.0047380 -0.0031599 -0.0063626 -0.0040502 -0.0027307 -0.0052698 -0.0049159 -0.0035196 -0.0059427 -0.0049381 -0.0049577 -0.0037876 -0.0042615 -0.0044883 -0.0045057 -0.0025321 -0.0045521 -0.0043618 -0.0027325 -0.0044400 -0.0047685 -0.0046521
-0.0341494 -0.0582332 -0.0393782 -0.0346229 -0.0569179 -0.0312997 -0.0359345 -0.0314696 -0.0360020 -0.0345798 -0.0402160 -0.0292925 -0.0378301 -0.0375792 -0.0378935 -0.0390071 -0.0146474 -0.0156236 -0.0332504 -0.0254341 -0.0267079 1.8715751 -0.0582477 -0.0372397 -0.0370368 -0.0344725 -0.0300698 -0.0161469 -0.0336440 -0.0391632 -0.0572657 -0.0268644 -0.0106091 -0.0104865 -0.0114923 -0.0118146 -0.0106871 -0.0111394 -0.0125362 -0.0117896 -0.0098947 -0.0104239 -0.0140055 -0.0112029 -0.0101952 -0.0122388 -0.0107087 -0.0108240 -0.0104099 -0.0122724 -0.0074898 -0.0104047 -0.0081305 -0.0070847 -0.0070837 -0.0113329 -0.0096637 -0.0108597 -0.0098865 -0.0107269 -0.0083714 -0.0148130 -0.0102081 -0.0072046 -0.0123503 -0.0120540 -0.0090489 -0.0133522 -0.0117138 -0.0124010 -0.0100633 -0.0108676 -0.0117535 -0.0107608 -0.0066729 -0.0105734 -0.0108764 -0.0065161 -0.0113018 -0.0117020 -0.0121306
-0.0517751 0.2309215 -0.0612387 -0.0553748 0.1500038 -0.0491664 -0.0542162 -0.0506188 -0.0544253 -0.0554295 -0.0609529 -0.0494468 -0.0565197 -0.0562532 -0.0573564 -0.0582212 -0.0319614 -0.0358893 -0.0527649 -0.0458062 -0.0461708 -0.0582477 2.2940431 -0.0553784 -0.0553946 -0.0525796 -0.0483327 -0.0351192 -0.0503970 -0.0629615 -0.0644901 -0.0475164 -0.0233521 -0.0237070 -0.0236369 -0.0239102 -0.0229772 -0.0245639 -0.0252380 -0.0236040 -0.0232332 -0.0222585 -0.0250081 -0.0239331 -0.0229613 -0.0245917 -0.0238252 -0.0230013 -0.0235240 -0.0240463 -0.0216963 -0.0237263 -0.0224241 -0.0221785 -0.0214626 -0.0230226 -0.0234447 -0.0241586 -0.0227718 -0.0242267 -0.0216948 -0.0262121 -0.0231092 -0.0202840 -0.0233303 -0.0237622 -0.0231463 -0.0239852 -0.0248983 -0.0236283 -0.0209209 -0.0226624 -0.0237539 -0.0236053 -0.0223043 -0.0230599 -0.0235380 -0.0208193 -0.0230048 -0.0235945 -0.0238958
-0.0326939 -0.0552470 -0.0400259 -0.0355079 -0.0539532 -0.0294263 -0.0342029 -0.0302441 -0.0339910 -0.0345651 -0.0399067 -0.0269707 -0.0357190 -0.0355427 -0.0369143 -0.0377421 -0.0133812 -0.0140023 -0.0324170 -0.0237741 -0.0239776 -0.0372397 -0.0553784 1.7108430 -0.0354924 -0.0324445 -0.0289828 -0.0142690 -0.0321362 -0.0408357 -0.0529756 -0.0263361 -0.0088742 -0.0093377 -0.0101076 -0.0102758 -0.0093318 -0.0096151 -0.0108184 -0.0101046 -0.0083217 -0.0093832 -0.0121332 -0.0094861 -0.0089897 -0.0104768 -0.0095892 -0.0090847 -0.0091046 -0.0103992 -0.0062078 -0.0089981 -0.0067735 -0.0061442 -0.0061227 -0.0102246 -0.0084033 -0.0095202 -0.0084362 -0.0093383 -0.0072074 -0.0128434 -0.0088948 -0.0061466 -0.0104968 -0.0101412 -0.0075067 -0.0112310 -0.0101385 -0.0104521 -0.0084121 -0.0089124 -0.0097675 -0.0093918 -0.0056921 -0.0090420 -0.0093380 -0.0059888 -0.0099546 -0.0096927 -0.0100426
-0.0330922 -0.0560692 -0.0391304 -0.0345454 -0.0544683 -0.0301392 -0.0340268 -0.0297222 -0.0338003 -0.0337951 -0.0392791 -0.0272585 -0.0356276 -0.0359061 -0.0364177 -0.0373458 -0.0135788 -0.0143187 -0.0327400 -0.0235265 -0.0240069 -0.0370368 -0.0553946 -0.0354924 1.7471203 -0.0322621 -0.0282911 -0.0146395 -0.0315344 -0.0400963 -0.0547635 -0.0260844 -0.0094786 -0.0097974 -0.0105743 -0.0109271 -0.0096907 -0.0102451 -0.0114267 -0.0108431 -0.0089294 -0.0095096 -0.0128913 -0.0099834 -0.0089422 -0.0110237 -0.0096335 -0.0097427 -0.0093155 -0.0107451 -0.0065747 -0.0092454 -0.0072114 -0.0065045 -0.0063395 -0.0104642 -0.0087046 -0.0102354 -0.0086776 -0.0097141 -0.0074811 -0.0134149 -0.0092796 -0.0060362 -0.0108686 -0.0107525 -0.0080122 -0.0113085 -0.0104648 -0.0110493 -0.0086782 -0.0097063 -0.0102197 -0.0096397 -0.0058386 -0.0097558 -0.0097150 -0.0063635 -0.0098657 -0.0108166 -0.0103287
-0.0296868 -0.0533600 -0.0356156 -0.0307828 -0.0516689 -0.0276853 -0.0311084 -0.0280538 -0.0321594 -0.0301182 -0.0355747 -0.0258823 -0.0332291 -0.0323276 -0.0331621 -0.0343706 -0.0128998 -0.0130223 -0.0291547 -0.0223648 -0.0227201 -0.0344725 -0.0525796 -0.0324445 -0.0322621 1.6132269 -0.0252666 -0.0134202 -0.0288762 -0.0354354 -0.0522306 -0.0230922 -0.0081885 -0.0077436 -0.0088384 -0.0089114 -0.0081529 -0.0086151 -0.0097690 -0.0091626 -0.0073796 -0.0078367 -0.0109353 -0.0083625 -0.0079809 -0.0090765 -0.0082324 -0.0079786 -0.0081047 -0.0090226 -0.0054032 -0.0074722 -0.0059725 -0.0049711 -0.0057043 -0.0088188 -0.0075217 -0.0083370 -0.0074838 -0.0084465 -0.0061447 -0.0112688 -0.0076983 -0.0053371 -0.0095450 -0.0088463 -0.0070350 -0.0100670 -0.0092365 -0.0094023 -0.0073121 -0.0081240 -0.0087298 -0.0082683 -0.0046454 -0.0081816 -0.0078335 -0.0049837 -0.0087212 -0.0091213 -0.0091749
-0.0262636 -0.0488498 -0.0324359 -0.0281833 -0.0468130 -0.0235484 -0.0272343 -0.0232515 -0.0258352 -0.0285451 -0.0325145 -0.0210971 -0.0288632 -0.0291017 -0.0298484 -0.0305179 -0.0095215 -0.0108366 -0.0261393 -0.0185621 -0.0182876 -0.0300698 -0.0483327 -0.0289828 -0.0282911 -0.0252666 1.3395344 -0.0110542 -0.0252100 -0.0339055 -0.0460107 -0.0209565 -0.0049890 -0.0055040 -0.0058918 -0.0058629 -0.0054958 -0.0059321 -0.0062191 -0.0059469 -0.0049052 -0.0052686 -0.0070420 -0.0055491 -0.0050332 -0.0058731 -0.0051576 -0.0051845 -0.0049705 -0.0059282 -0.0034152 -0.0054861 -0.0039326 -0.0037480 -0.0031418 -0.0060211 -0.0048317 -0.0057414 -0.0045314 -0.0057655 -0.0039811 -0.0080131 -0.0051393 -0.0033345 -0.0061227 -0.0061390 -0.0046274 -0.0068010 -0.0060841 -0.0058804 -0.0048563 -0.0053012 -0.0054259 -0.0054621 -0.0033533 -0.0055494 -0.0052063 -0.0034453 -0.0055244 -0.0057147 -0.0056472
-0.0128688 -0.0358665 -0.0168018 -0.0142252 -0.0327586 -0.0113574 -0.0139227 -0.0117308 -0.0138989 -0.0142579 -0.0168426 -0.0109446 -0.0156953 -0.0150002 -0.0153613 -0.0161374 -0.0041316 -0.0049551 -0.0127376 -0.0091498 -0.0091052 -0.0161469 -0.0351192 -0.0142690 -0.0146395 -0.0134202 -0.0110542 0.9750676 -0.0122743 -0.0170000 -0.0269865 -0.0098955 -0.0007733 -0.0006917 -0.0008293 -0.0007424 -0.0007120 -0.0009526 -0.0011204 -0.0007849 -0.0005558 -0.0005743 -0.0013292 -0.0007147 -0.0004847 -0.0009140 -0.0008052 -0.0007719 -0.0005776 -0.0009027 -0.0000418 -0.0004520 -0.0004477 -0.0004008 -0.0001447 -0.0010285 -0.0005076 -0.0010027 -0.0006222 -0.0010213 -0.0002339 -0.0020737 -0.0007584 -0.0002885 -0.0010340 -0.0010559 -0.0005526 -0.0013573 -0.0011149 -0.0010558 -0.0008397 -0.0006885 -0.0006495 -0.0008760 -0.0000198 -0.0009755 -0.0006785 -0.0001655 -0.0007311 -0.0008332 -0.0008097
-0.0290840 -0.0509321 -0.0361939 -0.0310563 -0.0492524 -0.0260338 -0.0297174 -0.0262920 -0.0299599 -0.0307206 -0.0359036 -0.0241154 -0.0325362 -0.0318822 -0.0327521 -0.0340380 -0.0112699 -0.0126466 -0.0287060 -0.0210764 -0.0213845 -0.0336440 -0.0503970 -0.0321362 -0.0315344 -0.0288762 -0.0252100 -0.0122743 1.4823377 -0.0366511 -0.0491439 -0.0228065 -0.0068373 -0.0069571 -0.0075117 -0.0078034 -0.0072379 -0.0069532 -0.0083652 -0.0077731 -0.0063621 -0.0069557 -0.0092080 -0.0070784 -0.0064967 -0.0080207 -0.0069597 -0.0067902 -0.0065944 -0.0074275 -0.0043978 -0.0065983 -0.0051672 -0.0046590 -0.0047457 -0.0075806 -0.0063936 -0.0072048 -0.0061628 -0.0071940 -0.0049950 -0.0098129 -0.0070669 -0.0045341 -0.0075998 -0.0077046 -0.0057074 -0.0084923 -0.0078276 -0.0075115 -0.0064133 -0.0066310 -0.0074169 -0.0068831 -0.0041625 -0.0069432 -0.0067448 -0.0044171 -0.0068997 -0.0075938 -0.0076261
-0.0378693 -0.0633805 -0.0408727 -0.0387828 -0.0615807 -0.0344430 -0.0379528 -0.0333054 -0.0362010 -0.0386164 -0.0418765 -0.0294818 -0.0384304 -0.0396536 -0.0405991 -0.0413201 -0.0156093 -0.0175863 -0.0365360 -0.0267157 -0.0281821 -0.0391632 -0.0629615 -0.0408357 -0.0400963 -0.0354354 -0.0339055 -0.0170000 -0.0366511 2.1238177 -0.0627491 -0.0308296 -0.0129243 -0.0131501 -0.0143459 -0.0143883 -0.0132089 -0.0132846 -0.0146196 -0.0147451 -0.0118914 -0.0125042 -0.0168928 -0.0129947 -0.0123717 -0.0150056 -0.0133095 -0.0125763 -0.0124547 -0.0140367 -0.0086381 -0.0124337 -0.0095950 -0.0082633 -0.0077992 -0.0139515 -0.0116025 -0.0131323 -0.0114271 -0.0133422 -0.0100697 -0.0179917 -0.0122563 -0.0089313 -0.0139687 -0.0144242 -0.0107683 -0.0152898 -0.0136797 -0.0145343 -0.0116863 -0.0125076 -0.0135700 -0.0129444 -0.0072168 -0.0120614 -0.0127850 -0.0080079 -0.0138365 -0.0142410 -0.0139854
-0.0514920 -0.0651553 -0.0606773 -0.0538921 -0.0627735 -0.0477992 -0.0532784 -0.0497606 -0.0538556 -0.0539248 -0.0600700 -0.0481141 -0.0556134 -0.0552037 -0.0555958 -0.0568730 -0.0134590 -0.0161739 -0.0506437 -0.0429991 -0.0241248 -0.0572657 -0.0644901 -0.0529756 -0.0547635 -0.0522306 -0.0460107 -0.0269865 -0.0491439 -0.0627491 2.2479091 -0.0455390 -0.0166114 -0.0192835 -0.0190482 -0.0197363 -0.0189001 -0.0165802 -0.0199325 -0.0176560 -0.0185186 -0.0172849 -0.0194513 -0.0184118 -0.0182766 -0.0181461 -0.0180534 -0.0179664 -0.0166529 -0.0196563 -0.0154971 -0.0181849 -0.0142479 -0.0177003 -0.0164234 -0.0185585 -0.0176475 -0.0188227 -0.0190993 -0.0191568 -0.0157647 -0.0200566 -0.0173002 -0.0154210 -0.0189127 -0.0181233 -0.0156557 -0.0179689 -0.0194921 -0.0169944 -0.0196869 -0.0175862 -0.0180592 -0.0184495 -0.0160630 -0.0187090 -0.0179340 -0.0148762 -0.0191442 -0.0193670 -0.0199760
-0.0245540 -0.0478679 -0.0298565 -0.0263231 -0.0455680 -0.0216506 -0.0249303 -0.0209110 -0.0238763 -0.0263075 -0.0293886 -0.0190461 -0.0258253 -0.0261233 -0.0271356 -0.0276038 -0.0089080 -0.0105064 -0.0236238 -0.0169631 -0.0166386 -0.0268644 -0.0475164 -0.0263361 -0.0260844 -0.0230922 -0.0209565 -0.0098955 -0.0228065 -0.0308296 -0.0455390 1.3206110 -0.0043845 -0.0050898 -0.0055871 -0.0051906 -0.0053496 -0.0053286 -0.0060285 -0.0054004 -0.0047395 -0.0046327 -0.0064661 -0.0051433 -0.0046988 -0.0054746 -0.0051601 -0.0048695 -0.0046518 -0.0053704 -0.0032387 -0.0045999 -0.0036152 -0.0032326 -0.0028027 -0.0056080 -0.0044618 -0.0055824 -0.0044343 -0.0054287 -0.0037305 -0.0069424 -0.0048306 -0.0026652 -0.0052767 -0.0058025 -0.0041506 -0.0060466 -0.0058386 -0.0054824 -0.0044714 -0.0045457 -0.0050068 -0.0052320 -0.0031171 -0.0049799 -0.0047337 -0.0030979 -0.0052309 -0.0051003 -0.0052929
-0.0076454 -0.0236881 -0.0117421 -0.0089033 -0.0215889 -0.0057474 -0.0087835 -0.0065590 -0.0086989 -0.0089921 -0.0115344 -0.0062460 -0.0101616 -0.0098658 -0.0101330 -0.0106496 -0.0002143 -0.0010762 -0.0076139 -0.0043350 -0.0043184 -0.0106091 -0.0233521 -0.0088742 -0.0094786 -0.0081885 -0.0049890 -0.0007733 -0.0068373 -0.0129243 -0.0166114 -0.0043845 0.5813921 0.0034840 0.0037471 0.0039915 0.0037029 0.0034103 0.0034876 0.0038056 0.0033569 0.0036777 0.0036271 0.0035067 0.0034827 0.0039294 0.0035331 0.0032385 0.0035574 0.0037079 0.0029978 0.0035312 0.0033141 0.0028332 0.0027583 0.0036787 0.0033114 0.0032505 0.0036128 0.0028135 0.0029941 0.0031091 0.0032404 0.0029451 0.0033813 0.0036055 0.0029712 0.0033122 0.0029525 0.0036882 0.0033093 0.0036020 0.0037087 0.0032018 0.0027962 0.0030055 0.0033918 0.0029152 0.0037870 0.0039126 0.0037516
-0.0075099 -0.0240462 -0.0126448 -0.0096751 -0.0219526 -0.0059087 -0.0089010 -0.0069269 -0.0089004 -0.0091077 -0.0121939 -0.0057099 -0.0100786 -0.0098501 -0.0100813 -0.0105979 -0.0000406 -0.0010098 -0.0077154 -0.0044366 -0.0037516 -0.0104865 -0.0237070 -0.0093377 -0.0097974 -0.0077436 -0.0055040 -0.0006917 -0.0069571 -0.0131501 -0.0192835 -0.0050898 0.0034840 0.5426720 0.0042114 0.0042342 0.0037884 0.0037308 0.0036341 0.0040703 0.0035870 0.0040037 0.0038966 0.0037187 0.0038409 0.0041320 0.0037984 0.0036361 0.0038033 0.0042248 0.0032261 0.0037817 0.0034057 0.0030252 0.0031563 0.0039470 0.0036019 0.0035432 0.0040499 0.0031819 0.0033166 0.0033484 0.0034796 0.0032170 0.0036888 0.0039818 0.0032673 0.0036758 0.0032135 0.0040447 0.0036707 0.0038303 0.0040162 0.0035876 0.0029738 0.0034069 0.0036987 0.0030491 0.0040644 0.0040716 0.0041282
-0.0086664 -0.0240517 -0.0135863 -0.0102338 -0.0223445 -0.0065782 -0.0094643 -0.0070982 -0.0095390 -0.0105912 -0.0134097 -0.0062825 -0.0105965 -0.0107714 -0.0110766 -0.0117495 -0.0003111 -0.0013168 -0.0086831 -0.0044416 -0.0045216 -0.0114923 -0.0236369 -0.0101076 -0.0105743 -0.0088384 -0.0058918 -0.0008293 -0.0075117 -0.0143459 -0.0190482 -0.0055871 0.0037471 0.0042114 0.5024256 0.0046925 0.0041135 0.0040350 0.0040550 0.0044752 0.0038158 0.0044108 0.0043011 0.0039378 0.0043483 0.0046086 0.0042528 0.0037429 0.0041642 0.0044607 0.0033908 0.0041711 0.0037538 0.0032172 0.0033931 0.0042163 0.0038277 0.0037341 0.0041865 0.0032658 0.0037738 0.0036962 0.0039242 0.0034598 0.0040668 0.0043104 0.0036749 0.0039752 0.0037520 0.0044402 0.0041391 0.0041640 0.0044699 0.0038824 0.0032376 0.0036255 0.0040016 0.0033946 0.0046397 0.0045691 0.0046001
-0.0084214 -0.0245171 -0.0135374 -0.0103436 -0.0224277 -0.0062794 -0.0096654 -0.0073186 -0.0094105 -0.0102019 -0.0136977 -0.0064054 -0.0111114 -0.0111662 -0.0111489 -0.0118241 -0.0002060 -0.0011551 -0.0085279 -0.0049835 -0.0044414 -0.0118146 -0.0239102 -0.0102758 -0.0109271 -0.0089114 -0.0058629 -0.0007424 -0.0078034 -0.0143883 -0.0197363 -0.0051906 0.0039915 0.0042342 0.0046925 0.4954736 0.0042722 0.0041031 0.0040542 0.0045323 0.0040863 0.0043372 0.0043400 0.0041958 0.0042768 0.0046829 0.0042973 0.0038190 0.0042659 0.0045678 0.0036346 0.0042391 0.0037280 0.0033666 0.0034644 0.0043051 0.0040201 0.0040325 0.0041845 0.0033819 0.0037704 0.0039363 0.0038014 0.0035882 0.0042965 0.0043204 0.0036523 0.0040288 0.0037428 0.0044612 0.0041008 0.0043666 0.0044069 0.0039268 0.0033155 0.0037229 0.0041848 0.0033978 0.0046500 0.0044553 0.0045975
-0.0080083 -0.0235256 -0.0125736 -0.0096639 -0.0213325 -0.0058633 -0.0087896 -0.0069491 -0.0090179 -0.0096074 -0.0126078 -0.0059167 -0.0103961 -0.0099912 -0.0101011 -0.0109257 -0.0004625 -0.0010468 -0.0076900 -0.0042891 -0.0043277 -0.0106871 -0.0229772 -0.0093318 -0.0096907 -0.0081529 -0.0054958 -0.0007120 -0.0072379 -0.0132089 -0.0189001 -0.0053496 0.0037029 0.0037884 0.0041135 0.0042722 0.5387758 0.0037260 0.0037863 0.0040556 0.0035125 0.0039683 0.0041204 0.0038197 0.0040383 0.0042781 0.0039246 0.0033929 0.0038037 0.0040427 0.0032008 0.0039069 0.0034393 0.0031090 0.0031551 0.0041221 0.0036217 0.0034826 0.0038143 0.0031869 0.0035086 0.0034734 0.0035739 0.0031336 0.0037711 0.0039376 0.0034324 0.0036089 0.0033449 0.0041764 0.0037665 0.0038711 0.0042489 0.0036356 0.0029389 0.0034120 0.0036925 0.0030658 0.0042456 0.0040189 0.0042235
-0.0078658 -0.0250448 -0.0124504 -0.0098010 -0.0229327 -0.0060188 -0.0090317 -0.0071269 -0.0094356 -0.0095477 -0.0127751 -0.0061104 -0.0104219 -0.0104308 -0.0104586 -0.0114436 -0.0005035 -0.0014143 -0.0079423 -0.0047745 -0.0044511 -0.0111394 -0.0245639 -0.0096151 -0.0102451 -0.0086151 -0.0059321 -0.0009526 -0.0069532 -0.0132846 -0.0165802 -0.0053286 0.0034103 0.0037308 0.0040350 0.0041031 0.0037260 0.5512155 0.0035934 0.0041720 0.0034438 0.0039364 0.0038751 0.0034898 0.0038393 0.0040767 0.0036636 0.0033885 0.0037594 0.0040421 0.0032192 0.0037400 0.0033706 0.0029504 0.0030752 0.0037067 0.0034522 0.0034526 0.0038543 0.0031216 0.0033277 0.0033660 0.0034334 0.0032761 0.0036582 0.0037166 0.0032221 0.0033625 0.0031409 0.0039441 0.0036460 0.0037034 0.0038400 0.0033883 0.0028040 0.0031677 0.0036173 0.0031070 0.0040392 0.0040416 0.0041553
-0.0089255 -0.0254376 -0.0144772 -0.0108997 -0.0235359 -0.0069836 -0.0103311 -0.0083389 -0.0101592 -0.0108885 -0.0143186 -0.0071326 -0.0117209 -0.0117327 -0.0119510 -0.0129287 -0.0008491 -0.0016690 -0.0094027 -0.0054206 -0.0051760 -0.0125362 -0.0252380 -0.0108184 -0.0114267 -0.0097690 -0.0062191 -0.0011204 -0.0083652 -0.0146196 -0.0199325 -0.0060285 0.0034876 0.0036341 0.0040550 0.0040542 0.0037863 0.0035934 0.5365041 0.0038064 0.0033964 0.0038578 0.0037833 0.0038423 0.0038240 0.0040557 0.0034922 0.0032796 0.0037736 0.0041083 0.0030742 0.0038139 0.0034898 0.0029036 0.0029731 0.0039128 0.0034656 0.0034487 0.0040223 0.0031926 0.0034125 0.0033107 0.0035492 0.0031756 0.0035878 0.0037561 0.0033235 0.0036199 0.0031781 0.0040078 0.0036785 0.0039713 0.0040006 0.0035847 0.0031818 0.0032561 0.0036924 0.0031574 0.0040978 0.0039807 0.0041227
-0.0084750 -0.0241143 -0.0137035 -0.0103391 -0.0221783 -0.0067009 -0.0097998 -0.0072216 -0.0096112 -0.0105672 -0.0137175 -0.0062231 -0.0110975 -0.0112008 -0.0111363 -0.0116033 -0.0003105 -0.0013436 -0.0084631 -0.0049320 -0.0046064 -0.0117896 -0.0236040 -0.0101046 -0.0108431 -0.0091626 -0.0059469 -0.0007849 -0.0077731 -0.0147451 -0.0176560 -0.0054004 0.0038056 0.0040703 0.0044752 0.0045323 0.0040556 0.0041720 0.0038064 0.5080557 0.0038090 0.0042833 0.0044184 0.0039424 0.0042796 0.0048009 0.0040232 0.0038359 0.0039965 0.0042372 0.0033618 0.0040993 0.0036660 0.0032344 0.0032740 0.0041395 0.0039614 0.0037860 0.0042156 0.0033582 0.0036837 0.0037597 0.0037433 0.0033486 0.0039672 0.0042365 0.0035646 0.0038328 0.0035428 0.0043059 0.0039579 0.0043734 0.0042899 0.0037822 0.0030550 0.0036517 0.0039973 0.0032594 0.0043999 0.0044678 0.0046070
-0.0073200 -0.0237345 -0.0115021 -0.0087946 -0.0214820 -0.0054096 -0.0078135 -0.0061027 -0.0082337 -0.0087943 -0.0109379 -0.0054661 -0.0093670 -0.0089540 -0.0094223 -0.0101852 -0.0001725 -0.0011504 -0.0072749 -0.0041784 -0.0041557 -0.0098947 -0.0232332 -0.0083217 -0.0089294 -0.0073796 -0.0049052 -0.0005558 -0.0063621 -0.0118914 -0.0185186 -0.0047395 0.0033569 0.0035870 0.0038158 0.0040863 0.0035125 0.0034438 0.0033964 0.0038090 0.5766360 0.0038159 0.0039135 0.0034968 0.0036359 0.0039238 0.0036011 0.0032644 0.0035347 0.0037256 0.0029924 0.0034688 0.0031482 0.0029139 0.0029250 0.0036825 0.0034049 0.0033925 0.0034832 0.0028272 0.0031774 0.0032223 0.0033885 0.0029870 0.0034429 0.0037147 0.0030883 0.0033430 0.0031029 0.0037844 0.0034827 0.0036044 0.0037343 0.0033791 0.0026780 0.0032206 0.0034830 0.0030347 0.0038186 0.0037766 0.0040310
-0.0075220 -0.0224250 -0.0120584 -0.0091311 -0.0205982 -0.0056404 -0.0084841 -0.0063571 -0.0088573 -0.0091215 -0.0122673 -0.0057021 -0.0102234 -0.0094866 -0.0101594 -0.0104962 -0.0001738 -0.0011964 -0.0080070 -0.0040748 -0.0040806 -0.0104239 -0.0222585 -0.0093832 -0.0095096 -0.0078367 -0.0052686 -0.0005743 -0.0069557 -0.0125042 -0.0172849 -0.0046327 0.0036777 0.0040037 0.0044108 0.0043372 0.0039683 0.0039364 0.0038578 0.0042833 0.0038159 0.5300996 0.0040889 0.0039003 0.0039197 0.0044618 0.0040626 0.0035580 0.0039567 0.0043802 0.0032780 0.0039838 0.0035452 0.0030530 0.0031846 0.0041673 0.0037221 0.0035171 0.0038861 0.0034237 0.0035640 0.0036387 0.0036835 0.0032855 0.0037185 0.0039761 0.0034609 0.0038033 0.0035230 0.0041159 0.0037881 0.0040229 0.0040883 0.0036375 0.0030071 0.0035785 0.0038154 0.0031703 0.0043366 0.0042420 0.0043351
-0.0102191 -0.0255128 -0.0156973 -0.0124107 -0.0238103 -0.0080713 -0.0113450 -0.0086541 -0.0117580 -0.0121445 -0.0159075 -0.0076757 -0.0134498 -0.0131267 -0.0134645 -0.0139384 -0.0009413 -0.0019993 -0.0101185 -0.0059913 -0.0060069 -0.0140055 -0.0250081 -0.0121332 -0.0128913 -0.0109353 -0.0070420 -0.0013292 -0.0092080 -0.0168928 -0.0194513 -0.0064661 0.0036271 0.0038966 0.0043011 0.0043400 0.0041204 0.0038751 0.0037833 0.0044184 0.0039135 0.0040889 0.5088274 0.0039778 0.0040930 0.0043061 0.0039186 0.0035125 0.0040480 0.0041754 0.0034577 0.0040084 0.0034508 0.0033010 0.0034710 0.0040560 0.0036476 0.0035746 0.0041875 0.0032757 0.0035417 0.0034271 0.0036677 0.0033323 0.0040424 0.0040149 0.0034839 0.0037991 0.0032605 0.0043193 0.0040137 0.0041263 0.0043760 0.0037547 0.0030054 0.0033434 0.0037855 0.0035178 0.0042908 0.0042520 0.0043591
-0.0081093 -0.0246552 -0.0126341 -0.0097353 -0.0222252 -0.0061646 -0.0091746 -0.0070353 -0.0088339 -0.0095265 -0.0124711 -0.0058476 -0.0101178 -0.0104075 -0.0107457 -0.0111194 -0.0003990 -0.0013295 -0.0079617 -0.0046532 -0.0041966 -0.0112029 -0.0239331 -0.0094861 -0.0099834 -0.0083625 -0.0055491 -0.0007147 -0.0070784 -0.0129947 -0.0184118 -0.0051433 0.0035067 0.0037187 0.0039378 0.0041958 0.0038197 0.0034898 0.0038423 0.0039424 0.0034968 0.0039003 0.0039778 0.5544035 0.0039675 0.0040955 0.0036361 0.0033229 0.0036950 0.0040968 0.0032062 0.0036155 0.0034290 0.0031998 0.0030153 0.0038366 0.0035851 0.0034475 0.0036728 0.0029603 0.0032803 0.0034047 0.0034612 0.0030612 0.0036403 0.0038979 0.0032398 0.0034890 0.0031315 0.0039350 0.0036690 0.0038413 0.0039889 0.0035974 0.0028174 0.0032945 0.0037513 0.0030185 0.0039980 0.0040129 0.0041126
-0.0071051 -0.0235254 -0.0113485 -0.0088400 -0.0214445 -0.0055917 -0.0086124 -0.0064485 -0.0085950 -0.0088286 -0.0114733 -0.0057738 -0.0096254 -0.0092601 -0.0095460 -0.0103765 -0.0003450 -0.0009071 -0.0074837 -0.0039604 -0.0041027 -0.0101952 -0.0229613 -0.0089897 -0.0089422 -0.0079809 -0.0050332 -0.0004847 -0.0064967 -0.0123717 -0.0182766 -0.0046988 0.0034827 0.0038409 0.0043483 0.0042768 0.0040383 0.0038393 0.0038240 0.0042796 0.0036359 0.0039197 0.0040930 0.0039675 0.5426692 0.0041113 0.0039790 0.0034687 0.0038874 0.0040884 0.0032779 0.0039686 0.0034866 0.0031046 0.0030799 0.0039022 0.0036835 0.0035355 0.0040248 0.0032038 0.0034903 0.0035793 0.0036387 0.0032555 0.0037527 0.0038777 0.0034133 0.0036712 0.0033680 0.0040591 0.0037953 0.0038626 0.0040287 0.0037126 0.0029874 0.0034862 0.0037052 0.0031380 0.0042810 0.0041796 0.0042255
