1.5724154 -0.0422957 -0.0419551 -0.0380707 -0.0427973 -0.0328954 -0.0366499 -0.0313395 -0.0341272 -0.0379879 -0.0421045 -0.0307739 -0.0370324 -0.0378472 -0.0387269 -0.0386511 -0.0226611 -0.0259131 -0.0350736 -0.0267876 -0.0295788 -0.0394707 -0.0427647 -0.0372777 -0.0385828 -0.0350368 -0.0309063 -0.0242622 -0.0343463 -0.0432199 -0.0453907 -0.0312308 -0.0138513 -0.0134966 -0.0155767 -0.0149835 -0.0143250 -0.0162021 -0.0155824 -0.0148321 -0.0151506 -0.0148131 -0.0160254 -0.0156691 -0.0149168 -0.0157144 -0.0152399 -0.0155858 -0.0133830 -0.0143305 -0.0126082 -0.0111599 -0.0127970 -0.0120674 -0.0139950 -0.0149443 -0.0160491 -0.0155349 -0.0109586 -0.0162342 -0.0145526 -0.0169600 -0.0151946 -0.0138098 -0.0161061 -0.0161236 -0.0153725 -0.0167039 -0.0160084 -0.0151788 -0.0146178 -0.0149572 -0.0154529 -0.0162800 -0.0154898 -0.0150441 -0.0152966 -0.0149693 -0.0133470 -0.0142854 -0.0151904
-0.0422957 2.1237533 -0.0510897 -0.0450240 -0.0516665 -0.0386143 -0.0424872 -0.0389425 -0.0434052 -0.0433776 -0.0498724 -0.0380550 -0.0453702 -0.0454045 -0.0477351 -0.0472141 -0.0341859 -0.0339429 -0.0406453 -0.0333380 -0.0356348 -0.0477112 -0.0486865 -0.0454808 -0.0451519 -0.0419051 -0.0383897 -0.0346844 -0.0411952 -0.0501162 -0.0543445 -0.0370637 -0.0237613 -0.0248203 -0.0251603 -0.0246397 -0.0251767 -0.0257709 -0.0257747 -0.0248109 -0.0252734 -0.0233153 -0.0256608 -0.0260944 -0.0248951 -0.0248771 -0.0252880 -0.0255528 -0.0254132 -0.0253064 -0.0238832 -0.0254738 -0.0251193 -0.0252408 -0.0246893 -0.0253754 -0.0242371 -0.0256264 -0.0237474 -0.0265410 -0.0242980 -0.0268590 -0.0251709 -0.0243616 -0.0256943 -0.0248135 -0.0252575 -0.0263736 -0.0262407 -0.0245841 -0.0213288 -0.0233683 -0.0254275 -0.0256357 -0.0252117 -0.0257885 -0.0256756 -0.0235039 -0.0251556 -0.0254514 -0.0248609
-0.0419551 -0.0510897 2.0570273 -0.0433286 -0.0511305 -0.0396921 -0.0422474 -0.0378670 -0.0393449 -0.0437244 -0.0487327 -0.0342381 -0.0467031 -0.0442252 -0.0449574 -0.0482808 -0.0307319 -0.0325688 -0.0395938 -0.0321813 -0.0318187 -0.0456742 -0.0512019 -0.0445433 -0.0450200 -0.0414196 -0.0379060 -0.0357625 -0.0409915 -0.0504167 -0.0531268 -0.0363005 -0.0245951 -0.0244163 -0.0244055 -0.0231301 -0.0233045 -0.0247939 -0.0242339 -0.0239741 -0.0221995 -0.0238177 -0.0245559 -0.0250554 -0.0235165 -0.0245367 -0.0209116 -0.0243524 -0.0243016 -0.0239987 -0.0208535 -0.0246803 -0.0230020 -0.0229200 -0.0215401 -0.0242179 -0.0238885 -0.0228431 -0.0230168 -0.0251377 -0.0207543 -0.0254527 -0.0239061 -0.0231691 -0.0249099 -0.0250225 -0.0241896 -0.0256102 -0.0208667 -0.0242135 -0.0234855 -0.0237016 -0.0231669 -0.0240990 -0.0240978 -0.0246386 -0.0235540 -0.0224299 -0.0231366 -0.0245533 -0.0231712
-0.0380707 -0.0450240 -0.0433286 1.7536801 -0.0454212 -0.0334406 -0.0373773 -0.0325059 -0.0339592 -0.0385585 -0.0429250 -0.0305946 -0.0399157 -0.0398526 -0.0388841 -0.0409051 -0.0250271 -0.0259537 -0.0370206 -0.0281271 -0.0296737 -0.0397425 -0.0441074 -0.0412726 -0.0399516 -0.0357672 -0.0335437 -0.0261368 -0.0359062 -0.0457640 -0.0464994 -0.0323643 -0.0193524 -0.0191487 -0.0181222 -0.0184413 -0.0184330 -0.0188260 -0.0192415 -0.0186112 -0.0184839 -0.0146148 -0.0195966 -0.0193092 -0.0178436 -0.0178415 -0.0133670 -0.0184700 -0.0185308 -0.0153649 -0.0180897 -0.0179138 -0.0180090 -0.0184031 -0.0178246 -0.0187096 -0.0167989 -0.0167837 -0.0180432 -0.0197449 -0.0172744 -0.0203907 -0.0171030 -0.0178607 -0.0194914 -0.0194148 -0.0185369 -0.0201009 -0.0193598 -0.0188143 -0.0182226 -0.0184704 -0.0147713 -0.0136310 -0.0174338 -0.0190803 -0.0189214 -0.0165027 -0.0164725 -0.0188934 -0.0178575
-0.0427973 -0.0516665 -0.0511305 -0.0454212 2.0789208 -0.0395364 -0.0428621 -0.0376997 -0.0429676 -0.0446426 -0.0509256 -0.0374170 -0.0461477 -0.0452310 -0.0477527 -0.0472900 -0.0349080 -0.0359366 -0.0426710 -0.0353312 -0.0347235 -0.0484019 -0.0521196 -0.0474302 -0.0464796 -0.0419565 -0.0397868 -0.0380359 -0.0424266 -0.0518433 -0.0538928 -0.0369029 -0.0252474 -0.0244861 -0.0250664 -0.0247954 -0.0239042 -0.0256713 -0.0252722 -0.0246729 -0.0236669 -0.0238271 -0.0255851 -0.0255463 -0.0236087 -0.0247407 -0.0246805 -0.0237901 -0.0249322 -0.0248654 -0.0231217 -0.0254761 -0.0237791 -0.0237466 -0.0228498 -0.0240211 -0.0253695 -0.0247396 -0.0243521 -0.0258250 -0.0210228 -0.0265633 -0.0233706 -0.0203703 -0.0249665 -0.0254166 -0.0246439 -0.0257469 -0.0252976 -0.0246680 -0.0228324 -0.0240570 -0.0242957 -0.0244094 -0.0243453 -0.0247606 -0.0246475 -0.0230667 -0.0233443 -0.0249734 -0.0246217
-0.0328954 -0.0386143 -0.0396921 -0.0334406 -0.0395364 1.4165001 -0.0336591 -0.0296385 -0.0320138 -0.0346281 -0.0381760 -0.0281619 -0.0358249 -0.0353917 -0.0367118 -0.0369304 -0.0185136 -0.0214461 -0.0321092 -0.0242314 -0.0266564 -0.0362310 -0.0397536 -0.0336378 -0.0356277 -0.0327915 -0.0289418 -0.0215152 -0.0307852 -0.0396418 -0.0412681 -0.0286277 -0.0127630 -0.0117033 -0.0123105 -0.0091461 -0.0108209 -0.0122578 -0.0126516 -0.0119812 -0.0114422 -0.0118607 -0.0130469 -0.0128278 -0.0099635 -0.0126234 -0.0120728 -0.0056000 -0.0119083 -0.0123237 -0.0052135 -0.0125445 -0.0094439 -0.0108673 -0.0052059 -0.0123616 -0.0091911 -0.0124392 -0.0117508 -0.0133978 -0.0119615 -0.0136921 -0.0121151 -0.0108373 -0.0131102 -0.0128887 -0.0121566 -0.0135779 -0.0130078 -0.0123485 -0.0120984 -0.0120222 -0.0122962 -0.0128728 -0.0092153 -0.0125107 -0.0124279 -0.0116220 -0.0120434 -0.0125269 -0.0106338
-0.0366499 -0.0424872 -0.0422474 -0.0373773 -0.0428621 -0.0336591 1.7007275 -0.0316673 -0.0356557 -0.0384293 -0.0429520 -0.0326915 -0.0391719 -0.0392158 -0.0398705 -0.0394748 -0.0206845 -0.0265985 -0.0357957 -0.0271421 -0.0285552 -0.0405375 -0.0439955 -0.0394665 -0.0391029 -0.0357806 -0.0333314 -0.0256092 -0.0338296 -0.0454811 -0.0452805 -0.0299813 -0.0170032 -0.0167336 -0.0171271 -0.0155804 -0.0166184 -0.0171344 -0.0179708 -0.0173944 -0.0169469 -0.0165865 -0.0170441 -0.0175636 -0.0170054 -0.0158588 -0.0171011 -0.0176675 -0.0165617 -0.0175568 -0.0161109 -0.0175671 -0.0166411 -0.0123358 -0.0161658 -0.0169273 -0.0174431 -0.0177136 -0.0165671 -0.0185439 -0.0117265 -0.0191285 -0.0173592 -0.0165302 -0.0181414 -0.0179512 -0.0141547 -0.0186358 -0.0182385 -0.0167485 -0.0161035 -0.0165828 -0.0167483 -0.0179177 -0.0175253 -0.0177657 -0.0176238 -0.0162818 -0.0142790 -0.0175495 -0.0166876
-0.0313395 -0.0389425 -0.0378670 -0.0325059 -0.0376997 -0.0296385 -0.0316673 1.5780990 -0.0293211 -0.0335656 -0.0377438 -0.0284922 -0.0351497 -0.0333168 -0.0342066 -0.0351788 -0.0181741 -0.0159118 -0.0299619 -0.0238466 -0.0247617 -0.0350414 -0.0370311 -0.0348442 -0.0332726 -0.0319231 -0.0286986 -0.0140334 -0.0297204 -0.0389991 -0.0390558 -0.0260340 -0.0129233 -0.0145068 -0.0145548 -0.0145745 -0.0146685 -0.0153426 -0.0155719 -0.0071038 -0.0146511 -0.0144047 -0.0127613 -0.0153368 -0.0144596 -0.0147265 -0.0147574 -0.0151325 -0.0148110 -0.0149214 -0.0135288 -0.0147637 -0.0143354 -0.0141618 -0.0123647 -0.0142340 -0.0150103 -0.0152131 -0.0136051 -0.0158681 -0.0139796 -0.0165986 -0.0142142 -0.0118994 -0.0152204 -0.0151174 -0.0148224 -0.0134132 -0.0153712 -0.0057234 -0.0105578 -0.0134782 -0.0147558 -0.0155665 -0.0125481 -0.0142194 -0.0147732 -0.0142696 -0.0146759 -0.0090765 -0.0147839
-0.0341272 -0.0434052 -0.0393449 -0.0339592 -0.0429676 -0.0320138 -0.0356557 -0.0293211 1.7677109 -0.0355960 -0.0415160 -0.0303927 -0.0368040 -0.0371496 -0.0364483 -0.0380289 -0.0263520 -0.0246956 -0.0328563 -0.0245193 -0.0265756 -0.0389443 -0.0410007 -0.0379666 -0.0380076 -0.0343368 -0.0299568 -0.0259886 -0.0328145 -0.0418167 -0.0444422 -0.0277216 -0.0165506 -0.0189206 -0.0173015 -0.0162652 -0.0184106 -0.0191805 -0.0188304 -0.0181824 -0.0180858 -0.0180638 -0.0191845 -0.0177258 -0.0180925 -0.0148490 -0.0180731 -0.0182910 -0.0184745 -0.0185651 -0.0158157 -0.0169115 -0.0145314 -0.0177507 -0.0175611 -0.0183205 -0.0188582 -0.0161276 -0.0172309 -0.0194900 -0.0142131 -0.0201932 -0.0181999 -0.0155236 -0.0190999 -0.0191635 -0.0169837 -0.0197355 -0.0187064 -0.0185308 -0.0178913 -0.0174957 -0.0176960 -0.0140187 -0.0184244 -0.0189288 -0.0175394 -0.0167842 -0.0172041 -0.0180744 -0.0171955
-0.0379879 -0.0433776 -0.0437244 -0.0385585 -0.0446426 -0.0346281 -0.0384293 -0.0335656 -0.0355960 1.7720968 -0.0447291 -0.0321527 -0.0395191 -0.0388663 -0.0399021 -0.0408355 -0.0206758 -0.0243321 -0.0377204 -0.0268071 -0.0298068 -0.0401680 -0.0446383 -0.0404986 -0.0388427 -0.0347316 -0.0337142 -0.0243582 -0.0357252 -0.0458934 -0.0458682 -0.0326612 -0.0195330 -0.0184143 -0.0192664 -0.0178250 -0.0173212 -0.0184543 -0.0168555 -0.0188805 -0.0184881 -0.0175363 -0.0197521 -0.0173254 -0.0183780 -0.0189528 -0.0175458 -0.0185252 -0.0172046 -0.0190594 -0.0186418 -0.0186681 -0.0153685 -0.0182877 -0.0182330 -0.0188935 -0.0187680 -0.0192999 -0.0185002 -0.0196223 -0.0162895 -0.0196854 -0.0186978 -0.0174743 -0.0197751 -0.0189811 -0.0180363 -0.0201551 -0.0195701 -0.0189956 -0.0185255 -0.0185296 -0.0187605 -0.0157034 -0.0161519 -0.0190107 -0.0189744 -0.0163070 -0.0179601 -0.0191974 -0.0182106
-0.0421045 -0.0498724 -0.0487327 -0.0429250 -0.0509256 -0.0381760 -0.0429520 -0.0377438 -0.0415160 -0.0447291 2.0382717 -0.0355051 -0.0437613 -0.0459403 -0.0467748 -0.0478114 -0.0325074 -0.0363735 -0.0404950 -0.0337274 -0.0327703 -0.0449564 -0.0504181 -0.0460895 -0.0444972 -0.0402323 -0.0378129 -0.0348789 -0.0400891 -0.0521169 -0.0522290 -0.0355845 -0.0239821 -0.0231686 -0.0216883 -0.0228682 -0.0239868 -0.0245509 -0.0235434 -0.0230503 -0.0236478 -0.0234373 -0.0244406 -0.0244759 -0.0233120 -0.0232431 -0.0238484 -0.0241376 -0.0239987 -0.0239242 -0.0234733 -0.0240393 -0.0210403 -0.0234456 -0.0231164 -0.0239688 -0.0245358 -0.0240832 -0.0216977 -0.0243317 -0.0235861 -0.0255903 -0.0238510 -0.0230707 -0.0245403 -0.0242911 -0.0237764 -0.0247772 -0.0244637 -0.0239671 -0.0228714 -0.0228312 -0.0239753 -0.0232051 -0.0236924 -0.0242961 -0.0227022 -0.0231899 -0.0214502 -0.0225895 -0.0239646
-0.0307739 -0.0380550 -0.0342381 -0.0305946 -0.0374170 -0.0281619 -0.0326915 -0.0284922 -0.0303927 -0.0321527 -0.0355051 1.5323020 -0.0334135 -0.0327815 -0.0346832 -0.0332202 -0.0094112 -0.0056392 -0.0298171 -0.0172073 -0.0229544 -0.0335990 -0.0347131 -0.0318265 -0.0322908 -0.0307372 -0.0280341 -0.0091857 -0.0306503 -0.0359118 -0.0371222 -0.0255924 -0.0137853 -0.0135652 -0.0138919 -0.0137648 -0.0130381 -0.0139678 -0.0143432 -0.0136243 -0.0135254 -0.0127588 -0.0145559 -0.0136695 -0.0126162 -0.0138305 -0.0136604 -0.0138747 -0.0133665 -0.0135237 -0.0009674 -0.0137180 -0.0128761 -0.0130278 -0.0073267 -0.0137842 -0.0134941 -0.0140640 -0.0081336 -0.0143678 0.0082161 -0.0151389 -0.0136559 -0.0117225 -0.0144922 -0.0143986 -0.0131712 -0.0144892 -0.0143719 -0.0025179 -0.0132879 -0.0134401 -0.0132696 0.0007695 -0.0134216 -0.0140282 -0.0131571 0.0058072 -0.0132345 -0.0136486 -0.0116363
-0.0370324 -0.0453702 -0.0467031 -0.0399157 -0.0461477 -0.0358249 -0.0391719 -0.0351497 -0.0368040 -0.0395191 -0.0437613 -0.0334135 1.8459707 -0.0397577 -0.0407291 -0.0434888 -0.0257593 -0.0267557 -0.0364316 -0.0279237 -0.0312139 -0.0423865 -0.0444467 -0.0401804 -0.0406367 -0.0374922 -0.0341973 -0.0284160 -0.0372275 -0.0463409 -0.0464390 -0.0318319 -0.0200649 -0.0202002 -0.0198492 -0.0203285 -0.0201183 -0.0204924 -0.0205519 -0.0198732 -0.0186248 -0.0191448 -0.0209484 -0.0205804 -0.0191294 -0.0193159 -0.0173825 -0.0200529 -0.0195222 -0.0200383 -0.0191639 -0.0201745 -0.0194790 -0.0166822 -0.0193594 -0.0199880 -0.0189059 -0.0202154 -0.0195863 -0.0210952 -0.0172034 -0.0217035 -0.0198450 -0.0197234 -0.0208733 -0.0199975 -0.0183634 -0.0213054 -0.0208787 -0.0197007 -0.0200329 -0.0181327 -0.0162424 -0.0207030 -0.0179590 -0.0198105 -0.0189869 -0.0193038 -0.0179599 -0.0193047 -0.0197541
-0.0378472 -0.0454045 -0.0442252 -0.0398526 -0.0452310 -0.0353917 -0.0392158 -0.0333168 -0.0371496 -0.0388663 -0.0459403 -0.0327815 -0.0397577 1.8269883 -0.0415192 -0.0405331 -0.0240685 -0.0239375 -0.0368055 -0.0272907 -0.0276589 -0.0424824 -0.0448205 -0.0406242 -0.0412900 -0.0362587 -0.0336180 -0.0271601 -0.0369674 -0.0472373 -0.0477425 -0.0315041 -0.0185025 -0.0173435 -0.0198033 -0.0194641 -0.0175186 -0.0204616 -0.0204998 -0.0197330 -0.0194267 -0.0160993 -0.0204336 -0.0204708 -0.0184095 -0.0198910 -0.0196859 -0.0201362 -0.0176144 -0.0198357 -0.0187779 -0.0203112 -0.0177346 -0.0195478 -0.0191139 -0.0197075 -0.0203067 -0.0201060 -0.0173189 -0.0205834 -0.0179240 -0.0212976 -0.0195925 -0.0193485 -0.0202769 -0.0206550 -0.0185771 -0.0206412 -0.0204922 -0.0174264 -0.0193130 -0.0175957 -0.0199770 -0.0202467 -0.0198497 -0.0194039 -0.0201819 -0.0185927 -0.0133300 -0.0184307 -0.0196408
-0.0387269 -0.0477351 -0.0449574 -0.0388841 -0.0477527 -0.0367118 -0.0398705 -0.0342066 -0.0364483 -0.0399021 -0.0467748 -0.0346832 -0.0407291 -0.0415192 1.8404123 -0.0426330 -0.0270134 -0.0296767 -0.0382361 -0.0293937 -0.0307396 -0.0429902 -0.0464141 -0.0425850 -0.0410953 -0.0380896 -0.0347350 -0.0300247 -0.0380809 -0.0482489 -0.0484521 -0.0328967 -0.0203255 -0.0193246 -0.0203947 -0.0186482 -0.0182419 -0.0206221 -0.0203973 -0.0189940 -0.0198945 -0.0193007 -0.0208682 -0.0195208 -0.0197021 -0.0203822 -0.0201411 -0.0199640 -0.0201439 -0.0201157 -0.0150871 -0.0198964 -0.0183336 -0.0142141 -0.0190042 -0.0199595 -0.0204223 -0.0193379 -0.0197780 -0.0212488 -0.0171727 -0.0217537 -0.0179396 -0.0182506 -0.0208519 -0.0208667 -0.0195907 -0.0212803 -0.0201545 -0.0199961 -0.0200706 -0.0195333 -0.0203357 -0.0208586 -0.0201701 -0.0201153 -0.0198321 -0.0179869 -0.0200814 -0.0201524 -0.0186695
-0.0386511 -0.0472141 -0.0482808 -0.0409051 -0.0472900 -0.0369304 -0.0394748 -0.0351788 -0.0380289 -0.0408355 -0.0478114 -0.0332202 -0.0434888 -0.0405331 -0.0426330 1.8991029 -0.0296702 -0.0309805 -0.0378193 -0.0307610 -0.0326914 -0.0438525 -0.0479110 -0.0432426 -0.0424227 -0.0392765 -0.0351690 -0.0321493 -0.0391394 -0.0490139 -0.0510015 -0.0336402 -0.0211095 -0.0212063 -0.0199355 -0.0212329 -0.0208643 -0.0218799 -0.0219218 -0.0203991 -0.0211614 -0.0206321 -0.0217531 -0.0218229 -0.0201432 -0.0215144 -0.0210903 -0.0215528 -0.0213589 -0.0214039 -0.0204866 -0.0206252 -0.0203324 -0.0212497 -0.0206086 -0.0208842 -0.0182031 -0.0215584 -0.0171498 -0.0223023 -0.0198911 -0.0230497 -0.0211804 -0.0201066 -0.0220347 -0.0220457 -0.0198131 -0.0224902 -0.0216719 -0.0213775 -0.0207058 -0.0205974 -0.0203929 -0.0200204 -0.0207981 -0.0214597 -0.0207496 -0.0158644 -0.0212000 -0.0191518 -0.0209287
-0.0226611 -0.0341859 -0.0307319 -0.0250271 -0.0349080 -0.0185136 -0.0206845 -0.0181741 -0.0263520 -0.0206758 -0.0325074 -0.0094112 -0.0257593 -0.0240685 -0.0270134 -0.0296702 1.6268394 0.0227778 -0.0179337 -0.0009425 -0.0080117 -0.0279631 -0.0309044 -0.0274228 -0.0278219 -0.0222306 -0.0156907 0.0519128 -0.0199873 -0.0341951 -0.0379903 0.0022598 -0.0040807 0.2120498 -0.0058035 0.2004593 -0.0045202 -0.0046116 -0.0060219 -0.0059279 -0.0046816 -0.0048269 -0.0065788 -0.0014587 -0.0040667 -0.0055646 -0.0055198 -0.0038874 -0.0040821 -0.0023419 -0.0020947 -0.0030854 -0.0043246 -0.0048931 0.0105196 -0.0050289 -0.0019962 -0.0057072 -0.0028911 -0.0063264 -0.0036469 -0.0074095 -0.0054558 -0.0044612 -0.0063548 -0.0055145 -0.0044461 -0.0061364 -0.0065431 -0.0053513 -0.0041920 -0.0041690 -0.0031707 0.2585276 -0.0023352 -0.0057814 0.1967961 -0.0038400 -0.0041885 -0.0054935 -0.0052514
-0.0259131 -0.0339429 -0.0325688 -0.0259537 -0.0359366 -0.0214461 -0.0265985 -0.0159118 -0.0246956 -0.0243321 -0.0363735 -0.0056392 -0.0267557 -0.0239375 -0.0296767 -0.0309805 0.0227778 1.8751457 -0.0216641 0.0267456 0.0086092 -0.0281985 -0.0366435 -0.0286001 -0.0299139 -0.0230682 -0.0202336 0.0339739 -0.0242371 -0.0366830 -0.0413079 -0.0066367 0.2456863 -0.0074521 -0.0083079 -0.0074294 -0.0082299 0.2063136 -0.0097289 -0.0082511 -0.0076997 -0.0078154 -0.0098335 -0.0068780 -0.0082616 0.1786809 -0.0086841 -0.0086652 0.1589430 -0.0088767 -0.0069818 -0.0076330 0.0020468 0.0833376 -0.0074255 -0.0085522 -0.0072435 -0.0091539 -0.0081122 -0.0096615 -0.0077891 -0.0107454 -0.0079304 -0.0057271 -0.0092074 -0.0087653 -0.0075038 -0.0095906 -0.0095761 -0.0087819 -0.0079473 -0.0079683 -0.0083725 -0.0082858 -0.0073082 -0.0088527 -0.0084081 -0.0071415 -0.0085760 0.1420646 -0.0088113
-0.0350736 -0.0406453 -0.0395938 -0.0370206 -0.0426710 -0.0321092 -0.0357957 -0.0299619 -0.0328563 -0.0377204 -0.0404950 -0.0298171 -0.0364316 -0.0368055 -0.0382361 -0.0378193 -0.0179337 -0.0216641 1.6330587 -0.0248196 -0.0285464 -0.0369720 -0.0409601 -0.0369178 -0.0372761 -0.0330890 -0.0308173 -0.0250819 -0.0331054 -0.0417140 -0.0429104 -0.0279852 -0.0167926 -0.0160642 -0.0165647 -0.0154569 -0.0150121 -0.0152944 -0.0160385 -0.0157016 -0.0153503 -0.0151052 -0.0167776 -0.0153609 -0.0147804 -0.0163891 -0.0142052 -0.0123643 -0.0147931 -0.0146977 -0.0144191 -0.0164305 -0.0155226 -0.0154277 -0.0158158 -0.0156211 -0.0154412 -0.0162372 -0.0159744 -0.0172353 -0.0159366 -0.0179775 -0.0155387 -0.0154291 -0.0170539 -0.0166853 -0.0162238 -0.0175031 -0.0170243 -0.0155648 -0.0157638 -0.0160972 -0.0132619 -0.0165826 -0.0133072 -0.0099728 -0.0146541 -0.0154249 -0.0160107 -0.0164146 -0.0148376
-0.0267876 -0.0333380 -0.0321813 -0.0281271 -0.0353312 -0.0242314 -0.0271421 -0.0238466 -0.0245193 -0.0268071 -0.0337274 -0.0172073 -0.0279237 -0.0272907 -0.0293937 -0.0307610 -0.0009425 0.0267456 -0.0248196 1.7471493 -0.0148794 -0.0304605 -0.0328091 -0.0294555 -0.0283955 -0.0249777 -0.0228359 0.0206320 -0.0258710 -0.0332304 -0.0369337 -0.0143324 -0.0131644 -0.0135602 0.1148266 -0.0140423 -0.0137468 -0.0135091 -0.0146521 -0.0136525 -0.0134843 -0.0097917 -0.0151946 -0.0137417 -0.0131896 -0.0136205 -0.0136867 -0.0141824 -0.0134515 -0.0141787 -0.0130876 -0.0135156 -0.0127557 -0.0130383 -0.0124791 -0.0140742 -0.0131285 -0.0141297 -0.0132436 -0.0152257 -0.0133369 -0.0157910 -0.0137955 0.0229708 -0.0144160 0.0388693 -0.0131928 0.1230082 -0.0146186 -0.0142026 0.0040231 -0.0136013 -0.0134249 -0.0140842 -0.0128515 -0.0140950 -0.0122000 -0.0126847 -0.0132354 -0.0137963 0.0319114
-0.0295788 -0.0356348 -0.0318187 -0.0296737 -0.0347235 -0.0266564 -0.0285552 -0.0247617 -0.0265756 -0.0298068 -0.0327703 -0.0229544 -0.0312139 -0.0276589 -0.0307396 -0.0326914 -0.0080117 0.0086092 -0.0285464 -0.0148794 1.6270326 -0.0335292 -0.0329000 -0.0310664 -0.0304747 -0.0276105 -0.0222988 0.0087963 -0.0277717 -0.0358654 -0.0357450 -0.0155146 -0.0115770 0.0006838 -0.0061759 -0.0124795 -0.0123382 0.0579958 -0.0132834 -0.0129000 -0.0126590 -0.0123006 -0.0140573 -0.0118627 -0.0122182 -0.0123229 -0.0126516 -0.0130127 -0.0115931 -0.0130035 -0.0118902 0.0612367 -0.0121418 -0.0119589 -0.0025924 -0.0131012 -0.0116221 -0.0131060 -0.0116913 -0.0141418 -0.0123265 -0.0147652 -0.0122608 -0.0115399 -0.0135788 0.0891457 -0.0125330 -0.0136475 -0.0135714 -0.0129038 0.0454976 -0.0119211 -0.0117250 -0.0133482 0.0768968 -0.0128760 -0.0062438 -0.0113150 -0.0124548 -0.0122348 -0.0125959
-0.0394707 -0.0477112 -0.0456742 -0.0397425 -0.0484019 -0.0362310 -0.0405375 -0.0350414 -0.0389443 -0.0401680 -0.0449564 -0.0335990 -0.0423865 -0.0424824 -0.0429902 -0.0438525 -0.0279631 -0.0281985 -0.0369720 -0.0304605 -0.0335292 1.9016862 -0.0471808 -0.0417592 -0.0408444 -0.0385894 -0.0352879 -0.0315848 -0.0386612 -0.0459002 -0.0478103 -0.0327986 -0.0212269 -0.0194423 -0.0210002 -0.0196955 -0.0212219 -0.0213561 -0.0216244 -0.0187959 -0.0201281 -0.0207264 -0.0216243 -0.0214700 -0.0197371 -0.0207298 -0.0206614 -0.0215124 -0.0203018 -0.0195620 -0.0198849 -0.0211816 -0.0193792 -0.0209102 -0.0194602 -0.0188368 -0.0190869 -0.0212625 -0.0190197 -0.0218539 -0.0209086 -0.0229558 -0.0211489 -0.0194651 -0.0211654 -0.0210970 -0.0209805 -0.0223629 -0.0215470 -0.0211927 -0.0210969 -0.0208086 -0.0208007 -0.0211171 -0.0207610 -0.0212782 -0.0215187 -0.0186703 -0.0211059 -0.0212290 -0.0206158
-0.0427647 -0.0486865 -0.0512019 -0.0441074 -0.0521196 -0.0397536 -0.0439955 -0.0370311 -0.0410007 -0.0446383 -0.0504181 -0.0347131 -0.0444467 -0.0448205 -0.0464141 -0.0479110 -0.0309044 -0.0366435 -0.0409601 -0.0328091 -0.0329000 -0.0471808 2.1026149 -0.0447603 -0.0441286 -0.0398982 -0.0376292 -0.0354913 -0.0409629 -0.0523429 -0.0536759 -0.0365663 -0.0244411 -0.0243936 -0.0248917 -0.0247356 -0.0245209 -0.0258065 -0.0256316 -0.0248165 -0.0248314 -0.0244594 -0.0241359 -0.0238781 -0.0244588 -0.0253360 -0.0249118 -0.0245952 -0.0239447 -0.0247095 -0.0238110 -0.0247311 -0.0224721 -0.0247605 -0.0239749 -0.0240850 -0.0253496 -0.0253314 -0.0234891 -0.0250705 -0.0242131 -0.0259420 -0.0246843 -0.0233126 -0.0252987 -0.0255327 -0.0245579 -0.0249397 -0.0256747 -0.0241466 -0.0237848 -0.0241925 -0.0253068 -0.0255495 -0.0249164 -0.0245044 -0.0250793 -0.0230954 -0.0239546 -0.0236028 -0.0246150
-0.0372777 -0.0454808 -0.0445433 -0.0412726 -0.0474302 -0.0336378 -0.0394665 -0.0348442 -0.0379666 -0.0404986 -0.0460895 -0.0318265 -0.0401804 -0.0406242 -0.0425850 -0.0432426 -0.0274228 -0.0286001 -0.0369178 -0.0294555 -0.0310664 -0.0417592 -0.0447603 1.7555830 -0.0406808 -0.0371862 -0.0335899 -0.0295125 -0.0372228 -0.0468950 -0.0473855 -0.0315341 -0.0193164 -0.0167472 -0.0182750 -0.0174488 -0.0173669 -0.0182891 -0.0168776 -0.0182791 -0.0143944 -0.0181557 -0.0191924 -0.0156693 -0.0177697 -0.0187688 -0.0185395 -0.0184967 -0.0171455 -0.0184528 -0.0169347 -0.0186646 -0.0136885 -0.0176984 -0.0172919 -0.0182027 -0.0189792 -0.0188945 -0.0174099 -0.0195238 -0.0179880 -0.0202161 -0.0182013 -0.0175620 -0.0192517 -0.0187611 -0.0176922 -0.0199111 -0.0187032 -0.0183779 -0.0168268 -0.0181666 -0.0186715 -0.0181787 -0.0173506 -0.0169647 -0.0182081 -0.0182295 -0.0177817 -0.0184156 -0.0179306
-0.0385828 -0.0451519 -0.0450200 -0.0399516 -0.0464796 -0.0356277 -0.0391029 -0.0332726 -0.0380076 -0.0388427 -0.0444972 -0.0322908 -0.0406367 -0.0412900 -0.0410953 -0.0424227 -0.0278219 -0.0299139 -0.0372761 -0.0283955 -0.0304747 -0.0408444 -0.0441286 -0.0406808 1.7772698 -0.0367845 -0.0332539 -0.0301547 -0.0356031 -0.0469388 -0.0477114 -0.0321394 -0.0186856 -0.0185100 -0.0189839 -0.0189432 -0.0189581 -0.0189565 -0.0194796 -0.0188872 -0.0188920 -0.0175581 -0.0197948 -0.0188088 -0.0177579 -0.0192425 -0.0188018 -0.0190152 -0.0178861 -0.0186725 -0.0182516 -0.0177570 -0.0183432 -0.0181563 -0.0179453 -0.0161997 -0.0193503 -0.0192073 -0.0185214 -0.0197259 -0.0167767 -0.0206004 -0.0189234 -0.0183968 -0.0198665 -0.0197663 -0.0187282 -0.0169684 -0.0198462 -0.0183610 -0.0188244 -0.0171978 -0.0185213 -0.0197877 -0.0166382 -0.0190132 -0.0177640 -0.0179491 -0.0178033 -0.0192815 -0.0183428
-0.0350368 -0.0419051 -0.0414196 -0.0357672 -0.0419565 -0.0327915 -0.0357806 -0.0319231 -0.0343368 -0.0347316 -0.0402323 -0.0307372 -0.0374922 -0.0362587 -0.0380896 -0.0392765 -0.0222306 -0.0230682 -0.0330890 -0.0249777 -0.0276105 -0.0385894 -0.0398982 -0.0371862 -0.0367845 1.6714504 -0.0302526 -0.0229174 -0.0323626 -0.0422536 -0.0427468 -0.0291528 -0.0173245 -0.0161343 -0.0169716 -0.0169684 -0.0167141 -0.0171713 -0.0172910 -0.0126318 -0.0163768 -0.0151073 -0.0175643 -0.0172867 -0.0150530 -0.0164597 -0.0164449 -0.0168417 -0.0155139 -0.0163741 -0.0135491 -0.0159695 -0.0152821 -0.0063767 -0.0163830 -0.0165353 -0.0137821 -0.0164546 -0.0160557 -0.0172317 -0.0163580 -0.0184135 -0.0166915 -0.0125880 -0.0172924 -0.0168235 -0.0107562 -0.0179118 -0.0172079 -0.0165374 -0.0156579 -0.0163216 -0.0140647 -0.0174043 -0.0166331 -0.0165229 -0.0134616 -0.0089744 -0.0166122 -0.0162567 -0.0165841
-0.0309063 -0.0383897 -0.0379060 -0.0335437 -0.0397868 -0.0289418 -0.0333314 -0.0286986 -0.0299568 -0.0337142 -0.0378129 -0.0280341 -0.0341973 -0.0336180 -0.0347350 -0.0351690 -0.0156907 -0.0202336 -0.0308173 -0.0228359 -0.0222988 -0.0352879 -0.0376292 -0.0335899 -0.0332539 -0.0302526 1.3638308 -0.0172954 -0.0295843 -0.0393957 -0.0409750 -0.0275875 -0.0116518 -0.0111652 -0.0099137 -0.0112962 -0.0112870 -0.0119624 -0.0116479 -0.0107307 -0.0093029 -0.0074586 -0.0118244 -0.0116805 -0.0066384 -0.0103008 -0.0068457 -0.0114079 -0.0107167 -0.0112975 -0.0108247 -0.0111513 -0.0107645 -0.0111532 -0.0107296 -0.0057591 -0.0112661 -0.0114218 -0.0049018 -0.0120470 -0.0107182 -0.0128358 -0.0105475 -0.0104146 -0.0120859 -0.0117630 -0.0107648 -0.0126468 -0.0119646 -0.0113290 -0.0111039 -0.0109896 -0.0114854 -0.0094105 -0.0109560 -0.0115327 -0.0063640 -0.0090992 -0.0064285 -0.0079540 -0.0106916
-0.0242622 -0.0346844 -0.0357625 -0.0261368 -0.0380359 -0.0215152 -0.0256092 -0.0140334 -0.0259886 -0.0243582 -0.0348789 -0.0091857 -0.0284160 -0.0271601 -0.0300247 -0.0321493 0.0519128 0.0339739 -0.0250819 0.0206320 0.0087963 -0.0315848 -0.0354913 -0.0295125 -0.0301547 -0.0229174 -0.0172954 1.7852865 -0.0229943 -0.0369680 -0.0416320 0.0077819 -0.0054452 -0.0050127 -0.0073441 0.1043239 0.0925172 -0.0074932 -0.0082853 -0.0067436 -0.0073449 -0.0072642 -0.0088145 0.2210692 0.0081319 -0.0076752 -0.0069179 -0.0078951 -0.0061844 -0.0073013 -0.0037947 0.1755627 -0.0050389 -0.0068855 -0.0057843 -0.0072703 0.2071723 -0.0080598 -0.0069942 -0.0086233 -0.0068952 -0.0097547 -0.0076649 -0.0059112 -0.0072578 -0.0079599 -0.0069201 -0.0083344 -0.0083810 -0.0076779 -0.0076227 -0.0073159 0.1306713 -0.0037367 -0.0054887 -0.0076911 -0.0044792 -0.0060765 0.0694720 -0.0077898 -0.0077062
-0.0343463 -0.0411952 -0.0409915 -0.0359062 -0.0424266 -0.0307852 -0.0338296 -0.0297204 -0.0328145 -0.0357252 -0.0400891 -0.0306503 -0.0372275 -0.0369674 -0.0380809 -0.0391394 -0.0199873 -0.0242371 -0.0331054 -0.0258710 -0.0277717 -0.0386612 -0.0409629 -0.0372228 -0.0356031 -0.0323626 -0.0295843 -0.0229943 1.5167687 -0.0412700 -0.0428799 -0.0281629 -0.0147826 -0.0143469 -0.0142736 -0.0145011 -0.0141087 -0.0123380 -0.0145786 -0.0136657 -0.0135402 -0.0134546 -0.0148392 -0.0124969 -0.0123775 -0.0136382 -0.0140526 -0.0143433 -0.0136520 -0.0044995 -0.0110463 -0.0120773 -0.0130004 -0.0134962 -0.0121810 -0.0138083 -0.0144131 -0.0143300 -0.0125816 -0.0148288 -0.0125920 -0.0156643 -0.0140022 -0.0119119 -0.0147078 -0.0145501 -0.0079951 -0.0152263 -0.0144367 -0.0133869 -0.0139915 -0.0137792 -0.0143794 -0.0148745 -0.0137575 -0.0142679 -0.0117334 -0.0136765 -0.0134743 -0.0144066 -0.0127743
-0.0432199 -0.0501162 -0.0504167 -0.0457640 -0.0518433 -0.0396418 -0.0454811 -0.0389991 -0.0418167 -0.0458934 -0.0521169 -0.0359118 -0.0463409 -0.0472373 -0.0482489 -0.0490139 -0.0341951 -0.0366830 -0.0417140 -0.0332304 -0.0358654 -0.0459002 -0.0523429 -0.0468950 -0.0469388 -0.0422536 -0.0393957 -0.0369680 -0.0412700 2.1152656 -0.0560211 -0.0380835 -0.0253291 -0.0236997 -0.0254497 -0.0251354 -0.0252124 -0.0263240 -0.0257837 -0.0251377 -0.0244497 -0.0206322 -0.0262092 -0.0256005 -0.0245139 -0.0256994 -0.0251436 -0.0247683 -0.0255405 -0.0252754 -0.0237713 -0.0243022 -0.0249558 -0.0242096 -0.0239817 -0.0239766 -0.0244079 -0.0255822 -0.0237191 -0.0265395 -0.0243412 -0.0272190 -0.0250129 -0.0249296 -0.0242690 -0.0262046 -0.0252973 -0.0267026 -0.0261583 -0.0252647 -0.0251454 -0.0238464 -0.0249909 -0.0262998 -0.0224122 -0.0254833 -0.0244217 -0.0237503 -0.0244846 -0.0256467 -0.0251361
-0.0453907 -0.0543445 -0.0531268 -0.0464994 -0.0538928 -0.0412681 -0.0452805 -0.0390558 -0.0444422 -0.0458682 -0.0522290 -0.0371222 -0.0464390 -0.0477425 -0.0484521 -0.0510015 -0.0379903 -0.0413079 -0.0429104 -0.0369337 -0.0357450 -0.0478103 -0.0536759 -0.0473855 -0.0477114 -0.0427468 -0.0409750 -0.0416320 -0.0428799 -0.0560211 2.1783748 -0.0366342 -0.0260568 -0.0267443 -0.0266163 -0.0265278 -0.0262338 -0.0261077 -0.0268951 -0.0251671 -0.0262122 -0.0249176 -0.0268397 -0.0270246 -0.0257176 -0.0262686 -0.0262003 -0.0267274 -0.0258726 -0.0264332 -0.0245972 -0.0263257 -0.0233986 -0.0264882 -0.0254032 -0.0259874 -0.0270425 -0.0268937 -0.0258824 -0.0276695 -0.0238701 -0.0279500 -0.0260197 -0.0245538 -0.0270403 -0.0264995 -0.0256189 -0.0271041 -0.0270715 -0.0258607 -0.0261028 -0.0257304 -0.0257752 -0.0264576 -0.0256386 -0.0269583 -0.0260531 -0.0253287 -0.0263343 -0.0262270 -0.0264268
-0.0312308 -0.0370637 -0.0363005 -0.0323643 -0.0369029 -0.0286277 -0.0299813 -0.0260340 -0.0277216 -0.0326612 -0.0355845 -0.0255924 -0.0318319 -0.0315041 -0.0328967 -0.0336402 0.0022598 -0.0066367 -0.0279852 -0.0143324 -0.0155146 -0.0327986 -0.0365663 -0.0315341 -0.0321394 -0.0291528 -0.0275875 0.0077819 -0.0281629 -0.0380835 -0.0366342 1.5506982 -0.0112628 -0.0126188 -0.0133266 -0.0126487 -0.0130739 -0.0138361 -0.0135306 -0.0081786 -0.0130153 -0.0124088 -0.0136402 -0.0131895 -0.0126961 -0.0111904 -0.0130202 -0.0125975 -0.0130155 -0.0066394 -0.0085223 -0.0127801 -0.0125388 -0.0124740 -0.0125595 -0.0131258 -0.0123176 -0.0134287 -0.0118373 0.0539967 -0.0126846 -0.0142117 -0.0130928 -0.0100457 0.0620518 -0.0139260 -0.0124727 -0.0144865 -0.0138601 -0.0131801 -0.0112160 0.0075159 -0.0127786 -0.0132768 -0.0126626 -0.0133159 -0.0129973 -0.0123339 -0.0129558 -0.0130602 -0.0130263
-0.0138513 -0.0237613 -0.0245951 -0.0193524 -0.0252474 -0.0127630 -0.0170032 -0.0129233 -0.0165506 -0.0195330 -0.0239821 -0.0137853 -0.0200649 -0.0185025 -0.0203255 -0.0211095 -0.0040807 0.2456863 -0.0167926 -0.0131644 -0.0115770 -0.0212269 -0.0244411 -0.0193164 -0.0186856 -0.0173245 -0.0116518 -0.0054452 -0.0147826 -0.0253291 -0.0260568 -0.0112628 0.3589469 0.0096620 0.0104475 0.0089439 0.0113153 0.0339488 0.0123685 0.0122685 0.0125631 0.0121939 0.0120589 0.0098191 0.0120221 0.0326528 0.0122711 0.0123796 0.0308083 0.0119754 0.0119859 0.0090719 0.0138035 0.0241248 0.0119035 0.0123377 0.0098674 0.0123926 0.0120592 0.0114019 0.0116910 0.0120706 0.0125227 0.0120784 0.0113435 0.0100946 0.0122530 0.0099751 0.0122112 0.0120536 0.0110691 0.0121041 0.0104501 0.0089286 0.0110769 0.0122815 0.0097568 0.0121399 0.0111885 0.0291544 0.0113554
-0.0134966 -0.0248203 -0.0244163 -0.0191487 -0.0244861 -0.0117033 -0.0167336 -0.0145068 -0.0189206 -0.0184143 -0.0231686 -0.0135652 -0.0202002 -0.0173435 -0.0193246 -0.0212063 0.2120498 -0.0074521 -0.0160642 -0.0135602 0.0006838 -0.0194423 -0.0243936 -0.0167472 -0.0185100 -0.0161343 -0.0111652 -0.0050127 -0.0143469 -0.0236997 -0.0267443 -0.0126188 0.0096620 0.3213063 0.0107913 0.0304761 0.0112106 0.0098328 0.0122186 0.0120947 0.0126779 0.0123804 0.0120883 0.0101488 0.0123784 0.0103693 0.0123291 0.0129231 0.0107732 0.0129469 0.0125520 0.0099337 0.0123734 0.0113076 0.0145128 0.0124036 0.0101302 0.0125469 0.0128196 0.0114478 0.0120957 0.0119200 0.0125309 0.0119991 0.0111063 0.0114734 0.0124694 0.0105744 0.0122630 0.0122147 0.0119920 0.0122873 0.0107723 0.0401603 0.0127035 0.0124870 0.0326887 0.0122937 0.0112182 0.0107552 0.0118321
-0.0155767 -0.0251603 -0.0244055 -0.0181222 -0.0250664 -0.0123105 -0.0171271 -0.0145548 -0.0173015 -0.0192664 -0.0216883 -0.0138919 -0.0198492 -0.0198033 -0.0203947 -0.0199355 -0.0058035 -0.0083079 -0.0165647 0.1148266 -0.0061759 -0.0210002 -0.0248917 -0.0182750 -0.0189839 -0.0169716 -0.0099137 -0.0073441 -0.0142736 -0.0254497 -0.0266163 -0.0133266 0.0104475 0.0107913 0.3036842 0.0100004 0.0120764 0.0103384 0.0131571 0.0130212 0.0134478 0.0136747 0.0129819 0.0105989 0.0133204 0.0112205 0.0133205 0.0134063 0.0115229 0.0131501 0.0128900 0.0104247 0.0133562 0.0121898 0.0133805 0.0131222 0.0108580 0.0132360 0.0131666 0.0122436 0.0129637 0.0129479 0.0137109 0.0159680 0.0123204 0.0156054 0.0135071 0.0213336 0.0136045 0.0130862 0.0139672 0.0129946 0.0118083 0.0100632 0.0128328 0.0133814 0.0110023 0.0132534 0.0123831 0.0117602 0.0154862
-0.0149835 -0.0246397 -0.0231301 -0.0184413 -0.0247954 -0.0091461 -0.0155804 -0.0145745 -0.0162652 -0.0178250 -0.0228682 -0.0137648 -0.0203285 -0.0194641 -0.0186482 -0.0212329 0.2004593 -0.0074294 -0.0154569 -0.0140423 -0.0124795 -0.0196955 -0.0247356 -0.0174488 -0.0189432 -0.0169684 -0.0112962 0.1043239 -0.0145011 -0.0251354 -0.0265278 -0.0126487 0.0089439 0.0304761 0.0100004 0.3264572 0.0154977 0.0085263 0.0111123 0.0113150 0.0117525 0.0114096 0.0109410 0.0214992 0.0122507 0.0097298 0.0114860 0.0115225 0.0100239 0.0116663 0.0118594 0.0176938 0.0114941 0.0104782 0.0131356 0.0113737 0.0208996 0.0115805 0.0115159 0.0102561 0.0112857 0.0107638 0.0114486 0.0112231 0.0105428 0.0095502 0.0115852 0.0093896 0.0111115 0.0111749 0.0105933 0.0115137 0.0167218 0.0356354 0.0108628 0.0112570 0.0296136 0.0113594 0.0144818 0.0098374 0.0108313
-0.0143250 -0.0251767 -0.0233045 -0.0184330 -0.0239042 -0.0108209 -0.0166184 -0.0146685 -0.0184106 -0.0173212 -0.0239868 -0.0130381 -0.0201183 -0.0175186 -0.0182419 -0.0208643 -0.0045202 -0.0082299 -0.0150121 -0.0137468 -0.0123382 -0.0212219 -0.0245209 -0.0173669 -0.0189581 -0.0167141 -0.0112870 0.0925172 -0.0141087 -0.0252124 -0.0262338 -0.0130739 0.0113153 0.0112106 0.0120764 0.0154977 0.2850156 0.0105744 0.0141489 0.0139605 0.0143412 0.0139295 0.0142685 0.0239981 0.0151967 0.0119633 0.0143267 0.0142175 0.0122627 0.0139505 0.0140761 0.0197788 0.0143567 0.0132103 0.0142586 0.0142847 0.0233106 0.0143193 0.0139017 0.0133104 0.0138623 0.0141082 0.0145039 0.0138315 0.0132955 0.0118910 0.0145128 0.0119801 0.0143632 0.0140172 0.0130005 0.0139094 0.0199823 0.0107827 0.0131615 0.0144497 0.0113685 0.0140542 0.0168623 0.0121645 0.0134243
-0.0162021 -0.0257709 -0.0247939 -0.0188260 -0.0256713 -0.0122578 -0.0171344 -0.0153426 -0.0191805 -0.0184543 -0.0245509 -0.0139678 -0.0204924 -0.0204616 -0.0206221 -0.0218799 -0.0046116 0.2063136 -0.0152944 -0.0135091 0.0579958 -0.0213561 -0.0258065 -0.0182891 -0.0189565 -0.0171713 -0.0119624 -0.0074932 -0.0123380 -0.0263240 -0.0261077 -0.0138361 0.0339488 0.0098328 0.0103384 0.0085263 0.0105744 0.3553612 0.0115883 0.0117941 0.0118429 0.0117109 0.0115090 0.0091399 0.0116914 0.0273959 0.0116456 0.0118074 0.0271200 0.0116331 0.0116298 0.0114142 0.0128836 0.0206909 0.0120747 0.0115521 0.0093207 0.0118573 0.0117465 0.0108860 0.0113121 0.0114957 0.0120239 0.0117836 0.0107489 0.0136570 0.0119264 0.0094977 0.0115731 0.0114948 0.0132304 0.0114953 0.0099702 0.0086214 0.0148129 0.0117291 0.0097905 0.0116886 0.0105985 0.0246754 0.0110924
-0.0155824 -0.0257747 -0.0242339 -0.0192415 -0.0252722 -0.0126516 -0.0179708 -0.0155719 -0.0188304 -0.0168555 -0.0235434 -0.0143432 -0.0205519 -0.0204998 -0.0203973 -0.0219218 -0.0060219 -0.0097289 -0.0160385 -0.0146521 -0.0132834 -0.0216244 -0.0256316 -0.0168776 -0.0194796 -0.0172910 -0.0116479 -0.0082853 -0.0145786 -0.0257837 -0.0268951 -0.0135306 0.0123685 0.0122186 0.0131571 0.0111123 0.0141489 0.0115883 0.2946593 0.0146915 0.0157417 0.0151886 0.0148664 0.0127621 0.0154931 0.0128246 0.0149405 0.0155500 0.0134000 0.0152234 0.0153498 0.0117625 0.0159384 0.0145082 0.0156464 0.0153099 0.0127504 0.0159126 0.0156262 0.0152041 0.0152996 0.0154101 0.0161059 0.0156138 0.0144259 0.0128691 0.0159606 0.0134979 0.0156322 0.0150460 0.0143476 0.0154486 0.0135946 0.0118135 0.0151255 0.0158973 0.0125275 0.0158089 0.0140387 0.0133816 0.0144817
-0.0148321 -0.0248109 -0.0239741 -0.0186112 -0.0246729 -0.0119812 -0.0173944 -0.0071038 -0.0181824 -0.0188805 -0.0230503 -0.0136243 -0.0198732 -0.0197330 -0.0189940 -0.0203991 -0.0059279 -0.0082511 -0.0157016 -0.0136525 -0.0129000 -0.0187959 -0.0248165 -0.0182791 -0.0188872 -0.0126318 -0.0107307 -0.0067436 -0.0136657 -0.0251377 -0.0251671 -0.0081786 0.0122685 0.0120947 0.0130212 0.0113150 0.0139605 0.0117941 0.0146915 0.2618855 0.0154194 0.0149381 0.0152088 0.0125077 0.0152137 0.0132639 0.0149585 0.0154107 0.0131005 0.0146700 0.0148451 0.0117570 0.0152432 0.0142512 0.0151803 0.0148147 0.0128367 0.0154404 0.0151366 0.0146987 0.0147868 0.0148710 0.0153062 0.0148865 0.0144449 0.0128838 0.0154112 0.0130870 0.0152635 0.0147815 0.0139508 0.0153124 0.0133611 0.0114770 0.0140294 0.0155125 0.0123253 0.0150459 0.0138498 0.0134616 0.0144501
-0.0151506 -0.0252734 -0.0221995 -0.0184839 -0.0236669 -0.0114422 -0.0169469 -0.0146511 -0.0180858 -0.0184881 -0.0236478 -0.0135254 -0.0186248 -0.0194267 -0.0198945 -0.0211614 -0.0046816 -0.0076997 -0.0153503 -0.0134843 -0.0126590 -0.0201281 -0.0248314 -0.0143944 -0.0188920 -0.0163768 -0.0093029 -0.0073449 -0.0135402 -0.0244497 -0.0262122 -0.0130153 0.0125631 0.0126779 0.0134478 0.0117525 0.0143412 0.0118429 0.0157417 0.0154194 0.2628536 0.0155814 0.0161394 0.0127587 0.0155091 0.0132849 0.0157520 0.0160225 0.0135716 0.0153415 0.0152550 0.0117988 0.0155168 0.0146586 0.0156437 0.0157332 0.0130312 0.0162620 0.0151706 0.0147986 0.0151121 0.0160475 0.0160807 0.0152937 0.0147030 0.0134541 0.0157511 0.0137881 0.0161379 0.0155043 0.0143904 0.0153888 0.0136511 0.0120736 0.0143677 0.0162142 0.0128929 0.0155989 0.0142231 0.0136650 0.0149373
-0.0148131 -0.0233153 -0.0238177 -0.0146148 -0.0238271 -0.0118607 -0.0165865 -0.0144047 -0.0180638 -0.0175363 -0.0234373 -0.0127588 -0.0191448 -0.0160993 -0.0193007 -0.0206321 -0.0048269 -0.0078154 -0.0151052 -0.0097917 -0.0123006 -0.0207264 -0.0244594 -0.0181557 -0.0175581 -0.0151073 -0.0074586 -0.0072642 -0.0134546 -0.0206322 -0.0249176 -0.0124088 0.0121939 0.0123804 0.0136747 0.0114096 0.0139295 0.0117109 0.0151886 0.0149381 0.0155814 0.2499594 0.0149646 0.0125740 0.0148574 0.0132205 0.0154086 0.0152982 0.0132894 0.0151444 0.0147973 0.0116917 0.0152102 0.0140665 0.0150749 0.0152478 0.0125975 0.0152603 0.0147649 0.0148618 0.0147814 0.0153176 0.0154739 0.0149481 0.0140322 0.0129860 0.0153943 0.0137416 0.0156430 0.0147671 0.0138744 0.0149889 0.0132756 0.0116184 0.0139956 0.0157230 0.0125323 0.0149750 0.0140082 0.0134220 0.0144214
-0.0160254 -0.0256608 -0.0245559 -0.0195966 -0.0255851 -0.0130469 -0.0170441 -0.0127613 -0.0191845 -0.0197521 -0.0244406 -0.0145559 -0.0209484 -0.0204336 -0.0208682 -0.0217531 -0.0065788 -0.0098335 -0.0167776 -0.0151946 -0.0140573 -0.0216243 -0.0241359 -0.0191924 -0.0197948 -0.0175643 -0.0118244 -0.0088145 -0.0148392 -0.0262092 -0.0268397 -0.0136402 0.0120589 0.0120883 0.0129819 0.0109410 0.0142685 0.0115090 0.0148664 0.0152088 0.0161394 0.0149646 0.3087445 0.0124209 0.0152840 0.0127176 0.0151071 0.0154276 0.0133561 0.0146880 0.0156736 0.0115607 0.0153726 0.0149850 0.0160966 0.0150230 0.0124994 0.0155145 0.0154132 0.0147309 0.0151298 0.0146174 0.0157006 0.0154956 0.0143934 0.0126394 0.0157337 0.0130920 0.0151973 0.0149304 0.0142666 0.0152555 0.0134090 0.0115268 0.0146800 0.0154141 0.0123584 0.0160923 0.0138042 0.0131906 0.0141030
-0.0156691 -0.0260944 -0.0250554 -0.0193092 -0.0255463 -0.0128278 -0.0175636 -0.0153368 -0.0177258 -0.0173254 -0.0244759 -0.0136695 -0.0205804 -0.0204708 -0.0195208 -0.0218229 -0.0014587 -0.0068780 -0.0153609 -0.0137417 -0.0118627 -0.0214700 -0.0238781 -0.0156693 -0.0188088 -0.0172867 -0.0116805 0.2210692 -0.0124969 -0.0256005 -0.0270246 -0.0131895 0.0098191 0.0101488 0.0105989 0.0214992 0.0239981 0.0091399 0.0127621 0.0125077 0.0127587 0.0125740 0.0124209 0.3387873 0.0149598 0.0104833 0.0125140 0.0125597 0.0108192 0.0126682 0.0129249 0.0292545 0.0129688 0.0117599 0.0126433 0.0125349 0.0366442 0.0127460 0.0122835 0.0115484 0.0121240 0.0124463 0.0127387 0.0121642 0.0116724 0.0105305 0.0127409 0.0103893 0.0125557 0.0122853 0.0115296 0.0124727 0.0274280 0.0098436 0.0116026 0.0127707 0.0104442 0.0125574 0.0202415 0.0107793 0.0119224
-0.0149168 -0.0248951 -0.0235165 -0.0178436 -0.0236087 -0.0099635 -0.0170054 -0.0144596 -0.0180925 -0.0183780 -0.0233120 -0.0126162 -0.0191294 -0.0184095 -0.0197021 -0.0201432 -0.0040667 -0.0082616 -0.0147804 -0.0131896 -0.0122182 -0.0197371 -0.0244588 -0.0177697 -0.0177579 -0.0150530 -0.0066384 0.0081319 -0.0123775 -0.0245139 -0.0257176 -0.0126961 0.0120221 0.0123784 0.0133204 0.0122507 0.0151967 0.0116914 0.0154931 0.0152137 0.0155091 0.0148574 0.0152840 0.0149598 0.2526669 0.0127054 0.0153849 0.0152744 0.0132010 0.0148414 0.0149422 0.0133796 0.0152329 0.0141948 0.0150040 0.0149967 0.0148039 0.0154762 0.0151235 0.0146151 0.0148144 0.0154928 0.0156145 0.0148596 0.0141972 0.0128861 0.0154796 0.0132599 0.0154392 0.0148396 0.0139850 0.0148145 0.0144056 0.0119195 0.0140552 0.0156086 0.0125094 0.0150216 0.0146509 0.0133886 0.0143560
