1.0289240 -0.0802453 0.0592722 -0.0838929 -0.0349587 -0.0128942 -0.0068502 0.0323725 0.0016498 -0.0650309 0.1058693 0.0969322 0.1999311 0.0645471 -0.0498962 -0.0154444 0.1310300 0.1099132 -0.1631114 -0.1677079 -0.1314387 -0.0860399 0.0894333 -0.0286575 0.0208133 -0.1967605 0.0114782 0.1319182 -0.0121237 0.0636277 -0.0225489 0.0273580 0.2121858 0.0537581 -0.0512996 -0.0509968 0.0347129 -0.0288653 -0.1160148 -0.0666138 -0.1539736 0.0215577 0.0622764 0.0056372 -0.1709495 -0.0653885 -0.1329916 -0.0327599 0.0782877 0.0062118 0.0750095 0.0369297 0.0259750 0.0909647 -0.0017203 0.0873708 -0.2342229 -0.0648713 0.1898217 0.1968641 -0.0029494 0.0114698 -0.0678774 -0.1463921 -0.1264718 -0.2019945 -0.2307179 -0.0680406 -0.0118427 -0.0218513 -0.0207748 0.0215806 -0.2022143 -0.1610049 -0.1379494 0.0019420 -0.0539337 -0.1851162 0.0741909 0.0692052 -0.1105971
-0.0802453 1.0517359 -0.0073286 0.0453388 0.0801433 0.0163646 0.0218339 -0.0011387 0.0376610 -0.0158482 -0.0705922 0.0517966 -0.0753114 -0.0281398 -0.1581019 -0.0265116 -0.0053218 -0.0512894 -0.0437844 0.1281938 -0.1007674 0.2332603 0.0804669 -0.0100897 0.0338499 0.1592082 -0.0244494 0.1117348 0.1736288 0.1016342 -0.0993945 0.1945598 -0.0340618 -0.0095084 0.1961671 -0.0095579 -0.1212901 -0.1712691 -0.2427464 0.0508781 -0.1233919 0.0646411 -0.0099931 -0.1399713 0.0061572 0.0950335 -0.1024170 -0.0999149 -0.1467761 -0.0534788 0.0206651 -0.0912650 -0.1446960 -0.0653807 0.0454232 0.0335020 0.0547826 -0.1129612 0.1321019 0.0057975 -0.0692461 -0.0409743 -0.1058722 0.1627111 0.2154136 -0.0476699 -0.0955323 0.1680711 -0.0554560 0.0930446 0.0942451 0.0091823 -0.1046364 -0.1318086 -0.0733254 -0.0417077 -0.0367592 -0.0650495 -0.0494382 -0.0826260 -0.1260461
0.0592722 -0.0073286 0.8161587 0.0019523 0.0999129 0.1196003 0.0699503 0.0126021 0.0045130 -0.0049714 0.0405905 0.0455603 0.0142771 0.0115254 0.0447313 -0.0585439 0.0281154 -0.0549352 0.0445627 -0.1225658 -0.1494231 -0.0648138 -0.1268485 -0.1233070 -0.0313826 -0.1129366 0.0362910 0.0957260 -0.0751115 -0.0401308 -0.0353234 0.0129101 -0.1034915 -0.0339318 -0.1016865 0.0535947 0.0096085 -0.1112090 -0.1036854 -0.0109479 0.0418814 -0.0503488 -0.0202753 -0.1703167 -0.0268515 -0.1053149 -0.0023736 0.0989930 -0.1739878 -0.0494240 0.1219538 -0.0744462 -0.1277426 0.0764571 0.1169320 -0.0415478 0.0642131 0.0798317 0.0055999 0.1180853 0.1552732 -0.0012302 0.0046545 -0.0835019 -0.1382385 -0.1291420 -0.1518547 -0.0872929 0.2383339 0.0157058 -0.0414243 -0.0266460 0.1502667 -0.0521191 0.0054749 -0.0654805 -0.0917848 0.0010810 0.0543555 -0.1634595 0.0585746
-0.0838929 0.0453388 0.0019523 1.1464725 -0.0934885 0.0196619 0.0122401 -0.0889283 0.1007718 0.0265642 0.0970868 -0.1241585 0.0427608 -0.0694393 -0.0534968 0.1281004 -0.2042357 -0.0117668 0.0227095 0.0102995 -0.0233535 0.0751395 -0.1144053 -0.1432352 -0.1591978 0.1220357 -0.0441065 -0.0950350 -0.0609584 -0.0278910 -0.0148175 -0.0361669 -0.0925401 -0.2650307 0.0893375 -0.1000542 -0.0997659 0.0508211 0.1523437 0.0850385 -0.0017834 0.1872658 -0.1533739 -0.1207896 0.0531242 0.1330165 0.1957566 -0.0269955 -0.0247659 0.1761670 -0.2409786 0.0000610 -0.1717541 -0.0655297 -0.1246678 -0.0910661 0.2245303 0.1216153 -0.1666789 -0.2272532 -0.0010762 0.0259259 0.1519931 0.0279741 -0.0269112 0.1416966 0.2240380 -0.1159110 0.1013063 -0.0597530 -0.0668536 -0.1075175 0.2811499 0.1200677 0.0638210 -0.1829063 -0.0912720 0.2672595 -0.0325344 0.0227774 0.0747885
-0.0349587 0.0801433 0.0999129 -0.0934885 0.8304249 0.0507337 -0.0210019 0.0210431 -0.0640889 0.0168017 -0.0663140 0.0045383 0.0074485 -0.0763854 -0.1214863 0.0420590 0.1081257 -0.1724412 -0.0172281 0.0027026 -0.1477992 0.0202007 -0.0029318 -0.0189458 0.0321969 -0.0808641 -0.0835201 0.1590584 -0.1334615 0.1959334 -0.0218152 -0.0627649 -0.1216192 -0.0294510 -0.0515562 -0.0119263 0.1361388 -0.1726393 -0.1259480 -0.0161040 0.0961504 0.0245421 -0.1186445 -0.0382177 0.0737903 -0.1421174 0.0037035 0.1567594 -0.1190393 -0.0109764 0.0988853 -0.0264756 -0.1139230 0.0330338 0.0775979 -0.0057387 0.0373108 0.0236573 -0.0267528 0.0999778 0.0905505 -0.1025062 -0.0135115 0.0781186 -0.0444969 -0.0092768 -0.1602107 0.0109005 0.1068010 -0.0660900 0.0556078 0.0052554 0.0592213 0.0235700 0.0632190 0.0866734 0.0037918 0.0152658 -0.0183933 -0.1474005 -0.0188646
-0.0128942 0.0163646 0.1196003 0.0196619 0.0507337 0.8795515 -0.0223915 0.1093842 -0.0677211 -0.0443658 -0.1009187 -0.0473577 0.0547091 -0.0119571 0.0114442 -0.1386396 0.0731018 -0.1241695 -0.0542082 0.0227659 -0.0992113 -0.0010085 -0.1221566 -0.0400246 0.0396815 -0.0774249 -0.0164262 0.0706878 -0.0029587 0.2453147 -0.0959245 0.0252850 -0.0856719 -0.0043545 -0.1183412 0.0742968 0.1328264 -0.0663406 -0.0633832 -0.0220925 0.0248365 -0.0598503 -0.0628437 0.0038426 0.0259509 -0.0870845 -0.0283353 0.1900307 -0.0960679 -0.0210832 0.1549083 -0.0177233 -0.0125612 0.0315184 0.0665334 -0.0826144 0.0658498 0.0246361 -0.0357153 -0.0350913 -0.0282928 0.0352317 -0.0582020 -0.0920109 -0.0324412 -0.1075410 -0.1003629 0.0523793 0.0219200 -0.0544662 -0.0264617 -0.0411664 -0.0287509 -0.0351803 0.1182550 -0.0016783 -0.0380383 -0.0431058 -0.0196885 -0.1180340 0.0736396
-0.0068502 0.0218339 0.0699503 0.0122401 -0.0210019 -0.0223915 0.7582790 -0.0203084 -0.0611376 -0.0677871 -0.0625328 -0.0161372 0.1064009 0.1645164 -0.0294732 -0.0408785 0.0272871 0.0659800 0.0184183 -0.1530694 -0.0212942 -0.1499962 0.0373085 0.0240240 0.0081757 -0.1846495 -0.0333109 -0.0045220 -0.1287875 -0.0300713 0.0566453 -0.0222566 0.0692865 -0.0360276 -0.0649118 0.0182574 0.0117795 0.0804479 0.0489840 -0.1220020 -0.0262484 0.0270842 0.0446797 -0.0161967 -0.1380698 0.0260114 0.0339817 -0.0481545 0.1458624 -0.1110411 -0.0292693 -0.1187629 0.0405244 0.0896055 -0.0732327 -0.0062815 -0.1240556 0.0136947 -0.0152383 -0.0064760 0.1463980 0.0728399 0.0402321 -0.1969535 -0.1364579 -0.0110467 0.0397751 -0.0972836 -0.0345474 0.0838702 0.0342958 0.1039147 -0.0363557 -0.0951431 -0.0573720 -0.0862450 -0.0925222 -0.0317231 0.1070719 0.0335146 0.0701691
0.0323725 -0.0011387 0.0126021 -0.0889283 0.0210431 0.1093842 -0.0203084 0.6567603 0.0072134 -0.0449914 -0.0537610 0.0522082 0.0013862 0.0583670 -0.0390833 0.0311372 0.0492410 0.0285754 -0.0910796 -0.0040922 -0.1154990 -0.0108985 0.0863881 -0.1867085 0.0729616 -0.0248621 -0.0193705 0.0232426 -0.0249595 0.0766874 0.0044704 0.1096705 0.0228922 -0.1004384 0.0837700 -0.0550621 0.0464387 -0.0868286 -0.1895377 0.0255718 -0.0719811 -0.0154688 0.0017614 -0.1128375 -0.0261502 0.0062157 -0.0545059 -0.0585582 -0.0921639 -0.0430030 0.0102988 -0.0754645 -0.0840427 -0.0065982 0.0198233 -0.0249286 -0.0605917 -0.0278752 0.0560158 0.0993908 -0.0016091 0.0251664 -0.0109727 0.0209087 -0.0556160 -0.0783268 -0.1151785 0.1668010 0.0440185 0.0313325 0.0551813 0.0303945 -0.1039152 -0.1832732 -0.0711784 -0.0243373 -0.0076496 -0.0597073 -0.0148951 0.0591892 -0.0755389
0.0016498 0.0376610 0.0045130 0.1007718 -0.0640889 -0.0677211 -0.0611376 0.0072134 0.9896228 -0.1300690 0.2263298 0.0063171 -0.1130230 0.0983062 0.1617889 0.2237261 -0.2659655 0.3508411 -0.2413025 0.0464168 0.0082532 0.0319937 0.1061955 -0.1908913 -0.0679679 0.0131349 0.0629918 -0.1064416 0.1646315 -0.0768307 0.1538815 0.1632699 0.2358075 -0.2363269 0.2429548 -0.1570873 -0.1178515 0.0752569 -0.2101302 0.0890453 -0.0888776 -0.0078559 0.1099841 -0.1556863 -0.0719692 0.1644451 0.0606510 -0.2341346 -0.0889769 -0.0925755 -0.0656096 -0.0600216 -0.0720253 -0.1595697 -0.0941466 -0.0380168 -0.0812114 -0.0421524 0.1274713 0.0441716 -0.0564457 0.1039887 0.0306164 0.1162639 0.0260350 -0.0284897 0.1979528 -0.0070906 -0.0297576 0.0002480 -0.0536399 -0.0164010 -0.0793808 -0.0862456 -0.2280463 -0.2757834 -0.0392131 0.0505718 -0.0492401 0.2204962 -0.0909350
-0.0650309 -0.0158482 -0.0049714 0.0265642 0.0168017 -0.0443658 -0.0677871 -0.0449914 -0.1300690 0.9153768 -0.1060685 0.0160712 -0.0294754 -0.1152767 -0.1269993 -0.0453806 0.0861982 -0.1148132 0.1158688 0.0124378 -0.0401778 0.0386340 -0.0224469 -0.0108090 -0.0741673 0.0880261 -0.0078640 -0.0698713 -0.0865409 -0.0249394 -0.0026393 -0.1378737 -0.1167045 0.0748137 -0.1458772 0.0379001 0.0304377 0.0066036 0.1657536 -0.0496850 0.0163182 -0.0253176 -0.0706216 0.0307379 -0.0066780 -0.0102254 0.0927629 0.1489492 0.0422500 0.0190495 -0.0896278 0.0684486 0.0425129 0.0492663 0.0055256 -0.0216091 0.0550613 0.0242191 -0.0703390 -0.0782261 0.0373718 -0.0217887 -0.0044397 0.0114879 -0.0259525 0.1711646 -0.0274999 -0.0217038 -0.0057223 -0.0499658 -0.0145953 -0.0289039 0.1066416 0.1813864 0.1086642 0.0990265 0.0407494 0.0276576 -0.0061549 -0.1297387 0.0454268
0.1058693 -0.0705922 0.0405905 0.0970868 -0.0663140 -0.1009187 -0.0625328 -0.0537610 0.2263298 -0.1060685 1.0131419 -0.0244733 -0.0881648 0.0399725 0.0798239 0.0879177 -0.1485604 0.2388871 -0.0781502 0.0606339 0.2386739 -0.0174775 -0.0091007 0.0847332 -0.1631738 0.0092126 0.0722565 -0.0058100 0.1104711 -0.1778435 0.0496537 -0.0686621 0.0652773 -0.0647275 0.1613351 -0.0167124 -0.0557862 0.1491683 -0.0658736 0.0227630 -0.1072867 -0.0692483 -0.0328344 -0.1121324 -0.0311658 0.1363155 -0.0065255 -0.1446414 -0.0332663 0.0435692 -0.1429226 -0.0414301 0.0994696 -0.0758850 -0.0765848 -0.1147435 -0.1182709 -0.0137657 0.0547222 0.0583525 -0.0823064 0.0512327 -0.0109929 0.0780494 0.0295410 0.0607576 0.2017519 0.0300709 -0.0031516 -0.0276779 0.0240324 -0.0740774 -0.1226166 0.1021571 -0.1096731 -0.1529681 0.1223814 -0.0321903 -0.0557342 0.1545405 -0.1324100
0.0969322 0.0517966 0.0455603 -0.1241585 0.0045383 -0.0473577 -0.0161372 0.0522082 0.0063171 0.0160712 -0.0244733 0.8930892 -0.0287563 -0.0422893 -0.0340965 0.0523649 -0.0032426 -0.0308482 -0.1208565 0.0788296 -0.0710962 0.1151695 0.2085189 0.0607247 0.0525846 -0.0331823 -0.0434927 0.0944343 0.1513984 -0.0651577 -0.0629905 0.0144977 -0.0204181 -0.0209296 0.1115449 -0.0193925 -0.0007804 -0.0714985 -0.1510950 0.0727628 -0.0948411 -0.0547109 0.1171944 -0.0978891 0.0288651 -0.0658247 -0.1266887 -0.0630388 -0.1005986 -0.0277376 0.0559034 0.0121387 -0.0311133 -0.0913085 0.1115809 0.0307559 -0.1183998 -0.0960465 0.1476459 0.0835414 -0.0396047 -0.0265477 -0.1516647 0.1039125 0.1156413 -0.1174676 -0.0335187 0.1110950 -0.0056785 0.0381656 0.0289772 -0.0258728 -0.1123106 -0.0147263 -0.0777815 0.0322363 0.0188176 -0.0758653 -0.0608898 -0.0260026 -0.1143034
0.1999311 -0.0753114 0.0142771 0.0427608 0.0074485 0.0547091 0.1064009 0.0013862 -0.1130230 -0.0294754 -0.0881648 -0.0287563 0.8934177 0.0746622 0.0592192 0.0400761 0.0393268 -0.0215702 -0.0789772 -0.2277142 -0.0444507 -0.1372494 -0.0549097 -0.1243299 0.0358143 -0.1761865 -0.0587651 -0.0090913 -0.2831742 0.1133851 0.0431578 -0.0944414 -0.0017233 -0.0275534 -0.1116098 -0.1012155 -0.0043282 -0.0603567 0.0386097 0.0003020 0.0442648 0.0565741 -0.0757702 -0.0482204 -0.1087412 -0.0324640 0.1214690 0.1035907 0.0313583 -0.0997837 -0.0114425 -0.0028585 -0.0745754 0.1396865 -0.0961293 -0.0370324 0.0200801 -0.0297330 -0.0445543 0.0105969 0.1419487 0.1017293 0.0998468 -0.2591810 -0.1615465 -0.0247913 -0.0365919 -0.0868572 0.0332303 -0.0403371 -0.0947124 0.0837137 0.1541874 -0.1681832 0.0224705 0.0064205 -0.0775797 0.0843209 0.0802609 0.0590160 0.0349864
0.0645471 -0.0281398 0.0115254 -0.0694393 -0.0763854 -0.0119571 0.1645164 0.0583670 0.0983062 -0.1152767 0.0399725 -0.0422893 0.0746622 1.0432764 0.1097060 0.0530755 -0.0388465 0.2857736 -0.2074738 -0.1229229 -0.0929815 -0.3071533 0.1024998 -0.0724642 -0.0190853 -0.2073858 0.0775110 -0.0678596 -0.1898377 0.0912588 0.1442979 -0.0281455 0.2373043 0.0622117 0.0655241 -0.0988604 0.0693256 0.0187220 -0.1547266 -0.1178867 -0.0354473 0.1868627 0.1278896 -0.1465079 -0.2131797 0.0233257 -0.0491354 -0.0920288 0.1355375 -0.1763341 -0.0220248 -0.1991248 0.0150800 0.0122219 -0.1322450 0.0264795 -0.2285809 -0.0679947 0.0334696 0.1480683 0.1306228 0.1479566 0.1157838 -0.2469473 -0.1239712 -0.2890042 -0.0167032 -0.0309153 0.0063952 0.0712721 -0.0303231 0.1588184 -0.2063401 -0.2607293 -0.2056170 -0.1290353 -0.1713255 -0.0206795 0.2578291 0.1693387 -0.0890610
-0.0498962 -0.1581019 0.0447313 -0.0534968 -0.1214863 0.0114442 -0.0294732 -0.0390833 0.1617889 -0.1269993 0.0798239 -0.0340965 0.0592192 0.1097060 1.3541442 -0.0715702 -0.1539201 0.1504293 -0.0901459 -0.1710812 0.1702069 -0.3640295 -0.1466633 0.0063542 -0.1386843 -0.1319669 -0.0176503 -0.0598609 -0.1576000 0.0188417 0.2213401 -0.0020952 0.1488698 -0.0686107 -0.0682798 -0.0158503 -0.0220900 0.1242570 0.1504325 -0.0257002 0.0162764 0.0462067 0.1383584 -0.0290283 -0.2091798 0.0585302 -0.0228740 0.0123976 -0.0354250 -0.0732354 -0.0215418 -0.0899378 0.0721976 0.1143801 -0.0790588 -0.0624887 -0.0693267 0.0278743 -0.1038571 -0.1196053 0.1735673 0.0760148 0.2121934 -0.1983125 -0.1280124 -0.0859311 0.0632373 -0.1838326 0.0864116 0.0853122 -0.0758273 0.0535095 -0.0756402 -0.0866433 -0.1577888 -0.1064409 -0.0394106 0.1136459 -0.0401230 0.2003455 0.0731114
-0.0154444 -0.0265116 -0.0585439 0.1281004 0.0420590 -0.1386396 -0.0408785 0.0311372 0.2237261 -0.0453806 0.0879177 0.0523649 0.0400761 0.0530755 -0.0715702 1.1038883 -0.1875464 0.1156356 -0.1658825 0.0588400 -0.1071628 -0.0092927 0.1405644 -0.2384298 -0.0495610 0.1288719 -0.0618742 -0.1891926 0.1121358 -0.0054402 0.0839711 0.0188036 0.0440773 -0.2022824 0.2472218 -0.1746508 -0.1489819 -0.0517917 -0.1268943 0.1389826 -0.0819175 0.0821357 0.0272194 -0.2048412 0.0361469 0.0243453 0.0959144 -0.0924080 -0.0583410 -0.0256729 -0.1546512 -0.0073260 -0.1686410 -0.1214153 -0.1155289 -0.0252407 0.1318148 -0.0221163 0.1214802 -0.0582719 0.0144556 0.0203141 0.0102685 0.1012544 -0.0078232 -0.0192155 0.2156912 0.0412946 0.0144967 -0.0307475 -0.0239844 -0.0617396 0.1591831 -0.0598846 -0.1675349 -0.2659695 -0.0302851 0.1741202 -0.0698464 0.1334690 -0.0922886
0.1310300 -0.0053218 0.0281154 -0.2042357 0.1081257 0.0731018 0.0272871 0.0492410 -0.2659655 0.0861982 -0.1485604 -0.0032426 0.0393268 -0.0388465 -0.1539201 -0.1875464 1.2932312 -0.1481626 0.1210803 -0.1450569 -0.0695867 -0.0582135 -0.0072195 0.0686288 0.0643729 -0.1907305 -0.1270114 0.1069590 -0.0692479 0.0432952 -0.1172549 -0.0882333 -0.0584048 0.2880828 -0.2370993 0.3145342 0.1429012 -0.0847096 -0.0494442 -0.1680343 0.0501296 -0.0896647 0.0281502 0.0956502 -0.0314286 -0.1829852 -0.1472746 0.1125200 0.1142955 0.1034658 0.1793495 0.0484805 -0.0118050 0.1610047 0.1178315 0.0150465 -0.0073547 -0.0518188 0.0066857 0.1339585 0.1146932 -0.0504001 -0.1126971 -0.2103400 -0.0851997 -0.1747817 -0.3802494 0.0117130 0.0260888 -0.0077022 0.0085988 0.0706056 -0.1259262 0.0357384 0.1180178 0.2519411 0.0488033 -0.1804149 0.0268808 -0.2012685 0.0691043
0.1099132 -0.0512894 -0.0549352 -0.0117668 -0.1724412 -0.1241695 0.0659800 0.0285754 0.3508411 -0.1148132 0.2388871 -0.0308482 -0.0215702 0.2857736 0.1504293 0.1156356 -0.1481626 1.1826512 -0.1577760 -0.0974078 0.0181174 -0.1802560 0.1508657 -0.0556480 -0.1169376 -0.1715896 0.0494778 -0.2382646 -0.0016551 -0.1318882 0.2852292 0.0208158 0.3619264 -0.1183304 0.1051890 -0.1736156 -0.1137482 0.2716067 -0.0858255 -0.0745443 -0.1525410 0.0170089 0.1903837 -0.0508066 -0.2433871 0.2168871 -0.0324889 -0.1763958 0.1908781 -0.1719694 -0.1289300 -0.1540871 0.1300555 -0.0925981 -0.1714014 -0.0032306 -0.2791939 -0.0621296 0.0568771 0.0779918 0.0060490 0.1714709 0.1259791 -0.1102764 -0.0475264 -0.0363821 0.2518994 -0.0894447 -0.0588799 0.1109004 -0.0193547 0.0658726 -0.2348785 -0.1230091 -0.2408115 -0.2507174 -0.0802641 -0.0120215 0.0027126 0.3421510 -0.1235792
-0.1631114 -0.0437844 0.0445627 0.0227095 -0.0172281 -0.0542082 0.0184183 -0.0910796 -0.2413025 0.1158688 -0.0781502 -0.1208565 -0.0789772 -0.2074738 -0.0901459 -0.1658825 0.1210803 -0.1577760 0.9783486 0.0324089 0.1601976 0.0363465 -0.2255990 0.1953822 -0.0266277 -0.0390796 -0.0768522 -0.0017110 0.0043708 -0.0953945 -0.1333693 -0.2024352 -0.1785115 0.1717369 -0.1405364 0.2048459 0.0897380 0.1605266 0.1198880 -0.0869145 0.1515009 -0.0709848 0.0186249 0.2067045 0.0589735 -0.1028582 0.0537895 0.1400502 0.0741240 0.0831551 0.0221552 0.0793936 0.0837656 0.0848653 0.0156510 0.0446561 0.0174662 0.0629454 -0.1636213 -0.1373464 -0.0407124 -0.0880773 0.0041552 -0.0333996 -0.0192938 0.1141275 -0.1429033 -0.0719107 -0.0406483 -0.0387242 0.0245009 -0.0938405 0.1427928 0.2600326 0.2126552 0.1895608 0.0291065 -0.0414223 -0.0128022 -0.1822818 0.1315333
-0.1677079 0.1281938 -0.1225658 0.0102995 0.0027026 0.0227659 -0.1530694 -0.0040922 0.0464168 0.0124378 0.0606339 0.0788296 -0.2277142 -0.1229229 -0.1710812 0.0588400 -0.1450569 -0.0974078 0.0324089 1.0852653 0.0640905 0.2062466 0.0748727 0.0692777 -0.0664517 0.1709017 0.0876809 -0.0238142 0.3338587 -0.1427817 -0.0893441 0.0481577 -0.1486773 -0.1459516 0.3922805 -0.0867487 -0.0968967 -0.0497337 -0.1634097 0.1464085 0.0537371 -0.0034403 -0.1475854 -0.0485965 0.2485898 0.0193875 -0.0150539 -0.1101369 -0.1273349 0.0093674 -0.0165510 0.0338948 -0.0839303 -0.1651647 0.1013439 -0.0419297 0.0727513 -0.0601663 0.0966172 -0.0924213 -0.2046289 0.0396804 -0.0990917 0.4431010 0.2315355 0.1035381 0.0828861 0.2809344 -0.0514874 -0.0547701 0.1229229 -0.1278386 -0.0233950 0.0755892 -0.0224923 -0.0140050 0.0938739 -0.0493073 -0.0621518 -0.0860862 0.0057628
-0.1314387 -0.1007674 -0.1494231 -0.0233535 -0.1477992 -0.0992113 -0.0212942 -0.1154990 0.0082532 -0.0401778 0.2386739 -0.0710962 -0.0444507 -0.0929815 0.1702069 -0.1071628 -0.0695867 0.0181174 0.1601976 0.0640905 1.5190892 -0.0686335 -0.0491063 0.3473040 -0.1435532 -0.0846391 -0.0798302 -0.0407419 0.0422898 -0.1862704 -0.0296541 -0.0815839 0.0587941 0.2923704 -0.0340546 0.1875857 0.0200942 0.3259537 0.1509715 -0.1557854 -0.0331479 -0.2420164 0.0106456 0.3320995 -0.0737464 -0.0072849 -0.0298432 -0.0474589 0.2165213 0.0224385 -0.0308354 0.1884423 0.2878865 -0.1117217 0.0600440 -0.0936227 -0.1757812 -0.0172975 -0.0011179 -0.2109585 -0.1501812 -0.0735642 -0.0359375 -0.0285744 0.0671731 0.1686730 0.0674767 0.0007681 -0.2213548 0.0369259 0.1215182 -0.0604969 -0.0724664 0.3270224 0.0946726 0.0465748 0.2026499 -0.1115410 -0.1392349 0.0599025 -0.0300387
-0.0860399 0.2332603 -0.0648138 0.0751395 0.0202007 -0.0010085 -0.1499962 -0.0108985 0.0319937 0.0386340 -0.0174775 0.1151695 -0.1372494 -0.3071533 -0.3640295 -0.0092927 -0.0582135 -0.1802560 0.0363465 0.2062466 -0.0686335 1.5480368 0.0354254 -0.1316564 -0.0269516 0.3681075 -0.0473073 0.1355381 0.3915304 0.0919279 -0.1365172 0.0846746 -0.2451987 -0.0231092 0.0925709 -0.0213929 -0.1132987 -0.1220231 -0.2385642 0.2745573 -0.0599922 -0.0757028 -0.0579459 -0.1281152 0.3217822 -0.0230863 -0.0450558 -0.1616674 -0.0912486 0.1444674 0.0020829 0.0814425 -0.1122092 -0.2346489 0.1320390 0.0908215 0.2150061 -0.1134661 0.1344241 0.0301980 -0.2200154 -0.1127443 -0.2331825 0.4923012 0.3626713 0.1507599 0.0849155 0.2668104 -0.0402755 -0.1044744 0.0123437 -0.1642175 0.0882206 0.0908948 0.0066891 0.1112160 0.0455295 -0.0122739 -0.2091697 -0.1700026 -0.1257305
0.0894333 0.0804669 -0.1268485 -0.1144053 -0.0029318 -0.1221566 0.0373085 0.0863881 0.1061955 -0.0224469 -0.0091007 0.2085189 -0.0549097 0.1024998 -0.1466633 0.1405644 -0.0072195 0.1508657 -0.2255990 0.0748727 -0.0491063 0.0354254 0.9368300 -0.0440440 0.1408944 -0.0451278 0.0675534 0.0997480 0.1802338 -0.1570930 -0.0108790 0.0920443 0.0997043 -0.0627675 0.1835217 -0.0501508 -0.0702708 -0.0548152 -0.2697445 0.0283491 -0.1809696 -0.0882598 0.1383840 -0.0164028 0.0413393 -0.0180541 -0.1339987 -0.0871784 0.0112401 -0.1130498 0.0188006 0.0092076 0.0693828 -0.1281466 0.0244221 0.0684312 -0.1593260 -0.1721428 0.1837607 0.1654787 -0.0940967 -0.0053483 -0.1074416 0.0748980 0.0308472 -0.2637822 -0.0806988 0.1980658 -0.1045884 0.0480012 0.0301934 0.0007533 -0.2748377 -0.0413535 -0.1990068 0.0251305 -0.0141786 -0.2144086 0.0575765 0.0742863 -0.1607224
-0.0286575 -0.0100897 -0.1233070 -0.1432352 -0.0189458 -0.0400246 0.0240240 -0.1867085 -0.1908913 -0.0108090 0.0847332 0.0607247 -0.1243299 -0.0724642 0.0063542 -0.2384298 0.0686288 -0.0556480 0.1953822 0.0692777 0.3473040 -0.1316564 -0.0440440 1.4036578 -0.0138632 -0.0872851 -0.0945002 0.1363084 0.0126969 -0.2261013 -0.1267824 -0.0353675 -0.0507593 0.3057778 -0.1581971 0.2110486 0.1746040 0.2148758 0.1826191 -0.1621252 0.0805978 -0.2532973 0.0633209 0.4536003 -0.0351548 -0.0974024 -0.1946491 0.0891516 0.1732893 0.0834612 -0.0561735 0.1053190 0.3588790 -0.0247915 0.0545205 -0.0265747 -0.2191004 -0.0241637 0.0091444 -0.0902784 -0.1223337 -0.1555630 -0.1676476 -0.0114653 0.0100147 0.0715184 -0.0067490 0.0031088 -0.2328531 0.0923620 0.1202241 -0.1004999 -0.1627436 0.3289492 0.1306385 0.2948455 0.1242114 -0.2312235 -0.0742320 -0.0734375 0.0823863
0.0208133 0.0338499 -0.0313826 -0.1591978 0.0321969 0.0396815 0.0081757 0.0729616 -0.0679679 -0.0741673 -0.1631738 0.0525846 0.0358143 -0.0190853 -0.1386843 -0.0495610 0.0643729 -0.1169376 -0.0266277 -0.0664517 -0.1435532 -0.0269516 0.1408944 -0.0138632 0.7601286 0.0135651 0.0371996 0.1343982 0.1200028 0.0702856 -0.0521599 0.0431262 -0.0384971 0.0376213 0.0061411 0.0241107 0.0431390 -0.1227224 -0.1079274 0.0295518 -0.1085935 -0.0004510 -0.0295988 -0.0225033 0.0817486 -0.0828214 -0.1002781 0.0021799 -0.0760037 -0.0169387 0.0727162 0.0508984 -0.0301043 0.0136053 0.0839589 0.1162405 -0.0099455 -0.0967459 0.0494171 0.1521484 -0.0025546 -0.0269480 -0.1200587 -0.0324605 -0.0723384 -0.2005703 -0.1272976 0.0768174 -0.0847464 -0.0000793 -0.0218183 0.0332856 -0.1013910 -0.1824579 0.0375731 0.1905359 0.0230770 -0.1629239 0.1477278 -0.1477635 -0.0651356
-0.1967605 0.1592082 -0.1129366 0.1220357 -0.0808641 -0.0774249 -0.1846495 -0.0248621 0.0131349 0.0880261 0.0092126 -0.0331823 -0.1761865 -0.2073858 -0.1319669 0.1288719 -0.1907305 -0.1715896 -0.0390796 0.1709017 -0.0846391 0.3681075 -0.0451278 -0.0872851 0.0135651 1.3711147 -0.0445982 -0.0429293 0.1635464 0.0073181 -0.1839986 0.1946816 -0.2883265 -0.0754225 0.0910536 -0.1175103 -0.1245699 -0.0907188 -0.0193350 0.2915560 -0.0967212 0.0544689 -0.1802883 -0.2130839 0.2528388 0.0411354 0.1002680 -0.0661701 -0.1459313 0.1593221 -0.0211663 0.1051528 -0.1947625 -0.0731733 -0.0138067 -0.0705892 0.3322282 0.0124773 -0.0169124 -0.0211942 -0.1861617 -0.0794500 -0.1291379 0.4322276 0.1410521 0.2038810 0.2532452 0.1464819 0.0878106 -0.0581993 0.0527616 -0.1719338 0.2893378 0.0360883 0.0406610 -0.0045498 0.1593040 0.1325561 -0.2123577 -0.1123193 -0.0599671
0.0114782 -0.0244494 0.0362910 -0.0441065 -0.0835201 -0.0164262 -0.0333109 -0.0193705 0.0629918 -0.0078640 0.0722565 -0.0434927 -0.0587651 0.0775110 -0.0176503 -0.0618742 -0.1270114 0.0494778 -0.0768522 0.0876809 -0.0798302 -0.0473073 0.0675534 -0.0945002 0.0371996 -0.0445982 0.8267162 0.0617457 0.0251303 -0.0806853 -0.0463302 0.0945119 0.0726362 -0.0786037 0.1354742 -0.0286289 -0.0844742 -0.0169816 -0.0554947 -0.0020990 0.0199080 0.0705123 0.0440336 -0.0265444 0.0319933 0.0688242 0.0371722 -0.0103888 -0.0522226 -0.0778492 -0.0752908 -0.0728007 -0.0447606 -0.0659585 -0.0791110 0.0742497 -0.0176440 0.0067078 0.0923236 0.0817859 -0.0412429 0.0705667 0.1063914 -0.0311616 -0.0794958 -0.0901227 0.0717716 -0.0115268 -0.0293491 -0.0153056 -0.0635135 -0.0355912 -0.1216943 -0.0835800 -0.0523828 -0.0728754 0.0336036 -0.0086099 0.1657356 0.0758923 -0.0340313
0.1319182 0.1117348 0.0957260 -0.0950350 0.1590584 0.0706878 -0.0045220 0.0232426 -0.1064416 -0.0698713 -0.0058100 0.0944343 -0.0090913 -0.0678596 -0.0598609 -0.1891926 0.1069590 -0.2382646 -0.0017110 -0.0238142 -0.0407419 0.1355381 0.0997480 0.1363084 0.1343982 -0.0429293 0.0617457 1.1052618 0.0250357 0.0961336 -0.2212422 0.0850405 -0.1063220 0.0584086 -0.0267359 0.1620549 0.1726333 -0.2301038 -0.2355719 -0.0238769 0.0380495 -0.0847018 -0.1168980 -0.0551957 0.1127325 -0.1684980 -0.1827129 0.0485938 -0.1203784 0.0227172 0.2165792 0.1684122 -0.0630086 0.0107347 0.1691378 0.0536083 0.0495841 -0.1022484 0.1257622 0.1892232 -0.0107021 -0.1130952 -0.1749348 0.1059781 -0.0208746 -0.2353916 -0.3435810 0.1199063 0.0201659 -0.0394674 0.0164585 -0.0433472 -0.0703490 -0.0665461 0.0032812 0.1921579 -0.0082230 -0.1747836 0.0484478 -0.2432478 -0.0531092
-0.0121237 0.1736288 -0.0751115 -0.0609584 -0.1334615 -0.0029587 -0.1287875 -0.0249595 0.1646315 -0.0865409 0.1104711 0.1513984 -0.2831742 -0.1898377 -0.1576000 0.1121358 -0.0692479 -0.0016551 0.0043708 0.3338587 0.0422898 0.3915304 0.1802338 0.0126969 0.1200028 0.1635464 0.0251303 0.0250357 1.1969723 -0.2423976 -0.0533594 0.1150570 -0.0105946 -0.0869546 0.2424104 -0.0699190 -0.1221365 0.1079996 -0.1441995 0.0284158 -0.1236072 -0.1228830 0.0512610 -0.0063570 0.1500082 0.0660291 -0.1859501 -0.2451110 -0.0632503 0.1466047 0.0424449 0.0912871 0.0538508 -0.2459606 0.0790234 0.1109580 -0.1069174 -0.0895161 0.1927883 0.0453516 -0.1867100 -0.0819803 -0.1976344 0.3579923 0.2598143 0.0119904 0.1024755 0.2407108 -0.1565761 -0.0029040 0.0337196 -0.1494503 -0.2102609 0.0698617 -0.1290603 0.0777231 0.1299599 -0.1984469 -0.1474008 -0.0607862 0.0027111
0.0636277 0.1016342 -0.0401308 -0.0278910 0.1959334 0.2453147 -0.0300713 0.0766874 -0.0768307 -0.0249394 -0.1778435 -0.0651577 0.1133851 0.0912588 0.0188417 -0.0054402 0.0432952 -0.1318882 -0.0953945 -0.1427817 -0.1862704 0.0919279 -0.1570930 -0.2261013 0.0702856 0.0073181 -0.0806853 0.0961336 -0.2423976 1.2781221 -0.0309981 0.0334174 -0.0258296 0.0475913 -0.0512117 -0.0727197 0.0785290 -0.2916889 -0.1446450 -0.0372112 0.0597307 0.2139337 -0.1360240 -0.1260730 0.0329871 -0.0658180 -0.0376907 0.1532367 -0.2299318 -0.0862127 0.0919674 0.0067893 -0.2034393 0.0269016 -0.0140429 0.0726720 0.0916273 -0.1164468 0.0210649 0.0806957 0.0666198 -0.0362451 0.1434075 -0.1078094 0.0648767 -0.1574446 -0.1689152 0.0347225 0.0520344 -0.0750839 -0.0174196 0.0686239 0.0007906 -0.2753115 0.0922400 0.0169153 -0.0825198 0.1287718 0.0670297 -0.1236348 -0.0587906
-0.0225489 -0.0993945 -0.0353234 -0.0148175 -0.0218152 -0.0959245 0.0566453 0.0044704 0.1538815 -0.0026393 0.0496537 -0.0629905 0.0431578 0.1442979 0.2213401 0.0839711 -0.1172549 0.2852292 -0.1333693 -0.0893441 -0.0296541 -0.1365172 -0.0108790 -0.1267824 -0.0521599 -0.1839986 -0.0463302 -0.2212422 -0.0533594 -0.0309981 0.9569034 -0.1090201 0.2203005 -0.2045408 -0.0028269 -0.1752609 -0.0738255 0.1928399 0.1181551 -0.0538222 -0.0066631 0.0291847 0.1690676 -0.0324983 -0.1670732 0.1455838 0.0555099 -0.1154330 0.1122220 -0.0954305 -0.0974611 -0.1340703 0.0675294 -0.0655046 -0.1676938 -0.0412954 -0.1434266 -0.0243017 -0.0447609 -0.0663444 0.0618813 0.0763108 0.1565161 -0.0658727 0.0215633 0.1511220 0.2731175 -0.0832838 -0.0485694 0.0275920 -0.0335382 0.0662222 0.0062375 0.0182216 -0.1055930 -0.2169459 -0.0257033 0.1137882 -0.0428421 0.1508903 -0.0694015
0.0273580 0.1945598 0.0129101 -0.0361669 -0.0627649 0.0252850 -0.0222566 0.1096705 0.1632699 -0.1378737 -0.0686621 0.0144977 -0.0944414 -0.0281455 -0.0020952 0.0188036 -0.0882333 0.0208158 -0.2024352 0.0481577 -0.0815839 0.0846746 0.0920443 -0.0353675 0.0431262 0.1946816 0.0945119 0.0850405 0.1150570 0.0334174 -0.1090201 0.9560277 0.0638199 -0.1244526 0.1345721 -0.0787870 -0.1484663 -0.0785514 -0.1855837 0.0539201 -0.1750586 -0.0703923 0.0277525 -0.2059631 0.0426948 0.1198847 -0.1363925 -0.0761155 -0.1326105 -0.0436105 0.1028118 0.0336821 -0.1559455 -0.1072995 0.0391263 0.0482464 -0.0354375 -0.0872424 0.1794165 0.1704243 -0.0933245 0.0555425 -0.1006029 0.1742582 0.0182975 -0.1656462 -0.1038029 0.1457850 -0.0559420 0.0908164 0.0677791 -0.0176704 -0.1436875 -0.1587130 -0.1357645 -0.0861618 -0.0802839 -0.0307652 -0.0676157 0.1058019 -0.1189896
0.2121858 -0.0340618 -0.1034915 -0.0925401 -0.1216192 -0.0856719 0.0692865 0.0228922 0.2358075 -0.1167045 0.0652773 -0.0204181 -0.0017233 0.2373043 0.1488698 0.0440773 -0.0584048 0.3619264 -0.1785115 -0.1486773 0.0587941 -0.2451987 0.0997043 -0.0507593 -0.0384971 -0.2883265 0.0726362 -0.1063220 -0.0105946 -0.0258296 0.2203005 0.0638199 1.1944702 0.0026317 0.0390442 -0.0971212 -0.0837322 0.1848422 -0.0386330 -0.1110847 -0.0840718 0.0636890 0.2135911 -0.0295950 -0.2936148 0.1294730 -0.0881271 -0.0864560 0.2370792 -0.0808726 -0.0337867 -0.1143471 0.1062803 -0.0861913 -0.1526173 0.0109251 -0.3037540 -0.0669424 0.0277347 -0.0084004 0.0279978 0.1039035 0.1545276 -0.2193538 -0.0800426 -0.0913545 0.0598408 -0.1412093 -0.1424266 0.1132503 -0.0154099 0.1218572 -0.3101851 -0.1981846 -0.2218753 -0.1975151 -0.1282415 -0.0488923 0.0960641 0.3524149 -0.0668621
0.0537581 -0.0095084 -0.0339318 -0.2650307 -0.0294510 -0.0043545 -0.0360276 -0.1004384 -0.2363269 0.0748137 -0.0647275 -0.0209296 -0.0275534 0.0622117 -0.0686107 -0.2022824 0.2880828 -0.1183304 0.1717369 -0.1459516 0.2923704 -0.0231092 -0.0627675 0.3057778 0.0376213 -0.0754225 -0.0786037 0.0584086 -0.0869546 0.0475913 -0.2045408 -0.1244526 0.0026317 1.5361420 -0.2530402 0.3897876 0.1698253 0.0245446 0.0527806 -0.2562338 0.1147913 -0.0094777 0.0189002 0.2845753 -0.1378883 -0.2425022 -0.1442006 0.1530661 0.1840995 0.0945209 0.1289679 0.1154297 0.2229545 0.0135012 0.1356612 0.0885602 -0.1913677 0.0323658 -0.0060018 0.0783423 -0.1033785 -0.2005411 -0.1529788 -0.2083557 -0.0028974 -0.0999419 -0.3356790 -0.0677008 -0.1545170 0.0061148 0.0583800 -0.0084342 -0.1508788 0.0838877 0.1666605 0.2891669 0.0838038 -0.2632436 0.0786241 -0.2249541 -0.0766023
-0.0512996 0.1961671 -0.1016865 0.0893375 -0.0515562 -0.1183412 -0.0649118 0.0837700 0.2429548 -0.1458772 0.1613351 0.1115449 -0.1116098 0.0655241 -0.0682798 0.2472218 -0.2370993 0.1051890 -0.1405364 0.3922805 -0.0340546 0.0925709 0.1835217 -0.1581971 0.0061411 0.0910536 0.1354742 -0.0267359 0.2424104 -0.0512117 -0.0028269 0.1345721 0.0390442 -0.2530402 1.0157291 -0.1426028 -0.1827179 -0.0957763 -0.2275456 0.1362829 -0.1804435 0.1129545 -0.0613315 -0.2192581 0.0932459 0.1195462 -0.0162712 -0.2465965 -0.1165891 -0.0516391 -0.0952248 -0.0636497 -0.1442588 -0.1859083 0.0138252 0.0322600 -0.0306292 -0.1287377 0.1357334 -0.0208507 -0.1317225 -0.0006888 -0.0582897 0.2966993 0.1685744 -0.0309527 0.1209462 0.2353295 -0.0497577 -0.0080067 0.0366501 -0.0445870 -0.0904318 -0.1822878 -0.1729582 -0.1493818 0.0291994 -0.0156472 0.0457353 0.1591011 -0.1784090
-0.0509968 -0.0095579 0.0535947 -0.1000542 -0.0119263 0.0742968 0.0182574 -0.0550621 -0.1570873 0.0379001 -0.0167124 -0.0193925 -0.1012155 -0.0988604 -0.0158503 -0.1746508 0.3145342 -0.1736156 0.2048459 -0.0867487 0.1875857 -0.0213929 -0.0501508 0.2110486 0.0241107 -0.1175103 -0.0286289 0.1620549 -0.0699190 -0.0727197 -0.1752609 -0.0787870 -0.0971212 0.3897876 -0.1426028 1.2560955 0.1217009 -0.0046056 0.0495067 -0.2005210 0.1570410 -0.1860866 -0.0078359 0.1847726 -0.0207501 -0.2088663 -0.0945950 0.1638902 0.0300113 0.0704566 0.1316014 0.1219422 0.1588583 0.0805847 0.1425824 0.0145526 0.1263556 0.0048184 -0.0208706 0.0045730 -0.0974943 -0.1597014 -0.1548497 -0.1368828 -0.0165271 -0.1468817 -0.3064404 -0.0308633 -0.1017542 0.0020672 0.0395230 -0.0408305 -0.0994306 0.1520772 0.1848777 0.1741620 0.0839424 -0.2344882 0.0051558 -0.2178067 -0.0451342
0.0347129 -0.1212901 0.0096085 -0.0997659 0.1361388 0.1328264 0.0117795 0.0464387 -0.1178515 0.0304377 -0.0557862 -0.0007804 -0.0043282 0.0693256 -0.0220900 -0.1489819 0.1429012 -0.1137482 0.0897380 -0.0968967 0.0200942 -0.1132987 -0.0702708 0.1746040 0.0431390 -0.1245699 -0.0844742 0.1726333 -0.1221365 0.0785290 -0.0738255 -0.1484663 -0.0837322 0.1698253 -0.1827179 0.1217009 1.0751336 -0.0294541 0.0522488 -0.0684396 -0.0039342 -0.0357863 -0.0843273 0.1461918 -0.0229532 -0.0970861 -0.0277830 0.0914396 0.0324867 -0.0742297 0.0957691 0.1529320 0.0752543 0.0526677 0.0347308 0.0423784 0.0083207 0.0752757 -0.0426589 0.0872477 0.0060380 -0.0821494 -0.0815474 -0.1190907 -0.1169395 -0.0481115 -0.2256419 0.0052986 -0.0301577 -0.0225040 0.0135147 0.0066033 0.0510997 0.0092855 0.0473781 0.1223447 -0.0353557 -0.1115717 -0.0050458 -0.1644901 0.0474655
-0.0288653 -0.1712691 -0.1112090 0.0508211 -0.1726393 -0.0663406 0.0804479 -0.0868286 0.0752569 0.0066036 0.1491683 -0.0714985 -0.0603567 0.0187220 0.1242570 -0.0517917 -0.0847096 0.2716067 0.1605266 -0.0497337 0.3259537 -0.1220231 -0.0548152 0.2148758 -0.1227224 -0.0907188 -0.0169816 -0.2301038 0.1079996 -0.2916889 0.1928399 -0.0785514 0.1848422 0.0245446 -0.0957763 -0.0046056 -0.0294541 1.3179902 0.2623248 -0.1308553 -0.0886852 -0.0567589 0.2074625 0.2404252 -0.1476475 0.0563169 0.0551398 -0.0427070 0.3025626 -0.0241247 -0.1798480 -0.0601150 0.2542216 -0.0493235 -0.1305511 -0.0461531 -0.2640278 0.0890132 -0.0776358 -0.2224780 -0.0855979 0.0238010 0.0201841 -0.0648592 -0.0421991 0.2103894 0.2687323 -0.1204163 -0.1963312 0.0989864 -0.0041405 -0.0592785 -0.0995221 0.2354000 -0.0283114 -0.1573250 0.1094370 -0.0083591 -0.0888063 0.2410975 -0.0155946
-0.1160148 -0.2427464 -0.1036854 0.1523437 -0.1259480 -0.0633832 0.0489840 -0.1895377 -0.2101302 0.1657536 -0.0658736 -0.1510950 0.0386097 -0.1547266 0.1504325 -0.1268943 -0.0494442 -0.0858255 0.1198880 -0.1634097 0.1509715 -0.2385642 -0.2697445 0.1826191 -0.1079274 -0.0193350 -0.0554947 -0.2355719 -0.1441995 -0.1446450 0.1181551 -0.1855837 -0.0386330 0.0527806 -0.2275456 0.0495067 0.0522488 0.2623248 1.6983502 -0.1901533 0.0276179 -0.0069318 0.0913646 0.3450160 -0.1449072 0.0254863 0.1494823 0.1577743 0.2194907 0.0720375 -0.1851925 -0.0215282 0.2059308 0.1135847 -0.1649960 -0.0822057 -0.0781743 0.1898991 -0.2034734 -0.2675111 0.0601744 -0.0665166 0.0745298 -0.2520817 -0.0254933 0.3512717 0.3131961 -0.1968847 -0.0283387 0.0077769 -0.0449652 -0.0582516 0.1857969 0.3508086 0.2341718 0.0735566 0.0601387 0.1914797 -0.0713299 0.0544529 0.1275997
-0.0666138 0.0508781 -0.0109479 0.0850385 -0.0161040 -0.0220925 -0.1220020 0.0255718 0.0890453 -0.0496850 0.0227630 0.0727628 0.0003020 -0.1178867 -0.0257002 0.1389826 -0.1680343 -0.0745443 -0.0869145 0.1464085 -0.1557854 0.2745573 0.0283491 -0.1621252 0.0295518 0.2915560 -0.0020990 -0.0238769 0.0284158 -0.0372112 -0.0538222 0.0539201 -0.1110847 -0.2562338 0.1362829 -0.2005210 -0.0684396 -0.1308553 -0.1901533 1.1339703 0.0021150 0.0488182 -0.0852988 -0.1973760 0.3191702 0.0710455 0.0556341 -0.1387791 -0.2443103 -0.0294022 -0.1058194 -0.0796422 -0.2356397 -0.1070732 -0.0239904 -0.1289456 0.3694472 0.0342884 0.0209315 -0.0795643 -0.0475961 0.1514818 -0.0056695 0.2396378 0.0669348 0.0781016 0.1952904 0.1126050 0.1310659 -0.1265541 -0.0032438 -0.0349246 0.1534430 -0.1550657 -0.0824262 -0.0983413 -0.0416643 0.1978107 -0.0204190 0.0625068 -0.0426649
-0.1539736 -0.1233919 0.0418814 -0.0017834 0.0961504 0.0248365 -0.0262484 -0.0719811 -0.0888776 0.0163182 -0.1072867 -0.0948411 0.0442648 -0.0354473 0.0162764 -0.0819175 0.0501296 -0.1525410 0.1515009 0.0537371 -0.0331479 -0.0599922 -0.1809696 0.0805978 -0.1085935 -0.0967212 0.0199080 0.0380495 -0.1236072 0.0597307 -0.0066631 -0.1750586 -0.0840718 0.1147913 -0.1804435 0.1570410 -0.0039342 -0.0886852 0.0276179 0.0021150 1.2952794 0.0282228 -0.0841190 0.0533179 0.1054257 -0.0373463 0.0924279 0.0991754 -0.0278822 -0.0168786 0.0228102 -0.0631383 -0.0522411 0.1012966 -0.0518814 -0.0723658 0.1574651 0.0564103 -0.1493677 -0.0862762 0.0753180 -0.0082152 0.1362463 -0.0407740 -0.0947275 0.0554679 -0.0121699 -0.1048395 0.0869424 -0.1342791 -0.0076359 0.0005948 0.1286041 -0.0048960 0.1142841 0.1627869 -0.0157133 0.1038461 0.0248056 -0.1027105 0.2371572
0.0215577 0.0646411 -0.0503488 0.1872658 0.0245421 -0.0598503 0.0270842 -0.0154688 -0.0078559 -0.0253176 -0.0692483 -0.0547109 0.0565741 0.1868627 0.0462067 0.0821357 -0.0896647 0.0170089 -0.0709848 -0.0034403 -0.2420164 -0.0757028 -0.0882598 -0.2532973 -0.0004510 0.0544689 0.0705123 -0.0847018 -0.1228830 0.2139337 0.0291847 -0.0703923 0.0636890 -0.0094777 0.1129545 -0.1860866 -0.0357863 -0.0567589 -0.0069318 0.0488182 0.0282228 1.1297674 -0.0613777 -0.1871486 -0.0468307 0.1682100 0.0820924 0.0316222 -0.0350293 -0.0108153 -0.1177555 -0.1717492 -0.2266924 0.0208482 -0.1483397 0.0262072 0.0629848 0.0192881 -0.0852676 -0.0329214 0.1262415 0.0644770 0.1937972 -0.0913025 -0.1863189 -0.0144099 0.0700921 -0.1040458 0.1320824 -0.0306894 -0.0624898 0.0127928 0.0281248 -0.2339985 -0.0262441 -0.1371846 -0.1013085 0.1785958 0.1378405 0.0229826 0.0406298
0.0622764 -0.0099931 -0.0202753 -0.1533739 -0.1186445 -0.0628437 0.0446797 0.0017614 0.1099841 -0.0706216 -0.0328344 0.1171944 -0.0757702 0.1278896 0.1383584 0.0272194 0.0281502 0.1903837 0.0186249 -0.1475854 0.0106456 -0.0579459 0.1383840 0.0633209 -0.0295988 -0.1802883 0.0440336 -0.1168980 0.0512610 -0.1360240 0.1690676 0.0277525 0.2135911 0.0189002 -0.0613315 -0.0078359 -0.0843273 0.2074625 0.0913646 -0.0852988 -0.0841190 -0.0613777 1.1495305 0.2106546 -0.1761230 -0.0293847 -0.0822679 -0.1535739 0.0793406 -0.0889099 -0.0282942 -0.0654155 0.1114836 -0.0487683 0.0155091 -0.0091050 -0.2512643 -0.0311468 0.1284619 0.0071769 -0.0519714 0.0585341 -0.0475287 -0.1662694 0.0240497 -0.1639940 0.0765953 -0.0628413 -0.1031608 0.1240144 -0.0321358 0.0344981 -0.2029047 -0.0009395 -0.1600057 -0.0712560 -0.0756540 -0.0219600 -0.0391441 0.0775298 -0.0258663
0.0056372 -0.1399713 -0.1703167 -0.1207896 -0.0382177 0.0038426 -0.0161967 -0.1128375 -0.1556863 0.0307379 -0.1121324 -0.0978891 -0.0482204 -0.1465079 -0.0290283 -0.2048412 0.0956502 -0.0508066 0.2067045 -0.0485965 0.3320995 -0.1281152 -0.0164028 0.4536003 -0.0225033 -0.2130839 -0.0265444 -0.0551957 -0.0063570 -0.1260730 -0.0324983 -0.2059631 -0.0295950 0.2845753 -0.2192581 0.1847726 0.1461918 0.2404252 0.3450160 -0.1973760 0.0533179 -0.1871486 0.2106546 1.5338094 -0.1167114 -0.1342354 -0.0758515 0.0133265 0.2098814 0.0114627 -0.0180143 0.1496138 0.3783359 0.0592712 0.0713904 0.0744444 -0.1494794 0.0958715 -0.0307311 -0.0890617 -0.1257982 -0.1580820 -0.0807186 -0.1416502 0.0406665 0.0831695 -0.1132350 -0.0652273 -0.2108857 0.0435070 0.0001583 -0.0175399 -0.1056310 0.4859716 0.1518637 0.1164904 0.1497284 -0.2350065 -0.0664144 -0.1481627 0.0149821
-0.1709495 0.0061572 -0.0268515 0.0531242 0.0737903 0.0259509 -0.1380698 -0.0261502 -0.0719692 -0.0066780 -0.0311658 0.0288651 -0.1087412 -0.2131797 -0.2091798 0.0361469 -0.0314286 -0.2433871 0.0589735 0.2485898 -0.0737464 0.3217822 0.0413393 -0.0351548 0.0817486 0.2528388 0.0319933 0.1127325 0.1500082 0.0329871 -0.1670732 0.0426948 -0.2936148 -0.1378883 0.0932459 -0.0207501 -0.0229532 -0.1476475 -0.1449072 0.3191702 0.1054257 -0.0468307 -0.1761230 -0.1167114 1.0972805 -0.0620733 0.0421114 -0.0406808 -0.1853079 0.0972886 0.0166584 0.0936590 -0.1539878 -0.0777287 0.1274470 0.0120386 0.3045362 -0.0209477 0.0131515 -0.0529650 -0.1130667 -0.0971891 -0.0825140 0.3869083 0.1151338 0.1127302 0.0119221 0.1765873 0.0882939 -0.1433760 0.0321119 -0.1046777 0.1695029 0.0839536 0.1115898 0.1173999 0.0614218 0.0464735 -0.0185484 -0.2036698 -0.0359050
-0.0653885 0.0950335 -0.1053149 0.1330165 -0.1421174 -0.0870845 0.0260114 0.0062157 0.1644451 -0.0102254 0.1363155 -0.0658247 -0.0324640 0.0233257 0.0585302 0.0243453 -0.1829852 0.2168871 -0.1028582 0.0193875 -0.0072849 -0.0230863 -0.0180541 -0.0974024 -0.0828214 0.0411354 0.0688242 -0.1684980 0.0660291 -0.0658180 0.1455838 0.1198847 0.1294730 -0.2425022 0.1195462 -0.2088663 -0.0970861 0.0563169 0.0254863 0.0710455 -0.0373463 0.1682100 -0.0293847 -0.1342354 -0.0620733 0.9484904 0.0586484 -0.1360038 0.0033028 -0.0530432 -0.1471847 -0.0877512 -0.0909267 -0.0928987 -0.1454780 -0.0809493 0.0422476 -0.0148126 -0.0224839 -0.0563952 0.0352221 0.1221863 0.1407867 0.0672658 -0.0735421 0.1190282 0.1754575 -0.0268903 -0.0110709 0.0867608 -0.0346599 -0.0311604 -0.0217087 -0.1148474 -0.0953024 -0.1580634 -0.0002693 0.1428422 -0.0036256 0.2059411 -0.0095675
