1.6105896 -0.0539602 -0.0531396 -0.0405313 0.0238757 -0.0345399 -0.0383393 -0.0355815 -0.0381940 -0.0411700 0.1939113 -0.0339570 -0.0417905 -0.0416807 -0.0435231 -0.0460512 -0.0147781 -0.0161729 -0.0360026 -0.0223748 -0.0205095 -0.0451081 -0.0552060 -0.0396814 -0.0413867 -0.0367439 -0.0324048 -0.0160300 -0.0365224 -0.0526925 -0.0517727 -0.0327138 -0.0097984 -0.0095424 -0.0105736 -0.0104197 -0.0103729 -0.0100792 -0.0107980 -0.0105827 -0.0097206 -0.0100136 -0.0121107 -0.0104690 -0.0095523 -0.0106388 -0.0105379 -0.0103596 -0.0096639 -0.0104840 -0.0078478 -0.0096685 -0.0078938 -0.0077642 -0.0077650 -0.0108776 -0.0094965 -0.0104582 -0.0091797 -0.0100165 -0.0091126 -0.0127459 -0.0097759 -0.0074700 -0.0107708 -0.0106107 -0.0095498 -0.0110522 -0.0106713 -0.0106567 -0.0091392 -0.0096566 -0.0103846 -0.0099847 -0.0075990 -0.0097608 -0.0097282 -0.0079042 -0.0095243 -0.0102275 -0.0110109
-0.0539602 2.6106141 -0.0673999 -0.0576143 -0.0611423 -0.0472661 -0.0552066 -0.0529081 -0.0562388 -0.0573838 -0.0631362 -0.0525193 -0.0586095 -0.0582099 -0.0595012 -0.0607284 -0.0346290 -0.0339082 -0.0534108 0.1764200 -0.0350334 -0.0605643 -0.0662655 -0.0564448 -0.0580209 -0.0549838 -0.0457316 -0.0337035 -0.0526085 -0.0647542 -0.0657454 0.2159052 -0.0211319 -0.0211665 -0.0225063 -0.0242150 -0.0256556 -0.0253232 -0.0246949 -0.0243187 -0.0231458 -0.0224460 -0.0240807 -0.0248943 -0.0240215 -0.0236899 -0.0254801 -0.0237630 -0.0247690 -0.0230786 -0.0215152 -0.0244478 -0.0255491 -0.0248898 -0.0224017 -0.0238188 -0.0222904 -0.0250724 -0.0232569 -0.0257530 -0.0238140 -0.0262387 -0.0239700 -0.0233442 -0.0233850 -0.0228663 -0.0229392 -0.0247674 -0.0271752 -0.0248506 -0.0187309 -0.0235246 -0.0240469 -0.0231062 -0.0230112 -0.0248042 -0.0244169 -0.0211496 -0.0248589 -0.0250911 -0.0235741
-0.0531396 -0.0673999 2.5311501 -0.0547023 -0.0647741 -0.0404166 -0.0546341 -0.0523910 -0.0548180 -0.0561904 -0.0624303 0.2505319 -0.0581494 -0.0577128 -0.0583608 -0.0599202 -0.0321214 -0.0349816 -0.0517278 -0.0489594 -0.0468399 -0.0592025 -0.0672034 -0.0555953 -0.0568544 -0.0537723 0.1411948 -0.0347470 -0.0519170 -0.0632059 -0.0631882 -0.0492422 -0.0233404 -0.0242592 -0.0227473 -0.0229099 -0.0222629 -0.0232706 -0.0237490 -0.0232451 -0.0216647 -0.0226078 -0.0225666 -0.0247251 -0.0221456 -0.0244455 -0.0192980 -0.0233786 -0.0228193 -0.0231385 -0.0194804 -0.0235689 -0.0222591 -0.0210119 -0.0188236 -0.0249992 -0.0230238 -0.0213770 -0.0217159 -0.0238564 -0.0203723 -0.0258895 -0.0223233 -0.0217622 -0.0243089 -0.0254171 -0.0236100 -0.0253295 -0.0204694 -0.0242363 -0.0223627 -0.0243068 -0.0227998 -0.0217045 -0.0228142 -0.0246742 -0.0219900 -0.0209175 -0.0221393 -0.0230876 -0.0218284
-0.0405313 -0.0576143 -0.0547023 1.7383479 -0.0552503 -0.0328147 -0.0271475 -0.0320295 -0.0257475 -0.0266758 -0.0536874 -0.0312743 -0.0266787 -0.0266978 -0.0265163 -0.0261320 -0.0115208 -0.0114332 -0.0275733 -0.0310798 -0.0229513 -0.0248472 -0.0576101 -0.0304905 -0.0281132 -0.0253527 -0.0300715 -0.0122918 -0.0338723 -0.0559022 -0.0542845 -0.0296285 -0.0075555 -0.0085296 -0.0092256 -0.0092894 -0.0083099 -0.0084579 -0.0098519 -0.0091737 -0.0074065 -0.0078738 -0.0116582 -0.0084797 -0.0075056 -0.0092147 -0.0082159 -0.0075939 -0.0076583 -0.0091156 -0.0044693 -0.0075470 -0.0055084 -0.0045731 -0.0048017 -0.0094586 -0.0071436 -0.0085677 -0.0072895 -0.0081245 -0.0055564 -0.0124382 -0.0079423 -0.0045030 -0.0092915 -0.0089719 -0.0064488 -0.0103162 -0.0092937 -0.0094845 -0.0072876 -0.0078861 -0.0080796 -0.0078128 -0.0032456 -0.0076576 -0.0079580 -0.0041586 -0.0085280 -0.0089421 -0.0089350
0.0238757 -0.0611423 -0.0647741 -0.0552503 2.4083583 -0.0500441 -0.0540257 -0.0516867 -0.0550933 -0.0554036 -0.0602353 -0.0507247 -0.0578522 -0.0565338 -0.0583491 -0.0594754 -0.0176431 -0.0208526 -0.0525150 0.1130214 0.0453744 -0.0593015 -0.0661957 -0.0559863 -0.0565333 -0.0533935 -0.0491194 -0.0215900 -0.0516109 -0.0626533 -0.0617816 -0.0483575 -0.0219660 -0.0187891 -0.0231832 -0.0217362 -0.0199223 -0.0220878 -0.0226493 -0.0210885 -0.0202958 -0.0203549 -0.0222425 -0.0197226 -0.0193061 -0.0230669 -0.0212373 -0.0177956 -0.0205205 -0.0218885 -0.0200828 -0.0218968 -0.0197834 -0.0181987 -0.0160520 -0.0195794 -0.0200334 -0.0198596 -0.0209303 -0.0204013 -0.0177917 -0.0231115 -0.0182770 -0.0139098 -0.0208648 -0.0217457 -0.0200520 -0.0211971 -0.0192979 -0.0207702 -0.0190693 -0.0192472 -0.0200792 -0.0195014 -0.0174812 -0.0175831 -0.0197523 -0.0171872 -0.0207784 -0.0220417 -0.0215194
-0.0345399 -0.0472661 -0.0404166 -0.0328147 -0.0500441 1.4299413 -0.0315284 -0.0301043 -0.0307490 -0.0326289 -0.0473272 -0.0268120 -0.0340877 -0.0337149 -0.0343985 -0.0366365 -0.0111194 -0.0138315 -0.0297704 -0.0267687 -0.0232905 -0.0355615 -0.0518204 -0.0326259 -0.0333673 -0.0302458 -0.0268717 -0.0117605 -0.0312261 0.1528069 -0.0486836 -0.0266010 -0.0067472 -0.0068045 -0.0073918 -0.0071335 -0.0067209 -0.0070999 -0.0076098 -0.0077189 -0.0062779 -0.0062170 -0.0090649 -0.0070262 -0.0064506 -0.0076470 -0.0068101 -0.0062168 -0.0068788 -0.0070706 -0.0045955 -0.0063829 -0.0055561 -0.0050236 -0.0042576 -0.0073630 -0.0058705 -0.0075012 -0.0058036 -0.0074926 -0.0056930 -0.0091051 -0.0067845 -0.0050132 -0.0069832 -0.0075963 -0.0060313 -0.0078915 -0.0074874 -0.0075000 -0.0065206 -0.0065605 -0.0067760 -0.0072578 -0.0038145 -0.0066629 -0.0069393 -0.0048845 -0.0071533 -0.0073391 -0.0075170
-0.0383393 -0.0552066 -0.0546341 -0.0271475 -0.0540257 -0.0315284 1.6749656 -0.0310537 -0.0282223 -0.0262262 -0.0526540 -0.0313486 -0.0288837 -0.0285454 -0.0284425 -0.0276362 -0.0113472 -0.0113408 -0.0267931 -0.0295001 -0.0227913 -0.0290015 -0.0566458 -0.0297953 -0.0287257 -0.0270961 -0.0290924 -0.0122946 -0.0322150 -0.0545418 -0.0533847 -0.0280145 -0.0076216 -0.0078894 -0.0085636 -0.0087232 -0.0075442 -0.0078071 -0.0094048 -0.0087764 -0.0065749 -0.0073363 -0.0106194 -0.0080599 -0.0074430 -0.0086683 -0.0078417 -0.0077030 -0.0073935 -0.0090478 -0.0045102 -0.0071314 -0.0053701 -0.0041547 -0.0047628 -0.0086587 -0.0067707 -0.0078965 -0.0072685 -0.0076107 -0.0051562 -0.0111971 -0.0076735 -0.0039119 -0.0088278 -0.0083880 -0.0057791 -0.0096996 -0.0087898 -0.0088834 -0.0070058 -0.0074192 -0.0080882 -0.0074613 -0.0036106 -0.0077237 -0.0073443 -0.0040388 -0.0081956 -0.0083510 -0.0086056
-0.0355815 -0.0529081 -0.0523910 -0.0320295 -0.0516867 -0.0301043 -0.0310537 1.5457537 -0.0319488 -0.0314513 -0.0495909 -0.0300514 -0.0335041 -0.0322543 -0.0334955 -0.0346080 -0.0139406 -0.0143372 -0.0294465 -0.0288389 -0.0245650 -0.0345731 0.2154365 -0.0334256 -0.0325008 -0.0306564 -0.0285301 -0.0145885 0.0034325 -0.0509038 -0.0502795 -0.0272848 -0.0082784 -0.0088628 -0.0087313 -0.0090410 -0.0087090 -0.0089542 -0.0102088 -0.0089560 -0.0081352 -0.0082024 -0.0100513 -0.0085996 -0.0081696 -0.0093430 -0.0087923 -0.0085397 -0.0085108 -0.0092982 -0.0066891 -0.0079496 -0.0071495 -0.0064843 -0.0067167 -0.0090039 -0.0082605 -0.0088919 -0.0078773 -0.0083691 -0.0068222 -0.0111045 -0.0082526 -0.0060637 -0.0093055 -0.0092968 -0.0075568 -0.0094915 -0.0096517 -0.0090758 -0.0079201 -0.0084477 -0.0089322 -0.0088298 -0.0061288 -0.0081320 -0.0083047 -0.0062432 -0.0085492 -0.0089906 -0.0089670
-0.0381940 -0.0562388 -0.0548180 -0.0257475 -0.0550933 -0.0307490 -0.0282223 -0.0319488 1.6998593 -0.0245628 -0.0527339 -0.0320756 -0.0293867 -0.0278868 -0.0271769 -0.0268574 -0.0125693 -0.0107717 -0.0261371 -0.0304501 -0.0240598 -0.0292431 -0.0563748 -0.0293546 -0.0281786 -0.0282521 -0.0279050 -0.0122204 -0.0323094 -0.0540772 -0.0540541 -0.0275506 -0.0075235 -0.0078575 -0.0086563 -0.0084414 -0.0077940 -0.0082115 -0.0092326 -0.0085539 -0.0070111 -0.0077378 -0.0110543 -0.0076862 -0.0074197 -0.0087732 -0.0074106 -0.0081764 -0.0079651 -0.0094620 -0.0047220 -0.0070824 -0.0052982 -0.0041243 -0.0048891 -0.0087999 -0.0069787 -0.0077984 -0.0070256 -0.0075126 -0.0048846 -0.0114564 -0.0076319 -0.0041952 -0.0092603 -0.0093001 -0.0058838 -0.0103255 -0.0089657 -0.0095964 -0.0071255 -0.0077586 -0.0086608 -0.0080236 -0.0033116 -0.0077875 -0.0076246 -0.0042562 -0.0083948 -0.0086599 -0.0090536
-0.0411700 -0.0573838 -0.0561904 -0.0266758 -0.0554036 -0.0326289 -0.0262262 -0.0314513 -0.0245628 1.7515818 -0.0544517 -0.0313674 -0.0248379 -0.0257817 -0.0261074 -0.0251884 -0.0110121 -0.0118199 -0.0271586 -0.0310541 -0.0227199 -0.0244044 -0.0574366 -0.0290509 -0.0267211 -0.0243201 -0.0306489 -0.0122986 -0.0335152 -0.0557216 -0.0543053 -0.0297069 -0.0077012 -0.0079543 -0.0096521 -0.0091824 -0.0082665 -0.0082135 -0.0099333 -0.0094833 -0.0074526 -0.0078852 -0.0114307 -0.0083203 -0.0075091 -0.0093093 -0.0081266 -0.0081170 -0.0076924 -0.0091062 -0.0044687 -0.0077825 -0.0050140 -0.0043579 -0.0047884 -0.0094997 -0.0070959 -0.0084662 -0.0070506 -0.0083761 -0.0056206 -0.0117260 -0.0078304 -0.0043099 -0.0093266 -0.0093470 -0.0060851 -0.0097315 -0.0085259 -0.0089530 -0.0071300 -0.0076140 -0.0084092 -0.0079763 -0.0034150 -0.0075836 -0.0081691 -0.0041410 -0.0089833 -0.0088730 -0.0087960
0.1939113 -0.0631362 -0.0624303 -0.0536874 -0.0602353 -0.0473272 -0.0526540 -0.0495909 -0.0527339 -0.0544517 2.3089306 -0.0487723 -0.0544600 -0.0547806 -0.0558268 -0.0570854 -0.0268821 -0.0291912 -0.0502417 -0.0447475 -0.0328363 -0.0567417 -0.0647030 -0.0535040 -0.0543648 -0.0512731 -0.0461781 -0.0274254 -0.0500805 -0.0624568 -0.0605047 -0.0468818 -0.0183442 -0.0190573 -0.0194596 -0.0200898 -0.0212217 -0.0199966 -0.0198090 -0.0208264 -0.0193796 -0.0209340 -0.0220012 -0.0204955 -0.0202815 -0.0200204 -0.0209251 -0.0206668 -0.0184087 -0.0208188 -0.0171026 -0.0200816 -0.0163760 -0.0169609 -0.0180675 -0.0212029 -0.0197571 -0.0206067 -0.0177445 -0.0186444 -0.0203197 -0.0221930 -0.0200568 -0.0183253 -0.0205711 -0.0202418 -0.0205810 -0.0198525 -0.0209092 -0.0210047 -0.0188799 -0.0193714 -0.0205190 -0.0192732 -0.0185129 -0.0201293 -0.0194108 -0.0191262 -0.0178194 -0.0193909 -0.0221544
-0.0339570 -0.0525193 0.2505319 -0.0312743 -0.0507247 -0.0268120 -0.0313486 -0.0300514 -0.0320756 -0.0313674 -0.0487723 1.4880716 -0.0346067 -0.0335527 -0.0345450 -0.0357724 -0.0135181 -0.0139036 -0.0289690 -0.0278356 -0.0243260 -0.0358561 -0.0489630 -0.0323560 -0.0331451 -0.0305534 0.0094094 -0.0144799 -0.0303668 -0.0496234 -0.0487437 -0.0269718 -0.0082953 -0.0079971 -0.0079598 -0.0080523 -0.0076123 -0.0080170 -0.0089082 -0.0079937 -0.0072002 -0.0075954 -0.0089505 -0.0081713 -0.0076019 -0.0087449 -0.0072272 -0.0082145 -0.0076119 -0.0084713 -0.0057662 -0.0080731 -0.0067198 -0.0057756 -0.0060324 -0.0088186 -0.0076510 -0.0079016 -0.0071579 -0.0079298 -0.0062380 -0.0101702 -0.0075102 -0.0061784 -0.0088082 -0.0090994 -0.0076645 -0.0094870 -0.0080985 -0.0086441 -0.0074054 -0.0083233 -0.0080850 -0.0073083 -0.0060994 -0.0083892 -0.0077027 -0.0057959 -0.0078753 -0.0079843 -0.0077540
-0.0417905 -0.0586095 -0.0581494 -0.0266787 -0.0578522 -0.0340877 -0.0288837 -0.0335041 -0.0293867 -0.0248379 -0.0544600 -0.0346067 1.8306680 -0.0274579 -0.0276199 -0.0274635 -0.0125205 -0.0115509 -0.0268888 -0.0331729 -0.0248844 -0.0286198 -0.0591698 -0.0293668 -0.0282343 -0.0277940 -0.0312700 -0.0135438 -0.0353427 -0.0572987 -0.0563478 -0.0298307 -0.0086851 -0.0087603 -0.0094562 -0.0099018 -0.0088689 -0.0088649 -0.0105833 -0.0098055 -0.0077688 -0.0088233 -0.0126581 -0.0086582 -0.0080813 -0.0101503 -0.0086964 -0.0088953 -0.0085049 -0.0104462 -0.0048863 -0.0082597 -0.0058173 -0.0044045 -0.0049513 -0.0096157 -0.0075444 -0.0088065 -0.0080781 -0.0082985 -0.0059242 -0.0127899 -0.0082943 -0.0048030 -0.0101485 -0.0098030 -0.0065888 -0.0113121 -0.0100159 -0.0104527 -0.0079236 -0.0087178 -0.0092530 -0.0091158 -0.0039834 -0.0082665 -0.0083594 -0.0046083 -0.0093881 -0.0097475 -0.0102574
-0.0416807 -0.0582099 -0.0577128 -0.0266978 -0.0565338 -0.0337149 -0.0285454 -0.0322543 -0.0278868 -0.0257817 -0.0547806 -0.0335527 -0.0274579 1.8069063 -0.0284801 -0.0263577 -0.0116726 -0.0108634 -0.0271513 -0.0323355 -0.0237845 -0.0284689 -0.0582878 -0.0296579 -0.0291853 -0.0267120 -0.0312858 -0.0129353 -0.0345042 -0.0569708 -0.0556774 -0.0296782 -0.0084655 -0.0085995 -0.0096889 -0.0100556 -0.0085129 -0.0089490 -0.0106740 -0.0100212 -0.0074447 -0.0080994 -0.0123627 -0.0090886 -0.0078264 -0.0098756 -0.0088208 -0.0087442 -0.0079539 -0.0102090 -0.0053928 -0.0084027 -0.0059323 -0.0047085 -0.0055395 -0.0100647 -0.0075313 -0.0093723 -0.0075351 -0.0086095 -0.0058046 -0.0125556 -0.0082666 -0.0049409 -0.0098342 -0.0102631 -0.0065597 -0.0109851 -0.0098898 -0.0100518 -0.0077065 -0.0080468 -0.0094961 -0.0088780 -0.0041381 -0.0083095 -0.0084971 -0.0045760 -0.0091631 -0.0094716 -0.0097763
-0.0435231 -0.0595012 -0.0583608 -0.0265163 -0.0583491 -0.0343985 -0.0284425 -0.0334955 -0.0271769 -0.0261074 -0.0558268 -0.0345450 -0.0276199 -0.0284801 1.8381658 -0.0269905 -0.0115130 -0.0112286 -0.0280107 -0.0343218 -0.0249154 -0.0273808 -0.0601963 -0.0308522 -0.0288786 -0.0270672 -0.0322065 -0.0129931 -0.0357301 -0.0572316 -0.0564780 -0.0309908 -0.0085692 -0.0086872 -0.0098841 -0.0099468 -0.0084401 -0.0087894 -0.0107656 -0.0097903 -0.0077664 -0.0086535 -0.0126108 -0.0092595 -0.0079032 -0.0110447 -0.0090882 -0.0089976 -0.0083104 -0.0105603 -0.0043249 -0.0083834 -0.0057272 -0.0039026 -0.0048676 -0.0101100 -0.0073095 -0.0087149 -0.0078761 -0.0087424 -0.0056731 -0.0129505 -0.0083529 -0.0043378 -0.0101922 -0.0102405 -0.0065940 -0.0108206 -0.0099759 -0.0103387 -0.0079655 -0.0083074 -0.0093098 -0.0090758 -0.0038485 -0.0086738 -0.0086158 -0.0041675 -0.0094071 -0.0099001 -0.0102391
-0.0460512 -0.0607284 -0.0599202 -0.0261320 -0.0594754 -0.0366365 -0.0276362 -0.0346080 -0.0268574 -0.0251884 -0.0570854 -0.0357724 -0.0274635 -0.0263577 -0.0269905 1.9130094 -0.0116991 -0.0113581 -0.0276686 -0.0355177 -0.0250311 -0.0265661 -0.0614181 -0.0300195 -0.0281501 -0.0270795 -0.0329184 -0.0132091 -0.0368870 -0.0592469 -0.0579571 -0.0317232 -0.0087104 -0.0088465 -0.0103037 -0.0102977 -0.0089084 -0.0094221 -0.0114768 -0.0098996 -0.0081608 -0.0085972 -0.0128419 -0.0092830 -0.0084262 -0.0108657 -0.0095651 -0.0090960 -0.0084508 -0.0109347 -0.0047496 -0.0089689 -0.0059770 -0.0037652 -0.0051274 -0.0100267 -0.0079087 -0.0093908 -0.0080492 -0.0085916 -0.0056497 -0.0138506 -0.0085921 -0.0046440 -0.0106020 -0.0104989 -0.0067128 -0.0116972 -0.0101744 -0.0108412 -0.0080542 -0.0085090 -0.0099786 -0.0089804 -0.0029698 -0.0087054 -0.0088183 -0.0040648 -0.0100057 -0.0100141 -0.0107918
-0.0147781 -0.0346290 -0.0321214 -0.0115208 -0.0176431 -0.0111194 -0.0113472 -0.0139406 -0.0125693 -0.0110121 -0.0268821 -0.0135181 -0.0125205 -0.0116726 -0.0115130 -0.0116991 0.9256086 -0.0034504 -0.0100571 -0.0121666 -0.0083881 -0.0121036 -0.0332425 -0.0116617 -0.0116594 -0.0115000 -0.0113709 -0.0036350 -0.0136991 -0.0181556 -0.0144338 -0.0116686 0.0001550 0.0003110 0.0000205 0.0001414 -0.0000440 -0.0001210 -0.0005006 0.0000619 0.0002034 0.0002158 -0.0006357 -0.0000157 0.0000393 -0.0000581 -0.0000495 -0.0001515 0.0000277 -0.0001161 0.0005413 0.0002200 0.0004784 0.0005941 0.0004031 0.0002005 0.0001779 -0.0000677 0.0003289 -0.0002556 0.0004267 -0.0011016 0.0001638 0.0004814 -0.0003682 0.0000120 0.0001039 -0.0005282 -0.0004810 -0.0002182 0.0001814 0.0001240 -0.0000546 -0.0000234 0.0005001 -0.0000342 0.0001436 0.0002489 0.0000571 -0.0000366 -0.0000100
-0.0161729 -0.0339082 -0.0349816 -0.0114332 -0.0208526 -0.0138315 -0.0113408 -0.0143372 -0.0107717 -0.0118199 -0.0291912 -0.0139036 -0.0115509 -0.0108634 -0.0112286 -0.0113581 -0.0034504 1.0025295 -0.0109976 -0.0117669 -0.0082149 -0.0118276 -0.0391824 -0.0114057 -0.0114435 -0.0108389 -0.0125635 -0.0043273 -0.0153792 -0.0349925 -0.0164425 -0.0126782 -0.0005673 -0.0005187 -0.0008587 -0.0006585 -0.0004813 -0.0008728 -0.0012016 -0.0008263 -0.0006342 -0.0006786 -0.0015621 -0.0008133 -0.0003838 -0.0009494 -0.0007567 -0.0006637 -0.0004432 -0.0008547 0.0001650 -0.0007164 -0.0000143 0.0000067 -0.0000921 -0.0008047 -0.0007745 -0.0009617 -0.0005375 -0.0010249 -0.0001691 -0.0018390 -0.0007401 0.0001271 -0.0010215 -0.0009560 -0.0003279 -0.0012691 -0.0010503 -0.0009787 -0.0006803 -0.0004073 -0.0006653 -0.0008244 0.0001394 -0.0007670 -0.0006829 0.0000214 -0.0006938 -0.0008494 -0.0006720
-0.0360026 -0.0534108 -0.0517278 -0.0275733 -0.0525150 -0.0297704 -0.0267931 -0.0294465 -0.0261371 -0.0271586 -0.0502417 -0.0289690 -0.0268888 -0.0271513 -0.0280107 -0.0276686 -0.0100571 -0.0109976 1.5828117 -0.0277864 -0.0214984 -0.0266979 -0.0544799 -0.0286897 -0.0283492 -0.0254878 -0.0278121 -0.0113247 -0.0312302 -0.0513645 -0.0508607 -0.0263016 -0.0065965 -0.0068241 -0.0078884 -0.0076942 -0.0066326 -0.0068995 -0.0086292 -0.0075535 -0.0062484 -0.0070446 -0.0094827 -0.0070010 -0.0064843 -0.0081335 -0.0069074 -0.0065626 -0.0064762 -0.0074350 -0.0037811 -0.0069238 -0.0045615 -0.0036352 -0.0040489 -0.0078632 -0.0062064 -0.0067620 -0.0061644 -0.0067605 -0.0049579 -0.0104379 -0.0065196 -0.0038746 -0.0078150 -0.0081929 -0.0056632 -0.0086094 -0.0075596 -0.0078896 -0.0063475 -0.0064011 -0.0070679 -0.0069781 -0.0032470 -0.0062560 -0.0068261 -0.0036477 -0.0072863 -0.0075051 -0.0074666
-0.0223748 0.1764200 -0.0489594 -0.0310798 0.1130214 -0.0267687 -0.0295001 -0.0288389 -0.0304501 -0.0310541 -0.0447475 -0.0278356 -0.0331729 -0.0323355 -0.0343218 -0.0355177 -0.0121666 -0.0117669 -0.0277864 1.3707664 -0.0113382 -0.0353144 -0.0502608 -0.0309176 -0.0318112 -0.0286878 -0.0250111 -0.0121585 -0.0288692 -0.0478225 -0.0468538 0.0081901 -0.0066078 -0.0063274 -0.0066832 -0.0071928 -0.0067038 -0.0072949 -0.0077731 -0.0070438 -0.0065830 -0.0062528 -0.0078977 -0.0069648 -0.0062510 -0.0072617 -0.0070680 -0.0067057 -0.0068438 -0.0073080 -0.0055197 -0.0066899 -0.0064829 -0.0056919 -0.0054494 -0.0070637 -0.0064008 -0.0069922 -0.0063178 -0.0073573 -0.0056548 -0.0084280 -0.0066223 -0.0049787 -0.0071843 -0.0068176 -0.0060638 -0.0075764 -0.0076692 -0.0070717 -0.0058700 -0.0064420 -0.0067803 -0.0067344 -0.0052455 -0.0069753 -0.0065643 -0.0049898 -0.0068782 -0.0071185 -0.0065364
-0.0205095 -0.0350334 -0.0468399 -0.0229513 0.0453744 -0.0232905 -0.0227913 -0.0245650 -0.0240598 -0.0227199 -0.0328363 -0.0243260 -0.0248844 -0.0237845 -0.0249154 -0.0250311 -0.0083881 -0.0082149 -0.0214984 -0.0113382 1.2785523 -0.0261047 -0.0488077 -0.0236911 -0.0235896 -0.0224371 -0.0214639 -0.0087838 -0.0251907 -0.0467113 -0.0427777 -0.0190795 -0.0043531 -0.0036239 -0.0046050 -0.0044070 -0.0041744 -0.0044749 -0.0052009 -0.0045802 -0.0041270 -0.0040413 -0.0060299 -0.0041110 -0.0040055 -0.0051241 -0.0044527 -0.0045840 -0.0042976 -0.0049413 -0.0027740 -0.0039848 -0.0029681 -0.0026260 -0.0027572 -0.0046239 -0.0037491 -0.0044428 -0.0037951 -0.0046595 -0.0029611 -0.0063891 -0.0039044 -0.0023578 -0.0052512 -0.0047947 -0.0034635 -0.0058888 -0.0048771 -0.0049097 -0.0036358 -0.0041151 -0.0044035 -0.0043872 -0.0024077 -0.0043132 -0.0043113 -0.0025963 -0.0044335 -0.0047651 -0.0045875
-0.0451081 -0.0605643 -0.0592025 -0.0248472 -0.0593015 -0.0355615 -0.0290015 -0.0345731 -0.0292431 -0.0244044 -0.0567417 -0.0358561 -0.0286198 -0.0284689 -0.0273808 -0.0265661 -0.0121036 -0.0118276 -0.0266979 -0.0353144 -0.0261047 1.9013065 -0.0611547 -0.0298897 -0.0282788 -0.0280642 -0.0324937 -0.0134527 -0.0363901 -0.0586473 -0.0578441 -0.0310521 -0.0087706 -0.0088475 -0.0100752 -0.0103642 -0.0087603 -0.0091986 -0.0111256 -0.0102359 -0.0079203 -0.0086446 -0.0130310 -0.0094831 -0.0083151 -0.0107130 -0.0089306 -0.0091594 -0.0085195 -0.0109636 -0.0050711 -0.0085221 -0.0056276 -0.0042462 -0.0048980 -0.0097143 -0.0076288 -0.0088899 -0.0081058 -0.0087751 -0.0058565 -0.0135709 -0.0083413 -0.0045282 -0.0110234 -0.0104214 -0.0066750 -0.0120543 -0.0101444 -0.0109134 -0.0082017 -0.0090406 -0.0101733 -0.0089991 -0.0038311 -0.0085876 -0.0091808 -0.0038189 -0.0098358 -0.0100968 -0.0105792
-0.0552060 -0.0662655 -0.0672034 -0.0576101 -0.0661957 -0.0518204 -0.0566458 0.2154365 -0.0563748 -0.0574366 -0.0647030 -0.0489630 -0.0591698 -0.0582878 -0.0601963 -0.0614181 -0.0332425 -0.0391824 -0.0544799 -0.0502608 -0.0488077 -0.0611547 2.7070401 -0.0578469 -0.0572947 -0.0549105 -0.0501486 -0.0366412 0.2064361 -0.0663911 -0.0648893 -0.0496064 -0.0256670 -0.0270270 -0.0254851 -0.0268504 -0.0264948 -0.0269380 -0.0282438 -0.0269256 -0.0267980 -0.0262130 -0.0260730 -0.0249402 -0.0255577 -0.0273641 -0.0272784 -0.0254193 -0.0258643 -0.0256983 -0.0247652 -0.0258695 -0.0248973 -0.0258028 -0.0244812 -0.0258998 -0.0269154 -0.0276447 -0.0251869 -0.0261588 -0.0256606 -0.0278839 -0.0264153 -0.0229122 -0.0256636 -0.0272840 -0.0255373 -0.0250094 -0.0278638 -0.0255794 -0.0249620 -0.0257007 -0.0269876 -0.0266508 -0.0261485 -0.0251738 -0.0257846 -0.0241191 -0.0257759 -0.0256536 -0.0263534
-0.0396814 -0.0564448 -0.0555953 -0.0304905 -0.0559863 -0.0326259 -0.0297953 -0.0334256 -0.0293546 -0.0290509 -0.0535040 -0.0323560 -0.0293668 -0.0296579 -0.0308522 -0.0300195 -0.0116617 -0.0114057 -0.0286897 -0.0309176 -0.0236911 -0.0298897 -0.0578469 1.7297668 -0.0301512 -0.0281929 -0.0308673 -0.0124863 -0.0348074 -0.0549995 -0.0535385 -0.0293563 -0.0076171 -0.0082701 -0.0091726 -0.0092971 -0.0080345 -0.0083276 -0.0098992 -0.0090158 -0.0070211 -0.0082261 -0.0114250 -0.0083030 -0.0077606 -0.0094401 -0.0084295 -0.0079338 -0.0078285 -0.0094862 -0.0045841 -0.0077342 -0.0050891 -0.0042605 -0.0046745 -0.0091357 -0.0070451 -0.0082047 -0.0072102 -0.0080174 -0.0055229 -0.0119929 -0.0076439 -0.0043563 -0.0095123 -0.0089863 -0.0059003 -0.0102812 -0.0090967 -0.0094174 -0.0071372 -0.0076499 -0.0086853 -0.0081861 -0.0037826 -0.0077003 -0.0081983 -0.0042085 -0.0089839 -0.0085794 -0.0089860
-0.0413867 -0.0580209 -0.0568544 -0.0281132 -0.0565333 -0.0333673 -0.0287257 -0.0325008 -0.0281786 -0.0267211 -0.0543648 -0.0331451 -0.0282343 -0.0291853 -0.0288786 -0.0281501 -0.0116594 -0.0114435 -0.0283492 -0.0318112 -0.0235896 -0.0282788 -0.0572947 -0.0301512 1.7677439 -0.0271832 -0.0305203 -0.0126168 -0.0339373 -0.0560778 -0.0552246 -0.0296693 -0.0081092 -0.0085760 -0.0095337 -0.0098404 -0.0082301 -0.0088363 -0.0103642 -0.0096666 -0.0074617 -0.0081954 -0.0121070 -0.0086872 -0.0075085 -0.0099120 -0.0083316 -0.0084704 -0.0079019 -0.0097064 -0.0047618 -0.0078395 -0.0053093 -0.0044410 -0.0047292 -0.0092705 -0.0071975 -0.0088438 -0.0073211 -0.0082491 -0.0056233 -0.0125103 -0.0078955 -0.0039917 -0.0097672 -0.0094861 -0.0062530 -0.0102407 -0.0092638 -0.0099121 -0.0072781 -0.0083794 -0.0090303 -0.0082960 -0.0037174 -0.0083113 -0.0084622 -0.0044141 -0.0087592 -0.0096464 -0.0091348
-0.0367439 -0.0549838 -0.0537723 -0.0253527 -0.0533935 -0.0302458 -0.0270961 -0.0306564 -0.0282521 -0.0243201 -0.0512731 -0.0305534 -0.0277940 -0.0267120 -0.0270672 -0.0270795 -0.0115000 -0.0108389 -0.0254878 -0.0286878 -0.0224371 -0.0280642 -0.0549105 -0.0281929 -0.0271832 1.6196728 -0.0272924 -0.0118971 -0.0310510 -0.0527294 -0.0523041 -0.0262870 -0.0071395 -0.0067804 -0.0079897 -0.0080265 -0.0070141 -0.0074972 -0.0089444 -0.0082277 -0.0062705 -0.0068051 -0.0102830 -0.0073047 -0.0069064 -0.0081560 -0.0072199 -0.0069674 -0.0070176 -0.0082447 -0.0040157 -0.0063712 -0.0045490 -0.0033744 -0.0045113 -0.0078815 -0.0063545 -0.0072009 -0.0064670 -0.0073054 -0.0046998 -0.0104751 -0.0066028 -0.0038282 -0.0087053 -0.0078529 -0.0057242 -0.0092510 -0.0083294 -0.0085009 -0.0062347 -0.0070638 -0.0078001 -0.0072401 -0.0030507 -0.0070401 -0.0068212 -0.0034986 -0.0078690 -0.0081902 -0.0082592
-0.0324048 -0.0457316 0.1411948 -0.0300715 -0.0491194 -0.0268717 -0.0290924 -0.0285301 -0.0279050 -0.0306489 -0.0461781 0.0094094 -0.0312700 -0.0312858 -0.0322065 -0.0329184 -0.0113709 -0.0125635 -0.0278121 -0.0250111 -0.0214639 -0.0324937 -0.0501486 -0.0308673 -0.0305203 -0.0272924 1.3659568 -0.0129261 -0.0296028 -0.0484733 -0.0478122 -0.0251432 -0.0059454 -0.0066104 -0.0066516 -0.0066038 -0.0062482 -0.0067492 -0.0070418 -0.0067234 -0.0056972 -0.0061202 -0.0076386 -0.0066358 -0.0058745 -0.0067713 -0.0056254 -0.0061695 -0.0058556 -0.0067448 -0.0042317 -0.0064528 -0.0049018 -0.0047001 -0.0040267 -0.0069778 -0.0058167 -0.0064098 -0.0054156 -0.0067251 -0.0047001 -0.0088172 -0.0060532 -0.0044111 -0.0070899 -0.0070793 -0.0056913 -0.0077859 -0.0066913 -0.0067505 -0.0057309 -0.0063258 -0.0061984 -0.0061839 -0.0046661 -0.0066341 -0.0060605 -0.0043549 -0.0062924 -0.0064710 -0.0062140
-0.0160300 -0.0337035 -0.0347470 -0.0122918 -0.0215900 -0.0117605 -0.0122946 -0.0145885 -0.0122204 -0.0122986 -0.0274254 -0.0144799 -0.0135438 -0.0129353 -0.0129931 -0.0132091 -0.0036350 -0.0043273 -0.0113247 -0.0121585 -0.0087838 -0.0134527 -0.0366412 -0.0124863 -0.0126168 -0.0118971 -0.0129261 0.9625200 -0.0149294 -0.0201798 -0.0293377 -0.0124066 -0.0004062 -0.0003398 -0.0005127 -0.0003856 -0.0002903 -0.0005601 -0.0007725 -0.0004041 -0.0001777 -0.0001736 -0.0010271 -0.0003259 -0.0000894 -0.0005476 -0.0004408 -0.0004010 -0.0001955 -0.0005733 0.0003648 -0.0000575 -0.0000124 0.0000626 0.0002315 -0.0006286 -0.0001060 -0.0006032 -0.0002534 -0.0006274 0.0002302 -0.0017217 -0.0003718 0.0001802 -0.0006709 -0.0006538 -0.0001226 -0.0009955 -0.0007574 -0.0006792 -0.0004564 -0.0002709 -0.0002852 -0.0005048 0.0004545 -0.0005501 -0.0003174 0.0002780 -0.0003850 -0.0004606 -0.0004437
-0.0365224 -0.0526085 -0.0519170 -0.0338723 -0.0516109 -0.0312261 -0.0322150 0.0034325 -0.0323094 -0.0335152 -0.0500805 -0.0303668 -0.0353427 -0.0345042 -0.0357301 -0.0368870 -0.0136991 -0.0153792 -0.0312302 -0.0288692 -0.0251907 -0.0363901 0.2064361 -0.0348074 -0.0339373 -0.0310510 -0.0296028 -0.0149294 1.5298951 -0.0516914 -0.0504124 -0.0281796 -0.0084222 -0.0088769 -0.0089728 -0.0094149 -0.0088648 -0.0086442 -0.0101008 -0.0093608 -0.0082809 -0.0086250 -0.0103906 -0.0085319 -0.0081637 -0.0096002 -0.0088403 -0.0085220 -0.0082096 -0.0088840 -0.0063739 -0.0083093 -0.0070209 -0.0067808 -0.0068065 -0.0090287 -0.0082919 -0.0089671 -0.0078717 -0.0088607 -0.0069127 -0.0112592 -0.0087819 -0.0061713 -0.0090978 -0.0093513 -0.0075076 -0.0096811 -0.0096472 -0.0088088 -0.0080210 -0.0082534 -0.0091581 -0.0087075 -0.0065165 -0.0084946 -0.0084401 -0.0063352 -0.0085057 -0.0090723 -0.0090832
-0.0526925 -0.0647542 -0.0632059 -0.0559022 -0.0626533 0.1528069 -0.0545418 -0.0509038 -0.0540772 -0.0557216 -0.0624568 -0.0496234 -0.0572987 -0.0569708 -0.0572316 -0.0592469 -0.0181556 -0.0349925 -0.0513645 -0.0478225 -0.0467113 -0.0586473 -0.0663911 -0.0549995 -0.0560778 -0.0527294 -0.0484733 -0.0201798 -0.0516914 2.3823011 -0.0636911 -0.0484120 -0.0204642 -0.0198800 -0.0205840 -0.0207592 -0.0204539 -0.0218334 -0.0193996 -0.0220350 -0.0187695 -0.0178124 -0.0230541 -0.0195218 -0.0193350 -0.0221988 -0.0193778 -0.0177742 -0.0209479 -0.0189598 -0.0173071 -0.0181200 -0.0197929 -0.0184927 -0.0140850 -0.0188629 -0.0175450 -0.0218450 -0.0181199 -0.0206498 -0.0204601 -0.0229241 -0.0189430 -0.0200834 -0.0174584 -0.0217162 -0.0188640 -0.0208127 -0.0189705 -0.0207787 -0.0204054 -0.0188253 -0.0200240 -0.0218489 -0.0140218 -0.0189392 -0.0201630 -0.0172952 -0.0202621 -0.0209359 -0.0214420
-0.0517727 -0.0657454 -0.0631882 -0.0542845 -0.0617816 -0.0486836 -0.0533847 -0.0502795 -0.0540541 -0.0543053 -0.0605047 -0.0487437 -0.0563478 -0.0556774 -0.0564780 -0.0579571 -0.0144338 -0.0164425 -0.0508607 -0.0468538 -0.0427777 -0.0578441 -0.0648893 -0.0535385 -0.0552246 -0.0523041 -0.0478122 -0.0293377 -0.0504124 -0.0636911 2.2449446 -0.0470902 -0.0163418 -0.0198351 -0.0190716 -0.0201043 -0.0190649 -0.0166867 -0.0201941 -0.0175997 -0.0183758 -0.0171822 -0.0194519 -0.0185603 -0.0188600 -0.0180251 -0.0183471 -0.0181711 -0.0169859 -0.0198691 -0.0160711 -0.0182462 -0.0143182 -0.0181191 -0.0165658 -0.0185569 -0.0183271 -0.0189698 -0.0193070 -0.0192253 -0.0158631 -0.0201083 -0.0172105 -0.0157434 -0.0187473 -0.0180632 -0.0156568 -0.0178384 -0.0192526 -0.0168117 -0.0198879 -0.0175185 -0.0179724 -0.0186736 -0.0166948 -0.0186815 -0.0177583 -0.0152851 -0.0190244 -0.0196965 -0.0203917
-0.0327138 0.2159052 -0.0492422 -0.0296285 -0.0483575 -0.0266010 -0.0280145 -0.0272848 -0.0275506 -0.0297069 -0.0468818 -0.0269718 -0.0298307 -0.0296782 -0.0309908 -0.0317232 -0.0116686 -0.0126782 -0.0263016 0.0081901 -0.0190795 -0.0310521 -0.0496064 -0.0293563 -0.0296693 -0.0262870 -0.0251432 -0.0124066 -0.0281796 -0.0484120 -0.0470902 1.3789899 -0.0056482 -0.0061866 -0.0067709 -0.0066074 -0.0070183 -0.0069418 -0.0074761 -0.0067999 -0.0062373 -0.0059180 -0.0076742 -0.0067840 -0.0063427 -0.0067673 -0.0068623 -0.0064427 -0.0063828 -0.0066945 -0.0049045 -0.0062102 -0.0057205 -0.0053259 -0.0047114 -0.0069412 -0.0059228 -0.0071425 -0.0059755 -0.0071462 -0.0054867 -0.0083288 -0.0064734 -0.0045864 -0.0065936 -0.0069873 -0.0056602 -0.0074970 -0.0078244 -0.0069737 -0.0052932 -0.0060539 -0.0064830 -0.0066016 -0.0050549 -0.0066611 -0.0063743 -0.0046604 -0.0068725 -0.0067063 -0.0065578
-0.0097984 -0.0211319 -0.0233404 -0.0075555 -0.0219660 -0.0067472 -0.0076216 -0.0082784 -0.0075235 -0.0077012 -0.0183442 -0.0082953 -0.0086851 -0.0084655 -0.0085692 -0.0087104 0.0001550 -0.0005673 -0.0065965 -0.0066078 -0.0043531 -0.0087706 -0.0256670 -0.0076171 -0.0081092 -0.0071395 -0.0059454 -0.0004062 -0.0084222 -0.0204642 -0.0163418 -0.0056482 0.5710150 0.0037617 0.0040223 0.0042736 0.0040161 0.0037339 0.0037719 0.0041106 0.0036583 0.0039852 0.0038807 0.0038056 0.0037852 0.0042267 0.0038251 0.0035226 0.0038653 0.0039724 0.0033096 0.0038445 0.0036578 0.0031968 0.0030488 0.0039762 0.0036224 0.0035646 0.0039041 0.0031286 0.0033488 0.0034021 0.0035435 0.0032916 0.0036554 0.0039192 0.0033130 0.0035974 0.0032276 0.0039796 0.0036205 0.0039095 0.0039989 0.0034968 0.0031464 0.0033215 0.0036843 0.0032475 0.0040644 0.0042140 0.0040457
-0.0095424 -0.0211665 -0.0242592 -0.0085296 -0.0187891 -0.0068045 -0.0078894 -0.0088628 -0.0078575 -0.0079543 -0.0190573 -0.0079971 -0.0087603 -0.0085995 -0.0086872 -0.0088465 0.0003110 -0.0005187 -0.0068241 -0.0063274 -0.0036239 -0.0088475 -0.0270270 -0.0082701 -0.0085760 -0.0067804 -0.0066104 -0.0003398 -0.0088769 -0.0198800 -0.0198351 -0.0061866 0.0037617 0.5339404 0.0044613 0.0044981 0.0040913 0.0040318 0.0038911 0.0043550 0.0038726 0.0042893 0.0041275 0.0039961 0.0041272 0.0044110 0.0040703 0.0039028 0.0040863 0.0044669 0.0035290 0.0040708 0.0037254 0.0033689 0.0034308 0.0042277 0.0039003 0.0038341 0.0043148 0.0034731 0.0036583 0.0036011 0.0037627 0.0035633 0.0039448 0.0042769 0.0035843 0.0039375 0.0034733 0.0043204 0.0039608 0.0041291 0.0042905 0.0038696 0.0033152 0.0037064 0.0039680 0.0033748 0.0043218 0.0043506 0.0044033
-0.0105736 -0.0225063 -0.0227473 -0.0092256 -0.0231832 -0.0073918 -0.0085636 -0.0087313 -0.0086563 -0.0096521 -0.0194596 -0.0079598 -0.0094562 -0.0096889 -0.0098841 -0.0103037 0.0000205 -0.0008587 -0.0078884 -0.0066832 -0.0046050 -0.0100752 -0.0254851 -0.0091726 -0.0095337 -0.0079897 -0.0066516 -0.0005127 -0.0089728 -0.0205840 -0.0190716 -0.0067709 0.0040223 0.0044613 0.4943549 0.0049476 0.0044018 0.0043246 0.0043027 0.0047468 0.0040920 0.0046930 0.0045320 0.0042105 0.0046269 0.0048770 0.0045188 0.0040012 0.0044463 0.0046975 0.0036868 0.0044506 0.0040748 0.0035531 0.0036616 0.0044846 0.0041166 0.0040250 0.0044533 0.0035547 0.0041037 0.0039512 0.0041992 0.0037926 0.0043167 0.0045927 0.0039851 0.0042355 0.0040039 0.0047002 0.0044217 0.0044519 0.0047332 0.0041508 0.0035685 0.0039158 0.0042639 0.0037125 0.0048917 0.0048396 0.0048642
-0.0104197 -0.0242150 -0.0229099 -0.0092894 -0.0217362 -0.0071335 -0.0087232 -0.0090410 -0.0084414 -0.0091824 -0.0200898 -0.0080523 -0.0099018 -0.0100556 -0.0099468 -0.0102977 0.0001414 -0.0006585 -0.0076942 -0.0071928 -0.0044070 -0.0103642 -0.0268504 -0.0092971 -0.0098404 -0.0080265 -0.0066038 -0.0003856 -0.0094149 -0.0207592 -0.0201043 -0.0066074 0.0042736 0.0044981 0.0049476 0.4869681 0.0045872 0.0044192 0.0043168 0.0048250 0.0043757 0.0046316 0.0045729 0.0044794 0.0045706 0.0049639 0.0045783 0.0040893 0.0045642 0.0048185 0.0039455 0.0045336 0.0040646 0.0037262 0.0037459 0.0045891 0.0043211 0.0043351 0.0044583 0.0036788 0.0041212 0.0042011 0.0040911 0.0039423 0.0045574 0.0046124 0.0039796 0.0042975 0.0040087 0.0047426 0.0043885 0.0046723 0.0046866 0.0042098 0.0036688 0.0040278 0.0044657 0.0037328 0.0049187 0.0047382 0.0048735
-0.0103729 -0.0256556 -0.0222629 -0.0083099 -0.0199223 -0.0067209 -0.0075442 -0.0087090 -0.0077940 -0.0082665 -0.0212217 -0.0076123 -0.0088689 -0.0085129 -0.0084401 -0.0089084 -0.0000440 -0.0004813 -0.0066326 -0.0067038 -0.0041744 -0.0087603 -0.0264948 -0.0080345 -0.0082301 -0.0070141 -0.0062482 -0.0002903 -0.0088648 -0.0204539 -0.0190649 -0.0070183 0.0040161 0.0040913 0.0044018 0.0045872 0.5282919 0.0040805 0.0040885 0.0043795 0.0038474 0.0043037 0.0043954 0.0041498 0.0043738 0.0045934 0.0042485 0.0037063 0.0041358 0.0043246 0.0035493 0.0042422 0.0038156 0.0035063 0.0034763 0.0044451 0.0039640 0.0038310 0.0041310 0.0035291 0.0039035 0.0037834 0.0039053 0.0035229 0.0040776 0.0042730 0.0038032 0.0039147 0.0036601 0.0044890 0.0040882 0.0042094 0.0045678 0.0039603 0.0033258 0.0037625 0.0040092 0.0034409 0.0045517 0.0043398 0.0045426
-0.0100792 -0.0253232 -0.0232706 -0.0084579 -0.0220878 -0.0070999 -0.0078071 -0.0089542 -0.0082115 -0.0082135 -0.0199966 -0.0080170 -0.0088649 -0.0089490 -0.0087894 -0.0094221 -0.0001210 -0.0008728 -0.0068995 -0.0072949 -0.0044749 -0.0091986 -0.0269380 -0.0083276 -0.0088363 -0.0074972 -0.0067492 -0.0005601 -0.0086442 -0.0218334 -0.0166867 -0.0069418 0.0037339 0.0040318 0.0043246 0.0044192 0.0040805 0.5402501 0.0038900 0.0045043 0.0037680 0.0042671 0.0041529 0.0038115 0.0041732 0.0043944 0.0039851 0.0036948 0.0040932 0.0043273 0.0035666 0.0040752 0.0037486 0.0033389 0.0033911 0.0040326 0.0037850 0.0037976 0.0041677 0.0034577 0.0037131 0.0036753 0.0037606 0.0036606 0.0039564 0.0040514 0.0035841 0.0036720 0.0034477 0.0042715 0.0039735 0.0040465 0.0041558 0.0037094 0.0031845 0.0035142 0.0039329 0.0034751 0.0043376 0.0043681 0.0044732
-0.0107980 -0.0246949 -0.0237490 -0.0098519 -0.0226493 -0.0076098 -0.0094048 -0.0102088 -0.0092326 -0.0099333 -0.0198090 -0.0089082 -0.0105833 -0.0106740 -0.0107656 -0.0114768 -0.0005006 -0.0012016 -0.0086292 -0.0077731 -0.0052009 -0.0111256 -0.0282438 -0.0098992 -0.0103642 -0.0089444 -0.0070418 -0.0007725 -0.0101008 -0.0193996 -0.0201941 -0.0074761 0.0037719 0.0038911 0.0043027 0.0043168 0.0040885 0.0038900 0.5282425 0.0040875 0.0036800 0.0041451 0.0040119 0.0041160 0.0041107 0.0043213 0.0037702 0.0035496 0.0040621 0.0043513 0.0033773 0.0040949 0.0038202 0.0032523 0.0032485 0.0041874 0.0037586 0.0037412 0.0042990 0.0034759 0.0037492 0.0035681 0.0038393 0.0035163 0.0038495 0.0040347 0.0036422 0.0038855 0.0034292 0.0042769 0.0039645 0.0042631 0.0042744 0.0038558 0.0035253 0.0035496 0.0039568 0.0034797 0.0043577 0.0042544 0.0043884
-0.0105827 -0.0243187 -0.0232451 -0.0091737 -0.0210885 -0.0077189 -0.0087764 -0.0089560 -0.0085539 -0.0094833 -0.0208264 -0.0079937 -0.0098055 -0.0100212 -0.0097903 -0.0098996 0.0000619 -0.0008263 -0.0075535 -0.0070438 -0.0045802 -0.0102359 -0.0269256 -0.0090158 -0.0096666 -0.0082277 -0.0067234 -0.0004041 -0.0093608 -0.0220350 -0.0175997 -0.0067999 0.0041106 0.0043550 0.0047468 0.0048250 0.0043795 0.0045043 0.0040875 0.4987664 0.0041171 0.0045925 0.0046703 0.0042421 0.0045915 0.0050972 0.0043170 0.0041241 0.0043048 0.0045079 0.0036933 0.0044134 0.0040178 0.0036123 0.0035797 0.0044426 0.0042767 0.0041087 0.0045041 0.0036799 0.0040557 0.0040414 0.0040544 0.0037183 0.0042494 0.0045464 0.0039089 0.0041186 0.0038288 0.0046026 0.0042626 0.0046924 0.0045896 0.0040820 0.0034215 0.0039797 0.0042909 0.0036091 0.0046810 0.0047670 0.0049067
-0.0097206 -0.0231458 -0.0216647 -0.0074065 -0.0202958 -0.0062779 -0.0065749 -0.0081352 -0.0070111 -0.0074526 -0.0193796 -0.0072002 -0.0077688 -0.0074447 -0.0077664 -0.0081608 0.0002034 -0.0006342 -0.0062484 -0.0065830 -0.0041270 -0.0079203 -0.0267980 -0.0070211 -0.0074617 -0.0062705 -0.0056972 -0.0001777 -0.0082809 -0.0187695 -0.0183758 -0.0062373 0.0036583 0.0038726 0.0040920 0.0043757 0.0038474 0.0037680 0.0036800 0.0041171 0.5663673 0.0041299 0.0041679 0.0037993 0.0039502 0.0042202 0.0039046 0.0035589 0.0038460 0.0039921 0.0033206 0.0037825 0.0034977 0.0032805 0.0032205 0.0039867 0.0037255 0.0037204 0.0037748 0.0031427 0.0035412 0.0035111 0.0036946 0.0033481 0.0037229 0.0040318 0.0034293 0.0036309 0.0033878 0.0040816 0.0037899 0.0039219 0.0040282 0.0036818 0.0030373 0.0035441 0.0037771 0.0033809 0.0041059 0.0040749 0.0043321
-0.0100136 -0.0224460 -0.0226078 -0.0078738 -0.0203549 -0.0062170 -0.0073363 -0.0082024 -0.0077378 -0.0078852 -0.0209340 -0.0075954 -0.0088233 -0.0080994 -0.0086535 -0.0085972 0.0002158 -0.0006786 -0.0070446 -0.0062528 -0.0040413 -0.0086446 -0.0262130 -0.0082261 -0.0081954 -0.0068051 -0.0061202 -0.0001736 -0.0086250 -0.0178124 -0.0171822 -0.0059180 0.0039852 0.0042893 0.0046930 0.0046316 0.0043037 0.0042671 0.0041451 0.0045925 0.0041299 0.5199900 0.0043499 0.0042076 0.0042423 0.0047588 0.0043696 0.0038558 0.0042706 0.0046541 0.0036069 0.0043019 0.0038995 0.0034249 0.0034881 0.0044783 0.0040455 0.0038412 0.0041825 0.0037398 0.0039268 0.0039313 0.0040008 0.0036497 0.0040085 0.0042925 0.0038139 0.0040901 0.0038127 0.0044194 0.0040993 0.0043428 0.0043972 0.0039429 0.0033768 0.0039088 0.0041115 0.0035236 0.0046278 0.0045460 0.0046405
-0.0121107 -0.0240807 -0.0225666 -0.0116582 -0.0222425 -0.0090649 -0.0106194 -0.0100513 -0.0110543 -0.0114307 -0.0220012 -0.0089505 -0.0126581 -0.0123627 -0.0126108 -0.0128419 -0.0006357 -0.0015621 -0.0094827 -0.0078977 -0.0060299 -0.0130310 -0.0260730 -0.0114250 -0.0121070 -0.0102830 -0.0076386 -0.0010271 -0.0103906 -0.0230541 -0.0194519 -0.0076742 0.0038807 0.0041275 0.0045320 0.0045729 0.0043954 0.0041529 0.0040119 0.0046703 0.0041679 0.0043499 0.5018759 0.0042308 0.0043561 0.0045461 0.0041631 0.0037600 0.0043046 0.0043889 0.0037409 0.0042703 0.0037494 0.0036171 0.0037232 0.0043067 0.0039118 0.0038496 0.0044292 0.0035346 0.0038567 0.0036605 0.0039296 0.0036513 0.0042725 0.0042750 0.0037769 0.0040333 0.0034903 0.0045669 0.0042761 0.0043937 0.0046206 0.0040051 0.0033213 0.0036166 0.0040332 0.0038192 0.0045228 0.0044980 0.0046071
-0.0104690 -0.0248943 -0.0247251 -0.0084797 -0.0197226 -0.0070262 -0.0080599 -0.0085996 -0.0076862 -0.0083203 -0.0204955 -0.0081713 -0.0086582 -0.0090886 -0.0092595 -0.0092830 -0.0000157 -0.0008133 -0.0070010 -0.0069648 -0.0041110 -0.0094831 -0.0249402 -0.0083030 -0.0086872 -0.0073047 -0.0066358 -0.0003259 -0.0085319 -0.0195218 -0.0185603 -0.0067840 0.0038056 0.0039961 0.0042105 0.0044794 0.0041498 0.0038115 0.0041160 0.0042421 0.0037993 0.0042076 0.0042308 0.5444345 0.0042766 0.0043881 0.0039328 0.0036137 0.0040001 0.0043619 0.0035277 0.0039264 0.0037793 0.0035653 0.0033067 0.0041346 0.0039014 0.0037681 0.0039610 0.0032756 0.0036407 0.0036899 0.0037686 0.0034255 0.0039263 0.0042094 0.0035869 0.0037818 0.0034167 0.0042308 0.0039706 0.0041647 0.0042877 0.0038952 0.0031784 0.0036175 0.0040432 0.0033661 0.0042843 0.0043117 0.0044091
-0.0095523 -0.0240215 -0.0221456 -0.0075056 -0.0193061 -0.0064506 -0.0074430 -0.0081696 -0.0074197 -0.0075091 -0.0202815 -0.0076019 -0.0080813 -0.0078264 -0.0079032 -0.0084262 0.0000393 -0.0003838 -0.0064843 -0.0062510 -0.0040055 -0.0083151 -0.0255577 -0.0077606 -0.0075085 -0.0069064 -0.0058745 -0.0000894 -0.0081637 -0.0193350 -0.0188600 -0.0063427 0.0037852 0.0041272 0.0046269 0.0045706 0.0043738 0.0041732 0.0041107 0.0045915 0.0039502 0.0042423 0.0043561 0.0042766 0.5320584 0.0044128 0.0042856 0.0037692 0.0042046 0.0043622 0.0036084 0.0042908 0.0038457 0.0034777 0.0033821 0.0042142 0.0040059 0.0038639 0.0043213 0.0035272 0.0038602 0.0038685 0.0039541 0.0036238 0.0040426 0.0041941 0.0037596 0.0039594 0.0036601 0.0043642 0.0041069 0.0041894 0.0043306 0.0040172 0.0033532 0.0038137 0.0040076 0.0034825 0.0045662 0.0044835 0.0045260
