1.2896769 -0.0029344 0.0229546 -0.0609945 0.0313884 -0.0292619 -0.0318627 -0.0453531 0.0266103 -0.0788077 0.0394632 0.0201822 0.0445642 0.0259252 -0.0442124 -0.0521855 -0.0036775 0.0363843 0.0266600 -0.0199759 -0.0032290 0.0199324 -0.0192436 0.0438366 0.0008888 -0.0784311 -0.0237105 0.0467062 -0.0598051 -0.0029579 -0.0197267 -0.0458351 0.0044411 0.0099523 -0.0300149 -0.0294817 -0.0024891 -0.0304560 -0.0047130 -0.0049204 -0.0363834 -0.0082925 -0.0253734 -0.0228989 -0.0292670 -0.0299190 -0.0437679 -0.0261626 0.0021890 0.0652959 0.0225528 0.0218595 -0.0054910 0.0025039 -0.0086582 -0.0181288 -0.0487394 -0.0234014 -0.0074615 -0.0100555 -0.0339514 -0.0413808 -0.0224039 0.0128339 -0.0305919 -0.0324130 -0.0541365 -0.0267655 -0.0038659 0.0154855 -0.0101292 -0.0280720 -0.0413946 -0.0417329 -0.0144023 -0.0119843 0.0029085 -0.0252514 0.0006226 0.0005132 -0.0399627
-0.0029344 1.4345310 0.0263912 0.0654147 0.0435352 -0.0035272 0.0049806 -0.0210544 -0.0303818 0.0610030 0.0192874 -0.0402301 -0.0324356 0.0127769 -0.0048864 0.0402091 -0.0303124 0.1083269 -0.0022906 0.0043704 0.0047131 -0.0080231 -0.0514331 -0.0530714 -0.0070449 -0.0469806 -0.0647787 -0.0438444 -0.0400213 -0.0215312 -0.0654149 -0.0147052 -0.0143782 -0.0101107 -0.0079655 -0.0320420 -0.0295028 -0.0385809 -0.0426697 0.0043608 -0.0357244 0.0027141 0.0076505 -0.0634193 -0.0095695 0.0034814 -0.0134602 -0.0422168 -0.0384804 -0.0350001 -0.0388706 -0.0577380 -0.0526861 0.0040675 -0.0355659 -0.0353139 -0.0032375 0.0020511 0.0199695 -0.0538262 -0.0233273 0.0072331 -0.0297761 -0.0346092 0.0109824 0.0199535 -0.0114908 -0.0212353 -0.0422419 -0.0150142 0.0386540 -0.0112206 -0.0225029 -0.0166100 -0.0456104 -0.0588590 -0.0212140 0.0314942 -0.0155219 -0.0206098 -0.0431107
0.0229546 0.0263912 1.3177196 0.0026339 -0.0285012 -0.0278207 -0.0091284 -0.0041351 -0.0053324 0.0512979 0.0024963 0.0103602 0.0063829 -0.0098120 -0.0540418 -0.0148728 -0.0092779 0.0231909 -0.0362625 0.0146956 -0.0387806 0.0174340 -0.0459814 -0.0718249 -0.0191094 -0.0252183 0.0048236 -0.0361580 -0.0563044 -0.0443224 0.0041678 -0.0201183 -0.0279386 -0.0535087 -0.0251594 -0.0221024 -0.0166350 -0.0253751 -0.0306382 -0.0282001 0.0040270 -0.0252260 0.0282505 -0.0416911 -0.0034705 -0.0225303 0.0615380 -0.0233093 -0.0187011 -0.0191394 -0.0040788 -0.0310548 -0.0232559 -0.0164741 -0.0028019 -0.0461778 0.0105003 0.0198379 -0.0078502 -0.0186511 0.0232661 -0.0374190 0.0077675 -0.0299619 -0.0131798 -0.0528411 -0.0332407 -0.0379850 0.0310659 -0.0172106 -0.0478356 -0.0439639 0.0036851 -0.0225194 -0.0315185 -0.0543373 0.0128354 0.0268860 -0.0052443 -0.0294465 0.0017595
-0.0609945 0.0654147 0.0026339 1.3860958 0.0384447 -0.0557324 0.0332575 -0.0190176 0.0363753 0.0124250 0.0396726 -0.0190605 0.0397335 0.0731174 0.0019976 0.1304690 -0.0953892 0.1198573 -0.0388434 0.0822217 -0.0450881 0.0024601 -0.0236067 -0.1408458 -0.0195707 -0.0245418 0.0390175 -0.0418578 -0.0743501 -0.0668728 -0.0258303 -0.0328985 -0.0242528 -0.1117080 0.0268210 -0.0572374 -0.0266263 -0.0113503 -0.0942534 0.0022930 -0.0383299 0.0611449 -0.0610109 -0.0940336 -0.0203396 0.0462887 0.0269327 -0.0742882 -0.0460598 -0.0399507 -0.0777413 -0.0644275 -0.0506128 -0.0254657 -0.0608210 -0.0590656 0.0273020 0.0101482 -0.0188050 -0.0275570 0.0143221 -0.0062544 -0.0006046 -0.0418422 -0.0291421 -0.0655530 0.0515915 -0.0478570 -0.0094801 -0.0497693 -0.0571559 -0.0212963 0.0519552 0.0141111 -0.0755232 -0.0953012 -0.0291213 0.0595609 0.0820934 0.0269901 -0.0423881
0.0313884 0.0435352 -0.0285012 0.0384447 1.5928528 -0.0217778 -0.0069734 -0.0279042 -0.0362632 0.0342188 0.0465610 -0.0390546 -0.0181291 -0.0573477 -0.0766363 0.0196306 -0.0339747 -0.0039998 -0.0821255 -0.0012668 -0.0158060 -0.0207002 0.0540996 0.0052790 0.0057849 0.0186260 -0.0491987 -0.0344662 -0.0067947 0.0329768 -0.0241705 -0.0577233 -0.0032812 -0.0339835 -0.0558421 -0.0403187 -0.0058669 -0.0539709 -0.0685855 -0.0513299 -0.0032964 -0.0309131 -0.0438837 -0.0476838 -0.0258539 -0.0524916 -0.0332305 0.0054114 -0.0472512 -0.0404262 -0.0172735 -0.0549831 -0.0008135 0.0002220 0.0095216 0.0198644 -0.0453699 -0.0378534 -0.0434194 -0.0362303 0.0850785 -0.0584415 -0.0112052 0.0254411 -0.0085107 -0.0275139 -0.0313708 0.0047805 -0.0189998 -0.0299274 0.0321111 -0.0010299 -0.0288091 0.0007534 -0.0173275 -0.0319406 -0.0259876 -0.0220002 -0.0093566 -0.0152236 -0.0368006
-0.0292619 -0.0035272 -0.0278207 -0.0557324 -0.0217778 1.2308826 -0.0615312 0.0399685 0.0260363 -0.0009146 -0.0807133 0.0327729 -0.0245497 -0.0247281 0.0012637 -0.0897737 0.0145320 -0.0426235 -0.0272327 0.0457973 -0.0206202 -0.0035305 0.0400944 0.0875863 -0.0282807 -0.0804836 -0.0004730 -0.0099224 -0.0026715 0.0905250 0.0127090 -0.0015609 -0.0256869 0.0037881 -0.0141926 0.0411065 0.0130965 0.0157688 0.0317240 -0.0589245 -0.0232124 -0.0434914 -0.0336460 -0.0015283 0.0179716 -0.0493806 -0.0423275 0.0496664 0.0087747 -0.0142143 0.0328774 0.0195266 0.0069204 -0.0240838 0.0181657 -0.0331923 0.0049484 -0.0123783 -0.0216529 -0.0439125 -0.0429921 -0.0249807 -0.0298298 -0.0124714 -0.0118310 -0.0228379 -0.0761214 0.0003193 -0.0150600 -0.0117223 -0.0341539 -0.0393955 -0.0076718 -0.0229278 0.0358475 0.0277628 -0.0237332 -0.0439455 -0.0405003 -0.0469163 -0.0032208
-0.0318627 0.0049806 -0.0091284 0.0332575 -0.0069734 -0.0615312 1.0802578 -0.0084876 -0.0098401 -0.0182407 0.0337823 -0.0058110 -0.0276357 0.0345571 -0.0184251 0.0476069 -0.0472236 0.0110221 -0.0564749 0.0017019 -0.0496495 -0.0313124 0.0154032 -0.0735196 -0.0483381 0.0555059 0.0026250 -0.0045686 0.0441956 -0.0183213 -0.0132637 -0.0431149 -0.0062253 -0.0571402 0.0392311 -0.0264423 -0.0115363 -0.0188794 -0.0445512 -0.0207433 -0.0126712 0.0165331 0.0093871 -0.0566110 -0.0131522 0.0503413 0.0030624 -0.0476692 -0.0076632 -0.0457732 -0.0339450 -0.0541129 -0.0213786 0.0135327 -0.0257331 -0.0291068 -0.0160847 -0.0123004 -0.0089386 -0.0364566 0.0413698 -0.0030052 -0.0059857 0.0026002 0.0009422 0.0091835 0.0698900 0.0039989 -0.0102754 -0.0113025 -0.0235687 0.0008949 0.0005807 -0.0061254 -0.0375918 -0.0472690 -0.0066274 0.0130956 0.0107045 0.0046680 -0.0139667
-0.0453531 -0.0210544 -0.0041351 -0.0190176 -0.0279042 0.0399685 -0.0084876 1.0277812 -0.0153747 0.0159260 -0.0681595 -0.0183189 0.0166263 0.0492617 -0.0451058 -0.0235964 -0.0035774 -0.0000177 -0.0070851 -0.0264690 -0.0380829 0.0378520 0.0380018 -0.0695689 -0.0100363 -0.0220704 -0.0224559 -0.0307419 -0.0175703 -0.0132783 0.0173224 -0.0247464 -0.0077583 -0.0290718 -0.0088269 -0.0158384 -0.0131720 -0.0059587 -0.0414988 0.0174671 -0.0200109 -0.0181061 0.0150952 -0.0195635 -0.0143567 -0.0114746 -0.0108664 -0.0109636 -0.0171268 -0.0219694 -0.0148024 -0.0104897 -0.0166153 -0.0062146 -0.0061203 0.0350749 -0.0176479 -0.0072548 -0.0112410 -0.0022523 -0.0116185 -0.0010644 0.0005153 -0.0001980 -0.0196301 0.0170923 -0.0371554 0.0117792 0.0220978 0.0414107 0.0256414 -0.0117797 -0.0115661 -0.0124184 -0.0050967 0.0047667 -0.0069647 -0.0190435 -0.0102770 0.0312472 -0.0220626
0.0266103 -0.0303818 -0.0053324 0.0363753 -0.0362632 0.0260363 -0.0098401 -0.0153747 1.2651916 0.0321283 0.0816257 0.0006881 0.0233062 0.0309502 0.0792322 0.0525758 -0.0908725 0.1024667 -0.1194231 -0.0724736 -0.0347515 0.0234463 -0.0194243 -0.0711206 -0.0287030 -0.0169477 0.0317109 -0.0077892 -0.0629012 -0.0176353 0.0143613 0.0077237 0.0018547 -0.0971211 0.0349376 -0.0614756 -0.0543188 -0.0374737 -0.0671759 0.0241948 -0.0208264 0.0063592 -0.0288789 -0.0758927 -0.0249894 0.0293913 0.0194463 -0.0675755 -0.0488122 -0.0722111 -0.0493888 -0.0541133 -0.0383187 -0.0215390 -0.0550003 -0.0527873 -0.0064691 -0.0148701 -0.0058656 -0.0276147 0.0458494 0.0036382 -0.0036194 -0.0193608 -0.0363246 -0.0437667 0.1273672 -0.0425935 0.0150753 -0.0399613 -0.0503418 0.0090315 0.0499996 0.0119723 -0.0770627 -0.1037128 -0.0221345 0.0604429 0.0435035 0.0279401 -0.0114661
-0.0788077 0.0610030 0.0512979 0.0124250 0.0342188 -0.0009146 -0.0182407 0.0159260 0.0321283 1.0522935 -0.0707389 0.0109316 -0.0480588 -0.0713984 -0.0248464 -0.0491059 0.0013487 -0.0159723 -0.0140844 -0.0401182 0.0291162 -0.0239452 -0.0030589 -0.0526727 -0.0733171 -0.0016335 -0.0381316 -0.0095437 -0.0190019 -0.0319870 -0.0385980 -0.0208514 -0.0182199 -0.0093090 -0.0402253 0.0261053 -0.0195460 -0.0082139 0.0523767 -0.0463388 -0.0251943 -0.0029849 -0.0222368 0.0138070 -0.0119437 -0.0105662 0.0171785 0.0034397 -0.0089706 -0.0221624 -0.0230259 0.0271011 0.0271201 -0.0202947 -0.0022996 -0.0135229 -0.0159264 -0.0238608 -0.0144600 -0.0319578 -0.0198771 0.0499064 -0.0176700 0.0008102 -0.0107642 0.0199063 -0.0307127 -0.0106106 -0.0168342 -0.0112158 0.0019452 -0.0239326 -0.0184752 0.0247756 0.0375043 0.0117995 -0.0076241 -0.0155874 -0.0094534 -0.0187589 -0.0096377
0.0394632 0.0192874 0.0024963 0.0396726 0.0465610 -0.0807133 0.0337823 -0.0681595 0.0816257 -0.0707389 1.5797291 0.0388000 0.0588641 0.0739171 0.0585091 0.0337379 -0.1000175 0.1561486 -0.0637475 -0.0892682 -0.0657852 -0.0432162 -0.0684593 -0.0325671 -0.0794128 0.0944638 0.0284172 -0.0057464 -0.1246118 0.0678465 0.0603960 -0.0333009 -0.0242702 -0.0530538 0.0787454 -0.0609080 -0.0847617 -0.0411592 -0.0943722 0.0703591 -0.0367515 -0.0060485 -0.0119117 -0.0843867 -0.0291757 0.0189342 -0.0121440 -0.0625302 -0.0596214 -0.0695965 -0.0859491 -0.0920982 -0.0109803 -0.0246059 -0.0689603 -0.0846664 -0.0119778 -0.0308917 0.0049170 -0.0043928 0.0103431 -0.0314453 -0.0014098 -0.0405469 -0.0428857 -0.0174104 0.0510807 -0.0405770 -0.0047498 -0.0642399 -0.0571405 0.0154806 0.0078033 -0.0332581 -0.0929621 -0.1030467 -0.0271255 0.0595904 0.0785527 0.0355355 -0.0797773
0.0201822 -0.0402301 0.0103602 -0.0190605 -0.0390546 0.0327729 -0.0058110 -0.0183189 0.0006881 0.0109316 0.0388000 0.9212307 -0.0140239 -0.0114759 0.0181042 0.0509232 -0.0037411 -0.0223743 -0.0354794 -0.0241887 -0.0091076 0.0129498 0.0044005 -0.0159857 -0.0276439 -0.0021414 -0.0283606 -0.0105907 0.0146998 0.0166709 -0.0323575 -0.0234286 -0.0050202 -0.0215841 -0.0089558 -0.0078199 -0.0118470 -0.0052882 -0.0187967 0.0073932 -0.0128688 -0.0052599 0.0111408 -0.0204034 -0.0004621 -0.0057788 -0.0180920 0.0042830 -0.0135326 0.0138432 -0.0029503 -0.0095701 -0.0161190 -0.0076816 0.0080161 -0.0122132 -0.0185086 -0.0055692 0.0100474 -0.0056371 0.0021221 -0.0094808 -0.0056522 0.0012465 -0.0042282 -0.0088462 0.0006144 -0.0055122 0.0022511 0.0009032 -0.0176485 -0.0107530 -0.0026578 0.0019011 -0.0048383 -0.0076008 -0.0018231 0.0104618 -0.0084788 -0.0028284 0.0290490
0.0445642 -0.0324356 0.0063829 0.0397335 -0.0181291 -0.0245497 -0.0276357 0.0166263 0.0233062 -0.0480588 0.0588641 -0.0140239 1.2435390 0.0913903 0.0125640 0.1143205 -0.0243672 0.0603089 -0.0654279 -0.0789576 -0.0448621 0.0603345 -0.0549495 -0.0688595 0.0150558 0.0191814 -0.0001741 -0.0276654 -0.0685457 -0.0138661 -0.0456778 -0.0159225 -0.0134491 -0.0682915 0.0015275 -0.0632786 -0.0587941 -0.0024955 -0.0603835 0.0243141 -0.0205769 -0.0029759 -0.0467340 -0.0620281 -0.0188588 -0.0117829 0.0019031 -0.0443404 -0.0225852 -0.0272712 -0.0443921 -0.0319969 -0.0342830 0.0000976 -0.0423528 -0.0449741 -0.0024170 -0.0257072 -0.0113974 -0.0312244 0.0277166 -0.0077956 0.0029109 -0.0384059 -0.0216372 0.0085488 0.1111625 -0.0263733 -0.0270649 -0.0231700 -0.0459222 -0.0051287 0.0306190 -0.0339676 -0.0459937 -0.0247522 0.0124149 0.0223888 0.0182925 0.0254144 -0.0260527
0.0259252 0.0127769 -0.0098120 0.0731174 -0.0573477 -0.0247281 0.0345571 0.0492617 0.0309502 -0.0713984 0.0739171 -0.0114759 0.0913903 1.4833159 0.0814117 0.0843220 -0.1057941 0.1633762 -0.0784060 -0.0352223 -0.0664253 -0.0316980 -0.0026572 -0.0940221 -0.0262260 -0.0146334 -0.0125110 -0.0571904 -0.0734448 -0.0043669 0.0137056 0.0030898 -0.0056448 -0.0903539 0.0331673 -0.0799433 -0.0317089 -0.0496592 -0.1230293 0.0264624 -0.0063409 0.0842422 -0.0359379 -0.1132189 0.0109524 0.0271534 0.0057934 -0.0916161 -0.0305668 -0.1035153 -0.0788423 -0.0766466 -0.0410098 -0.0224260 -0.0736718 -0.0550042 -0.0023499 -0.0076552 -0.0110545 -0.0336764 0.0266235 0.0360093 0.0110494 -0.0456444 -0.0447758 -0.0704580 0.1195048 -0.0267589 -0.0024814 -0.0474468 -0.0487375 0.0099336 -0.0127984 -0.0542018 -0.1013717 -0.0719862 -0.0611619 0.0738089 0.0492713 0.0677676 -0.0422652
-0.0442124 -0.0048864 -0.0540418 0.0019976 -0.0766363 0.0012637 -0.0184251 -0.0451058 0.0792322 -0.0248464 0.0585091 0.0181042 0.0125640 0.0814117 1.3190889 -0.0437951 -0.0357560 0.0518629 -0.0843324 -0.0742740 -0.0106690 -0.0572012 -0.0761139 -0.0834959 -0.0329201 -0.0209616 -0.0280941 -0.0364954 -0.0557999 0.0400857 0.1432384 -0.0096943 -0.0103164 -0.0292197 -0.0230517 0.0276581 -0.0100679 -0.0013346 -0.0469764 0.0487333 -0.0274406 -0.0074850 -0.0138598 -0.0510398 -0.0329245 -0.0090327 -0.0474190 -0.0350883 -0.0158380 -0.0409293 0.0020062 -0.0405699 -0.0175123 0.0359561 -0.0212103 -0.0113042 -0.0209542 0.0461273 -0.0199623 -0.0512409 0.0021269 0.0113871 0.0198468 -0.0216771 -0.0250129 -0.0472753 0.0341095 -0.0118551 -0.0022103 -0.0138398 -0.0503761 -0.0064195 -0.0253894 -0.0386862 -0.0586613 -0.0262171 -0.0257494 0.0285083 -0.0212988 0.0184472 0.0169297
-0.0521855 0.0402091 -0.0148728 0.1304690 0.0196306 -0.0897737 0.0476069 -0.0235964 0.0525758 -0.0491059 0.0337379 0.0509232 0.1143205 0.0843220 -0.0437951 1.1544915 -0.0781372 0.1280543 -0.0662656 -0.0050778 -0.0756436 0.0154479 0.0054876 -0.1270759 0.0253115 0.0239614 -0.0109300 -0.0869302 -0.0825219 -0.0109064 -0.0073012 -0.0388211 -0.0072531 -0.0812743 0.0407900 -0.0616117 -0.0375811 -0.0341663 -0.1002877 0.0358160 -0.0181719 0.0221407 -0.0187643 -0.0837698 -0.0054519 0.0138614 0.0183733 -0.0561715 -0.0335247 -0.0572980 -0.0671337 -0.0436394 -0.0339042 -0.0081867 -0.0600687 -0.0421894 0.0307986 -0.0105624 0.0150958 -0.0140075 0.0266345 -0.0157528 0.0001043 -0.0272863 -0.0253498 -0.0404707 0.0876743 -0.0159069 -0.0101072 -0.0360111 -0.0400196 -0.0145591 0.0358541 -0.0132037 -0.0778521 -0.1011444 -0.0337201 0.0752159 0.0119800 0.0454689 -0.0489752
-0.0036775 -0.0303124 -0.0092779 -0.0953892 -0.0339747 0.0145320 -0.0472236 -0.0035774 -0.0908725 0.0013487 -0.1000175 -0.0037411 -0.0243672 -0.1057941 -0.0357560 -0.0781372 0.9605833 -0.0947952 0.0612044 -0.0076173 0.0328279 0.0010669 0.0249193 0.0889078 -0.0235647 -0.0579097 -0.0592302 0.0608614 0.0786992 -0.0533771 0.0182603 -0.0088410 0.0032066 0.1025312 -0.0530752 0.0807192 0.0338809 0.0124827 0.0435119 -0.0712232 -0.0025523 -0.0409316 0.0180180 0.0715318 0.0024796 -0.0511368 -0.0365121 0.0412033 0.0392730 0.0613494 0.0550323 0.0266173 0.0038769 0.0092324 0.0328809 0.0730034 -0.0114368 -0.0088867 -0.0006883 0.0063934 -0.0258505 -0.0146553 -0.0194336 -0.0044611 0.0057211 0.0266307 -0.1044212 0.0092201 -0.0083558 0.0271879 0.0013688 -0.0037941 -0.0326070 0.0059568 0.0579021 0.0751467 0.0236416 -0.0701346 -0.0391300 -0.0203416 0.0328750
0.0363843 0.1083269 0.0231909 0.1198573 -0.0039998 -0.0426235 0.0110221 -0.0000177 0.1024667 -0.0159723 0.1561486 -0.0223743 0.0603089 0.1633762 0.0518629 0.1280543 -0.0947952 1.5278782 -0.1126784 0.0258747 -0.0947374 -0.0407463 -0.0365522 -0.0663295 0.0366137 -0.0172037 0.0291483 -0.0902288 -0.1250515 -0.0213792 0.0298486 -0.0381066 -0.0106605 -0.0999553 0.0369522 -0.0842393 -0.0718552 -0.0212675 -0.1178617 0.0611778 -0.0271095 0.0304170 -0.0343390 -0.1048265 -0.0156396 0.0574075 0.0030391 -0.0479580 -0.0375075 -0.0824588 -0.0750288 -0.0844057 -0.0050025 -0.0088418 -0.0695489 -0.0677132 0.0008585 -0.0168360 -0.0151313 -0.0213514 0.0310830 0.0076506 0.0049220 -0.0369177 -0.0348590 -0.0369201 0.1086110 -0.0424777 -0.0037199 -0.0416051 -0.0434437 -0.0094991 0.0378455 -0.0468053 -0.0915355 -0.1048820 -0.0534677 0.0825980 0.0187380 0.0534916 -0.0558998
0.0266600 -0.0022906 -0.0362625 -0.0388434 -0.0821255 -0.0272327 -0.0564749 -0.0070851 -0.1194231 -0.0140844 -0.0637475 -0.0354794 -0.0654279 -0.0784060 -0.0843324 -0.0662656 0.0612044 -0.1126784 1.1239159 0.0675531 0.1236231 -0.0248238 0.0095877 0.0769211 -0.0496291 -0.0093871 -0.0663280 0.0141138 0.0465165 -0.0432748 -0.0718410 0.0106434 -0.0178434 0.0606212 -0.0547695 0.0481478 0.0427979 0.0131706 0.0597504 -0.0538058 0.0088524 -0.0257640 0.0109955 0.0716443 -0.0056260 -0.0645380 0.0127281 0.0316684 0.0253518 0.1005905 0.0622555 0.0234723 0.0123929 -0.0032728 0.0255218 0.0132179 -0.0354317 -0.0102047 -0.0288805 0.0011327 -0.0613444 -0.0384044 -0.0202549 0.0038191 -0.0043116 -0.0024247 -0.1243186 0.0100001 -0.0284970 0.0284758 -0.0003569 -0.0391182 -0.0258099 -0.0031453 0.0749349 0.1270855 0.0201974 -0.0874318 -0.0428047 -0.0716452 0.0426339
-0.0199759 0.0043704 0.0146956 0.0822217 -0.0012668 0.0457973 0.0017019 -0.0264690 -0.0724736 -0.0401182 -0.0892682 -0.0241887 -0.0789576 -0.0352223 -0.0742740 -0.0050778 -0.0076173 0.0258747 0.0675531 1.2617306 0.0061896 -0.0325871 0.0164209 0.0206935 0.0128703 -0.0310108 -0.0062355 -0.0079517 -0.0018420 -0.0346629 -0.0772689 -0.0125352 0.0058909 0.0114512 0.0107363 -0.0073652 0.0178891 -0.0093499 -0.0104908 -0.0367993 -0.0030886 -0.0176871 -0.0377272 0.0265529 -0.0071305 -0.0272060 -0.0324228 0.0065703 -0.0198693 -0.0234959 0.0081477 -0.0132609 -0.0148559 -0.0151630 0.0092424 -0.0176471 -0.0259138 -0.0139456 -0.0073356 -0.0291420 -0.0224300 -0.0090677 -0.0165852 0.0138464 -0.0045956 0.0122072 -0.0431711 0.0117224 -0.0170495 -0.0078387 0.0247399 -0.0249790 -0.0213067 -0.0242857 0.0050663 0.0053104 0.0293326 -0.0174156 -0.0242394 -0.0369436 0.0147597
-0.0032290 0.0047131 -0.0387806 -0.0450881 -0.0158060 -0.0206202 -0.0496495 -0.0380829 -0.0347515 0.0291162 -0.0657852 -0.0091076 -0.0448621 -0.0664253 -0.0106690 -0.0756436 0.0328279 -0.0947374 0.1236231 0.0061896 1.0753031 0.0220457 -0.0229697 0.1104108 -0.0093847 -0.0219208 -0.0618937 0.0255317 0.0145388 -0.0631094 -0.0381739 -0.0222935 -0.0043014 0.1223350 -0.0347507 0.0384364 0.0444593 0.0055598 0.0136162 -0.0636756 -0.0145293 -0.0543525 -0.0249561 0.0591777 -0.0071368 -0.0440437 -0.0327010 0.0167065 0.0415333 0.0189200 0.0415591 0.0384380 0.0052640 -0.0231388 0.0415325 -0.0166670 -0.0249404 -0.0136625 -0.0067072 0.0109332 -0.0404365 -0.0263086 -0.0107546 0.0007393 -0.0045144 0.0146225 -0.0785251 0.0066378 -0.0190386 0.0137732 0.0609481 -0.0172117 -0.0275779 0.0185778 0.0850615 0.0587440 0.0252993 -0.0626040 -0.0497698 -0.0413435 0.0107928
0.0199324 -0.0080231 0.0174340 0.0024601 -0.0207002 -0.0035305 -0.0313124 0.0378520 0.0234463 -0.0239452 -0.0432162 0.0129498 0.0603345 -0.0316980 -0.0572012 0.0154479 0.0010669 -0.0407463 -0.0248238 -0.0325871 0.0220457 1.1497089 -0.0273414 -0.0286636 -0.0455531 0.0077067 -0.0219748 -0.0197969 0.0045998 0.0068383 -0.0395893 -0.0126145 -0.0317991 0.0064940 0.0001774 -0.0053242 -0.0021342 0.0143029 -0.0322999 -0.0166715 -0.0148664 -0.0222373 0.0186034 -0.0245901 0.0019544 -0.0125380 -0.0159196 -0.0219650 0.0048015 -0.0009648 -0.0073842 -0.0214434 0.0029268 -0.0364708 -0.0068227 0.0475497 -0.0055018 -0.0284344 -0.0036332 0.0368252 -0.0214775 -0.0273592 -0.0179856 -0.0035946 0.0180955 0.0006074 -0.0369164 0.0011322 -0.0168477 -0.0131146 -0.0283714 -0.0254229 -0.0171115 0.0067113 -0.0028846 0.0078315 -0.0290424 -0.0173459 -0.0328136 -0.0200694 -0.0172409
-0.0192436 -0.0514331 -0.0459814 -0.0236067 0.0540996 0.0400944 0.0154032 0.0380018 -0.0194243 -0.0030589 -0.0684593 0.0044005 -0.0549495 -0.0026572 -0.0761139 0.0054876 0.0249193 -0.0365522 0.0095877 0.0164209 -0.0229697 -0.0273414 1.1146376 -0.0171655 0.0433352 0.0378640 -0.0354891 0.0151311 0.1330760 -0.0139811 -0.0371173 0.0363315 -0.0130418 -0.0222576 -0.0150472 -0.0076334 -0.0257844 -0.0275527 -0.0452664 -0.0258026 -0.0316433 -0.0311025 -0.0057994 -0.0003396 -0.0029885 -0.0341533 -0.0218558 -0.0015175 -0.0063005 -0.0169169 -0.0193977 -0.0058996 -0.0048462 -0.0299636 -0.0092262 -0.0143339 -0.0192924 -0.0231513 -0.0122615 -0.0066769 -0.0315401 0.0105513 -0.0121515 -0.0071496 -0.0202456 -0.0379962 -0.0396704 0.0331037 -0.0202682 -0.0043397 0.0437138 -0.0099552 -0.0366170 -0.0026994 -0.0116204 0.0091152 -0.0233455 -0.0328466 -0.0123965 -0.0141719 0.0015310
0.0438366 -0.0530714 -0.0718249 -0.1408458 0.0052790 0.0875863 -0.0735196 -0.0695689 -0.0711206 -0.0526727 -0.0325671 -0.0159857 -0.0688595 -0.0940221 -0.0834959 -0.1270759 0.0889078 -0.0663295 0.0769211 0.0206935 0.1104108 -0.0286636 -0.0171655 1.4486901 0.0406592 -0.0350381 -0.0894584 0.0828070 0.0113906 -0.1056111 -0.0343009 0.0021182 -0.0359349 0.1301846 -0.0217062 0.0262398 0.0385391 0.0280381 0.1160945 -0.0692264 0.0469628 -0.0896070 -0.0004499 0.1026895 -0.0261380 -0.0513528 -0.0787492 0.0507436 0.0034369 0.0277545 0.0578086 0.0076096 0.0334595 -0.0211840 0.0411272 -0.0200129 -0.0338792 -0.0275767 -0.0285978 0.0097984 -0.0697386 -0.0644817 -0.0472566 0.0079962 -0.0234517 0.0312648 -0.1079972 -0.0147057 -0.0171501 0.0416235 -0.0167951 -0.0181730 -0.0442704 -0.0121637 0.0923529 0.1006145 0.0009414 -0.1061212 -0.0646728 -0.0111647 0.0480793
0.0008888 -0.0070449 -0.0191094 -0.0195707 0.0057849 -0.0282807 -0.0483381 -0.0100363 -0.0287030 -0.0733171 -0.0794128 -0.0276439 0.0150558 -0.0262260 -0.0329201 0.0253115 -0.0235647 0.0366137 -0.0496291 0.0128703 -0.0093847 -0.0455531 0.0433352 0.0406592 1.2547007 -0.0010585 0.0137727 0.0420410 0.0579473 -0.0554202 -0.0545352 -0.0474764 -0.0184364 -0.0200551 -0.0080103 -0.0153453 -0.0180249 -0.0077889 -0.0016453 -0.0425119 -0.0473567 -0.0217779 -0.0328529 -0.0013180 -0.0024999 -0.0392988 -0.0066186 0.0032491 0.0096997 -0.0003080 -0.0099941 0.0147134 -0.0163091 -0.0125425 -0.0019204 0.0149409 -0.0131139 0.0192536 -0.0299359 0.0203285 0.0032411 -0.0025956 -0.0296520 -0.0177750 -0.0396358 -0.0383715 -0.0269334 0.0552848 -0.0342722 -0.0098063 -0.0152398 -0.0065567 -0.0105270 -0.0362361 0.0156852 0.0345862 -0.0243489 -0.0183457 -0.0066949 -0.0442531 0.0134794
-0.0784311 -0.0469806 -0.0252183 -0.0245418 0.0186260 -0.0804836 0.0555059 -0.0220704 -0.0169477 -0.0016335 0.0944638 -0.0021414 0.0191814 -0.0146334 -0.0209616 0.0239614 -0.0579097 -0.0172037 -0.0093871 -0.0310108 -0.0219208 0.0077067 0.0378640 -0.0350381 -0.0010585 1.3744028 -0.0483089 -0.0267485 -0.0153434 0.0489844 -0.0774626 0.0368616 -0.0403380 -0.0314730 -0.0200955 -0.0437788 -0.0515056 -0.0320224 -0.0411463 -0.0032858 -0.0176432 0.0038245 -0.0429963 -0.0740810 -0.0189750 0.0470673 -0.0065680 -0.0443508 -0.0311683 0.0050297 -0.0277192 0.0072566 -0.0013684 0.0636095 -0.0437082 -0.0063356 0.0079172 -0.0166224 -0.0211607 -0.0141617 -0.0360342 -0.0261984 -0.0304078 -0.0114202 -0.0184501 0.0018146 0.0370640 -0.0213766 -0.0181380 -0.0235693 -0.0047604 0.0026227 0.0077326 -0.0107107 -0.0314726 -0.0098280 -0.0018938 0.0289586 -0.0296065 -0.0003573 -0.0467377
-0.0237105 -0.0647787 0.0048236 0.0390175 -0.0491987 -0.0004730 0.0026250 -0.0224559 0.0317109 -0.0381316 0.0284172 -0.0283606 -0.0001741 -0.0125110 -0.0280941 -0.0109300 -0.0592302 0.0291483 -0.0663280 -0.0062355 -0.0618937 -0.0219748 -0.0354891 -0.0894584 0.0137727 -0.0483089 1.0047274 -0.0145837 -0.0223195 -0.0308812 -0.0288099 0.0115286 0.0271936 -0.0491833 0.0460428 -0.0203982 -0.0466987 -0.0209636 -0.0438858 0.0119618 0.0294266 0.0470876 0.0444441 -0.0350003 0.0009940 0.0019264 0.0568402 -0.0201950 -0.0217685 -0.0419440 -0.0414441 -0.0205351 -0.0164868 -0.0159023 -0.0104745 0.0081814 0.0178231 0.0180334 0.0089418 0.0230815 -0.0116112 -0.0012841 0.0167650 -0.0223856 -0.0305786 -0.0367109 0.0320601 -0.0192496 -0.0132480 -0.0265503 -0.0095082 -0.0129265 -0.0262369 0.0027905 -0.0274998 -0.0418537 0.0241940 0.0172999 0.0322821 0.0441132 0.0083006
0.0467062 -0.0438444 -0.0361580 -0.0418578 -0.0344662 -0.0099224 -0.0045686 -0.0307419 -0.0077892 -0.0095437 -0.0057464 -0.0105907 -0.0276654 -0.0571904 -0.0364954 -0.0869302 0.0608614 -0.0902288 0.0141138 -0.0079517 0.0255317 -0.0197969 0.0151311 0.0828070 0.0420410 -0.0267485 -0.0145837 1.1018316 0.1060486 0.0688981 -0.0709776 -0.0240849 -0.0028740 0.0238828 -0.0308357 0.0200391 0.0286761 -0.0112931 0.0509407 -0.0552361 -0.0049556 -0.0402286 -0.0301432 0.0584364 -0.0064410 -0.0475306 -0.0379593 0.0279753 0.0014445 0.0271704 0.0308128 0.0290557 0.0115233 -0.0101438 0.0242173 0.0081559 0.0082066 -0.0130500 -0.0028307 0.0070322 -0.0295374 -0.0384978 -0.0285941 0.0072597 -0.0126852 -0.0110779 -0.0853295 -0.0065451 0.0224857 0.0204808 -0.0023420 -0.0255729 -0.0235019 0.0118827 0.0365132 0.0476874 0.0088099 -0.0557861 -0.0232402 -0.0555248 0.0071942
-0.0598051 -0.0400213 -0.0563044 -0.0743501 -0.0067947 -0.0026715 0.0441956 -0.0175703 -0.0629012 -0.0190019 -0.1246118 0.0146998 -0.0685457 -0.0734448 -0.0557999 -0.0825219 0.0786992 -0.1250515 0.0465165 -0.0018420 0.0145388 0.0045998 0.1330760 0.0113906 0.0579473 -0.0153434 -0.0223195 0.1060486 1.2563505 -0.1227366 0.0302994 0.0469520 -0.0158480 0.0235183 -0.0555659 0.0058369 0.0047957 -0.0037164 0.0318035 -0.0841152 -0.0006533 -0.0545070 -0.0182492 0.0897163 -0.0140657 -0.0433191 -0.0594672 0.0167464 0.0294016 0.0721182 0.0221171 0.0523210 0.0030954 -0.0115631 0.0234782 0.0123829 -0.0245424 -0.0087889 -0.0148468 0.0149488 -0.0563923 -0.0189232 -0.0411535 0.0070000 -0.0063813 0.0344466 -0.0432267 0.0004903 0.0043532 0.0000736 -0.0246209 -0.0346225 -0.0530117 -0.0148868 0.0452310 0.0753820 -0.0039190 -0.0832248 -0.0557712 -0.0730027 0.0172947
-0.0029579 -0.0215312 -0.0443224 -0.0668728 0.0329768 0.0905250 -0.0183213 -0.0132783 -0.0176353 -0.0319870 0.0678465 0.0166709 -0.0138661 -0.0043669 0.0400857 -0.0109064 -0.0533771 -0.0213792 -0.0432748 -0.0346629 -0.0631094 0.0068383 -0.0139811 -0.1056111 -0.0554202 0.0489844 -0.0308812 0.0688981 -0.1227366 1.5439395 0.0083954 -0.0448197 -0.0251016 -0.0213090 -0.0005457 -0.0610539 -0.0166991 -0.0278201 -0.0208060 -0.0139402 0.0064331 0.0752506 -0.0568264 -0.0495009 -0.0102465 -0.0255607 -0.0053071 0.0172487 -0.0283662 -0.0077891 -0.0374031 -0.0066348 -0.0481023 0.0004144 -0.0377522 0.0023525 -0.0161619 -0.0581566 -0.0182113 -0.0491852 -0.0168694 -0.0398328 0.0020567 -0.0384184 0.0527273 -0.0432155 -0.0101660 -0.0232377 -0.0122105 -0.0471887 -0.0360152 0.0115785 -0.0185343 -0.0301961 -0.0273361 -0.0566786 -0.0049144 0.0191717 -0.0061340 -0.0257973 -0.0360083
-0.0197267 -0.0654149 0.0041678 -0.0258303 -0.0241705 0.0127090 -0.0132637 0.0173224 0.0143613 -0.0385980 0.0603960 -0.0323575 -0.0456778 0.0137056 0.1432384 -0.0073012 0.0182603 0.0298486 -0.0718410 -0.0772689 -0.0381739 -0.0395893 -0.0371173 -0.0343009 -0.0545352 -0.0774626 -0.0288099 -0.0709776 0.0302994 0.0083954 1.3376415 0.0026456 -0.0045010 -0.0290938 -0.0354303 -0.0497655 -0.0544954 0.0095358 -0.0125509 0.0426951 -0.0280385 0.0058364 -0.0101910 -0.0210797 -0.0383135 -0.0055238 -0.0242533 -0.0428714 0.0007304 -0.0284496 -0.0275909 -0.0029636 0.0023954 -0.0308291 -0.0282073 -0.0177623 -0.0233826 -0.0396255 0.0033464 -0.0580555 0.0556013 0.0045604 0.0077290 -0.0115365 -0.0117537 -0.0177189 0.0450004 0.0240304 -0.0310633 -0.0059128 -0.0461710 -0.0114010 0.0144462 -0.0191249 -0.0340491 -0.0709586 -0.0294130 0.0181069 -0.0123294 0.0155698 -0.0579124
-0.0458351 -0.0147052 -0.0201183 -0.0328985 -0.0577233 -0.0015609 -0.0431149 -0.0247464 0.0077237 -0.0208514 -0.0333009 -0.0234286 -0.0159225 0.0030898 -0.0096943 -0.0388211 -0.0088410 -0.0381066 0.0106434 -0.0125352 -0.0222935 -0.0126145 0.0363315 0.0021182 -0.0474764 0.0368616 0.0115286 -0.0240849 0.0469520 -0.0448197 0.0026456 1.0793593 0.0247992 -0.0273180 -0.0203996 -0.0156109 -0.0426118 -0.0200406 0.0184620 -0.0072890 -0.0385252 -0.0191386 0.0370928 -0.0219803 -0.0200464 0.0266761 -0.0389031 0.0222666 -0.0145551 0.0251723 -0.0002262 -0.0100064 -0.0119120 -0.0170945 -0.0099682 -0.0085057 0.0056497 -0.0139767 0.0010747 0.0239269 -0.0190663 0.0594055 -0.0182438 0.0044381 0.0377735 -0.0295745 -0.0405465 -0.0093692 -0.0308394 0.0019945 0.0186854 0.0235600 -0.0153159 -0.0029011 -0.0102327 -0.0198519 -0.0040258 -0.0133568 -0.0251230 0.0123358 -0.0220113
0.0044411 -0.0143782 -0.0279386 -0.0242528 -0.0032812 -0.0256869 -0.0062253 -0.0077583 0.0018547 -0.0182199 -0.0242702 -0.0050202 -0.0134491 -0.0056448 -0.0103164 -0.0072531 0.0032066 -0.0106605 -0.0178434 0.0058909 -0.0043014 -0.0317991 -0.0130418 -0.0359349 -0.0184364 -0.0403380 0.0271936 -0.0028740 -0.0158480 -0.0251016 -0.0045010 0.0247992 0.8365220 0.0057289 0.0009803 -0.0011261 0.0255081 0.0104014 -0.0179290 -0.0033220 0.0083778 0.0045653 0.0126844 0.0041128 -0.0123268 0.0023107 -0.0060469 0.0026699 0.0259001 0.0056456 0.0071715 -0.0000756 0.0397946 -0.0137457 -0.0112377 0.0285827 -0.0053994 -0.0022496 0.0289394 -0.0119513 -0.0068604 -0.0025963 0.0237818 -0.0092810 0.0016038 0.0045950 -0.0057841 -0.0062650 -0.0055175 0.0025824 -0.0051488 0.0119322 -0.0174849 -0.0080888 -0.0042148 -0.0106549 -0.0209361 -0.0027643 0.0036493 0.0237465 -0.0059707
0.0099523 -0.0101107 -0.0535087 -0.1117080 -0.0339835 0.0037881 -0.0571402 -0.0290718 -0.0971211 -0.0093090 -0.0530538 -0.0215841 -0.0682915 -0.0903539 -0.0292197 -0.0812743 0.1025312 -0.0999553 0.0606212 0.0114512 0.1223350 0.0064940 -0.0222576 0.1301846 -0.0200551 -0.0314730 -0.0491833 0.0238828 0.0235183 -0.0213090 -0.0290938 -0.0273180 0.0057289 0.9655222 -0.0564488 0.0799158 0.0330384 0.0100363 0.0453186 -0.0754985 0.0177850 -0.0166069 0.0032407 0.1067215 -0.0112697 -0.0648048 -0.0369152 0.1021462 0.0475845 0.0401306 0.0407425 0.0298998 0.0326456 -0.0197571 0.0591003 0.0274564 -0.0379787 0.0109691 0.0263266 0.0364683 -0.0637403 -0.0467955 -0.0257685 -0.0017025 0.0200590 0.0308932 -0.0814872 0.0095654 -0.0253636 0.0227291 0.0123310 -0.0214187 -0.0334385 0.0154268 0.0696201 0.0954530 0.0160107 -0.0812606 -0.0286229 -0.0570713 0.0001406
-0.0300149 -0.0079655 -0.0251594 0.0268210 -0.0558421 -0.0141926 0.0392311 -0.0088269 0.0349376 -0.0402253 0.0787454 -0.0089558 0.0015275 0.0331673 -0.0230517 0.0407900 -0.0530752 0.0369522 -0.0547695 0.0107363 -0.0347507 0.0001774 -0.0150472 -0.0217062 -0.0080103 -0.0200955 0.0460428 -0.0308357 -0.0555659 -0.0005457 -0.0354303 -0.0203996 0.0009803 -0.0564488 0.8229309 0.0059450 -0.0382047 -0.0194102 -0.0650951 0.0216440 -0.0151925 0.0408872 -0.0321721 -0.0570483 0.0394516 0.0448525 0.0473709 -0.0399681 -0.0157130 -0.0357258 -0.0404831 -0.0313207 -0.0218023 -0.0080418 -0.0163498 -0.0115904 0.0030034 -0.0057736 0.0072032 -0.0316252 0.0080319 -0.0004550 0.0154567 -0.0006598 0.0058670 -0.0093768 0.0621442 0.0085022 0.0263599 -0.0182052 0.0124011 0.0010196 0.0006310 -0.0153832 -0.0363332 -0.0382501 -0.0103963 0.0339486 0.0421930 0.0310205 -0.0261450
-0.0294817 -0.0320420 -0.0221024 -0.0572374 -0.0403187 0.0411065 -0.0264423 -0.0158384 -0.0614756 0.0261053 -0.0609080 -0.0078199 -0.0632786 -0.0799433 0.0276581 -0.0616117 0.0807192 -0.0842393 0.0481478 -0.0073652 0.0384364 -0.0053242 -0.0076334 0.0262398 -0.0153453 -0.0437788 -0.0203982 0.0200391 0.0058369 -0.0610539 -0.0497655 -0.0156109 -0.0011261 0.0799158 0.0059450 0.7182450 0.0297945 0.0097683 0.0463078 -0.0550023 0.0350626 -0.0334239 0.0083073 0.0572790 0.0009412 -0.0401660 -0.0162403 0.0408739 0.0135116 0.0249910 0.0687882 0.0321585 0.0218771 0.0110617 0.0362007 0.0211855 0.0290589 0.0120820 0.0062094 0.0035672 -0.0388346 0.0088566 -0.0108215 0.0018221 0.0122005 -0.0018798 -0.0846137 0.0116700 0.0163159 0.0169034 0.0106739 -0.0111305 -0.0256040 0.0013821 0.0529412 0.0473449 0.0216675 -0.0566927 -0.0168254 -0.0391825 0.0079795
-0.0024891 -0.0295028 -0.0166350 -0.0266263 -0.0058669 0.0130965 -0.0115363 -0.0131720 -0.0543188 -0.0195460 -0.0847617 -0.0118470 -0.0587941 -0.0317089 -0.0100679 -0.0375811 0.0338809 -0.0718552 0.0427979 0.0178891 0.0444593 -0.0021342 -0.0257844 0.0385391 -0.0180249 -0.0515056 -0.0466987 0.0286761 0.0047957 -0.0166991 -0.0544954 -0.0426118 0.0255081 0.0330384 -0.0382047 0.0297945 0.9296298 -0.0026063 0.0525896 -0.0412281 -0.0177543 -0.0273106 -0.0140791 0.0447651 0.0074730 0.0025602 0.0073761 0.0116756 0.0189413 -0.0005389 0.0357659 0.0446807 0.0165762 -0.0062030 0.0188595 0.0750031 -0.0150746 0.0097254 -0.0092636 0.0034416 -0.0317331 -0.0228283 -0.0189856 0.0012365 -0.0063708 0.0014370 -0.0473076 0.0140633 -0.0148853 0.0456256 -0.0005757 -0.0132619 -0.0097343 -0.0144663 0.0261501 0.0345985 -0.0087867 -0.0454369 -0.0037749 -0.0397877 0.0196635
-0.0304560 -0.0385809 -0.0253751 -0.0113503 -0.0539709 0.0157688 -0.0188794 -0.0059587 -0.0374737 -0.0082139 -0.0411592 -0.0052882 -0.0024955 -0.0496592 -0.0013346 -0.0341663 0.0124827 -0.0212675 0.0131706 -0.0093499 0.0055598 0.0143029 -0.0275527 0.0280381 -0.0077889 -0.0320224 -0.0209636 -0.0112931 -0.0037164 -0.0278201 0.0095358 -0.0200406 0.0104014 0.0100363 -0.0194102 0.0097683 -0.0026063 0.7813432 -0.0015150 0.0137340 -0.0107120 0.0230228 0.0163655 0.0231445 0.0022978 -0.0151527 -0.0067738 0.0169082 0.0159507 0.0274245 0.0324443 0.0028046 0.0118977 -0.0048790 0.0063127 0.0079424 -0.0196772 0.0097482 0.0038968 0.0107821 -0.0086399 0.0008972 -0.0037068 0.0387552 -0.0084460 0.0089722 -0.0138382 -0.0031136 -0.0111330 0.0116280 -0.0061585 -0.0095279 -0.0144596 -0.0091744 0.0119891 0.0028588 0.0177502 -0.0098355 -0.0089531 0.0125482 0.0038477
-0.0047130 -0.0426697 -0.0306382 -0.0942534 -0.0685855 0.0317240 -0.0445512 -0.0414988 -0.0671759 0.0523767 -0.0943722 -0.0187967 -0.0603835 -0.1230293 -0.0469764 -0.1002877 0.0435119 -0.1178617 0.0597504 -0.0104908 0.0136162 -0.0322999 -0.0452664 0.1160945 -0.0016453 -0.0411463 -0.0438858 0.0509407 0.0318035 -0.0208060 -0.0125509 0.0184620 -0.0179290 0.0453186 -0.0650951 0.0463078 0.0525896 -0.0015150 1.0692419 -0.0797895 -0.0279112 -0.0435544 0.0123404 0.1117469 -0.0183677 -0.0522271 -0.0416163 0.0373422 0.0228756 0.0722743 0.0355590 0.0465699 0.0278932 -0.0026656 0.0336726 0.0404281 -0.0351150 0.0024813 0.0146451 0.0187150 -0.0447979 -0.0368410 -0.0258161 -0.0001025 0.0064149 0.0242692 -0.0754587 0.0158165 0.0194332 0.0410460 -0.0113680 0.0216523 -0.0151545 0.0174408 0.1110433 0.0739036 0.0509480 -0.0578245 -0.0514489 -0.0469864 0.0184474
-0.0049204 0.0043608 -0.0282001 0.0022930 -0.0513299 -0.0589245 -0.0207433 0.0174671 0.0241948 -0.0463388 0.0703591 0.0073932 0.0243141 0.0264624 0.0487333 0.0358160 -0.0712232 0.0611778 -0.0538058 -0.0367993 -0.0636756 -0.0166715 -0.0258026 -0.0692264 -0.0425119 -0.0032858 0.0119618 -0.0552361 -0.0841152 -0.0139402 0.0426951 -0.0072890 -0.0033220 -0.0754985 0.0216440 -0.0550023 -0.0412281 0.0137340 -0.0797895 1.0105344 -0.0126502 0.0402170 -0.0139280 -0.0605652 0.0166385 0.0861559 -0.0006912 -0.0037052 -0.0364212 -0.0556169 -0.0465641 -0.0289539 -0.0230200 -0.0080803 -0.0434779 -0.0223535 0.0746709 -0.0068174 0.0022749 -0.0237712 0.0251133 0.0659984 0.0073711 -0.0163076 -0.0230954 -0.0136099 0.0738827 -0.0128889 0.0095781 -0.0102022 -0.0292542 0.0440331 0.0089685 -0.0254030 -0.0581808 -0.0419918 -0.0262688 0.0449202 0.0297619 0.0529493 -0.0050478
-0.0363834 -0.0357244 0.0040270 -0.0383299 -0.0032964 -0.0232124 -0.0126712 -0.0200109 -0.0208264 -0.0251943 -0.0367515 -0.0128688 -0.0205769 -0.0063409 -0.0274406 -0.0181719 -0.0025523 -0.0271095 0.0088524 -0.0030886 -0.0145293 -0.0148664 -0.0316433 0.0469628 -0.0473567 -0.0176432 0.0294266 -0.0049556 -0.0006533 0.0064331 -0.0280385 -0.0385252 0.0083778 0.0177850 -0.0151925 0.0350626 -0.0177543 -0.0107120 -0.0279112 -0.0126502 0.8585750 0.0315400 0.0039998 0.0244981 0.0186113 0.0230784 -0.0022892 -0.0031106 -0.0027929 -0.0176781 0.0097824 -0.0183202 -0.0003514 0.0232729 -0.0019760 -0.0079669 0.0035470 -0.0012986 -0.0101519 -0.0094481 -0.0072025 0.0073225 0.0385588 0.0031161 -0.0115464 0.0101094 0.0212623 -0.0044558 -0.0041894 -0.0178507 -0.0014066 -0.0024426 -0.0053790 -0.0190540 -0.0027270 0.0205023 0.0016997 0.0330252 0.0056543 0.0010511 0.0282260
-0.0082925 0.0027141 -0.0252260 0.0611449 -0.0309131 -0.0434914 0.0165331 -0.0181061 0.0063592 -0.0029849 -0.0060485 -0.0052599 -0.0029759 0.0842422 -0.0074850 0.0221407 -0.0409316 0.0304170 -0.0257640 -0.0176871 -0.0543525 -0.0222373 -0.0311025 -0.0896070 -0.0217779 0.0038245 0.0470876 -0.0402286 -0.0545070 0.0752506 0.0058364 -0.0191386 0.0045653 -0.0166069 0.0408872 -0.0334239 -0.0273106 0.0230228 -0.0435544 0.0402170 0.0315400 0.8664700 -0.0104011 -0.0465488 -0.0052667 0.0437161 0.0088833 -0.0227828 -0.0023754 0.0128488 -0.0317440 -0.0343498 -0.0314568 -0.0164636 -0.0282978 -0.0021875 0.0092101 -0.0116168 -0.0094463 -0.0174505 0.0156288 0.0113915 0.0233224 -0.0118188 -0.0269368 -0.0109706 0.0467788 -0.0114732 0.0056076 -0.0182042 -0.0149445 -0.0059835 -0.0054047 -0.0204805 -0.0231887 -0.0461409 -0.0165859 0.0332786 0.0326954 0.0160752 0.0069697
-0.0253734 0.0076505 0.0282505 -0.0610109 -0.0438837 -0.0336460 0.0093871 0.0150952 -0.0288789 -0.0222368 -0.0119117 0.0111408 -0.0467340 -0.0359379 -0.0138598 -0.0187643 0.0180180 -0.0343390 0.0109955 -0.0377272 -0.0249561 0.0186034 -0.0057994 -0.0004499 -0.0328529 -0.0429963 0.0444441 -0.0301432 -0.0182492 -0.0568264 -0.0101910 0.0370928 0.0126844 0.0032407 -0.0321721 0.0083073 -0.0140791 0.0163655 0.0123404 -0.0139280 0.0039998 -0.0104011 0.8438296 0.0603948 -0.0117935 -0.0197487 -0.0116976 -0.0230377 -0.0001999 -0.0091753 0.0038641 -0.0042276 -0.0042904 -0.0085861 0.0360987 -0.0068231 -0.0164434 -0.0022937 0.0161718 0.0332866 -0.0194496 0.0025923 -0.0116197 -0.0115809 0.0333428 0.0057506 -0.0036322 0.0001093 -0.0114455 0.0165854 0.0157311 -0.0097044 0.0129628 -0.0026684 -0.0079219 0.0031875 -0.0149191 0.0321857 -0.0241915 -0.0140177 0.0058425
-0.0228989 -0.0634193 -0.0416911 -0.0940336 -0.0476838 -0.0015283 -0.0566110 -0.0195635 -0.0758927 0.0138070 -0.0843867 -0.0204034 -0.0620281 -0.1132189 -0.0510398 -0.0837698 0.0715318 -0.1048265 0.0716443 0.0265529 0.0591777 -0.0245901 -0.0003396 0.1026895 -0.0013180 -0.0740810 -0.0350003 0.0584364 0.0897163 -0.0495009 -0.0210797 -0.0219803 0.0041128 0.1067215 -0.0570483 0.0572790 0.0447651 0.0231445 0.1117469 -0.0605652 0.0244981 -0.0465488 0.0603948 0.9303613 0.0197866 -0.0544062 -0.0388181 0.0283419 0.0275540 0.0505470 0.0429122 0.0433242 0.0384833 0.0292738 0.0496494 0.0397964 -0.0282805 0.0118108 -0.0020680 -0.0053140 -0.0509791 -0.0025543 -0.0109727 0.0092937 0.0115834 0.0398278 -0.1021580 0.0008871 -0.0351830 0.0274655 -0.0004817 -0.0094748 -0.0076972 0.0238396 0.0691057 0.0720537 0.0535398 -0.0822122 -0.0391013 -0.0539733 0.0199728
-0.0292670 -0.0095695 -0.0034705 -0.0203396 -0.0258539 0.0179716 -0.0131522 -0.0143567 -0.0249894 -0.0119437 -0.0291757 -0.0004621 -0.0188588 0.0109524 -0.0329245 -0.0054519 0.0024796 -0.0156396 -0.0056260 -0.0071305 -0.0071368 0.0019544 -0.0029885 -0.0261380 -0.0024999 -0.0189750 0.0009940 -0.0064410 -0.0140657 -0.0102465 -0.0383135 -0.0200464 -0.0123268 -0.0112697 0.0394516 0.0009412 0.0074730 0.0022978 -0.0183677 0.0166385 0.0186113 -0.0052667 -0.0117935 0.0197866 0.7372875 -0.0050327 0.0261103 -0.0025098 0.0081414 -0.0025428 0.0097901 0.0021523 0.0010273 -0.0033596 0.0025335 0.0137171 0.0163312 -0.0021949 0.0036176 -0.0051178 -0.0087281 -0.0055404 0.0048116 0.0200817 -0.0053356 0.0084228 -0.0022395 0.0022640 0.0108102 -0.0045189 -0.0045325 -0.0083350 0.0018178 0.0261054 0.0132130 0.0139213 0.0004216 0.0004713 0.0180969 -0.0033107 -0.0064299
-0.0299190 0.0034814 -0.0225303 0.0462887 -0.0524916 -0.0493806 0.0503413 -0.0114746 0.0293913 -0.0105662 0.0189342 -0.0057788 -0.0117829 0.0271534 -0.0090327 0.0138614 -0.0511368 0.0574075 -0.0645380 -0.0272060 -0.0440437 -0.0125380 -0.0341533 -0.0513528 -0.0392988 0.0470673 0.0019264 -0.0475306 -0.0433191 -0.0255607 -0.0055238 0.0266761 0.0023107 -0.0648048 0.0448525 -0.0401660 0.0025602 -0.0151527 -0.0522271 0.0861559 0.0230784 0.0437161 -0.0197487 -0.0544062 -0.0050327 0.8964506 -0.0014691 -0.0462036 -0.0130932 -0.0031990 -0.0336011 -0.0281214 -0.0260660 0.0180053 -0.0279571 -0.0285645 0.0717351 -0.0059764 -0.0015173 -0.0145362 0.0268182 0.0128469 0.0121140 -0.0053571 -0.0188405 -0.0086295 0.0660487 -0.0032794 -0.0070083 -0.0007141 -0.0206521 0.0268938 -0.0069643 -0.0148541 -0.0334493 -0.0423736 -0.0108561 0.0384901 0.0261429 0.0283856 -0.0171720
