1.5650694 -0.0071784 0.0879045 -0.1103161 0.1237409 -0.0619273 -0.0185234 -0.0564742 0.0044843 -0.0870301 0.1699198 0.0397443 0.0787686 0.3780871 -0.0890552 -0.0388758 0.0526304 0.5474193 0.0078655 -0.0755215 -0.0337057 0.0649461 -0.0249232 0.0660639 0.0200863 -0.1268646 0.0139155 0.2482627 -0.0588369 0.0340821 -0.0254986 -0.0779660 0.0267604 0.0502314 -0.0801010 -0.0253130 0.0263086 -0.0576718 -0.0531165 -0.0230688 -0.0770569 -0.0602524 0.0101502 -0.0357673 -0.0515671 -0.0752137 -0.0674691 -0.0425550 0.0037871 0.0134932 0.0583780 0.0333810 0.0173469 -0.0414661 0.0221970 -0.0102478 -0.0971499 -0.0441856 0.0653473 0.1055844 -0.0336134 -0.0632332 -0.0605819 -0.0473229 -0.0474806 -0.0932666 -0.1235336 -0.0539119 -0.0191423 0.0082293 -0.0388768 -0.0282150 -0.0923206 -0.0656604 -0.0644923 -0.0204851 -0.0313454 -0.1050147 0.0643767 -0.0211556 -0.0788224
-0.0071784 2.1607485 0.0050964 0.0618808 0.2145414 0.0208126 0.0521872 -0.0142613 -0.0868265 0.0989584 0.0229690 -0.0722291 -0.1004176 0.2552080 -0.0717722 0.0386284 -0.0041704 0.4647889 0.0869942 0.6288202 0.1562981 0.0811844 0.0476212 0.0518911 -0.0719520 -0.0565400 -0.1296091 -0.0153439 0.0026710 0.4707477 -0.1459459 0.0992348 -0.0558129 0.0346155 0.0675285 -0.0396824 -0.0462322 -0.1040612 -0.0611008 -0.0609131 -0.1102051 0.0457408 -0.0542274 -0.0655778 -0.0271037 -0.0370005 -0.0692392 -0.0576146 -0.0732544 -0.0441715 -0.0632169 -0.0324826 -0.1221449 -0.0796684 -0.0067299 0.0109356 -0.0402076 -0.0780903 -0.0047940 -0.1090068 -0.0791205 -0.0096177 -0.0416055 0.0581101 0.0898046 0.0617563 -0.1664047 0.0446282 -0.0954508 -0.0205340 0.1539706 -0.0541809 -0.0946323 -0.0339292 -0.0221470 -0.0615052 -0.0446903 -0.0562858 -0.0581651 -0.0548641 -0.1162693
0.0879045 0.0050964 1.4412388 0.0109504 0.0474003 -0.0018515 0.0003741 -0.0472008 0.0469274 0.0559601 -0.0196698 0.0630237 0.0034703 0.0817766 -0.0955667 -0.0405552 -0.0197338 0.1948636 -0.0421237 0.0534916 -0.0821457 0.0707788 -0.0868632 -0.0438885 -0.0535002 -0.0483788 0.0207779 0.0763692 -0.0949516 -0.0014488 -0.0321319 -0.0589728 -0.0561888 -0.0511942 -0.0652450 0.0162568 0.0463898 -0.0486168 -0.0626980 -0.0258750 0.0579808 -0.0756634 0.0352150 -0.0513667 0.0269484 -0.0820648 0.0993048 -0.0272029 -0.0371151 -0.0572646 0.0991992 -0.0301876 0.0410946 0.0459869 0.0634229 -0.0590827 0.0574968 0.0842535 0.0052263 -0.0064380 0.0425972 -0.0666525 -0.0288852 0.0008771 -0.0049244 -0.0653002 -0.1263984 -0.1008607 0.0709739 -0.0640328 -0.0562941 -0.0772528 0.0691216 0.0163479 -0.0733327 -0.0847278 -0.0353441 0.0364809 0.0102821 -0.0779742 0.0231150
-0.1103161 0.0618808 0.0109504 1.6139765 0.0389682 -0.0501649 0.0667583 -0.0396096 -0.0874444 0.0407535 0.0367780 -0.0726907 0.0468978 0.0202123 -0.0757442 0.1630048 -0.0967389 0.0415098 0.0096987 0.2795792 0.0127586 0.0432776 -0.0614064 -0.1442049 -0.0354077 0.0976081 0.0247774 -0.0639982 -0.0917522 -0.0933426 -0.1049037 -0.0676955 -0.0873977 -0.1234073 0.0581892 -0.0519297 -0.0096660 -0.0294868 -0.0443619 0.0097920 -0.0068953 0.0952311 -0.1070061 -0.0941732 0.0376757 0.0537719 0.1433144 -0.0012680 -0.0655885 0.0238363 -0.0950502 -0.0050756 -0.0868996 0.0024973 -0.0823045 -0.0755816 0.1633417 0.0559429 -0.0816628 -0.0546285 -0.0239373 -0.0226754 0.0082131 -0.0065565 -0.0444256 0.0062903 -0.0153145 -0.0584031 0.0394621 -0.0722691 -0.0373095 -0.0668329 0.1570337 0.0213700 0.0044868 -0.0959117 -0.0378565 0.1516063 0.0561372 -0.0230195 -0.0112237
0.1237409 0.2145414 0.0474003 0.0389682 2.4358246 0.0208694 0.0803890 -0.0915787 -0.1335444 0.0455709 0.5392283 0.0817373 -0.0251846 0.0854132 -0.1526918 0.1020690 0.1080241 0.1735852 -0.1366997 0.0418065 0.0114482 0.0356548 0.1315294 0.0065482 -0.0446112 -0.0002285 -0.1026765 -0.0708530 0.0642592 0.4705141 0.0619807 -0.1592727 -0.0663794 -0.0844623 -0.0591642 -0.0760640 -0.0301623 -0.1188082 -0.1520775 -0.1149042 0.0030938 -0.0787658 -0.0851909 -0.0931124 -0.0120101 -0.0996632 -0.1051179 -0.0085983 -0.1030192 -0.1084420 -0.0416745 -0.1393327 0.0043374 0.0255474 0.0687773 0.0119060 -0.0368154 -0.0706677 -0.1123540 -0.1145540 0.3036188 -0.1394916 -0.0713194 0.1201759 -0.0187296 0.0049751 -0.0191915 0.0994123 -0.0578733 -0.0849170 0.1651118 -0.0467077 -0.0250395 0.1053274 -0.0798714 -0.0556541 -0.0344871 -0.0434501 0.0156460 -0.1003840 -0.0945524
-0.0619273 0.0208126 -0.0018515 -0.0501649 0.0208694 1.3521595 -0.0608165 0.0102431 0.1300833 0.0095749 -0.1316079 0.0112895 -0.0397841 -0.0350197 0.1063466 -0.1010212 -0.0333687 -0.0237421 -0.0431140 0.0999383 -0.0256409 0.0200411 -0.0096941 0.0832269 -0.0510553 -0.0947409 -0.0075718 -0.0168204 -0.0404150 0.3852886 0.0131830 -0.0124981 -0.0486841 -0.0055098 -0.0253251 0.0372574 0.0235919 0.0031984 0.0218189 -0.0444996 0.0198661 -0.0087915 -0.0517994 -0.0130813 0.0099716 -0.0563095 -0.0387768 0.0538178 -0.0471191 -0.0460482 0.0934009 -0.0083090 0.0342852 0.0146278 0.0382253 -0.0503513 0.0165485 -0.0028210 -0.0439204 -0.0764622 -0.0227970 -0.0266749 -0.0294271 0.0540636 -0.0052339 -0.0050857 -0.0278256 -0.0456804 -0.0130380 -0.0508184 -0.0359890 -0.0490393 0.0098187 -0.0155040 0.0074190 -0.0008372 -0.0311698 -0.0214924 -0.0518022 -0.0682324 0.0261797
-0.0185234 0.0521872 0.0003741 0.0667583 0.0803890 -0.0608165 1.0253665 -0.0096767 -0.0908524 -0.0192015 -0.0547971 0.0093608 -0.0562328 0.0966392 -0.0641661 0.0466273 -0.0056961 0.1164713 -0.0723855 0.1097072 -0.0688714 -0.0597773 0.0508972 -0.0491421 -0.0528917 -0.0119522 -0.0266587 -0.0397819 0.0540714 -0.1294348 -0.0158520 -0.0737381 -0.0215756 -0.0508720 0.0240325 -0.0236887 0.0224319 -0.0167836 -0.0511736 -0.0443592 -0.0040284 -0.0065035 0.0082418 -0.0376845 -0.0065843 0.0189095 -0.0094274 -0.0046331 0.0026681 -0.0553615 -0.0360681 -0.0626751 -0.0148904 0.0080800 -0.0019183 0.0154343 0.0072152 -0.0031850 -0.0281889 -0.0477026 0.0557991 -0.0141024 -0.0187041 0.0434996 -0.0048028 0.0240074 -0.0028637 0.0318694 -0.0124358 0.0041686 0.0214778 -0.0094243 0.0067041 0.0029798 -0.0373762 -0.0181691 -0.0082619 -0.0102390 0.0085344 -0.0313857 -0.0054897
-0.0564742 -0.0142613 -0.0472008 -0.0396096 -0.0915787 0.0102431 -0.0096767 1.0125358 -0.0493579 0.0209044 -0.1507710 -0.0213714 -0.0089136 -0.0306253 -0.0782800 0.0134614 0.0270341 -0.1497983 -0.0288208 -0.1131151 -0.0689087 0.0383308 0.0621573 -0.1358589 -0.0763223 -0.0807948 -0.0179851 -0.0957139 -0.0626697 -0.0827589 0.0263299 0.0368840 0.0430106 -0.0499920 0.0257077 -0.0107868 -0.0248920 -0.0026205 -0.0517390 0.0315128 -0.0566602 -0.0131177 0.0811661 -0.0230418 -0.0373857 0.0060572 -0.0081083 -0.0398096 0.0044360 -0.0360757 -0.0307529 0.0160520 -0.0375253 -0.0555375 -0.0006520 0.0792450 -0.0328302 -0.0336548 0.0215020 -0.0229074 -0.0349444 0.0468396 0.0219381 -0.0193763 -0.0007956 0.0070858 -0.1509221 0.0401690 0.0230263 0.0653532 0.0318487 0.0226611 -0.0580963 -0.0397030 -0.0207698 -0.0304984 -0.0227760 -0.0490797 -0.0228953 0.0748386 -0.0429182
0.0044843 -0.0868265 0.0469274 -0.0874444 -0.1335444 0.1300833 -0.0908524 -0.0493579 2.6202624 0.0025859 0.1441409 -0.0072697 -0.1223793 -0.0964734 0.5282755 -0.0148080 -0.1442963 -0.0162651 -0.1091473 0.1076750 -0.0518953 0.3495706 -0.0552296 0.0083032 -0.0910183 0.0573356 0.0806790 0.1385878 0.2787413 0.3017954 0.1725106 0.2570360 -0.0007540 -0.1338682 0.0132495 -0.0077167 -0.0570832 -0.0482663 -0.0426755 0.0468960 0.0028962 -0.1175711 0.0049484 -0.0799078 -0.0854911 -0.0344246 -0.0704464 -0.1421732 -0.1077948 -0.1174179 0.2012625 -0.0081718 0.1379112 0.0143976 0.0243423 -0.1043999 -0.0203531 -0.0393525 0.0313265 -0.0223043 -0.0520083 -0.0066824 -0.0871642 0.1572828 0.0153419 -0.0953542 0.0831432 -0.1209277 0.0069400 -0.0956859 -0.1297738 -0.0551557 -0.0235256 -0.0316124 -0.1576719 -0.1398555 -0.0609643 -0.0056150 -0.0896809 0.0653697 0.0332313
-0.0870301 0.0989584 0.0559601 0.0407535 0.0455709 0.0095749 -0.0192015 0.0209044 0.0025859 1.0130882 -0.0426965 -0.0112209 -0.0533959 -0.1242518 -0.0352942 -0.0495712 -0.0052045 -0.1028193 0.0108328 -0.0890702 0.0351945 -0.0406055 -0.0263773 -0.0483549 -0.0695251 -0.0149754 -0.0442939 -0.0416185 -0.0778436 0.1633174 -0.0528135 -0.0133573 -0.0221101 -0.0109588 -0.0209105 0.0272292 -0.0207028 -0.0149787 0.0474110 -0.0322168 -0.0189118 0.0327635 -0.0311810 0.0080442 -0.0084815 -0.0120345 0.0332862 0.0290950 -0.0136396 -0.0241542 -0.0086494 0.0078225 0.0077422 -0.0106745 -0.0009516 -0.0107241 0.0226351 -0.0163489 -0.0259345 -0.0596287 -0.0185847 0.0446447 -0.0009875 0.0001483 0.0108258 0.0209523 -0.0863170 -0.0078763 -0.0008890 -0.0201964 0.0275164 -0.0233460 0.0015579 0.0330761 0.0476819 -0.0163601 -0.0197672 0.0057673 -0.0158340 -0.0319545 -0.0107753
0.1699198 0.0229690 -0.0196698 0.0367780 0.5392283 -0.1316079 -0.0547971 -0.1507710 0.1441409 -0.0426965 3.2864921 0.0105339 0.0943047 0.0768730 0.1512571 0.0190746 -0.1068436 0.4649861 0.0985222 -0.1857311 0.5927570 0.0672042 -0.1088067 0.3108077 -0.0841234 0.2964342 -0.0480528 0.2490856 -0.1360713 0.4464699 0.2301922 -0.0877892 -0.0235205 0.0282338 0.0411024 -0.0862540 -0.1161372 -0.0714840 0.0155381 0.0581574 -0.1267615 -0.1364022 -0.0494803 -0.0956049 -0.1118274 0.0250007 -0.1230643 -0.1169779 -0.0740550 0.0279173 -0.0991001 -0.0590153 0.0439354 -0.1158915 -0.1382047 -0.1587527 -0.0936137 -0.0885056 -0.0454621 0.0188044 -0.0410321 -0.1174770 -0.1004376 -0.0827416 -0.0284165 0.0255594 0.0302494 -0.0621647 -0.0650923 -0.1235660 -0.0679227 -0.0026097 -0.0757956 0.0175757 -0.0626371 -0.1584715 -0.0261710 -0.0657745 0.1268701 0.1283320 -0.1601192
0.0397443 -0.0722291 0.0630237 -0.0726907 0.0817373 0.0112895 0.0093608 -0.0213714 -0.0072697 -0.0112209 0.0105339 1.1072830 -0.0290190 -0.0345836 -0.0121489 0.0352450 0.0260454 -0.0641847 -0.0656444 -0.0806708 -0.1013377 0.0499772 0.0836616 -0.0171484 0.0211030 -0.0067177 -0.0404638 -0.0008771 0.1158139 -0.0945226 -0.0233833 -0.0384282 -0.0114637 -0.0331275 -0.0278686 -0.0209775 -0.0187149 -0.0183502 -0.0563343 -0.0167527 -0.0062329 -0.0411878 0.0209183 -0.0230730 -0.0009951 -0.0324182 -0.0422975 -0.0104527 -0.0199804 -0.0004256 0.0002172 -0.0259010 -0.0096204 -0.0032361 0.0265490 -0.0159388 -0.0343310 -0.0154723 0.0142162 0.0168109 0.0291470 -0.0352728 -0.0268866 0.0256435 -0.0119719 -0.0325114 0.0255863 0.0327789 -0.0092524 -0.0085121 -0.0154357 -0.0200560 -0.0208440 0.0646874 -0.0377226 0.0041100 -0.0038855 0.0130108 -0.0092580 -0.0247036 0.0134840
0.0787686 -0.1004176 0.0034703 0.0468978 -0.0251846 -0.0397841 -0.0562328 -0.0089136 -0.1223793 -0.0533959 0.0943047 -0.0290190 1.3865997 0.1356039 -0.0510408 0.0990761 -0.0034581 0.1086755 0.0209519 -0.1588580 -0.0190986 0.0173811 -0.0752741 -0.0917725 0.1458928 0.0702671 0.0413151 0.0453797 -0.0975925 0.0294752 -0.0719976 -0.0867365 -0.0346578 -0.0332467 -0.0546213 -0.0645118 -0.0483903 -0.0126288 0.0015811 0.0176353 -0.0302063 0.0210302 -0.0628831 -0.0611261 0.0026216 0.0174110 0.0208490 0.0297577 -0.0122477 0.0356029 -0.0694425 -0.0015222 -0.0575193 -0.0151501 -0.0621338 -0.0108893 -0.0023470 -0.0112105 -0.0352530 0.0644397 0.0273053 -0.0272201 0.0080627 -0.1136723 -0.0805163 -0.0180908 0.1606178 -0.0364401 -0.0245332 -0.0205520 -0.0857375 -0.0104744 0.0501249 -0.0654421 0.0212098 0.0075745 0.0375261 0.0277279 0.0634813 -0.0205090 -0.0017980
0.3780871 0.2552080 0.0817766 0.0202123 0.0854132 -0.0350197 0.0966392 -0.0306253 -0.0964734 -0.1242518 0.0768730 -0.0345836 0.1356039 3.0664725 0.0383388 0.1247202 -0.1084967 2.1230078 -0.0717900 1.0185678 0.0503979 -0.1491228 0.0490778 0.0998539 0.0592716 -0.1194294 0.0123908 0.1270988 -0.1161515 -0.0588732 0.0307852 -0.0481903 -0.0322159 -0.0388831 -0.0442105 -0.1160210 0.0728203 -0.0969000 -0.0497619 -0.0666873 -0.0731905 0.0586493 -0.0813034 -0.1357735 -0.0197820 -0.0786844 -0.1078230 -0.0797013 -0.0182920 -0.1104578 -0.0950405 -0.1012627 -0.0125170 -0.0573405 -0.1000214 -0.0830396 -0.1466022 -0.0305744 0.0014461 0.0666809 -0.0077943 -0.0252638 -0.0650736 -0.0710608 -0.1256392 -0.0954919 0.0686828 -0.0803344 -0.0888091 0.0228066 -0.0986710 0.0034859 -0.1117464 -0.1473873 -0.1338923 -0.0147933 -0.1266179 -0.0923044 0.1201725 0.0046162 -0.0590897
-0.0890552 -0.0717722 -0.0955667 -0.0757442 -0.1526918 0.1063466 -0.0641661 -0.0782800 0.5282755 -0.0352942 0.1512571 -0.0121489 -0.0510408 0.0383388 1.8618978 -0.1103432 -0.0901114 0.0221202 -0.0599193 -0.0486746 -0.0010962 -0.1589790 -0.1164588 -0.0413161 -0.0249344 -0.0342881 -0.0388311 -0.0994919 0.0130767 0.5309346 0.2899950 0.0280112 0.0363142 -0.0296489 -0.0850304 0.0153098 0.0149841 0.0412191 0.0700907 0.0407013 0.0401152 -0.0139360 -0.0167774 -0.0058374 -0.0971233 -0.0202017 -0.0971769 0.0059655 -0.0226890 -0.0793333 0.1135774 -0.0268014 0.0940364 0.1262068 -0.0254828 -0.0422611 -0.0649169 0.0218982 -0.0746355 -0.1172099 0.0404856 0.0125080 0.0095573 -0.0055940 -0.0384926 -0.0684000 0.2217773 -0.0713100 -0.0198616 -0.0284039 -0.1051717 0.0189371 -0.0217612 -0.0819236 -0.0757171 0.0104813 -0.0178314 0.0130222 -0.0851504 0.0882476 0.1022351
-0.0388758 0.0386284 -0.0405552 0.1630048 0.1020690 -0.1010212 0.0466273 0.0134614 -0.0148080 -0.0495712 0.0190746 0.0352450 0.0990761 0.1247202 -0.1103432 1.3211508 -0.0470407 0.1550196 -0.0806140 0.1557542 -0.0774561 0.0219934 0.0304330 -0.1242857 0.0538402 0.0355405 -0.0184203 -0.0920337 -0.0302961 -0.1211071 0.0033002 -0.0049302 -0.0204326 -0.0993664 0.0481232 -0.0700820 -0.0391823 -0.0488719 -0.0775791 0.0167314 -0.0487954 0.0080554 -0.0353565 -0.0862768 0.0013670 0.0116520 0.0072405 -0.0501545 -0.0335884 -0.0420920 -0.0825652 -0.0338440 -0.0486602 -0.0435120 -0.0618551 -0.0226740 0.0653006 -0.0198839 -0.0162632 -0.0231655 0.0205542 -0.0181889 -0.0133919 -0.0063033 -0.0356949 -0.0070749 0.0351843 0.0245158 -0.0203524 -0.0277996 -0.0229184 0.0122214 0.0310184 -0.0249932 -0.0187763 -0.0972766 -0.0322250 0.0569902 -0.0101298 0.0463262 -0.0469925
0.0526304 -0.0041704 -0.0197338 -0.0967389 0.1080241 -0.0333687 -0.0056961 0.0270341 -0.1442963 -0.0052045 -0.1068436 0.0260454 -0.0034581 -0.1084967 -0.0901114 -0.0470407 0.9561830 -0.1445266 0.0125079 -0.1407756 -0.0013991 -0.0509156 0.0722696 0.0172435 -0.0241225 -0.1127097 -0.0617502 -0.0192942 0.0056231 -0.0806817 0.0387626 -0.0626183 0.0283175 0.0920233 -0.0292980 0.0454673 0.0051215 0.0051184 -0.0184430 -0.0621436 -0.0248434 -0.0238655 0.0342115 0.0539218 -0.0105765 -0.0415230 -0.0385709 0.0190386 0.0458888 0.0169579 -0.0147561 -0.0183782 -0.0178416 -0.0162699 0.0249822 0.0949180 -0.0379577 -0.0338687 0.0175080 -0.0072525 0.0326124 -0.0152634 0.0020978 -0.0283234 0.0007382 0.0095615 -0.0871584 0.0348876 -0.0143708 0.0389233 0.0438631 0.0249484 -0.0556630 0.0123225 0.0250042 0.0548985 0.0075756 -0.0580878 -0.0094177 0.0003481 -0.0219828
0.5474193 0.4647889 0.1948636 0.0415098 0.1735852 -0.0237421 0.1164713 -0.1497983 -0.0162651 -0.1028193 0.4649861 -0.0641847 0.1086755 2.1230078 0.0221202 0.1550196 -0.1445266 4.5906587 -0.0352002 1.3633211 0.2790320 -0.2194988 -0.1102821 0.4751018 0.1640124 -0.1242889 0.0228567 0.3198494 -0.1651432 -0.1174297 -0.0211608 -0.0679140 -0.0734128 -0.0040172 -0.0986390 -0.1287704 0.1177637 -0.1013187 -0.0377542 -0.0756790 -0.0930930 -0.0228384 -0.1142564 -0.1362383 -0.0995782 -0.1055853 -0.1543560 -0.0720130 -0.0444489 -0.1620742 -0.0781785 -0.1315246 0.0515865 -0.0530606 -0.1165029 -0.1639617 -0.1861262 -0.0323976 -0.0666926 0.1052174 -0.0419057 -0.0923581 -0.1509121 -0.0411255 -0.1377598 -0.0723117 0.1372642 -0.1598649 -0.1171810 -0.0520802 -0.1053834 -0.0701877 -0.1383293 -0.1432308 -0.1651011 -0.0273499 -0.1572260 -0.1242827 0.1328929 -0.0696238 -0.0800039
0.0078655 0.0869942 -0.0421237 0.0096987 -0.1366997 -0.0431140 -0.0723855 -0.0288208 -0.1091473 0.0108328 0.0985222 -0.0656444 0.0209519 -0.0717900 -0.0599193 -0.0806140 0.0125079 -0.0352002 1.4784575 0.0194566 0.3366446 -0.0611873 -0.0341589 0.1168846 -0.0668809 0.0161437 -0.0556347 0.0248632 -0.0948162 0.1502682 -0.1138227 0.0202568 -0.0570810 0.1345706 -0.0118770 0.0383991 0.0173694 -0.0019810 0.0950997 -0.0410893 -0.0094783 0.0151805 -0.0514579 0.0586630 -0.0090145 -0.0051682 0.0321322 0.0274082 -0.0028431 0.0964285 -0.0026835 -0.0018235 -0.0354187 -0.0107107 -0.0374179 -0.0223972 -0.0185630 0.0314337 -0.0556300 -0.0415581 -0.0943190 -0.0347520 -0.0104156 -0.0594171 -0.0100291 0.0006903 -0.1219623 -0.0262524 -0.0346254 -0.0142996 -0.0041313 -0.0501487 -0.0028672 0.0140726 0.1248487 0.1058549 0.0150734 -0.0392536 -0.0118863 -0.0753376 -0.0039574
-0.0755215 0.6288202 0.0534916 0.2795792 0.0418065 0.0999383 0.1097072 -0.1131151 0.1076750 -0.0890702 -0.1857311 -0.0806708 -0.1588580 1.0185678 -0.0486746 0.1557542 -0.1407756 1.3633211 0.0194566 3.3306706 0.2299269 0.0157007 0.0357917 0.2032246 -0.0144033 0.0922928 -0.0656763 -0.0641350 0.2002894 -0.0956402 -0.1244351 0.2066689 -0.0961429 -0.0858245 0.1722371 -0.1240101 -0.0080913 -0.1071257 -0.0989075 -0.0553142 -0.0711502 0.0749174 -0.1429538 -0.1092362 -0.0135610 -0.0003919 -0.0971358 -0.1335450 -0.1022252 -0.0930953 -0.0826345 -0.1284170 -0.1057884 -0.0615698 -0.0814461 -0.0995200 -0.0461908 -0.0779524 -0.0902271 -0.1165110 -0.0972286 0.0312844 -0.1076920 0.2198762 0.0041877 0.1149102 0.0962019 0.0478312 -0.1027421 -0.0384842 0.0616341 -0.0938431 -0.0594085 -0.0610885 -0.0804378 -0.0664778 -0.0547412 0.0088701 -0.0501647 -0.0674326 -0.0678123
-0.0337057 0.1562981 -0.0821457 0.0127586 0.0114482 -0.0256409 -0.0688714 -0.0689087 -0.0518953 0.0351945 0.5927570 -0.1013377 -0.0190986 0.0503979 -0.0010962 -0.0774561 -0.0013991 0.2790320 0.3366446 0.2299269 2.0789311 -0.0617557 -0.1145141 0.4682149 -0.0486865 0.1775044 -0.1010280 0.0985931 -0.0913856 0.0330750 -0.0642822 0.0426471 -0.0356682 0.2328768 0.0372752 0.0143235 -0.0167789 -0.0033095 0.1103311 -0.0523519 -0.0674906 -0.0480128 -0.0881929 0.0594182 -0.0549770 -0.0084690 -0.0630752 -0.0202872 0.0317358 0.0706782 -0.0413909 -0.0101269 -0.0248223 -0.0757822 -0.0548314 -0.0878405 -0.0679378 -0.0812878 -0.0555558 -0.0368674 -0.1230170 -0.0450171 -0.0421075 -0.0357425 0.0060210 0.0704402 -0.0504583 -0.0157316 -0.0789207 -0.0141552 0.0626951 -0.0418754 -0.0666495 0.0370245 0.1309019 0.0293386 0.0203756 -0.0774498 -0.0305151 -0.0056932 -0.0684275
0.0649461 0.0811844 0.0707788 0.0432776 0.0356548 0.0200411 -0.0597773 0.0383308 0.3495706 -0.0406055 0.0672042 0.0499772 0.0173811 -0.1491228 -0.1589790 0.0219934 -0.0509156 -0.2194988 -0.0611873 0.0157007 -0.0617557 2.2527311 0.0251968 -0.0442519 0.0449000 0.3066694 0.0016659 0.3262955 0.3821350 0.0559955 -0.1379326 0.1508235 -0.0891919 -0.0426259 0.0262718 -0.0159259 -0.0918339 -0.0748213 -0.1514546 -0.0118179 -0.0779436 -0.0917094 0.0051329 -0.0889491 0.0312526 -0.0545484 -0.0403462 -0.1256749 -0.0765692 0.0140465 0.0484579 0.0111651 -0.0567366 -0.0996130 0.0168126 0.0087815 0.0389721 -0.0333864 0.1245519 0.1621877 -0.1052258 -0.0777306 -0.1093979 0.1005245 0.0729622 -0.0662620 0.0199662 -0.0114076 -0.0373820 -0.0795147 -0.0830225 -0.1144046 -0.0582282 -0.0086634 -0.0887803 -0.0477466 -0.0358420 -0.0029317 -0.0581153 -0.0750803 -0.1094830
-0.0249232 0.0476212 -0.0868632 -0.0614064 0.1315294 -0.0096941 0.0508972 0.0621573 -0.0552296 -0.0263773 -0.1088067 0.0836616 -0.0752741 0.0490778 -0.1164588 0.0304330 0.0722696 -0.1102821 -0.0341589 0.0357917 -0.1145141 0.0251968 1.2878289 -0.0671584 0.0475539 0.0400520 -0.0215896 -0.0333984 0.2413510 -0.0983861 0.0317669 0.0282988 0.0183487 -0.0509076 0.0301466 -0.0486583 -0.0706830 -0.0474541 -0.0896404 -0.0464448 -0.0876272 -0.0242140 0.0579874 -0.0195302 -0.0165118 -0.0261374 -0.0762613 -0.0544768 0.0003959 0.0028755 -0.0700179 -0.0317067 -0.0556595 -0.0924909 -0.0034803 0.0356838 -0.0808762 -0.0850373 0.0131330 0.0074877 -0.0024320 0.0149503 -0.0240595 0.0268744 0.0179863 -0.0451596 -0.0155700 0.1226200 -0.0563493 0.0303623 0.0735896 0.0198245 -0.1029721 -0.0283109 -0.0500876 0.0157656 -0.0074275 -0.0845858 -0.0218256 0.0053754 -0.0553848
0.0660639 0.0518911 -0.0438885 -0.1442049 0.0065482 0.0832269 -0.0491421 -0.1358589 0.0083032 -0.0483549 0.3108077 -0.0171484 -0.0917725 0.0998539 -0.0413161 -0.1242857 0.0172435 0.4751018 0.1168846 0.2032246 0.4682149 -0.0442519 -0.0671584 1.9826566 0.0131326 0.0003781 -0.1192817 0.1695455 0.0454966 -0.2075488 -0.0028798 0.0048436 -0.0615435 0.2665085 -0.0111997 0.0175112 0.0514594 0.0289959 0.1276828 -0.0705548 0.0731650 -0.1068608 -0.0394689 0.1263536 -0.0490026 -0.0644077 -0.1233094 0.0089311 0.0211492 0.0490273 0.0591948 -0.0631487 0.1121950 0.0225102 0.0051074 -0.0942240 -0.0765499 -0.0433194 -0.0585398 -0.0009250 -0.0725133 -0.0961435 -0.0858852 0.0683945 -0.0128011 0.0492669 0.0770823 -0.0416677 -0.0452920 -0.0087947 -0.0010076 -0.0713901 -0.0568621 0.0818750 0.0628527 0.1401790 -0.0027416 -0.1127629 -0.0224659 -0.0187880 0.0214496
0.0200863 -0.0719520 -0.0535002 -0.0354077 -0.0446112 -0.0510553 -0.0528917 -0.0763223 -0.0910183 -0.0695251 -0.0841234 0.0211030 0.1458928 0.0592716 -0.0249344 0.0538402 -0.0241225 0.1640124 -0.0668809 -0.0144033 -0.0486865 0.0449000 0.0475539 0.0131326 1.8287644 0.2648619 0.0536618 0.1673798 0.2623146 0.0091883 -0.0415162 -0.0489324 -0.0836824 -0.0074641 -0.0589003 -0.0893863 -0.0632193 -0.0289398 0.0223364 -0.0678304 -0.0647605 0.0381323 -0.0822166 -0.0441402 0.0234822 -0.0465384 -0.0442454 0.0579563 -0.0085292 0.0997041 -0.0947121 0.0061348 -0.0958911 -0.0326285 -0.0826927 -0.0104728 -0.0537826 -0.0213213 -0.0500892 0.2229230 0.0321068 -0.0454941 -0.0448593 -0.0989834 -0.1050158 -0.0910250 0.5634046 0.0662867 -0.0906473 -0.0034922 -0.0799029 0.0247471 -0.0181462 -0.1058296 0.0658862 0.2040298 0.0559227 -0.0067390 0.0392759 -0.1053571 0.0352596
-0.1268646 -0.0565400 -0.0483788 0.0976081 -0.0002285 -0.0947409 -0.0119522 -0.0807948 0.0573356 -0.0149754 0.2964342 -0.0067177 0.0702671 -0.1194294 -0.0342881 0.0355405 -0.1127097 -0.1242889 0.0161437 0.0922928 0.1775044 0.3066694 0.0400520 0.0003781 0.2648619 1.9010093 -0.0223665 0.1420416 0.2407092 0.0266248 -0.1018561 0.0882444 -0.1240287 -0.0493868 0.0097288 -0.0918857 -0.1093622 -0.0655958 -0.0285377 0.0074135 -0.0085154 0.0144978 -0.1060715 -0.1119086 0.0397057 0.0518920 -0.0069544 -0.0480931 -0.0661610 0.1376115 -0.0650331 0.0024291 -0.0523240 0.0417525 -0.1017029 -0.0568093 0.0686537 -0.0272041 -0.0415928 0.0981483 -0.0620941 -0.0679531 -0.0772726 0.0195579 -0.0465213 0.0071719 0.3890046 -0.0179206 -0.0342635 -0.0705220 -0.0452100 -0.0615957 0.0687755 -0.0148771 0.0217967 0.0209760 0.0561123 0.1067984 -0.0401169 -0.0478651 -0.0456234
0.0139155 -0.1296091 0.0207779 0.0247774 -0.1026765 -0.0075718 -0.0266587 -0.0179851 0.0806790 -0.0442939 -0.0480528 -0.0404638 0.0413151 0.0123908 -0.0388311 -0.0184203 -0.0617502 0.0228567 -0.0556347 -0.0656763 -0.1010280 0.0016659 -0.0215896 -0.1192817 0.0536618 -0.0223665 1.0287769 0.0713788 -0.0216541 -0.0496805 -0.0313493 0.0219015 0.0327953 -0.0447528 0.0245642 -0.0078501 -0.0304686 -0.0211784 0.0024898 0.0223094 0.0056494 0.0371266 0.0491096 -0.0391504 0.0048223 -0.0031936 0.0751774 -0.0071839 -0.0153279 -0.0189750 -0.0051603 0.0315184 -0.0229701 -0.0372287 -0.0067893 0.0125634 0.0216090 0.0182898 0.0346729 0.0825840 -0.0519764 0.0001553 0.0161959 -0.0606550 -0.0379391 -0.0637592 0.0015237 -0.0409297 0.0002155 -0.0245903 -0.0560808 -0.0133680 -0.0295411 -0.0383638 -0.0240968 -0.0354011 0.0285226 -0.0030342 0.0248826 0.0347782 0.0087717
0.2482627 -0.0153439 0.0763692 -0.0639982 -0.0708530 -0.0168204 -0.0397819 -0.0957139 0.1385878 -0.0416185 0.2490856 -0.0008771 0.0453797 0.1270988 -0.0994919 -0.0920337 -0.0192942 0.3198494 0.0248632 -0.0641350 0.0985931 0.3262955 -0.0333984 0.1695455 0.1673798 0.1420416 0.0713788 1.9897677 0.1936497 0.2157604 -0.1769937 0.0303219 -0.0611906 0.0943650 -0.0588184 0.0016276 -0.0032755 -0.0730128 -0.0134879 -0.0586886 -0.0450703 -0.0780238 -0.0374938 0.0009808 0.0074370 -0.0904251 -0.0559678 -0.0195417 -0.0452035 0.0409093 0.0666333 0.0508258 -0.0111216 -0.0470169 0.0095279 -0.0391310 -0.0103380 -0.0426699 0.0633861 0.1790010 -0.0915134 -0.0964422 -0.0951553 -0.0365001 0.0089304 -0.1025260 0.0766146 -0.0809388 -0.0059767 -0.0472931 -0.0904575 -0.0964977 -0.0563825 -0.0272433 -0.0217913 0.0385465 -0.0013107 -0.0881041 0.0644555 -0.1050201 -0.0619627
-0.0588369 0.0026710 -0.0949516 -0.0917522 0.0642592 -0.0404150 0.0540714 -0.0626697 0.2787413 -0.0778436 -0.1360713 0.1158139 -0.0975925 -0.1161515 0.0130767 -0.0302961 0.0056231 -0.1651432 -0.0948162 0.2002894 -0.0913856 0.3821350 0.2413510 0.0454966 0.2623146 0.2407092 -0.0216541 0.1936497 2.1261206 -0.2015027 0.0726247 0.2003766 -0.0762042 -0.0638768 -0.0115808 -0.0846368 -0.1084100 -0.0477130 -0.0947279 -0.0751872 -0.0240174 -0.0752917 -0.0325561 -0.0088469 0.0130061 -0.0329485 -0.1231083 -0.1009146 -0.0300651 0.0708261 -0.0225805 -0.0228235 -0.0490134 -0.0324716 -0.0152527 -0.0331422 -0.0746704 -0.0862074 0.0121620 0.1234133 0.0086830 -0.0564405 -0.1081967 0.1710781 -0.0185572 -0.0079103 0.5293720 0.0793678 -0.0668062 -0.0222700 -0.0617001 -0.0844282 -0.0885234 -0.0515394 -0.0724069 0.1159620 0.0772157 -0.0720172 -0.0335034 -0.0931101 -0.0317083
0.0340821 0.4707477 -0.0014488 -0.0933426 0.4705141 0.3852886 -0.1294348 -0.0827589 0.3017954 0.1633174 0.4464699 -0.0945226 0.0294752 -0.0588732 0.5309346 -0.1211071 -0.0806817 -0.1174297 0.1502682 -0.0956402 0.0330750 0.0559955 -0.0983861 -0.2075488 0.0091883 0.0266248 -0.0496805 0.2157604 -0.2015027 4.1352034 0.0840150 -0.0679052 -0.1010228 0.0581870 -0.1136311 -0.0197601 -0.0907159 -0.1534750 0.1360974 -0.0809149 -0.0983666 0.1808932 -0.1128586 -0.0847574 -0.0997609 -0.1302028 -0.1131031 0.1352169 -0.1829761 -0.0207502 0.0826000 0.0710903 -0.1410247 -0.0407307 0.0519903 0.0657213 -0.0341149 -0.1972422 -0.0693120 -0.0946510 -0.0276398 -0.1001380 -0.0679550 -0.1597873 0.1078313 -0.1575921 -0.0722549 -0.1072556 -0.1283819 -0.1151054 -0.0160089 -0.0297903 -0.1519488 -0.1628676 0.0380292 -0.0642899 0.0242261 -0.1049286 -0.0651616 -0.1181373 -0.0962339
-0.0254986 -0.1459459 -0.0321319 -0.1049037 0.0619807 0.0131830 -0.0158520 0.0263299 0.1725106 -0.0528135 0.2301922 -0.0233833 -0.0719976 0.0307852 0.2899950 0.0033002 0.0387626 -0.0211608 -0.1138227 -0.1244351 -0.0642822 -0.1379326 0.0317669 -0.0028798 -0.0415162 -0.1018561 -0.0313493 -0.1769937 0.0726247 0.0840150 1.5803677 -0.0293558 0.0686277 -0.0620952 -0.0754373 -0.0707383 -0.0548796 0.0545834 -0.0026976 0.0245366 -0.0173753 -0.0225247 0.0192866 -0.0010261 -0.0911187 -0.0131834 -0.0838484 -0.0501101 0.0332478 -0.0560249 -0.0086467 -0.0337895 0.0880011 -0.0120887 -0.0337140 -0.0232608 -0.0890563 -0.0586042 -0.0393533 -0.0955438 0.1288884 0.0192666 0.0147513 0.0117634 -0.0312044 -0.0058751 0.1718863 0.0335023 -0.0468925 0.0545552 -0.0443619 0.0628164 -0.0346340 -0.0305325 -0.0649228 -0.0507274 -0.0174153 -0.0261522 -0.0540177 0.1177696 -0.0196503
-0.0779660 0.0992348 -0.0589728 -0.0676955 -0.1592727 -0.0124981 -0.0737381 0.0368840 0.2570360 -0.0133573 -0.0877892 -0.0384282 -0.0867365 -0.0481903 0.0280112 -0.0049302 -0.0626183 -0.0679140 0.0202568 0.2066689 0.0426471 0.1508235 0.0282988 0.0048436 -0.0489324 0.0882444 0.0219015 0.0303219 0.2003766 -0.0679052 -0.0293558 1.4787073 0.0488551 -0.0509786 0.0271323 -0.0141999 -0.0885693 -0.0321878 -0.0093558 0.0150312 -0.0965490 -0.0401721 0.0508682 -0.0472905 -0.0450401 0.0485047 -0.0588700 -0.0534165 -0.0258721 0.0503672 0.0140958 0.0482187 -0.0459285 -0.0897910 -0.0087382 -0.0036954 -0.0226095 -0.0723271 0.0548547 0.0206996 -0.1012699 0.0884311 -0.0438514 0.0621917 0.0865211 -0.0361835 -0.0924764 0.0097017 -0.0451943 -0.0031743 -0.0000740 0.0140963 -0.0894896 -0.0526748 -0.0456857 -0.0652169 -0.0077388 -0.0562922 -0.0761739 0.0527500 -0.0695830
0.0267604 -0.0558129 -0.0561888 -0.0873977 -0.0663794 -0.0486841 -0.0215756 0.0430106 -0.0007540 -0.0221101 -0.0235205 -0.0114637 -0.0346578 -0.0322159 0.0363142 -0.0204326 0.0283175 -0.0734128 -0.0570810 -0.0961429 -0.0356682 -0.0891919 0.0183487 -0.0615435 -0.0836824 -0.1240287 0.0327953 -0.0611906 -0.0762042 -0.1010228 0.0686277 0.0488551 0.7425746 0.0050088 0.0077968 0.0048139 0.0203882 0.0318251 -0.0142739 0.0135965 -0.0274233 -0.0136053 0.0611848 0.0204231 -0.0481777 0.0158598 -0.0252490 -0.0172181 0.0558984 -0.0174266 0.0063016 0.0236626 0.0517117 -0.0458857 0.0030858 0.0594805 -0.0505160 -0.0239927 0.0522422 -0.0265676 -0.0191036 0.0397603 0.0416824 -0.0308150 0.0114273 -0.0008504 -0.1260200 0.0095287 -0.0066710 0.0454325 -0.0032182 0.0532379 -0.0675750 -0.0297162 -0.0238622 -0.0364939 -0.0267677 -0.0402816 -0.0075997 0.0927114 -0.0187897
0.0502314 0.0346155 -0.0511942 -0.1234073 -0.0844623 -0.0055098 -0.0508720 -0.0499920 -0.1338682 -0.0109588 0.0282338 -0.0331275 -0.0332467 -0.0388831 -0.0296489 -0.0993664 0.0920233 -0.0040172 0.1345706 -0.0858245 0.2328768 -0.0426259 -0.0509076 0.2665085 -0.0074641 -0.0493868 -0.0447528 0.0943650 -0.0638768 0.0581870 -0.0620952 -0.0509786 0.0050088 1.0890193 -0.0545284 0.0779845 0.0285301 0.0049520 0.0588496 -0.0714579 0.0070691 -0.0004129 -0.0098861 0.1277581 -0.0239177 -0.0590725 -0.0421514 0.0960227 0.0559505 0.0510962 0.0048754 0.0120549 0.0139124 -0.0316498 0.0310785 0.0090829 -0.0646376 -0.0167830 0.0347781 0.0434774 -0.0685920 -0.0576291 -0.0262854 -0.0636650 0.0107710 0.0120182 -0.0666079 -0.0084329 -0.0392437 0.0174811 0.0186323 -0.0225197 -0.0577442 0.0272551 0.0790890 0.1071794 0.0198144 -0.0865963 0.0025688 -0.0471339 -0.0318031
-0.0801010 0.0675285 -0.0652450 0.0581892 -0.0591642 -0.0253251 0.0240325 0.0257077 0.0132495 -0.0209105 0.0411024 -0.0278686 -0.0546213 -0.0442105 -0.0850304 0.0481232 -0.0292980 -0.0986390 -0.0118770 0.1722371 0.0372752 0.0262718 0.0301466 -0.0111997 -0.0589003 0.0097288 0.0245642 -0.0588184 -0.0115808 -0.1136311 -0.0754373 0.0271323 0.0077968 -0.0545284 0.8913568 0.0118068 -0.0478592 -0.0194886 -0.0362674 0.0191506 -0.0525510 0.0288525 -0.0280289 -0.0424219 0.0340132 0.0546675 0.0421812 -0.0549380 -0.0100103 -0.0034506 -0.0510370 -0.0036306 -0.0224225 -0.0535708 -0.0148302 0.0124018 0.0002397 -0.0299947 0.0064763 -0.0491165 -0.0540067 0.0197175 0.0047219 0.0314601 0.0359337 0.0335351 -0.0676075 0.0542553 0.0186565 -0.0013732 0.0459362 0.0015963 -0.0240583 -0.0074431 -0.0070274 -0.0421495 -0.0057175 -0.0003193 0.0007530 0.0400167 -0.0496082
-0.0253130 -0.0396824 0.0162568 -0.0519297 -0.0760640 0.0372574 -0.0236887 -0.0107868 -0.0077167 0.0272292 -0.0862540 -0.0209775 -0.0645118 -0.1160210 0.0153098 -0.0700820 0.0454673 -0.1287704 0.0383991 -0.1240101 0.0143235 -0.0159259 -0.0486583 0.0175112 -0.0893863 -0.0918857 -0.0078501 0.0016276 -0.0846368 -0.0197601 -0.0707383 -0.0141999 0.0048139 0.0779845 0.0118068 0.7191043 0.0332664 0.0087063 0.0098053 -0.0272958 0.0407229 -0.0316158 0.0171467 0.0565288 -0.0047990 -0.0316456 0.0098218 0.0244162 0.0123609 -0.0105259 0.0758613 0.0206419 0.0294475 0.0180958 0.0425605 0.0056639 0.0389423 0.0202402 0.0151661 -0.0206731 -0.0417537 0.0150972 0.0040398 -0.0168956 0.0504041 -0.0127059 -0.1488738 -0.0264839 0.0336605 0.0022949 0.0043824 -0.0115658 -0.0180852 0.0123231 0.0227902 -0.0001137 -0.0055284 -0.0366599 -0.0074875 -0.0278481 -0.0042091
0.0263086 -0.0462322 0.0463898 -0.0096660 -0.0301623 0.0235919 0.0224319 -0.0248920 -0.0570832 -0.0207028 -0.1161372 -0.0187149 -0.0483903 0.0728203 0.0149841 -0.0391823 0.0051215 0.1177637 0.0173694 -0.0080913 -0.0167789 -0.0918339 -0.0706830 0.0514594 -0.0632193 -0.1093622 -0.0304686 -0.0032755 -0.1084100 -0.0907159 -0.0548796 -0.0885693 0.0203882 0.0285301 -0.0478592 0.0332664 0.9208171 0.0051837 0.0275173 -0.0219153 0.0367526 -0.0121111 -0.0166150 0.0371611 0.0094650 -0.0016950 0.0278708 0.0186024 0.0149611 -0.0479014 0.0422533 -0.0041725 0.0424426 0.0486576 0.0215570 0.0417898 0.0078786 0.0497423 -0.0209854 -0.0274586 0.0004696 -0.0206429 -0.0036352 -0.0092396 -0.0301592 -0.0081300 -0.0448870 -0.0325379 0.0081977 0.0215521 -0.0074289 -0.0114166 0.0307773 0.0043685 -0.0055327 0.0114792 -0.0343378 -0.0042332 0.0218026 -0.0422464 0.0406330
-0.0576718 -0.1040612 -0.0486168 -0.0294868 -0.1188082 0.0031984 -0.0167836 -0.0026205 -0.0482663 -0.0149787 -0.0714840 -0.0183502 -0.0126288 -0.0969000 0.0412191 -0.0488719 0.0051184 -0.1013187 -0.0019810 -0.1071257 -0.0033095 -0.0748213 -0.0474541 0.0289959 -0.0289398 -0.0655958 -0.0211784 -0.0730128 -0.0477130 -0.1534750 0.0545834 -0.0321878 0.0318251 0.0049520 -0.0194886 0.0087063 0.0051837 0.6936063 0.0196139 0.0295206 0.0053871 0.0219485 0.0210142 0.0402135 -0.0092930 0.0079805 -0.0003339 0.0133377 0.0400025 0.0228699 0.0227061 -0.0179063 0.0302891 0.0116302 -0.0052893 0.0003515 -0.0279778 0.0508341 -0.0109666 -0.0157659 -0.0027174 0.0210376 0.0210455 0.0164170 0.0107531 0.0176468 -0.0121112 -0.0115070 0.0037246 0.0207391 -0.0080900 0.0084252 -0.0009383 -0.0004668 0.0139972 0.0050670 0.0128815 0.0120956 -0.0105637 0.0355215 0.0327656
-0.0531165 -0.0611008 -0.0626980 -0.0443619 -0.1520775 0.0218189 -0.0511736 -0.0517390 -0.0426755 0.0474110 0.0155381 -0.0563343 0.0015811 -0.0497619 0.0700907 -0.0775791 -0.0184430 -0.0377542 0.0950997 -0.0989075 0.1103311 -0.1514546 -0.0896404 0.1276828 0.0223364 -0.0285377 0.0024898 -0.0134879 -0.0947279 0.1360974 -0.0026976 -0.0093558 -0.0142739 0.0588496 -0.0362674 0.0098053 0.0275173 0.0196139 1.1044092 -0.0361311 -0.0202757 0.0213208 -0.0100102 0.0881081 -0.0366569 -0.0076541 -0.0236227 0.0506485 0.0252656 0.0634417 -0.0212926 0.0046781 -0.0041198 0.0070757 -0.0416901 0.0086243 -0.0414220 -0.0064478 -0.0217476 -0.0095292 -0.0385011 -0.0116797 0.0097582 -0.0803165 -0.0221065 0.0156041 0.0554685 -0.0111759 0.0042794 0.0326855 -0.0367139 0.0453566 0.0024428 0.0028038 0.1133260 0.0613235 0.0584186 -0.0012915 0.0067330 -0.0071505 0.0177238
-0.0230688 -0.0609131 -0.0258750 0.0097920 -0.1149042 -0.0444996 -0.0443592 0.0315128 0.0468960 -0.0322168 0.0581574 -0.0167527 0.0176353 -0.0666873 0.0407013 0.0167314 -0.0621436 -0.0756790 -0.0410893 -0.0553142 -0.0523519 -0.0118179 -0.0464448 -0.0705548 -0.0678304 0.0074135 0.0223094 -0.0586886 -0.0751872 -0.0809149 0.0245366 0.0150312 0.0135965 -0.0714579 0.0191506 -0.0272958 -0.0219153 0.0295206 -0.0361311 0.9069206 -0.0062462 0.0108571 0.0011252 -0.0404543 0.0171411 0.0860618 0.0233965 0.0018765 -0.0219866 -0.0342506 -0.0128420 0.0078107 0.0111044 -0.0056406 -0.0344472 -0.0198838 0.0884903 0.0124692 -0.0001849 -0.0276208 -0.0199670 0.0674999 0.0134588 -0.0092951 -0.0216571 0.0042760 -0.0171444 -0.0232916 0.0349084 -0.0065629 -0.0406996 0.0366006 0.0256365 -0.0235590 -0.0322846 -0.0502975 -0.0226411 0.0445740 0.0014629 0.0623112 0.0197520
-0.0770569 -0.1102051 0.0579808 -0.0068953 0.0030938 0.0198661 -0.0040284 -0.0566602 0.0028962 -0.0189118 -0.1267615 -0.0062329 -0.0302063 -0.0731905 0.0401152 -0.0487954 -0.0248434 -0.0930930 -0.0094783 -0.0711502 -0.0674906 -0.0779436 -0.0876272 0.0731650 -0.0647605 -0.0085154 0.0056494 -0.0450703 -0.0240174 -0.0983666 -0.0173753 -0.0965490 -0.0274233 0.0070691 -0.0525510 0.0407229 0.0367526 0.0053871 -0.0202757 -0.0062462 0.8763644 0.0179790 -0.0244394 0.0345830 0.0410156 0.0048597 0.0294818 0.0245969 -0.0088456 -0.0351978 0.0563868 -0.0374714 0.0593090 0.1192852 0.0100679 -0.0426731 0.0578119 0.0783897 -0.0479235 -0.0497461 0.0487369 -0.0150393 0.0401974 0.0314017 -0.0247782 0.0239317 0.0947263 -0.0545468 0.0362277 -0.0413460 -0.0087356 -0.0236840 0.0928242 0.0227715 -0.0029729 0.0295668 -0.0050261 0.0989019 -0.0035984 -0.0347899 0.0981803
-0.0602524 0.0457408 -0.0756634 0.0952311 -0.0787658 -0.0087915 -0.0065035 -0.0131177 -0.1175711 0.0327635 -0.1364022 -0.0411878 0.0210302 0.0586493 -0.0139360 0.0080554 -0.0238655 -0.0228384 0.0151805 0.0749174 -0.0480128 -0.0917094 -0.0242140 -0.1068608 0.0381323 0.0144978 0.0371266 -0.0780238 -0.0752917 0.1808932 -0.0225247 -0.0401721 -0.0136053 -0.0004129 0.0288525 -0.0316158 -0.0121111 0.0219485 0.0213208 0.0108571 0.0179790 0.8742089 -0.0346071 -0.0209911 -0.0004798 0.0425163 0.0287514 0.0349456 0.0042819 0.0408492 -0.0588426 -0.0069926 -0.0659190 -0.0217496 -0.0411837 0.0238046 0.0196706 -0.0184513 -0.0340198 -0.0215167 -0.0091765 0.0241004 0.0465810 -0.0455557 -0.0361291 -0.0027094 0.0111304 0.0024987 -0.0038097 0.0026877 -0.0079010 0.0077275 0.0065556 -0.0422128 0.0398468 -0.0084306 0.0064538 0.0303801 0.0235409 -0.0123329 0.0230775
0.0101502 -0.0542274 0.0352150 -0.1070061 -0.0851909 -0.0517994 0.0082418 0.0811661 0.0049484 -0.0311810 -0.0494803 0.0209183 -0.0628831 -0.0813034 -0.0167774 -0.0353565 0.0342115 -0.1142564 -0.0514579 -0.1429538 -0.0881929 0.0051329 0.0579874 -0.0394689 -0.0822166 -0.1060715 0.0491096 -0.0374938 -0.0325561 -0.1128586 0.0192866 0.0508682 0.0611848 -0.0098861 -0.0280289 0.0171467 -0.0166150 0.0210142 -0.0100102 0.0011252 -0.0244394 -0.0346071 0.8228659 0.0589996 -0.0360513 -0.0153140 -0.0149848 -0.0484925 0.0176493 -0.0320152 0.0169888 0.0135055 0.0086866 -0.0311641 0.0539919 0.0231753 -0.0422392 -0.0215463 0.0600397 0.0218160 -0.0268164 0.0239919 -0.0030342 -0.0276326 0.0729638 -0.0125137 -0.1205473 -0.0020432 -0.0043059 0.0320171 0.0039441 0.0105769 -0.0289582 -0.0173244 -0.0428698 -0.0269885 -0.0254152 -0.0096709 -0.0291102 0.0263210 -0.0122497
-0.0357673 -0.0655778 -0.0513667 -0.0941732 -0.0931124 -0.0130813 -0.0376845 -0.0230418 -0.0799078 0.0080442 -0.0956049 -0.0230730 -0.0611261 -0.1357735 -0.0058374 -0.0862768 0.0539218 -0.1362383 0.0586630 -0.1092362 0.0594182 -0.0889491 -0.0195302 0.1263536 -0.0441402 -0.1119086 -0.0391504 0.0009808 -0.0088469 -0.0847574 -0.0010261 -0.0472905 0.0204231 0.1277581 -0.0424219 0.0565288 0.0371611 0.0402135 0.0881081 -0.0404543 0.0345830 -0.0209911 0.0589996 0.8424300 0.0040446 -0.0300878 -0.0317293 0.0214688 0.0422349 0.0162864 0.0263632 0.0108625 0.0453001 0.0482128 0.0351168 0.0209855 -0.0367551 0.0164119 -0.0007619 -0.0297390 -0.0355507 0.0106528 0.0119549 -0.0192075 0.0105821 0.0353500 -0.0714587 -0.0112707 -0.0242804 0.0278435 0.0092693 0.0109459 -0.0102630 0.0464644 0.0449098 0.0610955 0.0428337 -0.0535979 -0.0264789 -0.0205509 0.0180389
-0.0515671 -0.0271037 0.0269484 0.0376757 -0.0120101 0.0099716 -0.0065843 -0.0373857 -0.0854911 -0.0084815 -0.1118274 -0.0009951 0.0026216 -0.0197820 -0.0971233 0.0013670 -0.0105765 -0.0995782 -0.0090145 -0.0135610 -0.0549770 0.0312526 -0.0165118 -0.0490026 0.0234822 0.0397057 0.0048223 0.0074370 0.0130061 -0.0997609 -0.0911187 -0.0450401 -0.0481777 -0.0239177 0.0340132 -0.0047990 0.0094650 -0.0092930 -0.0366569 0.0171411 0.0410156 -0.0004798 -0.0360513 0.0040446 0.7671537 -0.0024715 0.0546679 0.0042936 -0.0083498 0.0091732 0.0024465 -0.0097708 -0.0159684 0.0203807 0.0012124 -0.0057239 0.0553903 0.0247396 0.0182076 0.0069390 0.0042083 -0.0185831 0.0017295 0.0212330 -0.0182028 0.0042933 0.0450686 -0.0055133 0.0217542 -0.0200094 -0.0011328 -0.0286578 0.0521551 0.0355740 0.0148797 0.0183549 0.0103466 0.0372869 0.0276429 -0.0425290 0.0126303
-0.0752137 -0.0370005 -0.0820648 0.0537719 -0.0996632 -0.0563095 0.0189095 0.0060572 -0.0344246 -0.0120345 0.0250007 -0.0324182 0.0174110 -0.0786844 -0.0202017 0.0116520 -0.0415230 -0.1055853 -0.0051682 -0.0003919 -0.0084690 -0.0545484 -0.0261374 -0.0644077 -0.0465384 0.0518920 -0.0031936 -0.0904251 -0.0329485 -0.1302028 -0.0131834 0.0485047 0.0158598 -0.0590725 0.0546675 -0.0316456 -0.0016950 0.0079805 -0.0076541 0.0860618 0.0048597 0.0425163 -0.0153140 -0.0300878 -0.0024715 0.8238594 0.0069980 -0.0324965 0.0024992 0.0312402 -0.0393336 0.0019825 -0.0326894 -0.0051191 -0.0386227 -0.0195693 0.0621255 -0.0167421 -0.0087336 -0.0250818 -0.0263590 0.0297786 0.0242281 -0.0068022 -0.0167272 0.0180851 -0.0145693 0.0356462 -0.0004953 0.0206354 -0.0179451 0.0344356 -0.0076080 -0.0212060 0.0131470 -0.0355284 -0.0005295 0.0293367 -0.0047985 0.0450224 -0.0118523
