1.5860693 -0.0540922 -0.0526615 -0.0385494 0.0912995 -0.0323922 -0.0413666 -0.0184240 -0.0188700 -0.0388390 -0.0504200 -0.0312996 -0.0408755 -0.0405305 -0.0422886 -0.0493698 -0.0120616 -0.0136776 -0.0222648 -0.0231637 -0.0214576 -0.0110302 -0.0543201 -0.0397439 -0.0391764 -0.0382091 -0.0300002 -0.0134916 -0.0347228 -0.0530824 -0.0520786 -0.0303446 -0.0085189 -0.0082660 -0.0096726 -0.0091958 -0.0085646 -0.0088065 -0.0099270 -0.0091446 -0.0081613 -0.0083168 -0.0109772 -0.0088613 -0.0078557 -0.0095910 -0.0088886 -0.0085639 -0.0084967 -0.0091503 -0.0061045 -0.0081379 -0.0066092 -0.0061276 -0.0056623 -0.0093102 -0.0077522 -0.0088944 -0.0080493 -0.0086429 -0.0067994 -0.0118440 -0.0081180 -0.0051094 -0.0094496 -0.0093601 -0.0077098 -0.0100880 -0.0091133 -0.0092563 -0.0077122 -0.0082359 -0.0088573 -0.0086352 -0.0053142 -0.0080200 -0.0084232 -0.0055793 -0.0086464 -0.0092067 -0.0092508
-0.0540922 2.6069350 -0.0677967 -0.0592261 -0.0656170 -0.0414626 -0.0570144 -0.0536655 -0.0580710 -0.0592544 -0.0640222 -0.0525316 -0.0609557 -0.0599306 -0.0618004 -0.0635159 -0.0295146 -0.0250360 -0.0553931 0.1487024 -0.0045182 -0.0635619 -0.0661291 -0.0574300 -0.0594933 -0.0560493 -0.0353069 -0.0258610 -0.0506185 -0.0662661 -0.0665813 0.2273862 -0.0182084 -0.0183527 -0.0205671 -0.0220456 -0.0234292 -0.0228710 -0.0223591 -0.0222970 -0.0202730 -0.0201752 -0.0223164 -0.0222764 -0.0213521 -0.0216266 -0.0230771 -0.0211273 -0.0222292 -0.0210850 -0.0184666 -0.0219004 -0.0228203 -0.0218580 -0.0189451 -0.0217311 -0.0189247 -0.0223619 -0.0205935 -0.0228577 -0.0207394 -0.0240149 -0.0211601 -0.0200506 -0.0211441 -0.0208372 -0.0195496 -0.0225208 -0.0245868 -0.0226782 -0.0160618 -0.0210163 -0.0220115 -0.0209463 -0.0190610 -0.0218993 -0.0219823 -0.0179509 -0.0226311 -0.0229901 -0.0214729
-0.0526615 -0.0677967 2.4913034 -0.0552831 -0.0641501 -0.0311528 -0.0561790 -0.0527485 -0.0562397 -0.0576368 -0.0624250 0.2647018 -0.0599431 -0.0590729 -0.0598413 -0.0627052 -0.0233786 -0.0256182 -0.0528090 -0.0472661 -0.0446975 -0.0623037 -0.0664450 -0.0561454 -0.0579600 -0.0543956 0.1019614 -0.0273053 -0.0517269 -0.0642620 -0.0635140 -0.0482897 -0.0193070 -0.0206123 -0.0197006 -0.0197686 -0.0188252 -0.0194687 -0.0205651 -0.0201831 -0.0179598 -0.0191577 -0.0197353 -0.0208937 -0.0185166 -0.0214219 -0.0156548 -0.0196243 -0.0194087 -0.0198944 -0.0151163 -0.0199491 -0.0181465 -0.0165442 -0.0144131 -0.0218310 -0.0192916 -0.0175978 -0.0180391 -0.0197359 -0.0163911 -0.0226397 -0.0185429 -0.0172294 -0.0209404 -0.0222943 -0.0193719 -0.0218590 -0.0167594 -0.0211568 -0.0185920 -0.0209213 -0.0195947 -0.0182197 -0.0179246 -0.0207656 -0.0182276 -0.0165663 -0.0188559 -0.0198684 -0.0189813
-0.0385494 -0.0592261 -0.0552831 1.8112422 -0.0564618 -0.0331204 -0.0475106 -0.0427807 -0.0481803 0.0143673 -0.0547887 -0.0332427 0.0274003 0.0226998 0.0313754 -0.0531136 -0.0117298 -0.0110733 -0.0463472 -0.0283023 -0.0220204 -0.0537490 -0.0585567 -0.0480483 0.0087336 -0.0460319 -0.0302167 -0.0126630 -0.0357689 -0.0583614 -0.0553049 -0.0317616 -0.0079675 -0.0091181 -0.0100255 -0.0099928 -0.0087302 -0.0090769 -0.0103435 -0.0100530 -0.0079967 -0.0081302 -0.0126208 -0.0089681 -0.0080794 -0.0099459 -0.0088248 -0.0080846 -0.0081031 -0.0097967 -0.0048964 -0.0080306 -0.0058984 -0.0048575 -0.0050462 -0.0102926 -0.0077137 -0.0091748 -0.0079739 -0.0086184 -0.0056892 -0.0129342 -0.0083752 -0.0053965 -0.0101435 -0.0097957 -0.0069365 -0.0108083 -0.0099932 -0.0100867 -0.0080713 -0.0082851 -0.0085641 -0.0086032 -0.0035617 -0.0079759 -0.0084869 -0.0046948 -0.0086721 -0.0096924 -0.0094782
0.0912995 -0.0656170 -0.0641501 -0.0564618 2.3756244 -0.0493042 -0.0546386 0.0807879 -0.0563083 -0.0567256 -0.0618947 -0.0501628 -0.0592344 -0.0579693 -0.0598033 -0.0612192 -0.0169661 -0.0221680 -0.0537480 -0.0102403 -0.0124649 -0.0622468 -0.0622622 -0.0562854 -0.0572139 -0.0541148 -0.0460349 -0.0191436 -0.0511343 -0.0622195 -0.0624074 -0.0472887 -0.0186609 -0.0171087 -0.0206648 -0.0197708 -0.0173817 -0.0198011 -0.0209646 -0.0188637 -0.0174670 -0.0177359 -0.0209470 -0.0179646 -0.0173370 -0.0208049 -0.0191156 -0.0162942 -0.0180511 -0.0197705 -0.0163590 -0.0191204 -0.0162946 -0.0143411 -0.0128600 -0.0175709 -0.0174682 -0.0176953 -0.0179804 -0.0173321 -0.0145107 -0.0223528 -0.0162308 -0.0110712 -0.0188765 -0.0197163 -0.0179663 -0.0194527 -0.0177790 -0.0187829 -0.0161871 -0.0171628 -0.0182936 -0.0174165 -0.0137037 -0.0160804 -0.0178214 -0.0142829 -0.0182397 -0.0193422 -0.0196254
-0.0323922 -0.0414626 -0.0311528 -0.0331204 -0.0493042 1.4297075 -0.0373895 -0.0204261 -0.0354033 -0.0330843 -0.0469640 -0.0245691 -0.0347368 -0.0341467 -0.0348568 -0.0464748 -0.0113096 -0.0138526 -0.0340313 -0.0234239 -0.0215823 -0.0432050 -0.0514630 -0.0365908 -0.0336557 -0.0347786 -0.0258182 -0.0121020 -0.0316998 0.1508327 -0.0422528 -0.0259460 -0.0068873 -0.0069883 -0.0075818 -0.0072917 -0.0069027 -0.0072716 -0.0077962 -0.0078667 -0.0064880 -0.0063877 -0.0091443 -0.0071861 -0.0066305 -0.0078003 -0.0070175 -0.0064447 -0.0070671 -0.0072839 -0.0048367 -0.0065734 -0.0057884 -0.0053127 -0.0045388 -0.0075661 -0.0061266 -0.0076510 -0.0060201 -0.0076754 -0.0058385 -0.0092137 -0.0069306 -0.0052639 -0.0072346 -0.0077096 -0.0063093 -0.0080521 -0.0077372 -0.0076614 -0.0066961 -0.0067876 -0.0069649 -0.0074082 -0.0041250 -0.0068698 -0.0070852 -0.0051948 -0.0072806 -0.0075652 -0.0076768
-0.0413666 -0.0570144 -0.0561790 -0.0475106 -0.0546386 -0.0373895 1.7804747 -0.0407158 -0.0470369 -0.0484071 -0.0544278 -0.0362852 -0.0500904 -0.0493473 -0.0502825 0.2274589 -0.0151555 -0.0153856 -0.0451611 -0.0284333 -0.0270015 -0.0530848 -0.0579477 -0.0470237 -0.0481916 0.0697584 -0.0328577 -0.0167703 -0.0369564 -0.0572086 -0.0553844 -0.0317227 -0.0098741 -0.0100743 -0.0098842 -0.0109672 -0.0099248 -0.0096133 -0.0114949 -0.0105757 -0.0091006 -0.0091157 -0.0123514 -0.0108051 -0.0092040 -0.0103003 -0.0098141 -0.0097534 -0.0093590 -0.0111809 -0.0066504 -0.0092687 -0.0076530 -0.0048628 -0.0073776 -0.0102485 -0.0087377 -0.0100473 -0.0089476 -0.0097726 -0.0075484 -0.0132802 -0.0101295 -0.0049309 -0.0102597 -0.0101327 -0.0072662 -0.0114361 -0.0106937 -0.0106406 -0.0085492 -0.0094737 -0.0099748 -0.0093269 -0.0057314 -0.0104165 -0.0086924 -0.0056125 -0.0104242 -0.0098243 -0.0109195
-0.0184240 -0.0536655 -0.0527485 -0.0427807 0.0807879 -0.0204261 -0.0407158 1.5765147 -0.0412464 -0.0433699 -0.0503675 -0.0326596 -0.0459445 -0.0447493 -0.0464950 -0.0486107 -0.0142796 -0.0168221 -0.0385292 -0.0257248 -0.0241263 -0.0475417 0.1760344 -0.0413861 -0.0428921 -0.0381968 -0.0305584 -0.0153998 -0.0006247 0.0449830 -0.0508835 -0.0300232 -0.0095118 -0.0098111 -0.0099859 -0.0101049 -0.0097184 -0.0102503 -0.0112214 -0.0100544 -0.0092789 -0.0092220 -0.0109756 -0.0095979 -0.0092908 -0.0106343 -0.0099643 -0.0092334 -0.0097497 -0.0103288 -0.0080637 -0.0090537 -0.0085943 -0.0078897 -0.0075382 -0.0099127 -0.0093975 -0.0100698 -0.0090152 -0.0094530 -0.0080954 -0.0121030 -0.0091732 -0.0072943 -0.0102168 -0.0104362 -0.0089729 -0.0104172 -0.0104733 -0.0100429 -0.0089297 -0.0094187 -0.0099644 -0.0099359 -0.0072871 -0.0090896 -0.0094438 -0.0074693 -0.0095907 -0.0100663 -0.0100686
-0.0188700 -0.0580710 -0.0562397 -0.0481803 -0.0563083 -0.0354033 -0.0470369 -0.0412464 1.8145163 -0.0482343 -0.0547013 -0.0373262 -0.0502539 -0.0499553 -0.0502665 -0.0526359 -0.0153840 -0.0144864 0.0965886 -0.0320563 -0.0286805 0.1996785 -0.0571971 -0.0471578 -0.0483825 -0.0451331 -0.0319675 -0.0148762 -0.0340949 -0.0569141 -0.0559898 -0.0318263 -0.0097084 -0.0097722 -0.0108031 -0.0101542 -0.0100347 -0.0103460 -0.0113935 -0.0101942 -0.0088687 -0.0104432 -0.0128988 -0.0095191 -0.0095211 -0.0103558 -0.0091852 -0.0103119 -0.0098233 -0.0110663 -0.0069068 -0.0092676 -0.0072543 -0.0071891 -0.0072536 -0.0103082 -0.0091956 -0.0093503 -0.0090317 -0.0095909 -0.0075056 -0.0137914 -0.0096038 -0.0060175 -0.0111776 -0.0110820 -0.0085520 -0.0128756 -0.0106572 -0.0117491 -0.0094068 -0.0100944 -0.0107481 -0.0097396 -0.0057381 -0.0094759 -0.0103953 -0.0061025 -0.0107551 -0.0109586 -0.0107285
-0.0388390 -0.0592544 -0.0576368 0.0143673 -0.0567256 -0.0330843 -0.0484071 -0.0433699 -0.0482343 1.8442494 -0.0562784 -0.0341620 0.0402006 0.0314074 0.0391634 -0.0540646 -0.0111068 -0.0111824 -0.0468750 -0.0283729 -0.0216852 -0.0541773 -0.0588508 -0.0486582 0.0174769 -0.0465504 -0.0309498 -0.0124422 -0.0358334 -0.0585681 -0.0563515 -0.0321454 -0.0081520 -0.0085673 -0.0105575 -0.0099738 -0.0086760 -0.0088838 -0.0105436 -0.0104620 -0.0080629 -0.0081878 -0.0125774 -0.0088701 -0.0081090 -0.0101489 -0.0088110 -0.0086595 -0.0081554 -0.0098832 -0.0048476 -0.0082766 -0.0054005 -0.0045957 -0.0049988 -0.0104233 -0.0077160 -0.0091092 -0.0078077 -0.0088580 -0.0057416 -0.0122216 -0.0082690 -0.0051790 -0.0102713 -0.0102196 -0.0065413 -0.0103013 -0.0092811 -0.0096279 -0.0079653 -0.0080468 -0.0090051 -0.0088249 -0.0036939 -0.0078884 -0.0087702 -0.0046650 -0.0092467 -0.0097091 -0.0094121
-0.0504200 -0.0640222 -0.0624250 -0.0547887 -0.0618947 -0.0469640 -0.0544278 -0.0503675 -0.0547013 -0.0562784 2.3042676 -0.0486647 -0.0564452 -0.0566788 -0.0577816 -0.0595409 -0.0226709 -0.0245931 -0.0517917 -0.0407950 -0.0363847 -0.0594263 -0.0647365 0.2438675 -0.0554152 -0.0522605 -0.0446013 -0.0221462 -0.0499750 -0.0640709 -0.0614122 -0.0464823 -0.0172112 -0.0172135 -0.0175748 -0.0184134 -0.0182492 -0.0176882 -0.0180220 -0.0186487 -0.0159136 -0.0190388 -0.0202863 -0.0174986 -0.0174348 -0.0185997 -0.0191528 -0.0177970 -0.0173033 -0.0192338 -0.0128526 -0.0177930 -0.0133351 -0.0145636 -0.0144506 -0.0194383 -0.0168395 -0.0189488 -0.0159478 -0.0172216 -0.0167284 -0.0215486 -0.0178173 -0.0147313 -0.0188201 -0.0180943 -0.0166287 -0.0184785 -0.0182864 -0.0193632 -0.0160519 -0.0164289 -0.0185986 -0.0165563 -0.0144515 -0.0172210 -0.0169800 -0.0162460 -0.0169873 -0.0172917 -0.0192342
-0.0312996 -0.0525316 0.2647018 -0.0332427 -0.0501628 -0.0245691 -0.0362852 -0.0326596 -0.0373262 -0.0341620 -0.0486647 1.4818569 -0.0377192 -0.0365060 -0.0380129 -0.0447639 -0.0124734 -0.0128659 -0.0349567 -0.0257574 -0.0240454 -0.0460600 -0.0500316 -0.0368895 -0.0353773 -0.0340925 0.0067713 -0.0138897 -0.0307721 -0.0503479 -0.0446927 -0.0269305 -0.0078925 -0.0076505 -0.0076345 -0.0077299 -0.0072854 -0.0076350 -0.0085476 -0.0077000 -0.0068734 -0.0072460 -0.0085451 -0.0077922 -0.0072594 -0.0084721 -0.0067967 -0.0078679 -0.0073043 -0.0081198 -0.0053940 -0.0077742 -0.0064261 -0.0054551 -0.0056171 -0.0085213 -0.0073683 -0.0075152 -0.0068384 -0.0074934 -0.0059048 -0.0097669 -0.0071369 -0.0058576 -0.0084869 -0.0088423 -0.0073419 -0.0090958 -0.0076466 -0.0083279 -0.0070657 -0.0080616 -0.0077726 -0.0069688 -0.0057978 -0.0080790 -0.0073160 -0.0054788 -0.0074842 -0.0076639 -0.0074893
-0.0408755 -0.0609557 -0.0599431 0.0274003 -0.0592344 -0.0347368 -0.0500904 -0.0459445 -0.0502539 0.0402006 -0.0564452 -0.0377192 1.9484068 0.0396008 0.0499830 -0.0560088 -0.0122500 -0.0103752 -0.0482572 -0.0300908 -0.0234344 -0.0562012 -0.0610045 -0.0503803 0.0253437 -0.0481353 -0.0317061 -0.0135373 -0.0380640 -0.0604762 -0.0582120 -0.0332592 -0.0090541 -0.0093844 -0.0104471 -0.0106635 -0.0092049 -0.0094914 -0.0111868 -0.0108972 -0.0082956 -0.0089906 -0.0139085 -0.0091392 -0.0086069 -0.0110763 -0.0093589 -0.0093582 -0.0089094 -0.0112384 -0.0050560 -0.0087160 -0.0060240 -0.0044145 -0.0048899 -0.0106389 -0.0080796 -0.0092803 -0.0088254 -0.0087418 -0.0057404 -0.0134018 -0.0086310 -0.0056442 -0.0111496 -0.0107225 -0.0068567 -0.0118142 -0.0108004 -0.0110944 -0.0087862 -0.0090295 -0.0096938 -0.0099376 -0.0040009 -0.0084157 -0.0089098 -0.0049568 -0.0095396 -0.0105813 -0.0108433
-0.0405305 -0.0599306 -0.0590729 0.0226998 -0.0579693 -0.0341467 -0.0493473 -0.0447493 -0.0499553 0.0314074 -0.0566788 -0.0365060 0.0396008 1.9097997 0.0402660 -0.0554641 -0.0115393 -0.0097731 -0.0480671 -0.0292121 -0.0222377 -0.0559080 -0.0599224 -0.0497134 0.0176679 -0.0476741 -0.0314198 -0.0129884 -0.0368408 -0.0598738 -0.0576140 -0.0323214 -0.0087921 -0.0091788 -0.0106065 -0.0108059 -0.0088377 -0.0095634 -0.0112235 -0.0110186 -0.0079907 -0.0082062 -0.0135286 -0.0095392 -0.0083452 -0.0107035 -0.0095020 -0.0091832 -0.0083016 -0.0109785 -0.0056719 -0.0088178 -0.0062181 -0.0047890 -0.0055612 -0.0110099 -0.0080535 -0.0099250 -0.0082666 -0.0090395 -0.0057104 -0.0130647 -0.0086338 -0.0057906 -0.0107311 -0.0111451 -0.0068803 -0.0114785 -0.0106012 -0.0107093 -0.0085202 -0.0083361 -0.0099984 -0.0097402 -0.0042503 -0.0084619 -0.0090283 -0.0049386 -0.0092851 -0.0102572 -0.0103321
-0.0422886 -0.0618004 -0.0598413 0.0313754 -0.0598033 -0.0348568 -0.0502825 -0.0464950 -0.0502665 0.0391634 -0.0577816 -0.0380129 0.0499830 0.0402660 1.9515996 -0.0559503 -0.0111574 -0.0098054 -0.0488724 -0.0310737 -0.0228857 -0.0568889 -0.0616120 -0.0507118 0.0265092 -0.0485060 -0.0325779 -0.0127859 -0.0381155 -0.0603590 -0.0584780 -0.0340038 -0.0088592 -0.0091970 -0.0107960 -0.0106633 -0.0085457 -0.0092888 -0.0112107 -0.0107014 -0.0081647 -0.0086955 -0.0137766 -0.0096113 -0.0083337 -0.0118767 -0.0095990 -0.0093593 -0.0085640 -0.0112491 -0.0044083 -0.0086912 -0.0058471 -0.0037169 -0.0046870 -0.0110443 -0.0077511 -0.0091811 -0.0084818 -0.0090224 -0.0053476 -0.0133463 -0.0086188 -0.0051594 -0.0110987 -0.0111274 -0.0067817 -0.0112313 -0.0106552 -0.0109137 -0.0087268 -0.0084952 -0.0096998 -0.0098757 -0.0037164 -0.0086632 -0.0090352 -0.0044294 -0.0093621 -0.0106310 -0.0107541
-0.0493698 -0.0635159 -0.0627052 -0.0531136 -0.0612192 -0.0464748 0.2274589 -0.0486107 -0.0526359 -0.0540646 -0.0595409 -0.0447639 -0.0560088 -0.0554641 -0.0559503 2.1467178 -0.0187470 -0.0185447 -0.0512453 -0.0335577 -0.0325941 -0.0589233 -0.0633287 -0.0528753 -0.0535603 0.1725576 -0.0394905 -0.0209389 -0.0448081 -0.0625195 -0.0615640 -0.0380456 -0.0129667 -0.0130640 -0.0126368 -0.0145609 -0.0131321 -0.0128893 -0.0154431 -0.0134148 -0.0127954 -0.0119099 -0.0160646 -0.0145534 -0.0119069 -0.0139644 -0.0131929 -0.0130260 -0.0122265 -0.0148372 -0.0088768 -0.0131367 -0.0103817 -0.0050720 -0.0101512 -0.0129758 -0.0115660 -0.0133676 -0.0112687 -0.0125113 -0.0102547 -0.0175055 -0.0132938 -0.0065239 -0.0131473 -0.0137517 -0.0094556 -0.0148460 -0.0136700 -0.0141572 -0.0109197 -0.0123773 -0.0135029 -0.0121731 -0.0067213 -0.0136592 -0.0114756 -0.0068653 -0.0141221 -0.0125983 -0.0150524
-0.0120616 -0.0295146 -0.0233786 -0.0117298 -0.0169661 -0.0113096 -0.0151555 -0.0142796 -0.0153840 -0.0111068 -0.0226709 -0.0124734 -0.0122500 -0.0115393 -0.0111574 -0.0187470 0.9404541 -0.0041440 -0.0127526 -0.0112519 -0.0089256 -0.0171405 -0.0275238 -0.0166172 -0.0116885 -0.0145525 -0.0107041 -0.0043236 -0.0138030 -0.0164300 -0.0095709 -0.0117132 -0.0002869 -0.0001370 -0.0003950 -0.0002789 -0.0004871 -0.0005788 -0.0009313 -0.0003669 -0.0002547 -0.0001979 -0.0010364 -0.0004707 -0.0004086 -0.0004881 -0.0004791 -0.0005983 -0.0004073 -0.0005264 0.0000606 -0.0002356 -0.0000048 0.0000769 -0.0000608 -0.0002345 -0.0002970 -0.0005270 -0.0001206 -0.0007245 -0.0000400 -0.0015110 -0.0002796 -0.0000210 -0.0007941 -0.0004272 -0.0003909 -0.0009359 -0.0009252 -0.0006302 -0.0002653 -0.0003194 -0.0004773 -0.0004691 -0.0000304 -0.0004936 -0.0002970 -0.0002452 -0.0003417 -0.0004763 -0.0004388
-0.0136776 -0.0250360 -0.0256182 -0.0110733 -0.0221680 -0.0138526 -0.0153856 -0.0168221 -0.0144864 -0.0111824 -0.0245931 -0.0128659 -0.0103752 -0.0097731 -0.0098054 -0.0185447 -0.0041440 1.0191009 -0.0142889 -0.0104191 -0.0088733 -0.0176182 -0.0358135 -0.0176521 -0.0109710 -0.0142515 -0.0119478 -0.0051222 -0.0161283 -0.0308111 -0.0102579 -0.0123069 -0.0010700 -0.0010354 -0.0013332 -0.0011549 -0.0010056 -0.0014044 -0.0016851 -0.0013251 -0.0011664 -0.0011511 -0.0020238 -0.0013471 -0.0009052 -0.0014364 -0.0012508 -0.0011822 -0.0009514 -0.0013359 -0.0003970 -0.0012368 -0.0005781 -0.0005932 -0.0006289 -0.0013005 -0.0013093 -0.0014929 -0.0010563 -0.0015679 -0.0007155 -0.0023129 -0.0012470 -0.0004674 -0.0015048 -0.0014607 -0.0008965 -0.0017477 -0.0015616 -0.0014598 -0.0011949 -0.0009219 -0.0011574 -0.0013469 -0.0004792 -0.0013006 -0.0011945 -0.0005571 -0.0011514 -0.0013624 -0.0011678
-0.0222648 -0.0553931 -0.0528090 -0.0463472 -0.0537480 -0.0340313 -0.0451611 -0.0385292 0.0965886 -0.0468750 -0.0517917 -0.0349567 -0.0482572 -0.0480671 -0.0488724 -0.0512453 -0.0127526 -0.0142889 1.6953082 -0.0299942 -0.0262876 0.2062725 -0.0558003 -0.0439282 -0.0469234 -0.0429071 -0.0312663 -0.0136250 -0.0335681 -0.0537486 -0.0528196 -0.0302502 -0.0086117 -0.0086278 -0.0099423 -0.0093430 -0.0086916 -0.0088897 -0.0106464 -0.0090202 -0.0079954 -0.0095009 -0.0113700 -0.0087306 -0.0084513 -0.0097711 -0.0085319 -0.0085837 -0.0082940 -0.0089803 -0.0057856 -0.0088534 -0.0063628 -0.0063165 -0.0061254 -0.0092802 -0.0081554 -0.0084256 -0.0080370 -0.0086427 -0.0072472 -0.0126683 -0.0083348 -0.0055246 -0.0097513 -0.0099263 -0.0080166 -0.0111158 -0.0093054 -0.0100193 -0.0085541 -0.0085900 -0.0090312 -0.0086705 -0.0052745 -0.0077417 -0.0092153 -0.0053124 -0.0095927 -0.0096488 -0.0092763
-0.0231637 0.1487024 -0.0472661 -0.0283023 -0.0102403 -0.0234239 -0.0284333 -0.0257248 -0.0320563 -0.0283729 -0.0407950 -0.0257574 -0.0300908 -0.0292121 -0.0310737 -0.0335577 -0.0112519 -0.0104191 -0.0299942 1.3321991 -0.0142328 -0.0400992 -0.0489159 -0.0311221 -0.0285135 -0.0271229 -0.0217930 -0.0108036 -0.0269884 -0.0402766 -0.0356214 0.0099608 -0.0053538 -0.0053966 -0.0055393 -0.0061888 -0.0057371 -0.0061605 -0.0066914 -0.0060711 -0.0054739 -0.0051636 -0.0069867 -0.0060057 -0.0052493 -0.0061024 -0.0059674 -0.0058944 -0.0056807 -0.0062795 -0.0042081 -0.0054742 -0.0052611 -0.0044880 -0.0043861 -0.0061707 -0.0052250 -0.0059353 -0.0051771 -0.0062707 -0.0046062 -0.0073991 -0.0056442 -0.0041538 -0.0062006 -0.0058658 -0.0047983 -0.0065692 -0.0067469 -0.0060438 -0.0049202 -0.0054724 -0.0058524 -0.0058498 -0.0039659 -0.0061027 -0.0055397 -0.0039132 -0.0058226 -0.0060474 -0.0055834
-0.0214576 -0.0045182 -0.0446975 -0.0220204 -0.0124649 -0.0215823 -0.0270015 -0.0241263 -0.0286805 -0.0216852 -0.0363847 -0.0240454 -0.0234344 -0.0222377 -0.0228857 -0.0325941 -0.0089256 -0.0088733 -0.0262876 -0.0142328 1.2804501 -0.0348138 -0.0479406 -0.0284901 -0.0224229 -0.0258233 -0.0206824 -0.0095020 -0.0255514 -0.0342680 -0.0165939 -0.0136131 -0.0045028 -0.0039474 -0.0047740 -0.0046754 -0.0045352 -0.0047273 -0.0054251 -0.0048150 -0.0044197 -0.0042184 -0.0062468 -0.0044529 -0.0043499 -0.0053011 -0.0047347 -0.0049414 -0.0045674 -0.0051414 -0.0030684 -0.0042196 -0.0033112 -0.0030887 -0.0031511 -0.0049070 -0.0040267 -0.0048077 -0.0040846 -0.0050177 -0.0033442 -0.0065782 -0.0042425 -0.0029407 -0.0054822 -0.0050705 -0.0037659 -0.0061134 -0.0052719 -0.0051340 -0.0039290 -0.0044224 -0.0046874 -0.0047460 -0.0028240 -0.0047407 -0.0046215 -0.0029941 -0.0046502 -0.0050440 -0.0048642
-0.0110302 -0.0635619 -0.0623037 -0.0537490 -0.0622468 -0.0432050 -0.0530848 -0.0475417 0.1996785 -0.0541773 -0.0594263 -0.0460600 -0.0562012 -0.0559080 -0.0568889 -0.0589233 -0.0171405 -0.0176182 0.2062725 -0.0400992 -0.0348138 2.1775258 -0.0639041 -0.0528813 -0.0545012 -0.0504339 -0.0394550 -0.0174242 -0.0398139 -0.0617537 -0.0601347 -0.0382906 -0.0126971 -0.0125019 -0.0141318 -0.0137530 -0.0130339 -0.0132557 -0.0150638 -0.0134615 -0.0112635 -0.0138076 -0.0166791 -0.0129161 -0.0123584 -0.0140078 -0.0121890 -0.0134951 -0.0122290 -0.0138620 -0.0092594 -0.0125419 -0.0093671 -0.0097580 -0.0092797 -0.0126874 -0.0117280 -0.0120864 -0.0119860 -0.0124684 -0.0107518 -0.0180221 -0.0121276 -0.0079308 -0.0145645 -0.0136275 -0.0115395 -0.0169397 -0.0134188 -0.0151768 -0.0127626 -0.0135642 -0.0141656 -0.0123531 -0.0081098 -0.0119374 -0.0144058 -0.0073238 -0.0146781 -0.0144588 -0.0137523
-0.0543201 -0.0661291 -0.0664450 -0.0585567 -0.0622622 -0.0514630 -0.0579477 0.1760344 -0.0571971 -0.0588508 -0.0647365 -0.0500316 -0.0610045 -0.0599224 -0.0616120 -0.0633287 -0.0275238 -0.0358135 -0.0558003 -0.0489159 -0.0479406 -0.0639041 2.6501656 -0.0584593 -0.0582711 -0.0554430 -0.0476223 -0.0325497 0.2177423 -0.0659413 -0.0650061 -0.0469823 -0.0225243 -0.0239345 -0.0233034 -0.0241231 -0.0234664 -0.0234749 -0.0253715 -0.0243537 -0.0236204 -0.0238540 -0.0234296 -0.0216570 -0.0231906 -0.0248629 -0.0243646 -0.0216468 -0.0229410 -0.0232490 -0.0212063 -0.0227016 -0.0211870 -0.0221019 -0.0208239 -0.0236469 -0.0236876 -0.0245389 -0.0220483 -0.0228089 -0.0225304 -0.0248931 -0.0234959 -0.0201129 -0.0234694 -0.0249876 -0.0220085 -0.0223453 -0.0247667 -0.0228177 -0.0219654 -0.0227823 -0.0242313 -0.0235092 -0.0227757 -0.0223218 -0.0230651 -0.0198408 -0.0235694 -0.0226236 -0.0235868
-0.0397439 -0.0574300 -0.0561454 -0.0480483 -0.0562854 -0.0365908 -0.0470237 -0.0413861 -0.0471578 -0.0486582 0.2438675 -0.0368895 -0.0503803 -0.0497134 -0.0507118 -0.0528753 -0.0166172 -0.0176521 -0.0439282 -0.0311221 -0.0284901 -0.0528813 -0.0584593 1.7883165 -0.0481605 -0.0439418 -0.0348808 -0.0169187 -0.0399452 -0.0571157 -0.0543889 -0.0347617 -0.0111842 -0.0115158 -0.0117753 -0.0122111 -0.0116842 -0.0115676 -0.0123170 -0.0120743 -0.0103122 -0.0121154 -0.0139192 -0.0115571 -0.0113848 -0.0124155 -0.0123656 -0.0114878 -0.0112751 -0.0125786 -0.0082164 -0.0114182 -0.0083817 -0.0088997 -0.0087997 -0.0125034 -0.0108854 -0.0120967 -0.0105087 -0.0116892 -0.0100996 -0.0148637 -0.0113012 -0.0088915 -0.0125651 -0.0119200 -0.0101363 -0.0129592 -0.0120513 -0.0127058 -0.0102531 -0.0108567 -0.0121423 -0.0112733 -0.0086074 -0.0112107 -0.0113976 -0.0095097 -0.0116110 -0.0113279 -0.0123919
-0.0391764 -0.0594933 -0.0579600 0.0087336 -0.0572139 -0.0336557 -0.0481916 -0.0428921 -0.0483825 0.0174769 -0.0554152 -0.0353773 0.0253437 0.0176679 0.0265092 -0.0535603 -0.0116885 -0.0109710 -0.0469234 -0.0285135 -0.0224229 -0.0545012 -0.0582711 -0.0481605 1.8371314 -0.0461358 -0.0306208 -0.0129218 -0.0358476 -0.0584058 -0.0566850 -0.0318453 -0.0084694 -0.0091288 -0.0103501 -0.0104496 -0.0085799 -0.0094121 -0.0108450 -0.0105303 -0.0080041 -0.0083728 -0.0130234 -0.0091477 -0.0080318 -0.0106422 -0.0088989 -0.0089134 -0.0082577 -0.0103169 -0.0051170 -0.0082781 -0.0056328 -0.0046876 -0.0049101 -0.0100740 -0.0077389 -0.0093892 -0.0079782 -0.0086988 -0.0057005 -0.0129263 -0.0082608 -0.0048765 -0.0105458 -0.0102798 -0.0066869 -0.0106339 -0.0099307 -0.0103957 -0.0080313 -0.0087137 -0.0094143 -0.0090444 -0.0040146 -0.0085339 -0.0089539 -0.0049398 -0.0088783 -0.0103343 -0.0096159
-0.0382091 -0.0560493 -0.0543956 -0.0460319 -0.0541148 -0.0347786 0.0697584 -0.0381968 -0.0451331 -0.0465504 -0.0522605 -0.0340925 -0.0481353 -0.0476741 -0.0485060 0.1725576 -0.0145525 -0.0142515 -0.0429071 -0.0271229 -0.0258233 -0.0504339 -0.0554430 -0.0439418 -0.0461358 1.6855345 -0.0302680 -0.0155255 -0.0347350 -0.0548331 -0.0536604 -0.0294427 -0.0089181 -0.0085266 -0.0090019 -0.0097356 -0.0089090 -0.0090357 -0.0106131 -0.0096447 -0.0082493 -0.0081785 -0.0115658 -0.0095394 -0.0083543 -0.0095177 -0.0088380 -0.0086857 -0.0085678 -0.0098538 -0.0057791 -0.0081818 -0.0064954 -0.0040014 -0.0066578 -0.0091473 -0.0079500 -0.0089432 -0.0078554 -0.0089611 -0.0066831 -0.0120306 -0.0085779 -0.0048347 -0.0098129 -0.0091986 -0.0070111 -0.0105592 -0.0098223 -0.0098390 -0.0075153 -0.0086328 -0.0092782 -0.0086805 -0.0047407 -0.0091977 -0.0079419 -0.0048575 -0.0095509 -0.0092672 -0.0100496
-0.0300002 -0.0353069 0.1019614 -0.0302167 -0.0460349 -0.0258182 -0.0328577 -0.0305584 -0.0319675 -0.0309498 -0.0446013 0.0067713 -0.0317061 -0.0314198 -0.0325779 -0.0394905 -0.0107041 -0.0119478 -0.0312663 -0.0217930 -0.0206824 -0.0394550 -0.0476223 -0.0348808 -0.0306208 -0.0302680 1.3587015 -0.0125946 -0.0293404 -0.0479810 -0.0383978 -0.0238645 -0.0057507 -0.0064118 -0.0065476 -0.0065072 -0.0061582 -0.0066265 -0.0069190 -0.0066148 -0.0056439 -0.0059523 -0.0075225 -0.0064597 -0.0057740 -0.0066189 -0.0055717 -0.0060121 -0.0057322 -0.0066168 -0.0041792 -0.0063178 -0.0048225 -0.0046534 -0.0039241 -0.0068269 -0.0057177 -0.0063314 -0.0053169 -0.0065978 -0.0046274 -0.0086531 -0.0058756 -0.0042996 -0.0069305 -0.0069458 -0.0055560 -0.0075699 -0.0065943 -0.0066105 -0.0056117 -0.0061756 -0.0060989 -0.0061003 -0.0045427 -0.0064849 -0.0059098 -0.0043048 -0.0061419 -0.0063915 -0.0061764
-0.0134916 -0.0258610 -0.0273053 -0.0126630 -0.0191436 -0.0121020 -0.0167703 -0.0153998 -0.0148762 -0.0124422 -0.0221462 -0.0138897 -0.0135373 -0.0129884 -0.0127859 -0.0209389 -0.0043236 -0.0051222 -0.0136250 -0.0108036 -0.0095020 -0.0174242 -0.0325497 -0.0169187 -0.0129218 -0.0155255 -0.0125946 0.9790515 -0.0156257 -0.0183084 -0.0219686 -0.0121095 -0.0009100 -0.0008500 -0.0009925 -0.0008822 -0.0008149 -0.0010940 -0.0012699 -0.0009054 -0.0007180 -0.0006635 -0.0014934 -0.0008581 -0.0006226 -0.0010423 -0.0009506 -0.0009218 -0.0007127 -0.0010565 -0.0002068 -0.0005950 -0.0005754 -0.0005496 -0.0003221 -0.0011249 -0.0006584 -0.0011412 -0.0007880 -0.0011780 -0.0003269 -0.0022018 -0.0008837 -0.0004081 -0.0011635 -0.0011592 -0.0006997 -0.0014762 -0.0012799 -0.0011627 -0.0009741 -0.0007839 -0.0007801 -0.0010295 -0.0001765 -0.0010842 -0.0008359 -0.0003094 -0.0008468 -0.0009823 -0.0009419
-0.0347228 -0.0506185 -0.0517269 -0.0357689 -0.0511343 -0.0316998 -0.0369564 -0.0006247 -0.0340949 -0.0358334 -0.0499750 -0.0307721 -0.0380640 -0.0368408 -0.0381155 -0.0448081 -0.0138030 -0.0161283 -0.0335681 -0.0269884 -0.0255514 -0.0398139 0.2177423 -0.0399452 -0.0358476 -0.0347350 -0.0293404 -0.0156257 1.5329068 -0.0522438 -0.0403368 -0.0278665 -0.0085892 -0.0090862 -0.0092453 -0.0095887 -0.0091003 -0.0087984 -0.0102803 -0.0095747 -0.0085756 -0.0089499 -0.0104564 -0.0086611 -0.0085247 -0.0098082 -0.0090945 -0.0085732 -0.0084391 -0.0090603 -0.0067040 -0.0084893 -0.0072467 -0.0071851 -0.0070984 -0.0092818 -0.0085942 -0.0092362 -0.0080992 -0.0090447 -0.0072541 -0.0112882 -0.0090244 -0.0066232 -0.0093786 -0.0096444 -0.0077662 -0.0097941 -0.0098732 -0.0089364 -0.0082886 -0.0084672 -0.0093803 -0.0089232 -0.0070443 -0.0087827 -0.0087004 -0.0065448 -0.0087672 -0.0092435 -0.0092665
-0.0530824 -0.0662661 -0.0642620 -0.0583614 -0.0622195 0.1508327 -0.0572086 0.0449830 -0.0569141 -0.0585681 -0.0640709 -0.0503479 -0.0604762 -0.0598738 -0.0603590 -0.0625195 -0.0164300 -0.0308111 -0.0537486 -0.0402766 -0.0342680 -0.0617537 -0.0659413 -0.0571157 -0.0584058 -0.0548331 -0.0479810 -0.0183084 -0.0522438 2.4669681 -0.0654267 -0.0491484 -0.0195414 -0.0191280 -0.0201544 -0.0201985 -0.0196009 -0.0207712 -0.0190389 -0.0214355 -0.0177475 -0.0170899 -0.0226085 -0.0185235 -0.0183194 -0.0216423 -0.0187742 -0.0173019 -0.0201369 -0.0188616 -0.0158956 -0.0171788 -0.0185769 -0.0168167 -0.0130157 -0.0185012 -0.0166268 -0.0207298 -0.0171802 -0.0196009 -0.0188578 -0.0225647 -0.0178822 -0.0184877 -0.0171992 -0.0207043 -0.0178401 -0.0204931 -0.0186832 -0.0202707 -0.0192356 -0.0182988 -0.0194625 -0.0209198 -0.0121103 -0.0179472 -0.0191293 -0.0159264 -0.0197385 -0.0205399 -0.0208687
-0.0520786 -0.0665813 -0.0635140 -0.0553049 -0.0624074 -0.0422528 -0.0553844 -0.0508835 -0.0559898 -0.0563515 -0.0614122 -0.0446927 -0.0582120 -0.0576140 -0.0584780 -0.0615640 -0.0095709 -0.0102579 -0.0528196 -0.0356214 -0.0165939 -0.0601347 -0.0650061 -0.0543889 -0.0566850 -0.0536604 -0.0383978 -0.0219686 -0.0403368 -0.0654267 2.2683172 -0.0412217 -0.0137962 -0.0168530 -0.0168893 -0.0177823 -0.0163547 -0.0144187 -0.0179590 -0.0154126 -0.0151691 -0.0147491 -0.0177386 -0.0159471 -0.0159267 -0.0159813 -0.0160057 -0.0154188 -0.0141947 -0.0175983 -0.0123617 -0.0154302 -0.0106705 -0.0143689 -0.0127144 -0.0164161 -0.0152631 -0.0163351 -0.0162773 -0.0163567 -0.0125413 -0.0181008 -0.0143765 -0.0116002 -0.0162858 -0.0156959 -0.0125892 -0.0156366 -0.0168201 -0.0145771 -0.0168403 -0.0150258 -0.0156061 -0.0159152 -0.0121930 -0.0159214 -0.0150098 -0.0114997 -0.0167936 -0.0172922 -0.0182682
-0.0303446 0.2273862 -0.0482897 -0.0317616 -0.0472887 -0.0259460 -0.0317227 -0.0300232 -0.0318263 -0.0321454 -0.0464823 -0.0269305 -0.0332592 -0.0323214 -0.0340038 -0.0380456 -0.0117132 -0.0123069 -0.0302502 0.0099608 -0.0136131 -0.0382906 -0.0469823 -0.0347617 -0.0318453 -0.0294427 -0.0238645 -0.0121095 -0.0278665 -0.0491484 -0.0412217 1.3782475 -0.0056013 -0.0061477 -0.0068301 -0.0066542 -0.0071586 -0.0070424 -0.0075058 -0.0068801 -0.0063127 -0.0059821 -0.0076734 -0.0068436 -0.0063925 -0.0068114 -0.0069400 -0.0064631 -0.0064317 -0.0067264 -0.0050626 -0.0062980 -0.0059432 -0.0055875 -0.0047675 -0.0069939 -0.0059163 -0.0071991 -0.0060450 -0.0072439 -0.0056227 -0.0082987 -0.0064948 -0.0047306 -0.0066216 -0.0070362 -0.0057002 -0.0074977 -0.0078836 -0.0069996 -0.0053164 -0.0060839 -0.0065589 -0.0067259 -0.0051912 -0.0067106 -0.0064571 -0.0048051 -0.0069097 -0.0067994 -0.0066208
-0.0085189 -0.0182084 -0.0193070 -0.0079675 -0.0186609 -0.0068873 -0.0098741 -0.0095118 -0.0097084 -0.0081520 -0.0172112 -0.0078925 -0.0090541 -0.0087921 -0.0088592 -0.0129667 -0.0002869 -0.0010700 -0.0086117 -0.0053538 -0.0045028 -0.0126971 -0.0225243 -0.0111842 -0.0084694 -0.0089181 -0.0057507 -0.0009100 -0.0085892 -0.0195414 -0.0137962 -0.0056013 0.5814566 0.0034413 0.0037161 0.0039660 0.0036930 0.0033947 0.0034598 0.0037938 0.0033187 0.0036780 0.0035909 0.0034747 0.0034579 0.0039149 0.0035040 0.0032004 0.0035443 0.0036700 0.0029554 0.0035082 0.0033017 0.0028203 0.0027090 0.0036655 0.0032762 0.0032313 0.0035695 0.0027809 0.0030037 0.0030917 0.0032205 0.0029351 0.0033509 0.0036006 0.0029558 0.0032956 0.0029097 0.0036779 0.0032916 0.0035974 0.0036915 0.0031704 0.0027595 0.0029888 0.0033613 0.0028881 0.0037694 0.0038895 0.0037350
-0.0082660 -0.0183527 -0.0206123 -0.0091181 -0.0171087 -0.0069883 -0.0100743 -0.0098111 -0.0097722 -0.0085673 -0.0172135 -0.0076505 -0.0093844 -0.0091788 -0.0091970 -0.0130640 -0.0001370 -0.0010354 -0.0086278 -0.0053966 -0.0039474 -0.0125019 -0.0239345 -0.0115158 -0.0091288 -0.0085266 -0.0064118 -0.0008500 -0.0090862 -0.0191280 -0.0168530 -0.0061477 0.0034413 0.5440251 0.0041591 0.0041889 0.0037654 0.0036934 0.0035791 0.0040397 0.0035280 0.0039827 0.0038375 0.0036653 0.0037997 0.0040982 0.0037501 0.0035767 0.0037658 0.0041646 0.0031686 0.0037355 0.0033700 0.0029938 0.0030816 0.0039216 0.0035488 0.0034997 0.0039838 0.0031299 0.0033075 0.0033000 0.0034390 0.0031949 0.0036402 0.0039590 0.0032238 0.0036345 0.0031473 0.0040125 0.0036290 0.0038124 0.0039806 0.0035385 0.0029222 0.0033744 0.0036435 0.0030090 0.0040308 0.0040253 0.0040908
-0.0096726 -0.0205671 -0.0197006 -0.0100255 -0.0206648 -0.0075818 -0.0098842 -0.0099859 -0.0108031 -0.0105575 -0.0175748 -0.0076345 -0.0104471 -0.0106065 -0.0107960 -0.0126368 -0.0003950 -0.0013332 -0.0099423 -0.0055393 -0.0047740 -0.0141318 -0.0233034 -0.0117753 -0.0103501 -0.0090019 -0.0065476 -0.0009925 -0.0092453 -0.0201544 -0.0168893 -0.0068301 0.0037161 0.0041591 0.5030875 0.0046573 0.0040941 0.0040092 0.0040113 0.0044559 0.0037680 0.0044032 0.0042581 0.0038965 0.0043182 0.0045858 0.0042177 0.0036969 0.0041402 0.0044140 0.0033446 0.0041355 0.0037320 0.0031967 0.0033268 0.0041943 0.0037860 0.0037085 0.0041367 0.0032313 0.0037713 0.0036682 0.0038926 0.0034468 0.0040318 0.0042964 0.0036470 0.0039516 0.0037002 0.0044161 0.0041093 0.0041516 0.0044410 0.0038406 0.0031924 0.0036006 0.0039632 0.0033655 0.0046149 0.0045361 0.0045719
-0.0091958 -0.0220456 -0.0197686 -0.0099928 -0.0197708 -0.0072917 -0.0109672 -0.0101049 -0.0101542 -0.0099738 -0.0184134 -0.0077299 -0.0106635 -0.0108059 -0.0106633 -0.0145609 -0.0002789 -0.0011549 -0.0093430 -0.0061888 -0.0046754 -0.0137530 -0.0241231 -0.0122111 -0.0104496 -0.0097356 -0.0065072 -0.0008822 -0.0095887 -0.0201985 -0.0177823 -0.0066542 0.0039660 0.0041889 0.0046573 0.4957612 0.0042710 0.0040913 0.0040213 0.0045230 0.0040431 0.0043372 0.0043026 0.0041584 0.0042572 0.0046696 0.0042737 0.0037814 0.0042505 0.0045293 0.0035913 0.0042119 0.0037175 0.0033528 0.0034068 0.0042926 0.0039854 0.0040124 0.0041415 0.0033500 0.0037803 0.0039132 0.0037804 0.0035812 0.0042631 0.0043101 0.0036280 0.0040078 0.0036990 0.0044522 0.0040690 0.0043631 0.0043907 0.0038953 0.0032807 0.0037098 0.0041516 0.0033745 0.0046356 0.0044334 0.0045753
-0.0085646 -0.0234292 -0.0188252 -0.0087302 -0.0173817 -0.0069027 -0.0099248 -0.0097184 -0.0100347 -0.0086760 -0.0182492 -0.0072854 -0.0092049 -0.0088377 -0.0085457 -0.0131321 -0.0004871 -0.0010056 -0.0086916 -0.0057371 -0.0045352 -0.0130339 -0.0234664 -0.0116842 -0.0085799 -0.0089090 -0.0061582 -0.0008149 -0.0091003 -0.0196009 -0.0163547 -0.0071586 0.0036930 0.0037654 0.0040941 0.0042710 0.5382890 0.0037372 0.0037749 0.0040632 0.0034979 0.0039906 0.0040996 0.0038082 0.0040393 0.0042808 0.0039215 0.0033769 0.0038093 0.0040170 0.0031839 0.0039059 0.0034575 0.0031247 0.0031204 0.0041343 0.0036099 0.0034911 0.0037929 0.0031826 0.0035448 0.0034768 0.0035742 0.0031495 0.0037635 0.0039501 0.0034349 0.0036080 0.0033317 0.0041847 0.0037533 0.0038870 0.0042547 0.0036225 0.0029251 0.0034223 0.0036841 0.0030654 0.0042578 0.0040148 0.0042261
-0.0088065 -0.0228710 -0.0194687 -0.0090769 -0.0198011 -0.0072716 -0.0096133 -0.0102503 -0.0103460 -0.0088838 -0.0176882 -0.0076350 -0.0094914 -0.0095634 -0.0092888 -0.0128893 -0.0005788 -0.0014044 -0.0088897 -0.0061605 -0.0047273 -0.0132557 -0.0234749 -0.0115676 -0.0094121 -0.0090357 -0.0066265 -0.0010940 -0.0087984 -0.0207712 -0.0144187 -0.0070424 0.0033947 0.0036934 0.0040092 0.0040913 0.0037372 0.5509499 0.0035657 0.0041697 0.0034103 0.0039439 0.0038442 0.0034636 0.0038270 0.0040675 0.0036485 0.0033559 0.0037538 0.0040078 0.0031897 0.0037234 0.0033754 0.0029493 0.0030283 0.0037056 0.0034209 0.0034472 0.0038191 0.0031004 0.0033473 0.0033570 0.0034189 0.0032818 0.0036358 0.0037195 0.0032115 0.0033531 0.0031078 0.0039469 0.0036255 0.0037112 0.0038289 0.0033651 0.0027747 0.0031665 0.0035947 0.0030946 0.0040310 0.0040262 0.0041424
-0.0099270 -0.0223591 -0.0205651 -0.0103435 -0.0209646 -0.0077962 -0.0114949 -0.0112214 -0.0113935 -0.0105436 -0.0180220 -0.0085476 -0.0111868 -0.0112235 -0.0112107 -0.0154431 -0.0009313 -0.0016851 -0.0106464 -0.0066914 -0.0054251 -0.0150638 -0.0253715 -0.0123170 -0.0108450 -0.0106131 -0.0069190 -0.0012699 -0.0102803 -0.0190389 -0.0179590 -0.0075058 0.0034598 0.0035791 0.0040113 0.0040213 0.0037749 0.0035657 0.5370772 0.0037852 0.0033495 0.0038486 0.0037343 0.0037967 0.0037944 0.0040269 0.0034603 0.0032376 0.0037488 0.0040601 0.0030258 0.0037740 0.0034700 0.0028824 0.0029101 0.0038944 0.0034233 0.0034197 0.0039717 0.0031447 0.0034131 0.0032813 0.0035244 0.0031568 0.0035538 0.0037372 0.0032937 0.0035968 0.0031260 0.0039867 0.0036452 0.0039600 0.0039760 0.0035414 0.0031377 0.0032332 0.0036479 0.0031202 0.0040762 0.0039454 0.0040917
-0.0091446 -0.0222970 -0.0201831 -0.0100530 -0.0188637 -0.0078667 -0.0105757 -0.0100544 -0.0101942 -0.0104620 -0.0186487 -0.0077000 -0.0108972 -0.0110186 -0.0107014 -0.0134148 -0.0003669 -0.0013251 -0.0090202 -0.0060711 -0.0048150 -0.0134615 -0.0243537 -0.0120743 -0.0105303 -0.0096447 -0.0066148 -0.0009054 -0.0095747 -0.0214355 -0.0154126 -0.0068801 0.0037938 0.0040397 0.0044559 0.0045230 0.0040632 0.0041697 0.0037852 0.5079683 0.0037811 0.0042897 0.0043877 0.0039196 0.0042714 0.0047979 0.0040079 0.0038068 0.0039903 0.0042108 0.0033361 0.0040850 0.0036689 0.0032403 0.0032327 0.0041433 0.0039385 0.0037809 0.0041806 0.0033413 0.0037084 0.0037496 0.0037388 0.0033637 0.0039508 0.0042388 0.0035562 0.0038237 0.0035151 0.0043053 0.0039377 0.0043788 0.0042867 0.0037627 0.0030330 0.0036502 0.0039774 0.0032497 0.0043954 0.0044555 0.0046001
-0.0081613 -0.0202730 -0.0179598 -0.0079967 -0.0174670 -0.0064880 -0.0091006 -0.0092789 -0.0088687 -0.0080629 -0.0159136 -0.0068734 -0.0082956 -0.0079907 -0.0081647 -0.0127954 -0.0002547 -0.0011664 -0.0079954 -0.0054739 -0.0044197 -0.0112635 -0.0236204 -0.0103122 -0.0080041 -0.0082493 -0.0056439 -0.0007180 -0.0085756 -0.0177475 -0.0151691 -0.0063127 0.0033187 0.0035280 0.0037680 0.0040431 0.0034979 0.0034103 0.0033495 0.0037811 0.5777928 0.0038016 0.0038540 0.0034484 0.0036038 0.0038916 0.0035636 0.0032131 0.0035029 0.0036696 0.0029425 0.0034282 0.0031250 0.0028847 0.0028564 0.0036547 0.0033565 0.0033616 0.0034245 0.0027804 0.0031702 0.0031827 0.0033500 0.0029664 0.0033962 0.0036912 0.0030497 0.0033067 0.0030440 0.0037568 0.0034392 0.0035822 0.0036973 0.0033303 0.0026285 0.0031913 0.0034359 0.0029977 0.0037904 0.0037334 0.0039983
-0.0083168 -0.0201752 -0.0191577 -0.0081302 -0.0177359 -0.0063877 -0.0091157 -0.0092220 -0.0104432 -0.0081878 -0.0190388 -0.0072460 -0.0089906 -0.0082062 -0.0086955 -0.0119099 -0.0001979 -0.0011511 -0.0095009 -0.0051636 -0.0042184 -0.0138076 -0.0238540 -0.0121154 -0.0083728 -0.0081785 -0.0059523 -0.0006635 -0.0089499 -0.0170899 -0.0147491 -0.0059821 0.0036780 0.0039827 0.0044032 0.0043372 0.0039906 0.0039439 0.0038486 0.0042897 0.0038016 0.5295728 0.0040735 0.0038885 0.0039288 0.0044695 0.0040639 0.0035489 0.0039646 0.0043632 0.0032625 0.0039842 0.0035540 0.0030698 0.0031571 0.0041808 0.0037126 0.0035244 0.0038643 0.0034138 0.0035987 0.0036444 0.0036918 0.0033028 0.0037178 0.0039906 0.0034720 0.0038056 0.0035042 0.0041293 0.0037832 0.0040435 0.0041018 0.0036269 0.0030042 0.0035887 0.0038086 0.0031755 0.0043487 0.0042384 0.0043400
-0.0109772 -0.0223164 -0.0197353 -0.0126208 -0.0209470 -0.0091443 -0.0123514 -0.0109756 -0.0128988 -0.0125774 -0.0202863 -0.0085451 -0.0139085 -0.0135286 -0.0137766 -0.0160646 -0.0010364 -0.0020238 -0.0113700 -0.0069867 -0.0062468 -0.0166791 -0.0234296 -0.0139192 -0.0130234 -0.0115658 -0.0075225 -0.0014934 -0.0104564 -0.0226085 -0.0177386 -0.0076734 0.0035909 0.0038375 0.0042581 0.0043026 0.0040996 0.0038442 0.0037343 0.0043877 0.0038540 0.0040735 0.5093066 0.0039301 0.0040557 0.0042751 0.0038766 0.0034649 0.0040140 0.0041230 0.0034019 0.0039664 0.0034181 0.0032630 0.0033980 0.0040306 0.0035925 0.0035434 0.0041259 0.0032252 0.0035326 0.0033972 0.0036306 0.0033136 0.0039998 0.0039930 0.0034450 0.0037680 0.0032030 0.0042966 0.0039729 0.0041049 0.0043427 0.0037094 0.0029479 0.0033130 0.0037420 0.0034765 0.0042592 0.0042105 0.0043293
-0.0088613 -0.0222764 -0.0208937 -0.0089681 -0.0179646 -0.0071861 -0.0108051 -0.0095979 -0.0095191 -0.0088701 -0.0174986 -0.0077922 -0.0091392 -0.0095392 -0.0096113 -0.0145534 -0.0004707 -0.0013471 -0.0087306 -0.0060057 -0.0044529 -0.0129161 -0.0216570 -0.0115571 -0.0091477 -0.0095394 -0.0064597 -0.0008581 -0.0086611 -0.0185235 -0.0159471 -0.0068436 0.0034747 0.0036653 0.0038965 0.0041584 0.0038082 0.0034636 0.0037967 0.0039196 0.0034484 0.0038885 0.0039301 0.5549106 0.0039353 0.0040676 0.0036006 0.0032799 0.0036698 0.0040486 0.0031586 0.0035837 0.0034130 0.0031732 0.0029481 0.0038171 0.0035427 0.0034222 0.0036202 0.0029228 0.0032812 0.0033753 0.0034362 0.0030459 0.0036073 0.0038834 0.0032118 0.0034674 0.0030811 0.0039160 0.0036275 0.0038320 0.0039640 0.0035570 0.0027716 0.0032749 0.0037083 0.0029877 0.0039780 0.0039790 0.0040863
-0.0078557 -0.0213521 -0.0185166 -0.0080794 -0.0173370 -0.0066305 -0.0092040 -0.0092908 -0.0095211 -0.0081090 -0.0174348 -0.0072594 -0.0086069 -0.0083452 -0.0083337 -0.0119069 -0.0004086 -0.0009052 -0.0084513 -0.0052493 -0.0043499 -0.0123584 -0.0231906 -0.0113848 -0.0080318 -0.0083543 -0.0057740 -0.0006226 -0.0085247 -0.0183194 -0.0159267 -0.0063925 0.0034579 0.0037997 0.0043182 0.0042572 0.0040393 0.0038270 0.0037944 0.0042714 0.0036038 0.0039288 0.0040557 0.0039353 0.5428417 0.0041001 0.0039581 0.0034409 0.0038782 0.0040549 0.0032436 0.0039483 0.0034831 0.0030986 0.0030314 0.0038977 0.0036531 0.0035203 0.0039871 0.0031801 0.0035066 0.0035571 0.0036240 0.0032564 0.0037310 0.0038742 0.0033960 0.0036526 0.0033312 0.0040544 0.0037715 0.0038655 0.0040168 0.0036840 0.0029602 0.0034767 0.0036784 0.0031161 0.0042697 0.0041584 0.0042076
