1.6077095 -0.0542507 -0.0528427 -0.0454622 -0.0514070 -0.0317288 -0.0438021 -0.0340220 -0.0441336 -0.0464924 -0.0507786 -0.0312181 -0.0475963 -0.0470575 -0.0477506 -0.0496681 -0.0104956 -0.0128312 0.0496644 -0.0263089 -0.0227862 0.1555888 -0.0533568 -0.0404839 -0.0454630 -0.0399306 -0.0295584 -0.0119707 -0.0335978 -0.0537292 -0.0524198 -0.0296451 -0.0075971 -0.0072600 -0.0090441 -0.0084288 -0.0079466 -0.0076562 -0.0090505 -0.0083106 -0.0071622 -0.0078447 -0.0102805 -0.0080640 -0.0068627 -0.0088466 -0.0079623 -0.0080326 -0.0074175 -0.0080058 -0.0047704 -0.0072362 -0.0051966 -0.0053364 -0.0047192 -0.0083846 -0.0066073 -0.0081484 -0.0069716 -0.0075903 -0.0065294 -0.0113796 -0.0072847 -0.0044027 -0.0086196 -0.0083096 -0.0070056 -0.0097487 -0.0083595 -0.0085540 -0.0071569 -0.0076827 -0.0083201 -0.0080119 -0.0040292 -0.0069358 -0.0079537 -0.0041992 -0.0081291 -0.0084856 -0.0085158
-0.0542507 2.5991306 -0.0677492 -0.0592432 -0.0649705 -0.0446766 -0.0565368 -0.0530123 -0.0581951 -0.0597203 -0.0638352 -0.0524616 -0.0617175 -0.0606833 -0.0621253 -0.0632029 -0.0286647 -0.0231221 -0.0550955 0.1514179 -0.0001648 -0.0631306 -0.0644370 -0.0575411 -0.0598465 -0.0559023 -0.0446431 -0.0239429 -0.0525917 -0.0663676 -0.0663745 0.2270249 -0.0175054 -0.0181732 -0.0199671 -0.0216842 -0.0227992 -0.0224048 -0.0218908 -0.0215985 -0.0196659 -0.0196163 -0.0222059 -0.0217386 -0.0207859 -0.0210737 -0.0226776 -0.0206308 -0.0217758 -0.0207987 -0.0180499 -0.0214609 -0.0221484 -0.0213468 -0.0189486 -0.0213635 -0.0183871 -0.0218231 -0.0201441 -0.0223663 -0.0197747 -0.0236457 -0.0205612 -0.0194856 -0.0205744 -0.0202840 -0.0193135 -0.0221575 -0.0239287 -0.0222399 -0.0155628 -0.0204618 -0.0214592 -0.0203708 -0.0183214 -0.0211161 -0.0216942 -0.0174841 -0.0219964 -0.0226789 -0.0210987
-0.0528427 -0.0677492 2.4879038 -0.0560690 -0.0633947 -0.0280120 -0.0561685 -0.0523015 -0.0568131 -0.0585288 -0.0623886 0.2653632 -0.0608150 -0.0598895 -0.0592205 -0.0626105 -0.0226561 -0.0244782 -0.0526609 -0.0466496 -0.0434965 -0.0622319 -0.0646692 -0.0561489 -0.0584059 -0.0543861 0.0996199 -0.0260725 -0.0515400 -0.0644442 -0.0634725 -0.0479978 -0.0188554 -0.0202024 -0.0193659 -0.0194800 -0.0182036 -0.0192022 -0.0200563 -0.0197768 -0.0174040 -0.0187426 -0.0195317 -0.0203389 -0.0179921 -0.0209795 -0.0152859 -0.0192064 -0.0188233 -0.0196145 -0.0145656 -0.0195063 -0.0176033 -0.0159690 -0.0139735 -0.0215242 -0.0187357 -0.0169936 -0.0176849 -0.0191702 -0.0156952 -0.0222720 -0.0182646 -0.0166834 -0.0205494 -0.0219077 -0.0187856 -0.0216381 -0.0163190 -0.0207761 -0.0181742 -0.0204491 -0.0191183 -0.0178101 -0.0172374 -0.0200807 -0.0177368 -0.0158746 -0.0183398 -0.0196516 -0.0187031
-0.0454622 -0.0592432 -0.0560690 1.8400005 -0.0562191 -0.0371467 -0.0479111 -0.0422369 -0.0490860 0.0560945 -0.0547468 -0.0374511 0.0780982 0.0693565 -0.0514909 -0.0530640 -0.0147610 -0.0148423 -0.0467282 -0.0317767 -0.0270198 -0.0541977 -0.0576786 -0.0487983 0.0404821 -0.0465341 -0.0339420 -0.0160969 -0.0419244 -0.0590528 -0.0553075 -0.0361734 -0.0097804 -0.0108215 -0.0114617 -0.0116316 -0.0104652 -0.0109150 -0.0120803 -0.0117517 -0.0095924 -0.0095442 -0.0141629 -0.0107519 -0.0096350 -0.0113037 -0.0101744 -0.0100056 -0.0096143 -0.0113212 -0.0075552 -0.0097437 -0.0079057 -0.0072288 -0.0072314 -0.0118039 -0.0094111 -0.0111147 -0.0096057 -0.0102365 -0.0075640 -0.0143371 -0.0102549 -0.0077550 -0.0117644 -0.0113262 -0.0086265 -0.0122669 -0.0118585 -0.0116975 -0.0097438 -0.0098425 -0.0099357 -0.0100657 -0.0053192 -0.0095733 -0.0102021 -0.0068243 -0.0098984 -0.0113414 -0.0110884
-0.0514070 -0.0649705 -0.0633947 -0.0562191 2.3531413 -0.0484620 -0.0540523 0.1809779 -0.0563949 -0.0569026 -0.0612717 -0.0493940 -0.0592139 -0.0578653 -0.0591772 -0.0599176 -0.0162722 -0.0218326 -0.0529627 -0.0179724 -0.0163797 -0.0617535 -0.0639744 -0.0555294 -0.0570680 -0.0534064 -0.0456201 -0.0209869 -0.0496871 -0.0619677 -0.0616115 -0.0448450 -0.0176471 -0.0169012 -0.0196319 -0.0189639 -0.0172292 -0.0188941 -0.0206325 -0.0181209 -0.0165603 -0.0169012 -0.0199142 -0.0167148 -0.0161609 -0.0197722 -0.0178393 -0.0155316 -0.0165622 -0.0187813 -0.0153958 -0.0181583 -0.0158423 -0.0144500 -0.0121774 -0.0163686 -0.0165513 -0.0173939 -0.0170032 -0.0170410 -0.0130754 -0.0216204 -0.0146298 -0.0097104 -0.0178744 -0.0190612 -0.0165263 -0.0181268 -0.0170032 -0.0183964 -0.0152403 -0.0166077 -0.0172924 -0.0162471 -0.0120660 -0.0159238 -0.0165904 -0.0127855 -0.0171549 -0.0182909 -0.0190954
-0.0317288 -0.0446766 -0.0280120 -0.0371467 -0.0484620 1.4298412 -0.0366728 -0.0158530 -0.0252122 -0.0381428 -0.0462734 -0.0239786 -0.0406374 -0.0396816 -0.0267231 -0.0452426 -0.0116985 -0.0139891 -0.0327486 -0.0241328 -0.0217508 -0.0406123 -0.0498137 -0.0363711 -0.0378074 -0.0342436 -0.0257522 -0.0123688 -0.0314224 0.1485012 -0.0406701 -0.0264511 -0.0070041 -0.0071142 -0.0076842 -0.0073842 -0.0070295 -0.0073818 -0.0079171 -0.0079476 -0.0066229 -0.0065475 -0.0092076 -0.0073114 -0.0067909 -0.0079030 -0.0071512 -0.0066051 -0.0072349 -0.0073954 -0.0049210 -0.0067186 -0.0058851 -0.0054274 -0.0047149 -0.0076773 -0.0062749 -0.0077173 -0.0061512 -0.0078463 -0.0059441 -0.0093552 -0.0070652 -0.0053286 -0.0073772 -0.0078336 -0.0064696 -0.0081784 -0.0078566 -0.0077786 -0.0068016 -0.0069228 -0.0070873 -0.0075158 -0.0043232 -0.0070319 -0.0071826 -0.0053492 -0.0074292 -0.0076817 -0.0077568
-0.0438021 -0.0565368 -0.0561685 -0.0479111 -0.0540523 -0.0366728 1.7812073 -0.0391126 -0.0474891 -0.0493133 -0.0544154 -0.0349373 -0.0510296 -0.0501720 -0.0510403 0.2208650 -0.0144582 -0.0139883 -0.0450449 -0.0264152 -0.0252079 -0.0531308 -0.0564975 -0.0470213 -0.0486524 0.0692673 -0.0317798 -0.0159057 -0.0371352 -0.0573258 -0.0550832 -0.0312459 -0.0094568 -0.0096597 -0.0095063 -0.0106248 -0.0093030 -0.0091636 -0.0111654 -0.0100764 -0.0085784 -0.0086156 -0.0120920 -0.0103328 -0.0087610 -0.0099085 -0.0093858 -0.0093220 -0.0088934 -0.0108230 -0.0061414 -0.0088787 -0.0072335 -0.0041334 -0.0069078 -0.0098543 -0.0082900 -0.0094428 -0.0085330 -0.0091493 -0.0069198 -0.0129163 -0.0096621 -0.0044278 -0.0099422 -0.0096435 -0.0067366 -0.0110422 -0.0104322 -0.0102343 -0.0081412 -0.0089842 -0.0095723 -0.0089537 -0.0053311 -0.0098322 -0.0082768 -0.0050638 -0.0100040 -0.0094889 -0.0104602
-0.0340220 -0.0530123 -0.0523015 -0.0422369 0.1809779 -0.0158530 -0.0391126 1.5509627 -0.0408070 -0.0435428 -0.0497766 -0.0317733 -0.0463195 -0.0450794 -0.0456052 -0.0478847 -0.0124246 -0.0145120 -0.0356652 -0.0233051 -0.0207404 -0.0461625 -0.0471157 -0.0401271 -0.0425491 -0.0366598 -0.0293773 -0.0135240 -0.0324230 0.0732833 -0.0490651 -0.0289061 -0.0085219 -0.0086257 -0.0090125 -0.0090718 -0.0086581 -0.0092073 -0.0102343 -0.0089416 -0.0079728 -0.0078848 -0.0101752 -0.0086255 -0.0080342 -0.0096456 -0.0086483 -0.0081664 -0.0085270 -0.0094424 -0.0067832 -0.0080032 -0.0075572 -0.0065505 -0.0060947 -0.0086545 -0.0080532 -0.0089227 -0.0080145 -0.0084545 -0.0065028 -0.0113099 -0.0077128 -0.0057408 -0.0091438 -0.0092461 -0.0077997 -0.0095461 -0.0090703 -0.0092150 -0.0077105 -0.0082980 -0.0087545 -0.0086073 -0.0052677 -0.0079647 -0.0082139 -0.0060608 -0.0084399 -0.0091635 -0.0091481
-0.0441336 -0.0581951 -0.0568131 -0.0490860 -0.0563949 -0.0252122 -0.0474891 -0.0408070 1.8620203 -0.0496069 -0.0551971 -0.0366550 -0.0513525 -0.0513888 0.3202565 -0.0533366 -0.0147677 -0.0070962 -0.0459593 -0.0273143 -0.0218525 -0.0528952 -0.0563643 -0.0479985 -0.0493100 -0.0459709 -0.0292530 -0.0131334 -0.0328815 -0.0575203 -0.0561422 -0.0264200 -0.0080370 -0.0089576 -0.0099613 -0.0088844 -0.0086072 -0.0092880 -0.0099021 -0.0095732 -0.0084279 -0.0092508 -0.0120781 -0.0085930 -0.0091303 -0.0096222 -0.0090103 -0.0088656 -0.0102631 -0.0109195 -0.0037627 -0.0077349 -0.0057026 -0.0038456 -0.0045375 -0.0104174 -0.0082999 -0.0076610 -0.0085986 -0.0093660 -0.0053317 -0.0125650 -0.0082040 -0.0040062 -0.0106039 -0.0106354 -0.0066582 -0.0119199 -0.0090975 -0.0109188 -0.0080859 -0.0086972 -0.0099513 -0.0091333 -0.0048608 -0.0096465 -0.0083027 -0.0053154 -0.0102630 -0.0096544 -0.0096823
-0.0464924 -0.0597203 -0.0585288 0.0560945 -0.0569026 -0.0381428 -0.0493133 -0.0435428 -0.0496069 1.8987994 -0.0569981 -0.0395627 0.1091921 0.0932438 -0.0525555 -0.0545850 -0.0146102 -0.0152666 -0.0477444 -0.0328339 -0.0275394 -0.0552920 -0.0584483 -0.0495470 0.0614161 -0.0474520 -0.0352070 -0.0163182 -0.0434138 -0.0597143 -0.0572512 -0.0374957 -0.0102710 -0.0105866 -0.0122987 -0.0119267 -0.0107179 -0.0110701 -0.0125821 -0.0124904 -0.0099224 -0.0098038 -0.0145245 -0.0109825 -0.0099540 -0.0118097 -0.0104584 -0.0108711 -0.0099129 -0.0117661 -0.0079067 -0.0102614 -0.0077474 -0.0072989 -0.0074607 -0.0122668 -0.0097658 -0.0114440 -0.0097934 -0.0107133 -0.0078517 -0.0139670 -0.0105195 -0.0078945 -0.0122693 -0.0120260 -0.0085477 -0.0121311 -0.0116084 -0.0116144 -0.0099715 -0.0099691 -0.0106838 -0.0105787 -0.0056221 -0.0097674 -0.0107869 -0.0070960 -0.0107386 -0.0117163 -0.0113944
-0.0507786 -0.0638352 -0.0623886 -0.0547468 -0.0612717 -0.0462734 -0.0544154 -0.0497766 -0.0551971 -0.0569981 2.2975292 -0.0484005 -0.0565664 -0.0572221 -0.0584898 -0.0594641 -0.0217393 -0.0234001 -0.0516262 -0.0395708 -0.0343307 -0.0592916 -0.0633397 0.2421027 -0.0551123 -0.0522429 -0.0439407 -0.0210714 -0.0497859 -0.0642312 -0.0613617 -0.0462553 -0.0166026 -0.0164823 -0.0170858 -0.0179471 -0.0176184 -0.0171198 -0.0176076 -0.0181510 -0.0153399 -0.0183975 -0.0200563 -0.0168700 -0.0168154 -0.0180495 -0.0185519 -0.0172140 -0.0166732 -0.0186414 -0.0123174 -0.0172217 -0.0127450 -0.0137319 -0.0137268 -0.0189214 -0.0161972 -0.0183254 -0.0153166 -0.0165433 -0.0158591 -0.0210638 -0.0172046 -0.0140441 -0.0182398 -0.0175980 -0.0159123 -0.0179529 -0.0176570 -0.0188490 -0.0155013 -0.0158481 -0.0179919 -0.0159402 -0.0134914 -0.0165705 -0.0164849 -0.0154054 -0.0163771 -0.0168128 -0.0187438
-0.0312181 -0.0524616 0.2653632 -0.0374511 -0.0493940 -0.0239786 -0.0349373 -0.0317733 -0.0366550 -0.0395627 -0.0484005 1.4808382 -0.0427944 -0.0416607 -0.0407454 -0.0418631 -0.0125432 -0.0129723 -0.0332718 -0.0256499 -0.0241265 -0.0432870 -0.0396424 -0.0367328 -0.0393208 -0.0330398 0.0064454 -0.0138693 -0.0292140 -0.0504716 -0.0426368 -0.0269484 -0.0079476 -0.0077075 -0.0076694 -0.0077890 -0.0073089 -0.0077232 -0.0085757 -0.0077191 -0.0069182 -0.0073391 -0.0085604 -0.0078184 -0.0072961 -0.0084943 -0.0068745 -0.0079269 -0.0073426 -0.0081797 -0.0054595 -0.0078280 -0.0064886 -0.0055473 -0.0057132 -0.0085731 -0.0074207 -0.0075285 -0.0069131 -0.0075129 -0.0059775 -0.0098173 -0.0072517 -0.0058931 -0.0085166 -0.0088788 -0.0073975 -0.0091699 -0.0076806 -0.0083581 -0.0071125 -0.0081167 -0.0078225 -0.0070332 -0.0059086 -0.0081024 -0.0073627 -0.0055198 -0.0075379 -0.0077366 -0.0075652
-0.0475963 -0.0617175 -0.0608150 0.0780982 -0.0592139 -0.0406374 -0.0510296 -0.0463195 -0.0513525 0.1091921 -0.0565664 -0.0427944 2.0063379 0.1072456 -0.0544555 -0.0566287 -0.0162654 -0.0157000 -0.0492710 -0.0353043 -0.0298970 -0.0571112 -0.0606179 -0.0509505 0.0753068 -0.0488950 -0.0370421 -0.0181216 -0.0462417 -0.0616341 -0.0590266 -0.0402575 -0.0115345 -0.0118749 -0.0125862 -0.0130618 -0.0117378 -0.0120874 -0.0136724 -0.0133480 -0.0105936 -0.0109223 -0.0161513 -0.0117330 -0.0108132 -0.0130198 -0.0113455 -0.0119602 -0.0109902 -0.0133963 -0.0087868 -0.0112198 -0.0088824 -0.0078244 -0.0079966 -0.0129332 -0.0105426 -0.0120744 -0.0111315 -0.0111231 -0.0083674 -0.0155006 -0.0113988 -0.0089499 -0.0134759 -0.0128879 -0.0092447 -0.0138978 -0.0134899 -0.0132886 -0.0112100 -0.0112390 -0.0115722 -0.0119782 -0.0063960 -0.0106849 -0.0113888 -0.0079163 -0.0113466 -0.0128998 -0.0130646
-0.0470575 -0.0606833 -0.0598895 0.0693565 -0.0578653 -0.0396816 -0.0501720 -0.0450794 -0.0513888 0.0932438 -0.0572221 -0.0416607 0.1072456 1.9618485 -0.0534767 -0.0558263 -0.0154665 -0.0145232 -0.0488023 -0.0341570 -0.0286705 -0.0567469 -0.0594430 -0.0503843 0.0617361 -0.0485309 -0.0360294 -0.0173372 -0.0446804 -0.0609646 -0.0584014 -0.0384404 -0.0110783 -0.0114718 -0.0125454 -0.0129638 -0.0111152 -0.0119252 -0.0134785 -0.0132168 -0.0100861 -0.0100509 -0.0156301 -0.0118348 -0.0104064 -0.0124850 -0.0113145 -0.0115877 -0.0102726 -0.0129521 -0.0090265 -0.0110632 -0.0087512 -0.0078599 -0.0083320 -0.0130095 -0.0103088 -0.0124408 -0.0104507 -0.0111714 -0.0081449 -0.0150252 -0.0110964 -0.0087737 -0.0128667 -0.0130841 -0.0091189 -0.0134096 -0.0130386 -0.0128179 -0.0107288 -0.0104149 -0.0117295 -0.0116350 -0.0064146 -0.0105244 -0.0113016 -0.0076326 -0.0109757 -0.0124215 -0.0124340
-0.0477506 -0.0621253 -0.0592205 -0.0514909 -0.0591772 -0.0267231 -0.0510403 -0.0456052 0.3202565 -0.0525555 -0.0584898 -0.0407454 -0.0544555 -0.0534767 2.0493643 -0.0559267 -0.0145073 -0.0065551 -0.0493001 -0.0298610 -0.0219078 -0.0573843 -0.0595171 -0.0508526 -0.0528334 -0.0491776 -0.0333066 -0.0139042 -0.0362898 -0.0610315 -0.0584201 -0.0288737 -0.0092923 -0.0100939 -0.0115550 -0.0104709 -0.0094119 -0.0102401 -0.0116449 -0.0108374 -0.0096771 -0.0107535 -0.0139363 -0.0104640 -0.0102809 -0.0124266 -0.0110098 -0.0100822 -0.0114570 -0.0124817 -0.0033380 -0.0092330 -0.0063997 -0.0036838 -0.0045162 -0.0122519 -0.0091984 -0.0088244 -0.0100475 -0.0111564 -0.0064484 -0.0142822 -0.0089535 -0.0043140 -0.0118649 -0.0120695 -0.0075323 -0.0129702 -0.0104472 -0.0120497 -0.0094879 -0.0094752 -0.0109613 -0.0106641 -0.0058788 -0.0113449 -0.0096501 -0.0056494 -0.0119197 -0.0112827 -0.0109723
-0.0496681 -0.0632029 -0.0626105 -0.0530640 -0.0599176 -0.0452426 0.2208650 -0.0478847 -0.0533366 -0.0545850 -0.0594641 -0.0418631 -0.0566287 -0.0558263 -0.0559267 2.1378462 -0.0171008 -0.0154786 -0.0510161 -0.0297419 -0.0288480 -0.0586513 -0.0619136 -0.0532302 -0.0538737 0.1678630 -0.0370626 -0.0190022 -0.0454384 -0.0624397 -0.0614378 -0.0369430 -0.0119536 -0.0120355 -0.0117597 -0.0137049 -0.0117385 -0.0118453 -0.0146094 -0.0122611 -0.0116111 -0.0107359 -0.0154109 -0.0134195 -0.0108346 -0.0130491 -0.0121881 -0.0119717 -0.0111027 -0.0139870 -0.0076968 -0.0122117 -0.0093518 -0.0034263 -0.0090055 -0.0120397 -0.0105113 -0.0120240 -0.0102526 -0.0111205 -0.0087926 -0.0166520 -0.0121721 -0.0054087 -0.0123800 -0.0126556 -0.0082331 -0.0138959 -0.0129401 -0.0132025 -0.0099679 -0.0112082 -0.0125463 -0.0113056 -0.0056789 -0.0123015 -0.0105039 -0.0056036 -0.0131028 -0.0117838 -0.0139980
-0.0104956 -0.0286647 -0.0226561 -0.0147610 -0.0162722 -0.0116985 -0.0144582 -0.0124246 -0.0147677 -0.0146102 -0.0217393 -0.0125432 -0.0162654 -0.0154665 -0.0145073 -0.0171008 0.9458138 -0.0044516 -0.0097572 -0.0113870 -0.0092674 -0.0109934 -0.0173614 -0.0164341 -0.0148491 -0.0140690 -0.0108874 -0.0045633 -0.0121557 -0.0173314 -0.0091235 -0.0118107 -0.0004457 -0.0002860 -0.0005365 -0.0004251 -0.0006537 -0.0007268 -0.0010883 -0.0005089 -0.0004147 -0.0003700 -0.0011510 -0.0006202 -0.0005631 -0.0006371 -0.0006370 -0.0007498 -0.0005658 -0.0006584 -0.0000989 -0.0003936 -0.0001634 -0.0001044 -0.0002212 -0.0003680 -0.0004570 -0.0006868 -0.0002657 -0.0008791 -0.0002318 -0.0016695 -0.0004355 -0.0001611 -0.0009332 -0.0005684 -0.0005634 -0.0010802 -0.0010777 -0.0007659 -0.0004070 -0.0004796 -0.0006344 -0.0006206 -0.0002188 -0.0006508 -0.0004542 -0.0003987 -0.0005062 -0.0006155 -0.0005849
-0.0128312 -0.0231221 -0.0244782 -0.0148423 -0.0218326 -0.0139891 -0.0139883 -0.0145120 -0.0070962 -0.0152666 -0.0234001 -0.0129723 -0.0157000 -0.0145232 -0.0065551 -0.0154786 -0.0044516 1.0249330 -0.0133139 -0.0103815 -0.0091933 -0.0152458 -0.0305488 -0.0174220 -0.0149755 -0.0132616 -0.0123748 -0.0054089 -0.0161652 -0.0309919 -0.0101871 -0.0123118 -0.0012368 -0.0012064 -0.0014838 -0.0013092 -0.0011848 -0.0015776 -0.0018567 -0.0014716 -0.0013460 -0.0013331 -0.0021615 -0.0015191 -0.0010839 -0.0015947 -0.0014294 -0.0013631 -0.0011516 -0.0014953 -0.0005479 -0.0014032 -0.0007556 -0.0007701 -0.0007924 -0.0014587 -0.0014846 -0.0016514 -0.0012256 -0.0017566 -0.0009077 -0.0024947 -0.0014109 -0.0006133 -0.0016619 -0.0016177 -0.0010766 -0.0019253 -0.0017251 -0.0016192 -0.0013475 -0.0010945 -0.0013305 -0.0015126 -0.0006843 -0.0015003 -0.0013562 -0.0007371 -0.0013431 -0.0015222 -0.0013230
0.0496644 -0.0550955 -0.0526609 -0.0467282 -0.0529627 -0.0327486 -0.0450449 -0.0356652 -0.0459593 -0.0477444 -0.0516262 -0.0332718 -0.0492710 -0.0488023 -0.0493001 -0.0510161 -0.0097572 -0.0133139 1.6905260 -0.0271515 -0.0224826 0.2424398 -0.0542700 -0.0433719 -0.0472657 -0.0427094 -0.0305090 -0.0112388 -0.0345814 -0.0537672 -0.0525888 -0.0298595 -0.0078051 -0.0075110 -0.0095253 -0.0087822 -0.0078943 -0.0079468 -0.0099152 -0.0083616 -0.0072596 -0.0087175 -0.0105541 -0.0080722 -0.0074402 -0.0094842 -0.0079943 -0.0076425 -0.0073008 -0.0078794 -0.0048079 -0.0082270 -0.0053383 -0.0053577 -0.0049544 -0.0083962 -0.0071377 -0.0078871 -0.0071214 -0.0075404 -0.0068497 -0.0121210 -0.0074380 -0.0048086 -0.0089556 -0.0089047 -0.0076439 -0.0102562 -0.0084813 -0.0088865 -0.0077620 -0.0078427 -0.0083994 -0.0082885 -0.0042624 -0.0064510 -0.0084331 -0.0043823 -0.0087434 -0.0088765 -0.0086658
-0.0263089 0.1514179 -0.0466496 -0.0317767 -0.0179724 -0.0241328 -0.0264152 -0.0233051 -0.0273143 -0.0328339 -0.0395708 -0.0256499 -0.0353043 -0.0341570 -0.0298610 -0.0297419 -0.0113870 -0.0103815 -0.0271515 1.3320463 -0.0140897 -0.0340957 -0.0430467 -0.0306884 -0.0322522 -0.0256342 -0.0229414 -0.0108575 -0.0263942 -0.0442877 -0.0340228 0.0103468 -0.0053623 -0.0054843 -0.0055265 -0.0062167 -0.0057918 -0.0061897 -0.0067396 -0.0060595 -0.0055118 -0.0052216 -0.0070134 -0.0060420 -0.0052951 -0.0060937 -0.0060217 -0.0059557 -0.0057361 -0.0063056 -0.0042500 -0.0055257 -0.0052889 -0.0045742 -0.0045220 -0.0062009 -0.0052784 -0.0059664 -0.0052151 -0.0063360 -0.0046358 -0.0074518 -0.0056730 -0.0041710 -0.0062146 -0.0058785 -0.0048669 -0.0066215 -0.0067716 -0.0060812 -0.0049418 -0.0055229 -0.0058908 -0.0058712 -0.0040337 -0.0061595 -0.0055991 -0.0039589 -0.0058792 -0.0060878 -0.0056237
-0.0227862 -0.0001648 -0.0434965 -0.0270198 -0.0163797 -0.0217508 -0.0252079 -0.0207404 -0.0218525 -0.0275394 -0.0343307 -0.0241265 -0.0298970 -0.0286705 -0.0219078 -0.0288480 -0.0092674 -0.0091933 -0.0224826 -0.0140897 1.2839316 -0.0273734 -0.0434390 -0.0278979 -0.0275712 -0.0245472 -0.0213018 -0.0098396 -0.0254587 -0.0336731 -0.0146478 -0.0131857 -0.0046725 -0.0041377 -0.0049128 -0.0048332 -0.0047493 -0.0048999 -0.0056102 -0.0049497 -0.0046064 -0.0044235 -0.0063682 -0.0046384 -0.0045418 -0.0054433 -0.0049175 -0.0051341 -0.0047707 -0.0052849 -0.0032405 -0.0044103 -0.0035115 -0.0033327 -0.0033680 -0.0050560 -0.0042152 -0.0049819 -0.0042646 -0.0052337 -0.0035719 -0.0067655 -0.0044140 -0.0031049 -0.0056372 -0.0052212 -0.0039697 -0.0062883 -0.0054354 -0.0053015 -0.0040874 -0.0046195 -0.0048687 -0.0049143 -0.0030551 -0.0049702 -0.0047993 -0.0031918 -0.0048626 -0.0052043 -0.0050335
0.1555888 -0.0631306 -0.0622319 -0.0541977 -0.0617535 -0.0406123 -0.0531308 -0.0461625 -0.0528952 -0.0552920 -0.0592916 -0.0432870 -0.0571112 -0.0567469 -0.0573843 -0.0586513 -0.0109934 -0.0152458 0.2424398 -0.0340957 -0.0273734 2.1907766 -0.0627280 -0.0528551 -0.0549375 -0.0504869 -0.0377419 -0.0126414 -0.0426895 -0.0618213 -0.0600004 -0.0373350 -0.0109717 -0.0102405 -0.0133027 -0.0126821 -0.0112743 -0.0112629 -0.0133530 -0.0122285 -0.0096788 -0.0121177 -0.0150504 -0.0115062 -0.0102372 -0.0134943 -0.0111074 -0.0115896 -0.0101780 -0.0116917 -0.0071362 -0.0112200 -0.0071741 -0.0076730 -0.0067997 -0.0108518 -0.0095469 -0.0111490 -0.0101236 -0.0101709 -0.0099254 -0.0168315 -0.0101524 -0.0063272 -0.0129928 -0.0114801 -0.0107964 -0.0153284 -0.0118161 -0.0129662 -0.0112166 -0.0119394 -0.0130288 -0.0114560 -0.0059229 -0.0092798 -0.0127588 -0.0053018 -0.0128570 -0.0127286 -0.0126154
-0.0533568 -0.0644370 -0.0646692 -0.0576786 -0.0639744 -0.0498137 -0.0564975 -0.0471157 -0.0563643 -0.0584483 -0.0633397 -0.0396424 -0.0606179 -0.0594430 -0.0595171 -0.0619136 -0.0173614 -0.0305488 -0.0542700 -0.0430467 -0.0434390 -0.0627280 2.4845023 -0.0570170 -0.0572941 -0.0540017 -0.0169225 -0.0234744 0.2316581 -0.0659713 -0.0637126 -0.0286764 -0.0188202 -0.0196160 -0.0198752 -0.0203060 -0.0190739 -0.0191230 -0.0208087 -0.0209708 -0.0196431 -0.0205624 -0.0198343 -0.0174583 -0.0194067 -0.0215449 -0.0201673 -0.0165448 -0.0184036 -0.0201357 -0.0169832 -0.0185623 -0.0166625 -0.0171341 -0.0164169 -0.0201787 -0.0197352 -0.0206215 -0.0179326 -0.0178768 -0.0188280 -0.0203221 -0.0202447 -0.0158001 -0.0194606 -0.0217876 -0.0176479 -0.0187088 -0.0204752 -0.0191008 -0.0182841 -0.0191594 -0.0208340 -0.0193400 -0.0189090 -0.0179094 -0.0194176 -0.0148919 -0.0199762 -0.0186424 -0.0199965
-0.0404839 -0.0575411 -0.0561489 -0.0487983 -0.0555294 -0.0363711 -0.0470213 -0.0401271 -0.0479985 -0.0495470 0.2421027 -0.0367328 -0.0509505 -0.0503843 -0.0508526 -0.0532302 -0.0164341 -0.0174220 -0.0433719 -0.0306884 -0.0278979 -0.0528551 -0.0570170 1.7895230 -0.0487929 -0.0438658 -0.0348842 -0.0166594 -0.0398006 -0.0571078 -0.0543725 -0.0348170 -0.0110770 -0.0113458 -0.0116859 -0.0121318 -0.0115725 -0.0114686 -0.0122752 -0.0119813 -0.0102136 -0.0120136 -0.0139203 -0.0114379 -0.0112774 -0.0123097 -0.0122724 -0.0113894 -0.0111655 -0.0124437 -0.0081315 -0.0113150 -0.0082942 -0.0087439 -0.0086576 -0.0123994 -0.0107849 -0.0119859 -0.0103846 -0.0115632 -0.0099385 -0.0147975 -0.0111914 -0.0087528 -0.0124289 -0.0118342 -0.0100048 -0.0128742 -0.0119175 -0.0126197 -0.0101412 -0.0107537 -0.0120421 -0.0111532 -0.0084075 -0.0110938 -0.0113381 -0.0093395 -0.0115096 -0.0112516 -0.0123179
-0.0454630 -0.0598465 -0.0584059 0.0404821 -0.0570680 -0.0378074 -0.0486524 -0.0425491 -0.0493100 0.0614161 -0.0551123 -0.0393208 0.0753068 0.0617361 -0.0528334 -0.0538737 -0.0148491 -0.0149755 -0.0472657 -0.0322522 -0.0275712 -0.0549375 -0.0572941 -0.0487929 1.8638470 -0.0465905 -0.0343368 -0.0164661 -0.0418800 -0.0590461 -0.0570776 -0.0365472 -0.0103170 -0.0108959 -0.0118279 -0.0120948 -0.0104443 -0.0112815 -0.0125872 -0.0122405 -0.0096752 -0.0098066 -0.0145933 -0.0109744 -0.0096595 -0.0119972 -0.0103114 -0.0108324 -0.0098145 -0.0118423 -0.0079148 -0.0100578 -0.0077634 -0.0072301 -0.0072099 -0.0116535 -0.0095656 -0.0114109 -0.0097183 -0.0104207 -0.0076558 -0.0143990 -0.0102506 -0.0073748 -0.0121969 -0.0118451 -0.0085025 -0.0120917 -0.0118865 -0.0119670 -0.0098019 -0.0102946 -0.0107549 -0.0105707 -0.0058338 -0.0101510 -0.0107234 -0.0071196 -0.0101780 -0.0119754 -0.0112666
-0.0399306 -0.0559023 -0.0543861 -0.0465341 -0.0534064 -0.0342436 0.0692673 -0.0366598 -0.0459709 -0.0474520 -0.0522429 -0.0330398 -0.0488950 -0.0485309 -0.0491776 0.1678630 -0.0140690 -0.0132616 -0.0427094 -0.0256342 -0.0245472 -0.0504869 -0.0540017 -0.0438658 -0.0465905 1.6862569 -0.0294284 -0.0149093 -0.0347456 -0.0549627 -0.0536400 -0.0291027 -0.0086385 -0.0082230 -0.0087398 -0.0095042 -0.0084728 -0.0087365 -0.0103969 -0.0092955 -0.0078876 -0.0078478 -0.0113896 -0.0092046 -0.0080469 -0.0092527 -0.0085396 -0.0083779 -0.0082492 -0.0096144 -0.0054314 -0.0079164 -0.0062112 -0.0034814 -0.0063364 -0.0088685 -0.0076465 -0.0085070 -0.0075561 -0.0085332 -0.0062564 -0.0117864 -0.0082501 -0.0044874 -0.0095960 -0.0088359 -0.0066609 -0.0102868 -0.0096406 -0.0095593 -0.0072251 -0.0082981 -0.0090061 -0.0084398 -0.0044833 -0.0087843 -0.0076553 -0.0044817 -0.0092754 -0.0090488 -0.0097340
-0.0295584 -0.0446431 0.0996199 -0.0339420 -0.0456201 -0.0257522 -0.0317798 -0.0293773 -0.0292530 -0.0352070 -0.0439407 0.0064454 -0.0370421 -0.0360294 -0.0333066 -0.0370626 -0.0108874 -0.0123748 -0.0305090 -0.0229414 -0.0213018 -0.0377419 -0.0169225 -0.0348842 -0.0343368 -0.0294284 1.3618039 -0.0128201 -0.0243216 -0.0468991 -0.0382875 -0.0250684 -0.0059583 -0.0066157 -0.0067138 -0.0066854 -0.0063145 -0.0068187 -0.0070888 -0.0067789 -0.0058589 -0.0061870 -0.0076394 -0.0065983 -0.0059687 -0.0067966 -0.0057919 -0.0061743 -0.0059312 -0.0067926 -0.0043888 -0.0064909 -0.0050106 -0.0048734 -0.0041507 -0.0069893 -0.0059488 -0.0065063 -0.0054960 -0.0067490 -0.0048720 -0.0088023 -0.0061065 -0.0044609 -0.0070815 -0.0071387 -0.0057706 -0.0077236 -0.0067615 -0.0067562 -0.0058170 -0.0063599 -0.0063015 -0.0062906 -0.0048466 -0.0066600 -0.0060910 -0.0045018 -0.0063371 -0.0065506 -0.0063483
-0.0119707 -0.0239429 -0.0260725 -0.0160969 -0.0209869 -0.0123688 -0.0159057 -0.0135240 -0.0131334 -0.0163182 -0.0210714 -0.0138693 -0.0181216 -0.0173372 -0.0139042 -0.0190022 -0.0045633 -0.0054089 -0.0112388 -0.0108575 -0.0098396 -0.0126414 -0.0234744 -0.0166594 -0.0164661 -0.0149093 -0.0128201 0.9844215 -0.0143057 -0.0185222 -0.0207994 -0.0120254 -0.0010664 -0.0010095 -0.0011353 -0.0010335 -0.0009881 -0.0012549 -0.0014337 -0.0010497 -0.0008900 -0.0008469 -0.0016161 -0.0010200 -0.0007933 -0.0011961 -0.0011226 -0.0010858 -0.0008895 -0.0011992 -0.0003660 -0.0007578 -0.0007415 -0.0007375 -0.0004904 -0.0012717 -0.0008275 -0.0013057 -0.0009452 -0.0013510 -0.0005277 -0.0023667 -0.0010493 -0.0005609 -0.0013101 -0.0013043 -0.0008793 -0.0016349 -0.0014402 -0.0013033 -0.0011228 -0.0009512 -0.0009495 -0.0011935 -0.0003803 -0.0012614 -0.0009975 -0.0004792 -0.0010235 -0.0011312 -0.0010965
-0.0335978 -0.0525917 -0.0515400 -0.0419244 -0.0496871 -0.0314224 -0.0371352 -0.0324230 -0.0328815 -0.0434138 -0.0497859 -0.0292140 -0.0462417 -0.0446804 -0.0362898 -0.0454384 -0.0121557 -0.0161652 -0.0345814 -0.0263942 -0.0254587 -0.0426895 0.2316581 -0.0398006 -0.0418800 -0.0347456 -0.0243216 -0.0143057 1.5301411 -0.0525643 -0.0445938 -0.0254303 -0.0082796 -0.0086387 -0.0089332 -0.0091974 -0.0086523 -0.0083590 -0.0097780 -0.0092905 -0.0082939 -0.0088371 -0.0099682 -0.0082107 -0.0082283 -0.0095959 -0.0087589 -0.0078559 -0.0080016 -0.0088145 -0.0063243 -0.0080462 -0.0068202 -0.0067106 -0.0066890 -0.0089737 -0.0083311 -0.0089243 -0.0076761 -0.0084348 -0.0070936 -0.0107019 -0.0088686 -0.0061663 -0.0089559 -0.0094695 -0.0073891 -0.0093753 -0.0094400 -0.0085168 -0.0079449 -0.0081772 -0.0091856 -0.0085252 -0.0069848 -0.0083754 -0.0084116 -0.0060442 -0.0085200 -0.0088224 -0.0089232
-0.0537292 -0.0663676 -0.0644442 -0.0590528 -0.0619677 0.1485012 -0.0573258 0.0732833 -0.0575203 -0.0597143 -0.0642312 -0.0504716 -0.0616341 -0.0609646 -0.0610315 -0.0624397 -0.0173314 -0.0309919 -0.0537672 -0.0442877 -0.0336731 -0.0618213 -0.0659713 -0.0571078 -0.0590461 -0.0549627 -0.0468991 -0.0185222 -0.0525643 2.4876411 -0.0655582 -0.0493164 -0.0196623 -0.0192316 -0.0202584 -0.0204258 -0.0197913 -0.0209030 -0.0192735 -0.0216498 -0.0178081 -0.0171709 -0.0227672 -0.0186628 -0.0185891 -0.0218721 -0.0188636 -0.0175837 -0.0201533 -0.0190287 -0.0160261 -0.0175395 -0.0186300 -0.0168299 -0.0134945 -0.0185797 -0.0167400 -0.0208156 -0.0172764 -0.0198466 -0.0186485 -0.0228174 -0.0181101 -0.0185726 -0.0174845 -0.0209691 -0.0180450 -0.0205397 -0.0191406 -0.0205148 -0.0192707 -0.0184551 -0.0195533 -0.0210101 -0.0120766 -0.0179556 -0.0191414 -0.0159952 -0.0197646 -0.0208189 -0.0209141
-0.0524198 -0.0663745 -0.0634725 -0.0553075 -0.0616115 -0.0406701 -0.0550832 -0.0490651 -0.0561422 -0.0572512 -0.0613617 -0.0426368 -0.0590266 -0.0584014 -0.0584201 -0.0614378 -0.0091235 -0.0101871 -0.0525888 -0.0340228 -0.0146478 -0.0600004 -0.0637126 -0.0543725 -0.0570776 -0.0536400 -0.0382875 -0.0207994 -0.0445938 -0.0655582 2.2654698 -0.0416835 -0.0137158 -0.0163812 -0.0163939 -0.0175176 -0.0159860 -0.0139613 -0.0175806 -0.0150885 -0.0145213 -0.0140163 -0.0175579 -0.0154781 -0.0154381 -0.0156450 -0.0155201 -0.0150114 -0.0135941 -0.0171737 -0.0116274 -0.0149212 -0.0101281 -0.0137269 -0.0121021 -0.0159378 -0.0147136 -0.0158748 -0.0158152 -0.0158318 -0.0117486 -0.0177945 -0.0136876 -0.0110313 -0.0158844 -0.0154816 -0.0118286 -0.0152305 -0.0163296 -0.0141862 -0.0163330 -0.0144991 -0.0150294 -0.0155275 -0.0114287 -0.0152108 -0.0145432 -0.0109342 -0.0162864 -0.0169556 -0.0178623
-0.0296451 0.2270249 -0.0479978 -0.0361734 -0.0448450 -0.0264511 -0.0312459 -0.0289061 -0.0264200 -0.0374957 -0.0462553 -0.0269484 -0.0402575 -0.0384404 -0.0288737 -0.0369430 -0.0118107 -0.0123118 -0.0298595 0.0103468 -0.0131857 -0.0373350 -0.0286764 -0.0348170 -0.0365472 -0.0291027 -0.0250684 -0.0120254 -0.0254303 -0.0493164 -0.0416835 1.3793886 -0.0056461 -0.0062986 -0.0068839 -0.0067359 -0.0072259 -0.0071405 -0.0075954 -0.0069202 -0.0064231 -0.0061112 -0.0077561 -0.0069130 -0.0064956 -0.0068870 -0.0070793 -0.0065422 -0.0065779 -0.0068303 -0.0051739 -0.0064025 -0.0060207 -0.0057131 -0.0049697 -0.0070937 -0.0060379 -0.0072760 -0.0061417 -0.0073509 -0.0057004 -0.0083945 -0.0065784 -0.0047837 -0.0066716 -0.0071195 -0.0058650 -0.0075736 -0.0079282 -0.0070726 -0.0054041 -0.0061816 -0.0066661 -0.0068140 -0.0053617 -0.0067855 -0.0065824 -0.0049337 -0.0070205 -0.0068923 -0.0067173
-0.0075971 -0.0175054 -0.0188554 -0.0097804 -0.0176471 -0.0070041 -0.0094568 -0.0085219 -0.0080370 -0.0102710 -0.0166026 -0.0079476 -0.0115345 -0.0110783 -0.0092923 -0.0119536 -0.0004457 -0.0012368 -0.0078051 -0.0053623 -0.0046725 -0.0109717 -0.0188202 -0.0110770 -0.0103170 -0.0086385 -0.0059583 -0.0010664 -0.0082796 -0.0196623 -0.0137158 -0.0056461 0.5845629 0.0033481 0.0036270 0.0038757 0.0035930 0.0032955 0.0033613 0.0037060 0.0032158 0.0035734 0.0035108 0.0033771 0.0033567 0.0038232 0.0034008 0.0031020 0.0034353 0.0035858 0.0028593 0.0034102 0.0032013 0.0027103 0.0026132 0.0035750 0.0031746 0.0031368 0.0034742 0.0026808 0.0028910 0.0029900 0.0031246 0.0028456 0.0032622 0.0035128 0.0028478 0.0032023 0.0028169 0.0035898 0.0032021 0.0035008 0.0035942 0.0030746 0.0026414 0.0028844 0.0032650 0.0027815 0.0036655 0.0037994 0.0036447
-0.0072600 -0.0181732 -0.0202024 -0.0108215 -0.0169012 -0.0071142 -0.0096597 -0.0086257 -0.0089576 -0.0105866 -0.0164823 -0.0077075 -0.0118749 -0.0114718 -0.0100939 -0.0120355 -0.0002860 -0.0012064 -0.0075110 -0.0054843 -0.0041377 -0.0102405 -0.0196160 -0.0113458 -0.0108959 -0.0082230 -0.0066157 -0.0010095 -0.0086387 -0.0192316 -0.0163812 -0.0062986 0.0033481 0.5469920 0.0040720 0.0041007 0.0036637 0.0035976 0.0034848 0.0039549 0.0034280 0.0038793 0.0037617 0.0035688 0.0037025 0.0040073 0.0036494 0.0034790 0.0036616 0.0040794 0.0030726 0.0036383 0.0032693 0.0028846 0.0029855 0.0038358 0.0034484 0.0034054 0.0038886 0.0030304 0.0031919 0.0032019 0.0033422 0.0031041 0.0035523 0.0038720 0.0031176 0.0035410 0.0030528 0.0039272 0.0035394 0.0037163 0.0038826 0.0034420 0.0028038 0.0032702 0.0035474 0.0029040 0.0039278 0.0039377 0.0040013
-0.0090441 -0.0199671 -0.0193659 -0.0114617 -0.0196319 -0.0076842 -0.0095063 -0.0090125 -0.0099613 -0.0122987 -0.0170858 -0.0076694 -0.0125862 -0.0125454 -0.0115550 -0.0117597 -0.0005365 -0.0014838 -0.0095253 -0.0055265 -0.0049128 -0.0133027 -0.0198752 -0.0116859 -0.0118279 -0.0087398 -0.0067138 -0.0011353 -0.0089332 -0.0202584 -0.0163939 -0.0068839 0.0036270 0.0040720 0.5056728 0.0045723 0.0040021 0.0039172 0.0039220 0.0043759 0.0036742 0.0043050 0.0041837 0.0038052 0.0042240 0.0044999 0.0041223 0.0036047 0.0040394 0.0043315 0.0032511 0.0040429 0.0036337 0.0030922 0.0032335 0.0041121 0.0036893 0.0036192 0.0040462 0.0031360 0.0036608 0.0035747 0.0038006 0.0033614 0.0039498 0.0042137 0.0035458 0.0038655 0.0036124 0.0043361 0.0040246 0.0040610 0.0043488 0.0037509 0.0030775 0.0035002 0.0038739 0.0032616 0.0045191 0.0044505 0.0044892
-0.0084288 -0.0216842 -0.0194800 -0.0116316 -0.0189639 -0.0073842 -0.0106248 -0.0090718 -0.0088844 -0.0119267 -0.0179471 -0.0077890 -0.0130618 -0.0129638 -0.0104709 -0.0137049 -0.0004251 -0.0013092 -0.0087822 -0.0062167 -0.0048332 -0.0126821 -0.0203060 -0.0121318 -0.0120948 -0.0095042 -0.0066854 -0.0010335 -0.0091974 -0.0204258 -0.0175176 -0.0067359 0.0038757 0.0041007 0.0045723 0.4984683 0.0041760 0.0039970 0.0039304 0.0044389 0.0039452 0.0042346 0.0042296 0.0040658 0.0041615 0.0045827 0.0041735 0.0036882 0.0041468 0.0044463 0.0034989 0.0041172 0.0036208 0.0032494 0.0033138 0.0042069 0.0038874 0.0039220 0.0040516 0.0032520 0.0036686 0.0038175 0.0036888 0.0034946 0.0041774 0.0042269 0.0035232 0.0039181 0.0036105 0.0043674 0.0039846 0.0042717 0.0042974 0.0038037 0.0031631 0.0036059 0.0040615 0.0032712 0.0045361 0.0043488 0.0044921
-0.0079466 -0.0227992 -0.0182036 -0.0104652 -0.0172292 -0.0070295 -0.0093030 -0.0086581 -0.0086072 -0.0107179 -0.0176184 -0.0073089 -0.0117378 -0.0111152 -0.0094119 -0.0117385 -0.0006537 -0.0011848 -0.0078943 -0.0057918 -0.0047493 -0.0112743 -0.0190739 -0.0115725 -0.0104443 -0.0084728 -0.0063145 -0.0009881 -0.0086523 -0.0197913 -0.0159860 -0.0072259 0.0035930 0.0036637 0.0040021 0.0041760 0.5414945 0.0036353 0.0036749 0.0039730 0.0033890 0.0038794 0.0040174 0.0037054 0.0039343 0.0041857 0.0038151 0.0032736 0.0036970 0.0039267 0.0030828 0.0038039 0.0033497 0.0030119 0.0030188 0.0040408 0.0035014 0.0033897 0.0036922 0.0030760 0.0034198 0.0033709 0.0034717 0.0030552 0.0036683 0.0038568 0.0033230 0.0035103 0.0032305 0.0040920 0.0036579 0.0037857 0.0041511 0.0035205 0.0027997 0.0033107 0.0035831 0.0029529 0.0041465 0.0039225 0.0041307
-0.0076562 -0.0224048 -0.0192022 -0.0109150 -0.0188941 -0.0073818 -0.0091636 -0.0092073 -0.0092880 -0.0110701 -0.0171198 -0.0077232 -0.0120874 -0.0119252 -0.0102401 -0.0118453 -0.0007268 -0.0015776 -0.0079468 -0.0061897 -0.0048999 -0.0112629 -0.0191230 -0.0114686 -0.0112815 -0.0087365 -0.0068187 -0.0012549 -0.0083590 -0.0209030 -0.0139613 -0.0071405 0.0032955 0.0035976 0.0039172 0.0039970 0.0036353 0.5540646 0.0034658 0.0040798 0.0033056 0.0038345 0.0037655 0.0033652 0.0037231 0.0039733 0.0035429 0.0032547 0.0036429 0.0039209 0.0030900 0.0036238 0.0032722 0.0028366 0.0029274 0.0036136 0.0033168 0.0033471 0.0037200 0.0029985 0.0032271 0.0032541 0.0033166 0.0031882 0.0035441 0.0036316 0.0031016 0.0032572 0.0030119 0.0038588 0.0035334 0.0036101 0.0037292 0.0032642 0.0026499 0.0030596 0.0034955 0.0029865 0.0039229 0.0039342 0.0040497
-0.0090505 -0.0218908 -0.0200563 -0.0120803 -0.0206325 -0.0079171 -0.0111654 -0.0102343 -0.0099021 -0.0125821 -0.0176076 -0.0085757 -0.0136724 -0.0134785 -0.0116449 -0.0146094 -0.0010883 -0.0018567 -0.0099152 -0.0067396 -0.0056102 -0.0133530 -0.0208087 -0.0122752 -0.0125872 -0.0103969 -0.0070888 -0.0014337 -0.0097780 -0.0192735 -0.0175806 -0.0075954 0.0033613 0.0034848 0.0039220 0.0039304 0.0036749 0.0034658 0.5398887 0.0036955 0.0032441 0.0037416 0.0036572 0.0036988 0.0036909 0.0039341 0.0033576 0.0031370 0.0036385 0.0039727 0.0029264 0.0036766 0.0033661 0.0027692 0.0028078 0.0038037 0.0033171 0.0033226 0.0038737 0.0030395 0.0032895 0.0031808 0.0034215 0.0030637 0.0034626 0.0036496 0.0031842 0.0034996 0.0030300 0.0038972 0.0035525 0.0038607 0.0038749 0.0034411 0.0030111 0.0031254 0.0035519 0.0030102 0.0039701 0.0038552 0.0040017
-0.0083106 -0.0215985 -0.0197768 -0.0117517 -0.0181209 -0.0079476 -0.0100764 -0.0089416 -0.0095732 -0.0124904 -0.0181510 -0.0077191 -0.0133480 -0.0132168 -0.0108374 -0.0122611 -0.0005089 -0.0014716 -0.0083616 -0.0060595 -0.0049497 -0.0122285 -0.0209708 -0.0119813 -0.0122405 -0.0092955 -0.0067789 -0.0010497 -0.0092905 -0.0216498 -0.0150885 -0.0069202 0.0037060 0.0039549 0.0043759 0.0044389 0.0039730 0.0040798 0.0036955 0.5105377 0.0036895 0.0041950 0.0043199 0.0038320 0.0041804 0.0047155 0.0039153 0.0037176 0.0038926 0.0041340 0.0032486 0.0039946 0.0035726 0.0031398 0.0031432 0.0040609 0.0038450 0.0036955 0.0040929 0.0032469 0.0035988 0.0036596 0.0036511 0.0032817 0.0038688 0.0041594 0.0034569 0.0037408 0.0034314 0.0042270 0.0038568 0.0042896 0.0041989 0.0036736 0.0029206 0.0035497 0.0038905 0.0031504 0.0042982 0.0043741 0.0045193
-0.0071622 -0.0196659 -0.0174040 -0.0095924 -0.0165603 -0.0066229 -0.0085784 -0.0079728 -0.0084279 -0.0099224 -0.0153399 -0.0069182 -0.0105936 -0.0100861 -0.0096771 -0.0116111 -0.0004147 -0.0013460 -0.0072596 -0.0055118 -0.0046064 -0.0096788 -0.0196431 -0.0102136 -0.0096752 -0.0078876 -0.0058589 -0.0008900 -0.0082939 -0.0178081 -0.0145213 -0.0064231 0.0032158 0.0034280 0.0036742 0.0039452 0.0033890 0.0033056 0.0032441 0.0036895 0.5811669 0.0036921 0.0037699 0.0033438 0.0034980 0.0037945 0.0034560 0.0031069 0.0033903 0.0035782 0.0028372 0.0033231 0.0030177 0.0027673 0.0027517 0.0035588 0.0032481 0.0032575 0.0033205 0.0026729 0.0030480 0.0030755 0.0032449 0.0028681 0.0032992 0.0035985 0.0029369 0.0032080 0.0029439 0.0036633 0.0033430 0.0034807 0.0035944 0.0032269 0.0025050 0.0030790 0.0033338 0.0028864 0.0036816 0.0036380 0.0039009
-0.0078447 -0.0196163 -0.0187426 -0.0095442 -0.0169012 -0.0065475 -0.0086156 -0.0078848 -0.0092508 -0.0098038 -0.0183975 -0.0073391 -0.0109223 -0.0100509 -0.0107535 -0.0107359 -0.0003700 -0.0013331 -0.0087175 -0.0052216 -0.0044235 -0.0121177 -0.0205624 -0.0120136 -0.0098066 -0.0078478 -0.0061870 -0.0008469 -0.0088371 -0.0171709 -0.0140163 -0.0061112 0.0035734 0.0038793 0.0043050 0.0042346 0.0038794 0.0038345 0.0037416 0.0041950 0.0036921 0.5329921 0.0039850 0.0037800 0.0038214 0.0043713 0.0039538 0.0034407 0.0038497 0.0042671 0.0031528 0.0038753 0.0034439 0.0029496 0.0030482 0.0040838 0.0036022 0.0034192 0.0037613 0.0033017 0.0034757 0.0035325 0.0035858 0.0032029 0.0036192 0.0038952 0.0033570 0.0037050 0.0033996 0.0040324 0.0036854 0.0039370 0.0039959 0.0035216 0.0028794 0.0034744 0.0037037 0.0030597 0.0042371 0.0041392 0.0042413
-0.0102805 -0.0222059 -0.0195317 -0.0141629 -0.0199142 -0.0092076 -0.0120920 -0.0101752 -0.0120781 -0.0145245 -0.0200563 -0.0085604 -0.0161513 -0.0156301 -0.0139363 -0.0154109 -0.0011510 -0.0021615 -0.0105541 -0.0070134 -0.0063682 -0.0150504 -0.0198343 -0.0139203 -0.0145933 -0.0113896 -0.0076394 -0.0016161 -0.0099682 -0.0227672 -0.0175579 -0.0077561 0.0035108 0.0037617 0.0041837 0.0042296 0.0040174 0.0037655 0.0036572 0.0043199 0.0037699 0.0039850 0.5113168 0.0038531 0.0039755 0.0042010 0.0037929 0.0033850 0.0039259 0.0040568 0.0033195 0.0038857 0.0033337 0.0031671 0.0033161 0.0039621 0.0035067 0.0034640 0.0040486 0.0031421 0.0034311 0.0033173 0.0035491 0.0032391 0.0039303 0.0039238 0.0033546 0.0036950 0.0031291 0.0042287 0.0039001 0.0040239 0.0042634 0.0036283 0.0028420 0.0032266 0.0036637 0.0033877 0.0041735 0.0041399 0.0042565
-0.0080640 -0.0217386 -0.0203389 -0.0107519 -0.0167148 -0.0073114 -0.0103328 -0.0086255 -0.0085930 -0.0109825 -0.0168700 -0.0078184 -0.0117330 -0.0118348 -0.0104640 -0.0134195 -0.0006202 -0.0015191 -0.0080722 -0.0060420 -0.0046384 -0.0115062 -0.0174583 -0.0114379 -0.0109744 -0.0092046 -0.0065983 -0.0010200 -0.0082107 -0.0186628 -0.0154781 -0.0069130 0.0033771 0.0035688 0.0038052 0.0040658 0.0037054 0.0033652 0.0036988 0.0038320 0.0033438 0.0037800 0.0038531 0.5579881 0.0038335 0.0039738 0.0034963 0.0031825 0.0035624 0.0039591 0.0030566 0.0034831 0.0033087 0.0030604 0.0028497 0.0037273 0.0034374 0.0033250 0.0035225 0.0028201 0.0031596 0.0032746 0.0033358 0.0029542 0.0035147 0.0037926 0.0031025 0.0033748 0.0029861 0.0038270 0.0035372 0.0037310 0.0038630 0.0034579 0.0026484 0.0031661 0.0036095 0.0028798 0.0038718 0.0038892 0.0039949
-0.0068627 -0.0207859 -0.0179921 -0.0096350 -0.0161609 -0.0067909 -0.0087610 -0.0080342 -0.0091303 -0.0099540 -0.0168154 -0.0072961 -0.0108132 -0.0104064 -0.0102809 -0.0108346 -0.0005631 -0.0010839 -0.0074402 -0.0052951 -0.0045418 -0.0102372 -0.0194067 -0.0112774 -0.0096595 -0.0080469 -0.0059687 -0.0007933 -0.0082283 -0.0185891 -0.0154381 -0.0064956 0.0033567 0.0037025 0.0042240 0.0041615 0.0039343 0.0037231 0.0036909 0.0041804 0.0034980 0.0038214 0.0039755 0.0038335 0.5460109 0.0040055 0.0038538 0.0033380 0.0037692 0.0039653 0.0031384 0.0038454 0.0033769 0.0029821 0.0029267 0.0038072 0.0035474 0.0034203 0.0038870 0.0030735 0.0033844 0.0034535 0.0035226 0.0031615 0.0036400 0.0037826 0.0032842 0.0035563 0.0032327 0.0039627 0.0036782 0.0037643 0.0039159 0.0035825 0.0028370 0.0033713 0.0035775 0.0030072 0.0041622 0.0040651 0.0041123
