2.4314637 -0.0084218 0.2813863 -0.0014791 0.1340569 -0.1314748 -0.0697010 -0.1399999 0.0362902 -0.0948449 0.1298415 0.0696588 0.2155014 0.0908905 -0.1163986 -0.1057611 0.5581752 0.4858707 0.0130062 0.5014948 -0.0583591 0.0841809 -0.0882728 0.0452544 0.0914791 -0.0644941 0.0790658 0.8530080 -0.0356177 0.1246181 0.0459797 -0.1064202 0.1361625 0.0806314 0.0215142 -0.0723995 -0.0065532 -0.0664973 0.0552677 0.1016337 -0.0983751 0.0082996 -0.0669673 -0.0130453 -0.0595966 -0.0664457 -0.1028472 -0.0245288 0.0298910 0.1396416 0.0541462 0.0417969 0.0082186 0.1359506 -0.0483802 -0.0774827 -0.1066424 -0.0375594 0.0459247 -0.0565358 -0.0372172 -0.0653343 -0.0727820 0.0295245 0.0943405 0.0125959 -0.0745682 -0.0468140 0.0323882 -0.0147358 -0.0227844 -0.1000513 -0.1146359 -0.1431474 -0.0748631 -0.0399789 -0.0390315 -0.0728393 -0.0186336 0.0160372 -0.0529084
-0.0084218 3.5659862 0.0434819 0.0717559 0.0306144 0.2442941 0.1950836 0.0549184 -0.0354461 0.1520509 0.1170638 -0.1506655 0.0740345 0.3165409 0.0743739 0.0087426 -0.0099441 1.5080905 0.2374480 0.0383400 0.4665626 0.3564528 0.0865703 0.0241976 0.0400479 0.0304282 -0.1159405 0.4507287 0.0834383 0.0335845 0.0060587 0.1156874 0.0619472 0.1170996 0.0217294 -0.0807744 -0.0436598 -0.0893567 0.3069668 0.0448188 -0.0749159 0.0674904 0.0763888 -0.0289067 -0.0804307 0.0226467 0.0124211 0.1380291 -0.0318624 -0.1053636 -0.0423719 0.0053244 -0.1406799 0.0420964 -0.0108920 0.1505024 0.0365811 -0.0836511 -0.0155177 -0.0604800 -0.1215975 -0.0053129 -0.0439961 0.0219615 0.3619186 0.1887127 0.0193958 0.1440272 -0.0945356 -0.0629531 0.3021520 -0.0926332 0.1525157 0.0679525 0.0586067 -0.0951639 -0.0020433 0.0624558 -0.1136037 -0.1070149 -0.1099615
0.2813863 0.0434819 2.7255187 -0.0195453 0.2058222 0.0774870 0.0221483 0.0745165 -0.1594477 0.0585777 0.0385970 0.1976839 0.0736160 0.0475161 0.1347388 0.0709896 0.1894784 0.7664832 0.2393052 0.2877265 0.1173360 0.1867109 -0.1170439 0.2235035 -0.0335632 -0.0732124 0.6738231 -0.0213547 -0.0890732 0.0624247 0.0406824 0.3194021 -0.0646288 -0.0496945 0.0315613 -0.0454708 -0.0185579 -0.0718300 -0.0163154 -0.0687945 -0.0046268 -0.0165911 0.2167968 -0.0950685 -0.0008559 -0.0559218 0.1695257 -0.0368883 -0.0539311 -0.0192440 0.0444778 0.0254744 -0.0525564 -0.0178907 0.0798335 -0.0079596 -0.0282727 -0.0052742 0.0606399 0.0304773 0.1840376 -0.0978297 -0.0507770 -0.0587822 -0.0723700 -0.1123133 -0.1006683 -0.1017815 0.0983378 -0.0741723 -0.0688493 -0.1120748 0.0013349 -0.0214232 -0.0863524 -0.1040199 0.1754374 -0.0043573 -0.0523903 -0.0712436 0.0536104
-0.0014791 0.0717559 -0.0195453 3.3352208 -0.0214110 -0.0872163 0.1135764 0.0527911 0.1969002 -0.0016007 0.0590070 -0.1108234 0.0178598 0.0565793 -0.0857245 0.1527479 0.5915833 0.4435176 0.1875169 0.4758624 0.0957806 0.0887603 0.1474588 0.0041812 -0.0602429 0.0435167 0.0111589 0.0130484 -0.0743011 0.0317416 0.0520985 0.3010105 -0.1351651 -0.1369276 0.3466351 -0.0146987 -0.0080499 -0.0122394 0.0376564 -0.0326127 -0.1430547 0.2211494 -0.1130899 -0.0352065 -0.0543753 0.1381136 0.1368109 -0.0334596 -0.0720949 0.9564900 -0.0435263 0.0379120 -0.1297812 -0.0301571 -0.1136632 -0.0471505 0.1266819 0.0538104 -0.1306876 -0.0705726 -0.0655586 -0.0943207 -0.0111699 -0.0325492 -0.0398135 -0.1277632 -0.1167694 -0.0768301 -0.0045962 -0.1068888 -0.1072328 -0.0668511 0.2205473 -0.0184599 0.0121472 -0.1070677 -0.0645098 -0.0356400 0.0781888 -0.1049054 -0.0591752
0.1340569 0.0306144 0.2058222 -0.0214110 2.8872213 -0.0342044 -0.0119091 -0.0482894 -0.1758922 0.0104292 0.5969290 -0.1070131 0.1613003 0.1336671 -0.1628621 0.2484938 0.0372127 0.4640034 -0.1089909 0.0997252 0.1708386 0.1880252 0.3761636 0.0644628 0.1137448 0.1959874 0.0269885 -0.0906873 0.0682690 0.4443306 0.0989117 0.0684358 -0.0409452 -0.1138548 -0.0814456 -0.1098320 0.0927847 -0.1513064 -0.0064104 -0.0928142 0.0336995 -0.0252627 -0.0760586 0.0042292 -0.0519071 -0.0849448 -0.1069386 0.0371280 -0.1165022 -0.0175737 -0.0388923 -0.0799299 -0.0261289 0.0444813 -0.0677105 0.0565333 -0.0800397 -0.0287238 -0.1198813 -0.0571486 0.5637150 -0.1399657 -0.0089586 0.0811703 0.0095814 0.0258439 -0.0708051 0.0659327 -0.0910481 -0.1063994 0.0682845 0.0730314 -0.0138936 0.0327532 -0.0822554 -0.0149588 -0.0227256 -0.0257766 0.0047987 -0.0829854 0.1130619
-0.1314748 0.2442941 0.0774870 -0.0872163 -0.0342044 2.2109070 -0.1117188 -0.0394016 0.1858385 -0.0125722 0.1272950 0.0171622 0.2546409 0.1993861 -0.0384929 -0.1110290 -0.0786964 0.3832029 -0.0785931 0.5236777 -0.1128709 0.2214856 0.0545162 0.3740251 -0.1029888 -0.1398420 0.0255120 0.0256105 -0.0342648 0.4330131 -0.0067308 0.0236264 -0.0490116 -0.0948905 0.0613875 -0.0042177 -0.0358058 -0.0038356 0.1104642 -0.0040451 -0.0862055 -0.0629026 -0.0665601 -0.0818427 -0.0146516 -0.0881973 -0.0802688 0.3024900 -0.0341767 -0.0633080 0.0776582 -0.0378026 0.0223286 -0.0636983 0.1387670 -0.1290395 0.0096162 -0.0122200 -0.0996545 -0.1193468 -0.1291784 -0.0318588 -0.0757284 -0.0054015 -0.0609719 0.0331197 -0.0581666 -0.0493456 0.0410666 -0.0727949 -0.1024533 -0.0758473 -0.0400980 -0.0563674 0.2863137 -0.0465551 -0.0408348 -0.0923806 -0.0947007 -0.0659481 0.0976980
-0.0697010 0.1950836 0.0221483 0.1135764 -0.0119091 -0.1117188 1.9610066 -0.1320421 0.3015268 0.0050123 0.0497224 0.2536843 0.0475955 0.1219937 -0.0231863 -0.0140689 -0.0253037 -0.1435441 -0.0717753 0.1449051 -0.0532784 0.1432994 -0.0150246 0.1549505 -0.1012271 0.3780081 -0.0485232 0.0420482 0.2272750 0.0306967 -0.0857536 -0.1071830 -0.0733446 -0.0696567 0.0563149 -0.0937182 -0.0477954 0.0170720 0.0705731 -0.1160775 0.0148802 0.1014016 0.0287799 -0.0756606 -0.0903368 0.1299568 0.0079732 -0.0830321 -0.0385677 -0.0611979 -0.0995494 -0.1345090 -0.0466634 0.1517004 -0.0548178 -0.0187033 -0.0522369 -0.0331090 0.0064669 -0.0654121 0.2559196 -0.0088711 -0.0753740 -0.0355916 -0.0033690 -0.0607381 0.0539050 -0.0097650 -0.1049012 0.0223334 0.0117412 -0.0683726 -0.0209898 0.0303680 -0.0825269 -0.0718028 0.1324512 -0.0575829 0.0093162 -0.0800949 0.1382347
-0.1399999 0.0549184 0.0745165 0.0527911 -0.0482894 -0.0394016 -0.1320421 3.6447012 0.0951215 -0.0028386 -0.0938445 0.1688474 0.1246646 0.0064865 0.0110140 0.0682280 0.4793307 0.2774760 0.2761254 0.0861950 -0.0695244 0.1199074 0.0812926 -0.0604661 0.2472586 -0.0077426 -0.0832230 -0.0972910 -0.0433640 0.2852026 0.0587634 -0.1066644 -0.0742413 -0.1110232 -0.0661673 -0.1200008 -0.0673092 -0.0870204 -0.0698041 0.0160382 -0.0921931 -0.1152768 0.4135746 -0.0767268 -0.1257745 -0.1110453 -0.0459703 -0.1437447 -0.1024239 0.1895164 0.0841173 -0.0355111 -0.0593915 0.0453880 0.0454511 0.0825608 -0.1571401 -0.0618002 -0.0800380 0.9897652 -0.0690601 -0.0980519 0.0626752 0.0214821 0.0468616 0.0335915 0.1415337 -0.0134950 0.0691871 0.1301628 0.1157469 -0.1089302 -0.0063210 0.1392824 -0.0401511 0.1232859 0.0660854 -0.0078176 -0.0280319 0.0377647 -0.0496314
0.0362902 -0.0354461 -0.1594477 0.1969002 -0.1758922 0.1858385 0.3015268 0.0951215 5.1918464 0.3045060 0.2722070 0.0996828 0.0057329 0.1709570 0.4252565 0.0277636 0.1460779 0.5215936 0.0535909 0.6502867 0.1531324 0.4481382 0.1000524 0.1950029 0.3631317 0.0433550 0.2939299 0.8922763 0.8085214 0.3190803 0.0882560 0.4610953 -0.0275716 -0.1773083 0.1421493 -0.0227542 -0.1710723 -0.1331819 0.4074236 -0.1541194 0.0954050 -0.1232269 -0.0073376 -0.0986212 -0.1932141 -0.0833644 0.1111152 0.0053821 -0.1984642 0.0121579 0.1145990 0.0215646 -0.0140580 0.0057082 -0.1486883 -0.1181661 -0.0432430 -0.1031878 -0.0590020 0.1835831 0.0355832 0.1078752 0.0720700 0.0148884 -0.0506053 -0.0995491 0.2087961 -0.1623821 -0.1137238 -0.1823777 -0.1455254 0.0528138 0.3476259 0.6725300 0.0027825 -0.1713978 -0.1075317 0.0008613 -0.0503699 -0.0253265 0.1263673
-0.0948449 0.1520509 0.0585777 -0.0016007 0.0104292 -0.0125722 0.0050123 -0.0028386 0.3045060 1.7164701 -0.0194856 0.1661368 -0.1320720 -0.1285425 -0.0111514 -0.0864760 0.1074079 0.6099996 0.1216287 -0.1046052 0.1911781 -0.0387478 0.0734392 -0.0310324 -0.0270438 0.1201013 -0.0722934 -0.0785286 -0.0236271 0.1183994 -0.0923035 -0.1115404 -0.0647475 -0.0759552 -0.0921111 0.0020492 -0.0672019 -0.0509520 0.2381310 -0.0901131 -0.0760106 0.0473789 0.0253624 -0.0210844 -0.0139375 -0.0263097 0.0865422 -0.0029853 -0.0067884 -0.0002481 -0.0695815 -0.0166706 0.0141402 -0.0409632 -0.0612747 -0.0907521 -0.0456950 -0.0882871 -0.0732037 0.0172971 0.0281147 0.0995415 -0.0358970 0.0610280 0.0906018 0.2523141 -0.0168351 0.0815916 0.0745682 -0.0599380 -0.0759295 -0.0843313 -0.0558235 0.1885014 0.1321784 0.1012419 -0.0593691 0.1035301 -0.0232295 -0.0303336 -0.0578522
0.1298415 0.1170638 0.0385970 0.0590070 0.5969290 0.1272950 0.0497224 -0.0938445 0.2722070 -0.0194856 3.8638577 0.0493539 0.0871772 0.1897672 0.3169292 -0.1111034 -0.0630918 0.3226667 0.4687290 -0.0657117 0.2892192 0.1329358 -0.0545004 0.2090928 -0.1325637 0.3258069 0.0282920 0.1567230 -0.0021031 0.2951534 0.3982991 -0.0453543 -0.0900433 -0.0419366 0.1070583 0.0092568 -0.0657386 -0.0351843 0.7928048 0.0437049 -0.1183215 -0.1192262 -0.0264620 -0.0535473 -0.1023229 0.0496303 -0.0864381 -0.0878653 -0.1105230 -0.0870843 -0.1310494 -0.1167959 -0.0151139 0.0113201 -0.0795021 -0.1626232 -0.0976268 -0.0445480 -0.0134111 0.0705679 -0.0474120 -0.1098996 -0.0908500 -0.0132414 -0.0134202 -0.0645546 0.1894185 0.0261570 -0.0168595 -0.1405338 -0.1064771 0.0837014 -0.0606948 0.2515784 0.0796373 -0.1325188 -0.0372208 -0.0942324 0.1957097 -0.0396511 -0.1471940
0.0696588 -0.1506655 0.1976839 -0.1108234 -0.1070131 0.0171622 0.2536843 0.1688474 0.0996828 0.1661368 0.0493539 1.5965813 -0.0706064 0.0024587 -0.0068087 0.1112468 0.1172778 -0.0034144 -0.0959000 -0.0646081 -0.1194928 0.0369075 0.0186138 0.5504380 -0.0372402 0.0357555 -0.0540115 0.1178274 0.0233623 -0.0088749 -0.0969608 -0.1230044 -0.0637891 -0.0464740 -0.0325067 -0.0332800 -0.0412851 -0.0457566 0.1212662 0.0061046 -0.0531565 -0.0150610 0.0665207 -0.0946254 -0.0369870 -0.0034351 -0.0878950 -0.0008425 -0.0490655 0.0302096 -0.0231256 -0.0441148 -0.0390013 -0.0681679 -0.0043930 -0.0584008 -0.0441507 -0.0749058 0.0596916 0.0445922 0.0900475 -0.0364982 -0.0787046 -0.0316951 -0.0783333 -0.0397031 0.0195159 0.0226563 0.0394880 -0.0131044 -0.0418861 -0.0637449 -0.0498072 0.1824083 0.0015727 -0.0126406 -0.0080877 0.0678991 -0.0589147 -0.0387615 0.0191752
0.2155014 0.0740345 0.0736160 0.0178598 0.1613003 0.2546409 0.0475955 0.1246646 0.0057329 -0.1320720 0.0871772 -0.0706064 2.6414337 0.0770348 0.1768853 0.3336489 0.2909083 0.2530028 0.1966749 -0.1586156 0.0904560 0.6099631 -0.0768229 0.1437899 0.1126506 0.1266209 0.0482082 0.2930158 -0.1167766 -0.0189585 -0.1006604 -0.0747028 -0.0248607 -0.1313713 -0.0550648 -0.0827955 -0.0995016 -0.0188797 0.0486936 -0.0283161 -0.0602019 -0.0972480 -0.1421736 -0.0581666 -0.0585969 -0.0460741 0.0538198 0.0744528 -0.0450109 -0.0068000 -0.0585972 -0.0729073 -0.0931569 0.3491870 -0.0834233 0.0507795 0.0079622 -0.0902221 -0.0880135 0.0821607 0.0566038 -0.0768454 0.0190135 -0.1281006 -0.0218306 -0.0380294 0.5441517 -0.0787307 -0.0416267 -0.0420782 -0.1397909 -0.0332070 0.1745902 -0.0752656 0.1206568 0.0807785 0.2153216 0.0321990 0.1106925 0.0516521 -0.0427928
0.0908905 0.3165409 0.0475161 0.0565793 0.1336671 0.1993861 0.1219937 0.0064865 0.1709570 -0.1285425 0.1897672 0.0024587 0.0770348 4.2299423 0.4778811 0.2314376 0.0028125 1.2465613 0.3309718 0.6883967 0.2750010 -0.0782087 0.1061013 0.0970686 -0.0165379 0.0016617 -0.1532346 0.2036896 0.0234820 0.2227514 0.2262276 0.2355380 -0.1061024 0.0834851 -0.0289437 -0.0599948 0.1352169 -0.1371094 0.0441577 -0.1193839 -0.0827338 0.0465147 -0.1143253 -0.1473878 0.1043067 -0.0892861 -0.1572991 -0.0685098 0.0517038 -0.0371817 -0.0139598 -0.1059153 -0.0289276 -0.1274593 -0.0635409 -0.0067274 -0.1548806 -0.1206198 0.0057637 0.1657764 0.0501653 -0.0219635 -0.0532326 -0.0948078 -0.2042417 -0.1590133 0.3185402 -0.1523590 -0.0771194 -0.0284142 -0.1281850 0.1427362 -0.0753692 -0.1185415 -0.0946507 0.4075331 -0.1500729 -0.0859673 0.0805412 -0.0226240 0.0469294
-0.1163986 0.0743739 0.1347388 -0.0857245 -0.1628621 -0.0384929 -0.0231863 0.0110140 0.4252565 -0.0111514 0.3169292 -0.0068087 0.1768853 0.4778811 2.5300624 -0.1172343 0.0273764 0.0807763 0.1932230 -0.0887213 0.7665917 -0.0628271 -0.1524772 -0.0735282 0.1891736 -0.0309251 -0.0704532 0.0108606 0.0815888 0.1984617 0.2342025 0.1189634 0.0079526 0.0141808 -0.0587834 0.0214612 -0.0601241 0.2481377 0.1127837 0.0286310 -0.0573219 -0.0122228 0.0588156 -0.0032808 -0.1194260 -0.0691730 -0.1094677 0.3296418 -0.0442495 -0.0177161 0.0437750 0.0002962 -0.0345737 0.1359177 0.0255550 0.0375738 -0.1021871 0.1149603 -0.1126737 -0.1257050 0.1606164 -0.0310463 0.0401059 -0.0333250 -0.0063208 -0.1227476 0.2626558 -0.0377169 0.0686846 -0.0688262 -0.1045101 -0.0001880 -0.1094710 -0.0789176 -0.0909229 0.0939729 0.0295499 0.1236560 -0.0878649 0.0727039 0.1636256
-0.1057611 0.0087426 0.0709896 0.1527479 0.2484938 -0.1110290 -0.0140689 0.0682280 0.0277636 -0.0864760 -0.1111034 0.1112468 0.3336489 0.2314376 -0.1172343 2.0204673 0.0015876 0.4234070 0.0990250 0.0715876 -0.0932137 0.0755720 -0.0311076 0.2629968 0.0287483 -0.0455688 -0.0558912 -0.1156374 -0.0466852 -0.0730757 -0.0109935 0.0090455 -0.0205055 -0.0388834 0.0286395 -0.0620119 -0.0435186 -0.0508181 -0.1067485 -0.0355161 -0.0917090 -0.0495071 0.0206718 -0.0393695 -0.0631210 -0.0827221 -0.0253044 0.0226598 -0.0381414 -0.0212871 -0.0838057 -0.0613797 -0.0462823 -0.1295318 -0.0366999 -0.0529258 0.0906806 -0.0377216 0.1125998 -0.0260173 0.0118746 -0.0769725 -0.0774326 -0.0499327 -0.1149192 -0.0124515 0.1272714 -0.0264755 -0.0402589 -0.0487351 -0.0677771 -0.0558018 0.1592657 -0.0507394 -0.0460081 -0.1345045 -0.0150825 0.3798758 -0.0906398 0.0796382 -0.1093570
0.5581752 -0.0099441 0.1894784 0.5915833 0.0372127 -0.0786964 -0.0253037 0.4793307 0.1460779 0.1074079 -0.0630918 0.1172778 0.2909083 0.0028125 0.0273764 0.0015876 2.5390506 0.3170795 0.1253549 0.1969164 0.3674109 0.4216059 0.0094359 0.0720930 -0.0830094 -0.0345126 -0.1272195 0.1925536 0.0544844 0.0025531 0.3310284 0.1902886 -0.0271182 0.2624447 -0.0533985 0.1669087 -0.1003181 -0.0518119 0.0609742 -0.0754042 -0.0333557 -0.0106813 0.0453553 0.0696475 -0.0980341 -0.0996572 -0.0785157 -0.0261413 -0.0098715 0.4945692 -0.0224943 -0.0732636 -0.0921579 0.0454921 0.0010239 0.0180696 -0.0909610 -0.0655736 0.0168811 0.0301820 0.0433346 -0.0611773 -0.0529449 -0.1232054 -0.0525569 0.0317092 0.0576727 0.0195876 -0.0098397 0.0043163 0.0423654 0.0272038 0.0204410 0.1731108 0.0556535 0.0574303 0.0438604 -0.0627476 -0.0771567 -0.0524709 -0.0625008
0.4858707 1.5080905 0.7664832 0.4435176 0.4640034 0.3832029 -0.1435441 0.2774760 0.5215936 0.6099996 0.3226667 -0.0034144 0.2530028 1.2465613 0.0807763 0.4234070 0.3170795 6.8378067 0.0498085 0.4600187 1.7864847 0.3829298 -0.0594878 1.1525620 0.4195378 0.4208061 0.3738260 0.3764932 -0.0595660 0.1281486 -0.0289278 0.0579966 0.0783997 0.2344052 -0.0751516 -0.1575827 0.0192412 -0.0696718 -0.1404415 -0.1016001 -0.0698809 -0.1610163 0.0156357 0.2352006 -0.2083623 -0.0265302 -0.1686509 -0.0140267 0.0006090 -0.0389592 -0.0846579 -0.0874043 0.0417478 -0.1005466 -0.0416483 -0.1361500 -0.1853990 -0.0292598 -0.0761154 0.6073648 -0.1230659 -0.0095412 -0.0015667 -0.0040456 0.0216950 0.3656164 0.2513591 -0.1363468 -0.1497491 -0.1794127 -0.0345338 -0.1021707 -0.1250695 -0.1988255 -0.1092271 -0.0119238 -0.0232023 -0.0109118 -0.1060596 0.0584302 -0.0827686
0.0130062 0.2374480 0.2393052 0.1875169 -0.1089909 -0.0785931 -0.0717753 0.2761254 0.0535909 0.1216287 0.4687290 -0.0959000 0.1966749 0.3309718 0.1932230 0.0990250 0.1253549 0.0498085 3.3949931 0.4431534 0.2299058 -0.0462444 0.2066250 0.0970971 -0.1015730 0.1414903 0.0766341 0.1239111 0.3292082 0.7795174 -0.0951782 0.5661853 -0.1058393 -0.0186286 -0.0899393 -0.0301602 -0.0509422 0.0323552 0.0825106 -0.0524621 -0.0040620 -0.0020337 0.0418421 0.1872939 0.0562764 -0.0631104 0.0654138 -0.0595665 -0.0213915 0.1462089 -0.0653883 -0.0653718 -0.1267835 0.1663265 -0.1215043 -0.0329133 -0.0958932 0.0171152 -0.1275569 -0.0905873 -0.1257956 -0.0443960 -0.0403435 0.0145073 -0.1061672 0.0103821 -0.1461276 -0.0292607 -0.0942547 -0.0240567 -0.0154793 -0.1240896 -0.0510536 -0.0255708 0.0204199 0.0696713 0.0820767 0.0009295 0.1094380 -0.0795932 -0.0627165
0.5014948 0.0383400 0.2877265 0.4758624 0.0997252 0.5236777 0.1449051 0.0861950 0.6502867 -0.1046052 -0.0657117 -0.0646081 -0.1586156 0.6883967 -0.0887213 0.0715876 0.1969164 0.4600187 0.4431534 4.1457043 0.4262162 0.1278634 0.0912925 0.3125651 0.1382686 0.4413401 0.1649257 -0.0534024 0.0263947 0.1400036 -0.0555265 0.0299142 -0.0815741 0.0577011 0.8121117 -0.0974129 -0.0435342 -0.1032573 0.0204473 -0.0818578 -0.0020370 0.0981982 -0.1283740 0.0281755 -0.0374703 -0.0987163 -0.0032699 -0.0427774 -0.0458354 -0.1073631 -0.0458275 -0.1376108 -0.0617077 -0.0674236 -0.0154727 -0.1201637 -0.1314323 -0.0135494 -0.1019451 -0.1022588 -0.1209363 -0.0508486 -0.1050171 0.3076513 0.0860166 0.1384844 0.1430312 0.3725644 -0.1028807 -0.0799818 0.1099654 -0.0561660 -0.0314871 -0.0793742 -0.0627293 -0.0417676 0.0368005 -0.0055548 -0.0747196 -0.0622758 0.2004718
-0.0583591 0.4665626 0.1173360 0.0957806 0.1708386 -0.1128709 -0.0532784 -0.0695244 0.1531324 0.1911781 0.2892192 -0.1194928 0.0904560 0.2750010 0.7665917 -0.0932137 0.3674109 1.7864847 0.2299058 0.4262162 3.6427243 -0.0700787 0.3301870 0.1348682 0.0972757 1.0112590 -0.0771825 0.1768833 -0.1737996 -0.0018821 0.0356160 0.3463808 -0.1105280 0.4502935 -0.0206113 0.1592371 0.0202050 0.0303814 -0.1783044 -0.1129384 0.0097442 -0.1438946 -0.1261648 0.2191881 -0.1183449 -0.1033155 -0.1254034 -0.0479528 -0.0098745 -0.1565798 0.0154026 0.0328499 -0.0813242 0.0899158 0.0995649 -0.0701831 -0.0577890 -0.0299588 -0.0416353 0.0880918 -0.0580160 -0.0013945 -0.0654531 -0.0476925 -0.0851648 0.1020906 0.0969900 0.1702185 -0.0830811 -0.0909744 0.1612085 0.1622850 0.0204509 -0.0277382 -0.0109370 0.0361172 0.2389284 -0.0797638 -0.1440131 0.0083438 0.0189503
0.0841809 0.3564528 0.1867109 0.0887603 0.1880252 0.2214856 0.1432994 0.1199074 0.4481382 -0.0387478 0.1329358 0.0369075 0.6099631 -0.0782087 -0.0628271 0.0755720 0.4216059 0.3829298 -0.0462444 0.1278634 -0.0700787 3.9544985 0.0451744 0.1226196 -0.1128690 0.5354038 -0.0551225 -0.0841836 0.2390027 0.1798830 -0.1351444 0.1844106 -0.1086270 0.0687480 0.0369371 0.0024277 -0.1482269 -0.0405411 -0.0604357 0.0481204 -0.0851736 -0.0941519 0.0624399 0.2680236 0.0448357 0.0213133 -0.0857428 -0.0841472 -0.0392061 -0.0370958 0.0014509 -0.1337397 -0.0442418 -0.0938396 -0.0912926 0.5857775 0.1551657 -0.0464263 0.1482823 0.0135705 0.1147598 -0.1353360 -0.0822639 0.0626635 0.1532803 0.0159147 -0.1243002 -0.0430569 -0.0629931 -0.1522709 -0.1060577 -0.0498922 0.0987287 0.1961456 -0.0227098 0.0122320 -0.1083144 -0.0393108 -0.1401430 -0.0925016 -0.1120969
-0.0882728 0.0865703 -0.1170439 0.1474588 0.3761636 0.0545162 -0.0150246 0.0812926 0.1000524 0.0734392 -0.0545004 0.0186138 -0.0768229 0.1061013 -0.1524772 -0.0311076 0.0094359 -0.0594878 0.2066250 0.0912925 0.3301870 0.0451744 2.4123147 0.0556351 0.0916978 0.6284451 -0.0308073 0.5739948 0.2013701 -0.0165789 0.0972086 0.1222614 -0.0485784 -0.1210242 -0.0270622 -0.0467768 -0.0784378 -0.0927712 -0.1934266 -0.0489796 -0.0962290 -0.0716171 0.1933581 0.0594121 0.0082959 -0.1076729 -0.0524502 -0.0343280 0.0823939 0.1412321 -0.1036098 -0.1015182 -0.0230329 -0.1312612 -0.0896109 0.0239516 0.0047138 -0.0961683 -0.0399154 0.0107564 -0.0528250 -0.0072735 -0.0033358 -0.0627958 0.0449449 -0.1296880 -0.0498805 0.1248599 -0.0451229 -0.0126064 0.0158683 -0.0550648 -0.1140815 0.0067264 -0.0868200 0.0249740 -0.0539447 -0.1129382 -0.0628531 -0.0381396 -0.0151717
0.0452544 0.0241976 0.2235035 0.0041812 0.0644628 0.3740251 0.1549505 -0.0604661 0.1950029 -0.0310324 0.2090928 0.5504380 0.1437899 0.0970686 -0.0735282 0.2629968 0.0720930 1.1525620 0.0970971 0.3125651 0.1348682 0.1226196 0.0556351 3.6898053 0.1917200 -0.0742704 0.0358671 0.4056316 -0.0858051 -0.0694944 -0.0115108 0.1226322 -0.0986811 0.0975399 0.1280898 -0.0260414 -0.0351978 -0.0678521 0.1183928 0.0756574 0.0932233 -0.1272227 -0.0829607 -0.0249143 -0.1027382 0.0159445 -0.1373955 0.1838993 -0.0465496 0.0302975 -0.0496214 -0.0444691 0.0606249 0.0565222 -0.0364999 -0.1026309 -0.0519536 -0.0755362 -0.0902599 -0.0115881 0.0521367 -0.1018761 -0.1027602 0.3098157 0.1169508 -0.0114200 0.1703692 0.0152362 0.0046095 -0.0482644 -0.0396436 0.0057642 -0.0824160 0.2841249 0.0268966 0.0420879 -0.0741508 -0.0594541 -0.0828239 -0.0383368 -0.0032181
0.0914791 0.0400479 -0.0335632 -0.0602429 0.1137448 -0.1029888 -0.1012271 0.2472586 0.3631317 -0.0270438 -0.1325637 -0.0372402 0.1126506 -0.0165379 0.1891736 0.0287483 -0.0830094 0.4195378 -0.1015730 0.1382686 0.0972757 -0.1128690 0.0916978 0.1917200 2.5105484 0.4673033 0.1078325 0.1390935 0.1448977 -0.1038328 0.1009232 0.0361662 -0.0528610 -0.0437555 0.0428630 -0.0899276 -0.0771930 0.0402241 -0.0012226 -0.0452123 -0.1137265 0.0291709 -0.0104783 -0.0280800 0.0108993 -0.1223545 0.0225361 0.2239854 0.0387037 0.0190554 -0.1206934 -0.0672178 -0.0891052 -0.0280184 -0.0896088 -0.0195975 -0.0705590 0.1405855 -0.0973377 0.6477929 0.0173646 -0.0528869 -0.0910218 -0.0678513 -0.1274066 -0.0563680 -0.0718172 0.2324379 -0.0866921 0.0114466 -0.1022420 0.1055389 -0.0169764 -0.0994140 -0.0103467 0.1001288 -0.0746456 -0.0188130 0.0677017 -0.1189805 0.0071367
-0.0644941 0.0304282 -0.0732124 0.0435167 0.1959874 -0.1398420 0.3780081 -0.0077426 0.0433550 0.1201013 0.3258069 0.0357555 0.1266209 0.0016617 -0.0309251 -0.0455688 -0.0345126 0.4208061 0.1414903 0.4413401 1.0112590 0.5354038 0.6284451 -0.0742704 0.4673033 3.3392501 -0.0931578 0.1912848 0.0689728 0.0816498 -0.0253333 0.4707475 -0.1417338 0.0926180 -0.0600465 -0.1237185 -0.1072448 -0.0382876 0.0724141 -0.0381924 0.0413681 0.0695402 -0.1202370 -0.1410001 -0.0423370 0.0092669 -0.0620669 -0.0241335 0.0846851 0.0202354 0.0519035 -0.0140823 -0.0323196 0.1370299 -0.1062393 0.1504878 0.2066140 0.0224134 -0.0696530 0.4301075 0.0004958 -0.1230709 -0.1222135 0.1435987 -0.0577528 0.0736426 0.1578152 0.0778296 -0.0311525 -0.0957519 0.2198485 -0.0367232 0.1539225 -0.0976206 -0.0437046 0.0124134 0.0166647 0.0959744 -0.1342251 -0.0828327 0.0127764
0.0790658 -0.1159405 0.6738231 0.0111589 0.0269885 0.0255120 -0.0485232 -0.0832230 0.2939299 -0.0722934 0.0282920 -0.0540115 0.0482082 -0.1532346 -0.0704532 -0.0558912 -0.1272195 0.3738260 0.0766341 0.1649257 -0.0771825 -0.0551225 -0.0308073 0.0358671 0.1078325 -0.0931578 1.4758197 0.0297671 -0.0513717 0.2432968 0.0019718 0.0188322 0.0824386 -0.0296232 0.1183841 -0.0205778 -0.0478314 -0.0549287 0.0763226 -0.0260766 0.1218539 0.0507370 0.0581160 -0.0234591 0.0138730 0.0060913 0.1252382 0.0083220 -0.0279681 -0.0523286 -0.0308426 0.0138194 -0.0504053 -0.0695312 -0.0246830 0.0295753 0.0287764 0.0252052 0.0018739 0.0904826 -0.0239286 -0.0228100 0.1016719 -0.1062392 -0.0619835 -0.1024699 0.2783315 -0.0558072 -0.0351776 -0.0565084 0.0005758 -0.0137297 -0.0343702 -0.0037313 -0.0242161 -0.0328432 0.1293989 -0.0121540 0.0528629 0.0305162 0.0277874
0.8530080 0.4507287 -0.0213547 0.0130484 -0.0906873 0.0256105 0.0420482 -0.0972910 0.8922763 -0.0785286 0.1567230 0.1178274 0.2930158 0.2036896 0.0108606 -0.1156374 0.1925536 0.3764932 0.1239111 -0.0534024 0.1768833 -0.0841836 0.5739948 0.4056316 0.1390935 0.1912848 0.0297671 3.1917694 0.4025125 0.1339586 -0.0632874 0.0226682 -0.0512930 -0.0416413 -0.1247747 -0.0634152 0.0534782 -0.1525744 0.0989974 0.2740821 -0.0590712 -0.1103830 -0.1150773 -0.0817662 0.0435845 -0.0802151 -0.0469248 -0.0042380 -0.0907498 0.1106167 0.0968976 0.1396236 -0.0757140 0.1466521 -0.0535285 -0.0835454 0.1706457 -0.1089578 0.0219862 0.0315508 -0.0909236 -0.0625889 -0.1288057 -0.0439175 0.0715897 -0.1201336 0.3196472 -0.0601602 0.1042527 -0.0662971 -0.0252076 -0.0791055 0.1555618 0.1041667 -0.0158556 0.0256406 0.0172931 -0.0593740 0.0042110 -0.0987898 -0.0692795
-0.0356177 0.0834383 -0.0890732 -0.0743011 0.0682690 -0.0342648 0.2272750 -0.0433640 0.8085214 -0.0236271 -0.0021031 0.0233623 -0.1167766 0.0234820 0.0815888 -0.0466852 0.0544844 -0.0595660 0.3292082 0.0263947 -0.1737996 0.2390027 0.2013701 -0.0858051 0.1448977 0.0689728 -0.0513717 0.4025125 2.7471311 -0.1482480 0.1632611 0.3882640 -0.0589421 -0.0452205 -0.0372041 -0.0604357 -0.0554728 0.0312958 -0.0483117 -0.1060599 -0.0157405 -0.0351236 -0.0680915 -0.0290325 -0.0157213 0.0226019 -0.1266469 -0.0765873 -0.0687305 0.6429204 0.0351525 0.0126168 -0.0521379 -0.0549790 0.0195752 -0.0423752 -0.0630223 -0.0713290 -0.0306250 0.0735446 -0.0101841 -0.0620549 -0.1024941 0.0704764 -0.0117320 0.0170987 0.8117768 0.0835567 -0.0435655 -0.0324585 -0.1100347 -0.1172291 -0.1148057 -0.1138930 -0.0819326 0.0086445 0.2249517 -0.0678904 -0.0238371 -0.1044502 0.0110170
0.1246181 0.0335845 0.0624247 0.0317416 0.4443306 0.4330131 0.0306967 0.2852026 0.3190803 0.1183994 0.2951534 -0.0088749 -0.0189585 0.2227514 0.1984617 -0.0730757 0.0025531 0.1281486 0.7795174 0.1400036 -0.0018821 0.1798830 -0.0165789 -0.0694944 -0.1038328 0.0816498 0.2432968 0.1339586 -0.1482480 4.0416570 0.4153284 0.1231808 -0.0873245 -0.0411754 -0.1180011 -0.0435158 -0.0782883 -0.1018061 0.0113553 0.0177284 -0.0561181 0.2066576 -0.0563361 -0.0559209 -0.0739459 -0.1117841 0.0563961 0.1179477 -0.0686373 -0.0753188 0.0266309 0.0350233 -0.1131858 0.1051424 0.0993741 0.1004758 0.0729565 -0.1748507 -0.0456404 -0.1023054 0.1675511 -0.1345405 -0.0597258 -0.0541674 0.3215646 -0.1449086 0.1575729 -0.1150162 -0.1327460 -0.1071668 -0.0871362 0.0876018 -0.0709775 -0.0880157 0.0322765 -0.0628570 0.1802396 -0.0145512 -0.0225612 -0.1370122 -0.1102233
0.0459797 0.0060587 0.0406824 0.0520985 0.0989117 -0.0067308 -0.0857536 0.0587634 0.0882560 -0.0923035 0.3982991 -0.0969608 -0.1006604 0.2262276 0.2342025 -0.0109935 0.3310284 -0.0289278 -0.0951782 -0.0555265 0.0356160 -0.1351444 0.0972086 -0.0115108 0.1009232 -0.0253333 0.0019718 -0.0632874 0.1632611 0.4153284 2.3510091 0.0062102 0.0224856 -0.0836724 -0.1068634 -0.0827731 -0.0679442 0.0423249 0.0209442 -0.0034799 0.0310746 0.0095593 -0.0115687 -0.0355394 -0.1143152 -0.0433971 0.0014486 -0.0812839 0.1752031 0.0607854 -0.0374917 -0.0187217 0.1465019 -0.0194524 -0.0389296 -0.0395671 0.0267312 -0.0963690 -0.0768975 -0.1054162 0.1234396 -0.0203340 0.0489526 -0.0014704 0.0905611 -0.0106085 0.3424429 0.0371064 -0.0801625 0.0558750 -0.0776222 0.0998143 0.0398981 -0.0177523 -0.0757151 -0.1361587 0.0192847 -0.0282848 -0.0595559 -0.0227708 -0.0509729
-0.1064202 0.1156874 0.3194021 0.3010105 0.0684358 0.0236264 -0.1071830 -0.1066644 0.4610953 -0.1115404 -0.0453543 -0.1230044 -0.0747028 0.2355380 0.1189634 0.0090455 0.1902886 0.0579966 0.5661853 0.0299142 0.3463808 0.1844106 0.1222614 0.1226322 0.0361662 0.4707475 0.0188322 0.0226682 0.3882640 0.1231808 0.0062102 3.6397209 -0.0024597 0.0259676 -0.0905827 -0.0303048 -0.1755268 -0.1187377 0.2263755 -0.0033457 -0.1778145 -0.1222237 0.0317336 -0.0318712 -0.1074363 0.0909476 -0.1141326 0.1333685 -0.0783366 0.8106032 -0.0713946 -0.0624542 -0.0404021 0.1115064 -0.0538876 0.0463569 -0.0445859 -0.0965314 -0.0263896 0.1485655 -0.0183274 0.1493377 -0.1052324 0.0538686 0.1902655 -0.0678064 -0.0014247 -0.0920278 -0.1076384 -0.0362466 -0.0391484 0.5297418 0.3999950 0.1019640 0.0736339 -0.0419199 0.1654827 -0.0705274 -0.1598260 0.0308129 -0.1253525
0.1361625 0.0619472 -0.0646288 -0.1351651 -0.0409452 -0.0490116 -0.0733446 -0.0742413 -0.0275716 -0.0647475 -0.0900433 -0.0637891 -0.0248607 -0.1061024 0.0079526 -0.0205055 -0.0271182 0.0783997 -0.1058393 -0.0815741 -0.1105280 -0.1086270 -0.0485784 -0.0986811 -0.0528610 -0.1417338 0.0824386 -0.0512930 -0.0589421 -0.0873245 0.0224856 -0.0024597 0.9503213 0.0220715 -0.0023499 -0.0160660 -0.0178453 0.0379482 -0.0192205 -0.0552652 0.0681513 0.0353610 0.0256759 -0.0552505 -0.0695547 0.0397912 -0.0619867 0.0800686 0.0913042 -0.0059647 0.0091863 0.0033255 0.0615692 -0.0630082 -0.0379293 0.0671088 -0.0772854 -0.0130442 0.0342263 -0.0595593 -0.0468510 0.0238548 0.1555709 -0.0333261 -0.0146317 0.0161760 -0.0553892 -0.0501860 -0.0470701 0.0308594 0.0482630 -0.0311088 -0.1120700 -0.0658021 -0.0324554 -0.0481679 -0.0716443 0.0033468 -0.0209244 0.1292169 -0.0130854
0.0806314 0.1170996 -0.0496945 -0.1369276 -0.1138548 -0.0948905 -0.0696567 -0.1110232 -0.1773083 -0.0759552 -0.0419366 -0.0464740 -0.1313713 0.0834851 0.0141808 -0.0388834 0.2624447 0.2344052 -0.0186286 0.0577011 0.4502935 0.0687480 -0.1210242 0.0975399 -0.0437555 0.0926180 -0.0296232 -0.0416413 -0.0452205 -0.0411754 -0.0836724 0.0259676 0.0220715 1.4464475 -0.0721164 0.3227598 -0.0514506 -0.0278756 -0.0263175 -0.0941836 0.2071141 0.0247198 0.0245197 0.0792272 -0.0414183 -0.0925069 0.0203985 0.1295391 0.0258197 0.0088656 -0.0284425 -0.0531149 -0.0275085 0.0165859 0.1500167 -0.0197755 -0.0270834 0.1003664 0.1025200 0.0294721 -0.1042903 -0.0896803 -0.0376801 -0.0455379 0.0920797 -0.0097421 0.0999617 0.0131245 -0.0569709 -0.0409748 0.2892668 0.0171964 -0.1125564 0.0290694 0.0009242 0.1288512 -0.0336594 -0.0441413 -0.0412103 -0.0920006 -0.0245350
0.0215142 0.0217294 0.0315613 0.3466351 -0.0814456 0.0613875 0.0563149 -0.0661673 0.1421493 -0.0921111 0.1070583 -0.0325067 -0.0550648 -0.0289437 -0.0587834 0.0286395 -0.0533985 -0.0751516 -0.0899393 0.8121117 -0.0206113 0.0369371 -0.0270622 0.1280898 0.0428630 -0.0600465 0.1183841 -0.1247747 -0.0372041 -0.1180011 -0.1068634 -0.0905827 -0.0023499 -0.0721164 1.3296795 -0.0101080 -0.0699926 -0.0609412 -0.0120769 -0.0416729 -0.0855041 0.0745662 -0.0814536 -0.1135618 0.0240122 0.0611120 0.0758962 -0.0361299 -0.0347079 -0.0152236 -0.0814951 -0.0516518 -0.0339815 -0.0838920 -0.0094140 0.0084153 -0.0557194 -0.0757984 -0.0050947 -0.0724769 -0.0788056 -0.0190114 -0.0089029 0.0937790 0.0751703 -0.0158959 0.0454299 0.2130225 -0.0085524 -0.0294399 -0.0097685 -0.0072891 -0.0649928 -0.0364902 -0.0170436 -0.0378309 0.0283245 -0.0385250 0.0510572 0.0342311 -0.0423978
-0.0723995 -0.0807744 -0.0454708 -0.0146987 -0.1098320 -0.0042177 -0.0937182 -0.1200008 -0.0227542 0.0020492 0.0092568 -0.0332800 -0.0827955 -0.0599948 0.0214612 -0.0620119 0.1669087 -0.1575827 -0.0301602 -0.0974129 0.1592371 0.0024277 -0.0467768 -0.0260414 -0.0899276 -0.1237185 -0.0205778 -0.0634152 -0.0604357 -0.0435158 -0.0827731 -0.0303048 -0.0160660 0.3227598 -0.0101080 0.9467131 -0.0347692 -0.0334372 -0.0433352 -0.0648302 0.1032570 -0.0127825 -0.0113000 -0.0250141 -0.0050611 -0.0628943 0.0866212 0.0490737 -0.0154357 0.0074424 0.0133636 -0.0015193 -0.0268425 0.0185147 0.1074527 -0.0244086 0.0276335 0.0199167 0.0579415 -0.0573189 -0.0792920 -0.0162921 -0.0096175 -0.0211268 0.0882791 -0.0376054 -0.0603971 0.0040186 0.0128145 -0.0252078 0.1185414 0.0133699 -0.0826708 0.0537049 0.0459390 0.0780083 -0.0458467 -0.0607365 0.0023631 -0.0669497 -0.0492318
-0.0065532 -0.0436598 -0.0185579 -0.0080499 0.0927847 -0.0358058 -0.0477954 -0.0673092 -0.1710723 -0.0672019 -0.0657386 -0.0412851 -0.0995016 0.1352169 -0.0601241 -0.0435186 -0.1003181 0.0192412 -0.0509422 -0.0435342 0.0202050 -0.1482269 -0.0784378 -0.0351978 -0.0771930 -0.1072448 -0.0478314 0.0534782 -0.0554728 -0.0782883 -0.0679442 -0.1755268 -0.0178453 -0.0514506 -0.0699926 -0.0347692 1.1048316 0.0131403 -0.0029090 -0.0128190 -0.0358905 -0.0338527 -0.0656495 0.1153516 0.0713082 -0.0075572 -0.0095796 -0.0664137 0.0480044 -0.0975801 0.2214865 0.2543572 0.0489065 -0.0016396 0.0563407 0.1004075 0.0057892 0.0343761 -0.0181306 -0.0388415 -0.0171988 -0.0432218 -0.0426230 0.0922381 -0.0408367 -0.0131078 -0.0682845 -0.0383426 -0.0192428 0.0425018 -0.0400902 -0.0470733 0.1017660 0.0122750 -0.0214051 -0.0172372 0.0263964 -0.0518786 0.0207318 -0.0559999 0.0202137
-0.0664973 -0.0893567 -0.0718300 -0.0122394 -0.1513064 -0.0038356 0.0170720 -0.0870204 -0.1331819 -0.0509520 -0.0351843 -0.0457566 -0.0188797 -0.1371094 0.2481377 -0.0508181 -0.0518119 -0.0696718 0.0323552 -0.1032573 0.0303814 -0.0405411 -0.0927712 -0.0678521 0.0402241 -0.0382876 -0.0549287 -0.1525744 0.0312958 -0.1018061 0.0423249 -0.1187377 0.0379482 -0.0278756 -0.0609412 -0.0334372 0.0131403 0.9802338 -0.0045721 -0.0133262 -0.0433002 0.0165479 0.0986106 0.1849704 -0.0274916 -0.0098411 -0.0429657 0.0731000 0.0559970 0.0041966 0.0190408 0.0006114 0.0506734 0.0220017 0.0107071 -0.0114072 -0.0583548 0.1718767 -0.0280982 -0.0471876 -0.0314255 0.0111354 -0.0052678 0.0147261 -0.0095555 -0.0022578 -0.0607720 -0.0416925 -0.0368499 0.0296382 -0.0713151 -0.0597025 -0.0486464 -0.0745254 -0.0402343 -0.0620708 0.0436510 0.0208774 -0.0196629 0.0231103 0.0696127
0.0552677 0.3069668 -0.0163154 0.0376564 -0.0064104 0.1104642 0.0705731 -0.0698041 0.4074236 0.2381310 0.7928048 0.1212662 0.0486936 0.0441577 0.1127837 -0.1067485 0.0609742 -0.1404415 0.0825106 0.0204473 -0.1783044 -0.0604357 -0.1934266 0.1183928 -0.0012226 0.0724141 0.0763226 0.0989974 -0.0483117 0.0113553 0.0209442 0.2263755 -0.0192205 -0.0263175 -0.0120769 -0.0433352 -0.0029090 -0.0045721 2.2259490 -0.1118954 -0.0467186 0.0595660 0.0954124 0.1977353 -0.0610930 -0.0276547 -0.0780219 0.1965937 0.0490434 0.1712113 0.0694628 0.1081403 -0.0678875 -0.0404830 -0.0745408 0.0143632 -0.0624081 0.0041414 -0.0689423 0.0352973 -0.0037844 -0.0475137 -0.0624254 -0.0321581 0.0126542 0.0071754 0.6236297 0.0231599 -0.0298469 -0.0257802 -0.0180169 0.0942329 0.3341626 0.5213434 0.2491725 0.0067495 0.1574896 0.1737548 -0.0152011 -0.0856570 -0.0219524
0.1016337 0.0448188 -0.0687945 -0.0326127 -0.0928142 -0.0040451 -0.1160775 0.0160382 -0.1541194 -0.0901131 0.0437049 0.0061046 -0.0283161 -0.1193839 0.0286310 -0.0355161 -0.0754042 -0.1016001 -0.0524621 -0.0818578 -0.1129384 0.0481204 -0.0489796 0.0756574 -0.0452123 -0.0381924 -0.0260766 0.2740821 -0.1060599 0.0177284 -0.0034799 -0.0033457 -0.0552652 -0.0941836 -0.0416729 -0.0648302 -0.0128190 -0.0133262 -0.1118954 1.2328562 -0.0016403 -0.0249503 -0.0502317 0.0089206 0.1000998 0.0784366 -0.0400386 -0.0244844 -0.0925727 -0.0622056 -0.0656501 -0.0566805 -0.0172320 0.0003926 -0.0529775 -0.0714166 0.2435940 0.0273618 0.0070384 -0.0385555 -0.0038326 0.0707128 -0.0312317 -0.0659638 -0.0493453 0.0305334 -0.0315341 -0.0250566 0.1758404 -0.0236878 -0.0139622 0.0800413 0.0964657 -0.0527458 -0.0132084 0.0127287 -0.0819133 0.0962215 -0.0203832 0.0227770 0.0285052
-0.0983751 -0.0749159 -0.0046268 -0.1430547 0.0336995 -0.0862055 0.0148802 -0.0921931 0.0954050 -0.0760106 -0.1183215 -0.0531565 -0.0602019 -0.0827338 -0.0573219 -0.0917090 -0.0333557 -0.0698809 -0.0040620 -0.0020370 0.0097442 -0.0851736 -0.0962290 0.0932233 -0.1137265 0.0413681 0.1218539 -0.0590712 -0.0157405 -0.0561181 0.0310746 -0.1778145 0.0681513 0.2071141 -0.0855041 0.1032570 -0.0358905 -0.0433002 -0.0467186 -0.0016403 1.1676699 0.0709906 -0.0396154 0.0248413 0.0058394 0.0528604 0.0048353 -0.0007591 -0.0101958 -0.1018639 0.0077855 -0.0618215 -0.0058251 0.0452457 -0.0325162 -0.0327991 0.0818503 0.0800362 -0.0440160 -0.0649470 0.0522253 -0.0228909 0.1720938 -0.0441402 -0.0785317 0.0343810 0.2834072 -0.0675611 0.0022892 -0.0386945 0.2628056 -0.0365640 -0.0173988 0.0314966 -0.0331076 0.0761888 -0.0559005 0.0822532 -0.0040197 -0.0131777 0.1299433
0.0082996 0.0674904 -0.0165911 0.2211494 -0.0252627 -0.0629026 0.1014016 -0.1152768 -0.1232269 0.0473789 -0.1192262 -0.0150610 -0.0972480 0.0465147 -0.0122228 -0.0495071 -0.0106813 -0.1610163 -0.0020337 0.0981982 -0.1438946 -0.0941519 -0.0716171 -0.1272227 0.0291709 0.0695402 0.0507370 -0.1103830 -0.0351236 0.2066576 0.0095593 -0.1222237 0.0353610 0.0247198 0.0745662 -0.0127825 -0.0338527 0.0165479 0.0595660 -0.0249503 0.0709906 0.9480963 -0.0416725 -0.0881947 -0.0131641 0.0617657 -0.0241573 0.0573660 0.0487927 0.0683764 -0.0147190 -0.0144526 -0.0730005 -0.0794228 -0.0456084 0.0441843 0.0104934 -0.0190393 -0.0342807 -0.0698525 0.0415231 -0.0333606 0.0501785 -0.0535247 -0.0899279 -0.0242627 -0.0188090 0.0115859 -0.0112470 -0.0086455 0.0732690 -0.0498327 -0.0503937 -0.0330793 0.0061434 -0.0133232 -0.0535700 0.0308375 0.0107853 -0.0302389 0.0241959
-0.0669673 0.0763888 0.2167968 -0.1130899 -0.0760586 -0.0665601 0.0287799 0.4135746 -0.0073376 0.0253624 -0.0264620 0.0665207 -0.1421736 -0.1143253 0.0588156 0.0206718 0.0453553 0.0156357 0.0418421 -0.1283740 -0.1261648 0.0624399 0.1933581 -0.0829607 -0.0104783 -0.1202370 0.0581160 -0.1150773 -0.0680915 -0.0563361 -0.0115687 0.0317336 0.0256759 0.0245197 -0.0814536 -0.0113000 -0.0656495 0.0986106 0.0954124 -0.0502317 -0.0396154 -0.0416725 1.3717580 0.2840411 -0.0421875 -0.0739859 0.0393343 0.0203042 0.0161147 0.0105671 -0.0547635 -0.0773741 0.0403737 -0.0141744 0.0487025 -0.0337953 -0.0697681 0.1078111 0.0538104 0.1533644 -0.0434446 -0.0067004 -0.0122852 -0.0526621 0.1653822 -0.0392919 -0.0275410 -0.0612421 -0.0295274 0.0328773 -0.0157617 -0.0489573 -0.0011153 0.0826864 -0.0769214 -0.0268396 0.0037110 0.0716997 -0.0402757 -0.0228668 0.0405544
-0.0130453 -0.0289067 -0.0950685 -0.0352065 0.0042292 -0.0818427 -0.0756606 -0.0767268 -0.0986212 -0.0210844 -0.0535473 -0.0946254 -0.0581666 -0.1473878 -0.0032808 -0.0393695 0.0696475 0.2352006 0.1872939 0.0281755 0.2191881 0.2680236 0.0594121 -0.0249143 -0.0280800 -0.1410001 -0.0234591 -0.0817662 -0.0290325 -0.0559209 -0.0355394 -0.0318712 -0.0552505 0.0792272 -0.1135618 -0.0250141 0.1153516 0.1849704 0.1977353 0.0089206 0.0248413 -0.0881947 0.2840411 1.6881359 0.0622635 -0.0878510 -0.0548741 -0.0205908 0.0403775 -0.0519029 -0.0365429 -0.0184304 0.0674453 0.0439586 0.0032164 -0.0202430 -0.0271899 0.2572891 -0.0077689 -0.0584261 -0.0641108 0.0402989 -0.0492374 -0.0576287 -0.0161223 0.0677362 0.1919459 -0.0544744 -0.0784955 0.0462033 -0.0586352 0.0555348 0.1910925 0.1301983 -0.0225461 -0.0259311 0.2034675 0.0422909 -0.0332200 -0.0544980 0.1129854
-0.0595966 -0.0804307 -0.0008559 -0.0543753 -0.0519071 -0.0146516 -0.0903368 -0.1257745 -0.1932141 -0.0139375 -0.1023229 -0.0369870 -0.0585969 0.1043067 -0.1194260 -0.0631210 -0.0980341 -0.2083623 0.0562764 -0.0374703 -0.1183449 0.0448357 0.0082959 -0.1027382 0.0108993 -0.0423370 0.0138730 0.0435845 -0.0157213 -0.0739459 -0.1143152 -0.1074363 -0.0695547 -0.0414183 0.0240122 -0.0050611 0.0713082 -0.0274916 -0.0610930 0.1000998 0.0058394 -0.0131641 -0.0421875 0.0622635 0.7846181 -0.0052861 0.0509951 -0.0543929 -0.0148534 -0.0667422 0.0064910 -0.0055809 -0.0235768 -0.0527139 -0.0079591 0.0102599 0.0923578 0.0069775 0.0407056 -0.0366830 -0.0310809 -0.0021756 -0.0315436 -0.0096604 -0.0663042 -0.0068832 -0.0062105 0.0209786 0.0522819 -0.0185964 -0.0375331 0.0009131 0.0476978 0.0102712 0.0171482 0.0832196 -0.0147452 0.0064602 0.0469265 -0.0395414 -0.0069641
-0.0664457 0.0226467 -0.0559218 0.1381136 -0.0849448 -0.0881973 0.1299568 -0.1110453 -0.0833644 -0.0263097 0.0496303 -0.0034351 -0.0460741 -0.0892861 -0.0691730 -0.0827221 -0.0996572 -0.0265302 -0.0631104 -0.0987163 -0.1033155 0.0213133 -0.1076729 0.0159445 -0.1223545 0.0092669 0.0060913 -0.0802151 0.0226019 -0.1117841 -0.0433971 0.0909476 0.0397912 -0.0925069 0.0611120 -0.0628943 -0.0075572 -0.0098411 -0.0276547 0.0784366 0.0528604 0.0617657 -0.0739859 -0.0878510 -0.0052861 0.9226519 -0.0563683 -0.0750888 -0.0003540 0.0578255 -0.0163230 -0.0236550 -0.0135011 -0.0149738 -0.0659140 0.0283706 0.0630294 -0.0563969 -0.0159926 -0.0528633 0.0191396 0.0295729 0.0568876 -0.0082434 -0.0500902 0.0188475 -0.0146554 0.0083058 0.0029033 0.0131401 -0.0017132 0.0127916 -0.0389827 -0.0415801 -0.0129242 -0.0355618 -0.0288114 -0.0142513 0.0092166 0.0484765 -0.0121225
