1.4463786 -0.0388521 -0.0298983 -0.0362439 -0.0286309 -0.0262014 -0.0275912 -0.0238018 -0.0268027 -0.0396763 -0.0279518 -0.0152305 -0.0147982 -0.0485213 -0.0336552 -0.0370484 -0.0040374 -0.0072059 -0.0221654 -0.0138971 -0.0159821 -0.0229669 -0.0329074 -0.0270054 -0.0269394 -0.0294699 -0.0226666 -0.0051804 -0.0283630 -0.0524522 -0.0554829 -0.0272389 -0.0065126 -0.0027903 -0.0092674 -0.0095946 -0.0074155 -0.0080692 -0.0080403 -0.0077011 -0.0078551 -0.0094730 -0.0087316 -0.0092376 -0.0076425 -0.0082890 -0.0086744 -0.0077937 -0.0050343 -0.0014574 -0.0013286 -0.0034658 -0.0028670 -0.0044634 -0.0035484 -0.0095996 -0.0097970 -0.0065248 -0.0076525 -0.0067301 -0.0077990 -0.0113665 -0.0089094 -0.0006275 -0.0090101 -0.0071487 -0.0107926 -0.0096076 -0.0052359 -0.0062766 -0.0053672 -0.0071435 -0.0081229 -0.0093259 -0.0041612 -0.0061326 -0.0042612 -0.0039091 -0.0060175 -0.0070846 -0.0074866
-0.0388521 2.0922022 -0.0488244 -0.0473457 0.0806755 -0.0320185 -0.0429216 -0.0403393 -0.0538565 0.0228035 -0.0435193 -0.0416254 -0.0385339 -0.0639530 -0.0452304 -0.0539381 -0.0258651 -0.0306457 -0.0457199 -0.0396066 -0.0329340 -0.0316320 -0.0551735 -0.0499237 -0.0467142 -0.0474623 -0.0546060 -0.0068415 -0.0553032 0.5567130 -0.0783531 -0.0426883 -0.0259595 -0.0150438 -0.0235093 -0.0257299 -0.0233963 -0.0322473 -0.0236816 -0.0210454 -0.0226682 -0.0038028 -0.0262439 -0.0283079 -0.0224412 -0.0268977 -0.0258607 -0.0188663 -0.0291270 -0.0228151 -0.0236649 -0.0211066 -0.0302461 -0.0198484 -0.0214565 -0.0119243 -0.0209387 -0.0278472 -0.0199186 -0.0321891 -0.0218665 -0.0249757 -0.0211235 -0.0243597 -0.0050440 -0.0181174 -0.0303373 -0.0281840 -0.0286511 -0.0259780 -0.0032751 -0.0192992 -0.0236706 -0.0237178 -0.0167812 -0.0213072 -0.0223633 -0.0144444 -0.0198729 -0.0268941 -0.0272885
-0.0298983 -0.0488244 1.7613494 -0.0365355 -0.0515327 -0.0288524 -0.0287195 -0.0251389 -0.0358448 -0.0316750 -0.0372053 -0.0138901 -0.0245909 -0.0618557 -0.0395364 -0.0385625 -0.0086230 -0.0177529 -0.0326238 -0.0187907 -0.0179077 -0.0254226 -0.0402815 -0.0374145 -0.0321550 -0.0285169 -0.0295046 -0.0132925 -0.0330668 -0.0761698 -0.0617577 -0.0257766 -0.0123720 -0.0131327 -0.0120517 -0.0106997 -0.0084978 -0.0092439 -0.0118243 -0.0145501 -0.0079568 -0.0141739 -0.0071459 -0.0106611 -0.0063017 -0.0123227 -0.0048746 -0.0080645 -0.0078225 -0.0101640 -0.0018172 -0.0100990 -0.0064562 -0.0075746 -0.0019210 -0.0121922 -0.0064566 -0.0044220 -0.0076416 -0.0098763 -0.0070135 -0.0164743 -0.0091934 -0.0042557 -0.0112218 -0.0126992 -0.0133721 -0.0119354 -0.0064796 -0.0105524 -0.0116583 -0.0122876 -0.0074406 -0.0097934 -0.0047470 -0.0099610 -0.0052897 -0.0035548 -0.0073308 -0.0114769 -0.0072977
-0.0362439 -0.0473457 -0.0365355 1.7789804 -0.0445420 -0.0287062 -0.0204324 -0.0211474 -0.0341888 -0.0358984 -0.0372054 -0.0152945 -0.0229853 -0.0623322 -0.0363473 -0.0259043 -0.0124376 -0.0136546 -0.0296853 -0.0103166 -0.0151129 -0.0254003 -0.0365751 -0.0402879 -0.0306779 -0.0297063 -0.0279775 -0.0121291 -0.0318240 -0.0746430 -0.0637210 -0.0296553 -0.0104022 -0.0140416 -0.0102289 -0.0084336 -0.0070264 -0.0078366 -0.0124533 -0.0161036 -0.0125038 -0.0106547 -0.0143997 -0.0112896 -0.0093897 -0.0089278 -0.0065187 -0.0076033 -0.0103861 -0.0067890 -0.0078575 -0.0064781 -0.0064943 -0.0079313 -0.0049896 -0.0139164 -0.0044584 -0.0081534 -0.0093947 -0.0115388 -0.0084696 -0.0179713 -0.0113456 -0.0063087 -0.0126588 -0.0138697 -0.0117673 -0.0152395 -0.0114870 -0.0121069 -0.0121322 -0.0123282 -0.0065856 -0.0067929 -0.0033098 -0.0076966 -0.0074138 -0.0048533 -0.0059688 -0.0137517 -0.0113295
-0.0286309 0.0806755 -0.0515327 -0.0445420 1.9744666 -0.0318043 -0.0435597 -0.0416138 -0.0451033 -0.0166222 -0.0375083 -0.0383438 -0.0333428 -0.0214489 -0.0485796 -0.0468507 -0.0226403 -0.0218243 -0.0554542 -0.0385332 -0.0307929 -0.0374280 -0.0449936 -0.0488973 -0.0443150 -0.0404269 -0.0482353 -0.0091281 -0.0499283 0.3271664 -0.0395236 -0.0467187 -0.0199580 -0.0206333 -0.0263768 -0.0245226 -0.0201258 -0.0289067 -0.0253664 -0.0246852 -0.0194825 -0.0088431 -0.0272555 -0.0249751 -0.0213620 -0.0244988 -0.0257985 -0.0149200 -0.0262907 -0.0216020 -0.0203988 -0.0241692 -0.0209968 -0.0203973 -0.0160564 -0.0071546 -0.0234423 -0.0280945 -0.0225418 -0.0277038 -0.0093177 -0.0282362 -0.0115463 -0.0178153 -0.0098798 -0.0227092 -0.0221457 -0.0193962 -0.0238802 -0.0234132 -0.0072812 -0.0165183 -0.0212164 -0.0211137 -0.0167033 -0.0205662 -0.0226698 -0.0157571 -0.0160277 -0.0238208 -0.0253109
-0.0262014 -0.0320185 -0.0288524 -0.0287062 -0.0318043 1.3179045 -0.0244190 -0.0120217 -0.0237218 -0.0291561 -0.0328225 -0.0129754 -0.0198150 -0.0521711 -0.0267938 -0.0336007 -0.0068492 -0.0134386 -0.0277340 -0.0094465 -0.0119990 -0.0212559 -0.0222909 -0.0185113 -0.0255423 -0.0278970 -0.0205242 -0.0069410 -0.0239930 -0.0342465 -0.0526008 -0.0206090 -0.0067287 -0.0063254 -0.0050563 -0.0016115 -0.0050090 -0.0039094 -0.0050383 -0.0091834 -0.0052432 -0.0094659 -0.0077371 -0.0074121 -0.0012130 -0.0071074 -0.0075932 -0.0018402 -0.0050003 -0.0064993 -0.0018910 -0.0054218 -0.0031526 -0.0024336 -0.0020646 -0.0088068 -0.0027157 -0.0053662 -0.0057085 -0.0084306 -0.0062279 -0.0055044 -0.0079101 -0.0002849 -0.0060333 -0.0029911 -0.0094458 -0.0073105 -0.0050975 -0.0070568 -0.0060862 -0.0091179 -0.0041481 -0.0076874 -0.0013895 -0.0042349 -0.0058429 -0.0038470 -0.0071385 -0.0082561 -0.0040740
-0.0275912 -0.0429216 -0.0287195 -0.0204324 -0.0435597 -0.0244190 1.4010421 -0.0184181 -0.0280318 -0.0331060 -0.0267541 -0.0136495 -0.0228229 -0.0578532 -0.0307946 -0.0283410 -0.0086075 -0.0158615 -0.0271609 -0.0145119 -0.0147411 -0.0256307 -0.0261923 -0.0301842 -0.0273413 -0.0146299 -0.0226995 -0.0069345 -0.0155249 -0.0725257 -0.0559217 -0.0217862 -0.0060601 -0.0076673 -0.0041713 -0.0052796 -0.0029860 -0.0053513 -0.0068724 -0.0084600 -0.0048927 -0.0078261 -0.0045250 -0.0082150 -0.0041718 -0.0023090 -0.0055859 -0.0049187 -0.0035787 -0.0071328 -0.0042091 -0.0073059 -0.0029387 -0.0004709 -0.0017267 -0.0035507 -0.0029231 -0.0050569 -0.0045247 -0.0075220 -0.0025298 -0.0089697 -0.0056342 0.0004540 -0.0048510 -0.0022671 -0.0022071 -0.0048810 -0.0054583 -0.0043104 -0.0050915 -0.0039082 -0.0036936 -0.0045961 -0.0020445 -0.0049983 -0.0051751 -0.0021494 -0.0060410 -0.0056851 -0.0038186
-0.0238018 -0.0403393 -0.0251389 -0.0211474 -0.0416138 -0.0120217 -0.0184181 1.2736089 -0.0287984 -0.0263754 -0.0294620 -0.0103896 -0.0136864 -0.0526186 -0.0283573 -0.0229452 -0.0043986 -0.0094238 -0.0138702 -0.0160761 -0.0123628 -0.0126126 -0.0210906 -0.0263792 -0.0217237 -0.0207856 -0.0192594 -0.0082121 -0.0204374 -0.0583741 -0.0521387 -0.0125002 -0.0050975 -0.0059000 -0.0045483 -0.0037430 -0.0038503 -0.0014808 -0.0092089 -0.0018342 -0.0042719 -0.0084798 0.0016331 -0.0053351 -0.0023908 -0.0052226 -0.0045207 -0.0036060 -0.0022935 -0.0053476 -0.0019308 -0.0039597 -0.0048134 -0.0013161 -0.0013999 -0.0015584 -0.0044524 -0.0027770 -0.0041777 -0.0033183 -0.0054928 -0.0073500 -0.0047039 -0.0003102 -0.0070325 -0.0020845 -0.0058961 -0.0034073 -0.0015789 -0.0001837 -0.0004532 -0.0048433 -0.0042070 -0.0047933 -0.0001235 -0.0019455 -0.0028498 -0.0029342 -0.0049375 -0.0008226 -0.0047362
-0.0268027 -0.0538565 -0.0358448 -0.0341888 -0.0451033 -0.0237218 -0.0280318 -0.0287984 1.5363320 -0.0368293 -0.0294981 -0.0215965 -0.0256579 0.1133132 0.0039108 -0.0282451 -0.0155577 0.0037238 -0.0370585 -0.0234240 -0.0205820 -0.0208624 -0.0158607 -0.0316578 -0.0314466 -0.0360294 -0.0269548 -0.0146635 -0.0280946 -0.0615648 0.0898903 -0.0221787 -0.0038869 -0.0143177 -0.0075329 -0.0090066 -0.0107095 -0.0122644 -0.0102124 -0.0114360 -0.0126249 -0.0084996 -0.0122373 -0.0122985 -0.0130255 -0.0081728 -0.0102733 -0.0143391 -0.0105821 -0.0147790 -0.0090273 -0.0129160 -0.0017314 -0.0113670 -0.0103158 -0.0142518 -0.0143727 -0.0114397 -0.0105048 -0.0116431 -0.0032043 -0.0123668 -0.0121477 -0.0088312 -0.0140642 -0.0139687 -0.0000071 -0.0149182 -0.0076676 -0.0112679 -0.0122892 -0.0071590 -0.0094693 -0.0100326 -0.0119415 -0.0104376 -0.0133000 -0.0081432 -0.0078426 -0.0079517 -0.0108585
-0.0396763 0.0228035 -0.0316750 -0.0358984 -0.0166222 -0.0291561 -0.0331060 -0.0263754 -0.0368293 1.8129145 -0.0415317 -0.0223067 -0.0307433 -0.0729147 -0.0382373 -0.0445374 -0.0138326 -0.0231516 -0.0394728 -0.0283289 -0.0210678 -0.0291544 -0.0409326 -0.0405165 -0.0375105 -0.0302027 -0.0382919 -0.0091363 -0.0406871 0.0952193 -0.0677557 -0.0308267 -0.0149470 -0.0112797 -0.0172227 -0.0105694 -0.0108247 -0.0155058 -0.0090112 -0.0169500 -0.0126714 -0.0081955 -0.0159249 -0.0126528 -0.0121142 -0.0158543 -0.0126268 -0.0086633 -0.0146940 -0.0131578 -0.0115984 -0.0105590 -0.0099705 -0.0102476 -0.0079616 -0.0114545 -0.0125017 -0.0156354 -0.0123812 -0.0157519 -0.0112178 -0.0116552 -0.0134145 -0.0079848 -0.0087814 -0.0105310 -0.0144407 -0.0141694 -0.0131020 -0.0135916 -0.0077554 -0.0132948 -0.0103196 -0.0087284 -0.0040837 -0.0081186 -0.0119569 -0.0067023 -0.0125954 -0.0160507 -0.0127535
-0.0279518 -0.0435193 -0.0372053 -0.0372054 -0.0375083 -0.0328225 -0.0267541 -0.0294620 -0.0294981 -0.0415317 1.6399806 -0.0181660 -0.0165411 -0.0359305 -0.0253868 -0.0389691 -0.0125868 -0.0108911 -0.0289145 -0.0244568 -0.0127192 -0.0290406 -0.0374579 -0.0279801 -0.0298017 -0.0219043 -0.0288112 -0.0079809 -0.0368570 -0.0339573 -0.0302250 -0.0287334 -0.0107769 -0.0103519 -0.0066310 -0.0095890 -0.0122632 -0.0117858 -0.0117404 -0.0094767 -0.0110735 -0.0122931 -0.0104064 -0.0119196 -0.0101377 -0.0119224 -0.0127490 -0.0093819 -0.0102245 -0.0114427 -0.0078324 -0.0107993 -0.0046258 -0.0079726 -0.0058756 -0.0129926 -0.0108905 -0.0090583 -0.0075078 -0.0077091 -0.0108903 -0.0167449 -0.0107624 -0.0078051 -0.0126716 -0.0085664 -0.0119157 -0.0123444 -0.0088355 -0.0127827 -0.0103190 -0.0074694 -0.0090127 -0.0108503 -0.0086372 -0.0110528 -0.0100064 -0.0085999 -0.0062071 -0.0097932 -0.0123913
-0.0152305 -0.0416254 -0.0138901 -0.0152945 -0.0383438 -0.0129754 -0.0136495 -0.0103896 -0.0215965 -0.0223067 -0.0181660 1.1443841 -0.0151906 -0.0465876 -0.0160657 -0.0165059 -0.0042730 -0.0094665 -0.0164113 -0.0106022 -0.0104831 -0.0134844 -0.0157011 -0.0161931 -0.0156762 -0.0160015 -0.0160987 -0.0063587 -0.0129648 -0.0634252 -0.0390100 -0.0137721 -0.0033380 -0.0032876 -0.0034037 -0.0018538 -0.0030846 -0.0017368 -0.0039118 -0.0009364 -0.0038289 -0.0049322 -0.0005221 -0.0030221 -0.0017976 -0.0026063 -0.0036277 -0.0012202 -0.0013585 -0.0010347 -0.0021897 -0.0029171 -0.0025479 -0.0008166 0.0001813 -0.0034179 -0.0032898 -0.0018933 -0.0013227 -0.0023270 -0.0022947 -0.0058111 -0.0026611 0.0007222 -0.0040773 -0.0034417 -0.0037275 -0.0013957 -0.0025131 -0.0016673 -0.0032551 -0.0045826 -0.0033576 0.0042882 -0.0001384 -0.0029271 -0.0024461 0.0026480 -0.0042263 -0.0026024 0.0015503
-0.0147982 -0.0385339 -0.0245909 -0.0229853 -0.0333428 -0.0198150 -0.0228229 -0.0136864 -0.0256579 -0.0307433 -0.0165411 -0.0151906 1.2237145 -0.0494458 -0.0238532 -0.0216420 -0.0039949 -0.0097080 -0.0134489 -0.0191136 -0.0095081 -0.0147167 -0.0276376 -0.0231476 -0.0181752 -0.0172640 -0.0216999 -0.0073693 -0.0246002 -0.0551956 -0.0567721 -0.0155864 -0.0051316 -0.0059902 0.0000450 -0.0061870 -0.0048592 -0.0032271 -0.0057095 -0.0037855 -0.0044793 -0.0063922 -0.0081858 -0.0049276 -0.0040602 -0.0018110 -0.0045257 -0.0056878 -0.0031713 -0.0041679 -0.0020011 -0.0030261 -0.0039431 -0.0017117 -0.0010844 -0.0030646 -0.0035960 -0.0049345 -0.0033781 -0.0039852 -0.0023082 -0.0067409 -0.0064145 -0.0030333 -0.0061140 -0.0025573 -0.0007996 -0.0070628 -0.0061377 -0.0046930 -0.0059686 -0.0035668 0.0011179 -0.0064805 -0.0018399 0.0006683 0.0005239 -0.0030284 -0.0041027 -0.0040687 -0.0035332
-0.0485213 -0.0639530 -0.0618557 -0.0623322 -0.0214489 -0.0521711 -0.0578532 -0.0526186 0.1133132 -0.0729147 -0.0359305 -0.0465876 -0.0494458 2.5570588 0.0651371 -0.0298431 -0.0499097 0.0707484 -0.0635187 -0.0575430 -0.0475767 -0.0639792 -0.0050978 -0.0600649 -0.0515160 -0.0670017 -0.0579629 -0.0498663 -0.0610136 -0.0333807 0.6354257 -0.0516331 -0.0031709 -0.0358643 -0.0381404 -0.0405085 -0.0309324 -0.0318108 -0.0482392 -0.0343996 -0.0347358 0.0053288 -0.0348311 -0.0450757 -0.0374469 -0.0381539 -0.0371009 -0.0464536 -0.0209631 -0.0430222 -0.0385878 -0.0401424 0.0032550 -0.0455155 -0.0408687 -0.0353532 -0.0469095 -0.0425928 -0.0266187 -0.0413586 -0.0078128 -0.0270741 -0.0165707 -0.0425661 -0.0325074 -0.0452992 0.0116386 -0.0304250 -0.0370783 -0.0204320 -0.0409497 -0.0073400 -0.0410621 -0.0447180 -0.0471237 -0.0412746 -0.0454552 -0.0349324 -0.0188690 -0.0084178 -0.0407065
-0.0336552 -0.0452304 -0.0395364 -0.0363473 -0.0485796 -0.0267938 -0.0307946 -0.0283573 0.0039108 -0.0382373 -0.0253868 -0.0160657 -0.0238532 0.0651371 1.4800671 -0.0350420 -0.0138731 0.0045846 -0.0379632 -0.0265794 -0.0200669 -0.0370562 -0.0338761 -0.0374118 -0.0293863 -0.0336408 -0.0320514 -0.0185103 -0.0281996 -0.0475331 0.0430182 -0.0235430 -0.0049511 -0.0098926 -0.0119045 -0.0066056 -0.0067145 -0.0073630 -0.0143590 -0.0074352 -0.0109519 -0.0062677 -0.0105398 -0.0123991 -0.0122342 -0.0130873 -0.0127283 -0.0114372 -0.0077239 -0.0129994 -0.0059248 -0.0114040 -0.0010425 -0.0061873 -0.0080350 -0.0091235 -0.0136477 -0.0062395 -0.0084786 -0.0142498 -0.0020884 -0.0109800 -0.0063070 -0.0079608 -0.0119994 -0.0140626 -0.0028951 -0.0094201 -0.0089362 -0.0086842 -0.0131732 -0.0059597 -0.0127413 -0.0136256 -0.0123379 -0.0091893 -0.0116856 -0.0060532 -0.0107278 -0.0069269 -0.0083520
-0.0370484 -0.0539381 -0.0385625 -0.0259043 -0.0468507 -0.0336007 -0.0283410 -0.0229452 -0.0282451 -0.0445374 -0.0389691 -0.0165059 -0.0216420 -0.0298431 -0.0350420 1.7736862 -0.0096315 -0.0082414 -0.0328755 -0.0163050 -0.0187760 -0.0294102 -0.0307411 -0.0353444 -0.0264584 -0.0280709 -0.0304854 -0.0170320 -0.0317610 -0.0782525 -0.0333950 -0.0241296 -0.0105815 -0.0110234 -0.0113157 -0.0123013 -0.0096260 -0.0108108 -0.0158863 -0.0107142 -0.0120360 -0.0131778 -0.0124101 -0.0116651 -0.0092939 -0.0137807 -0.0099924 -0.0095231 -0.0082827 -0.0120587 -0.0068227 -0.0107714 -0.0066165 -0.0085127 -0.0081711 -0.0122068 -0.0061160 -0.0106041 -0.0075706 -0.0103765 -0.0081752 -0.0164121 -0.0103658 -0.0069086 -0.0142071 -0.0120010 -0.0092273 -0.0109091 -0.0096814 -0.0131529 -0.0104604 -0.0057551 -0.0088746 -0.0094293 -0.0041036 -0.0132849 -0.0103021 -0.0055473 -0.0126351 -0.0081833 -0.0131447
-0.0040374 -0.0258651 -0.0086230 -0.0124376 -0.0226403 -0.0068492 -0.0086075 -0.0043986 -0.0155577 -0.0138326 -0.0125868 -0.0042730 -0.0039949 -0.0499097 -0.0138731 -0.0096315 0.9212937 -0.0054655 -0.0026611 -0.0065965 -0.0010233 -0.0069768 -0.0089977 -0.0058303 -0.0100311 -0.0086325 -0.0087972 -0.0004268 -0.0032495 -0.0582685 -0.0420431 -0.0061370 0.0001065 0.0032068 0.0008925 0.0029029 0.0006701 0.0011082 -0.0008447 -0.0004807 0.0010190 -0.0024056 0.0015312 0.0005291 0.0017444 -0.0003630 0.0004095 0.0016869 0.0028730 0.0040683 0.0018170 -0.0007161 -0.0007244 0.0019749 0.0012170 0.0043406 0.0029996 0.0007274 0.0008752 0.0009041 0.0005926 0.0005968 0.0003341 0.0005052 -0.0003585 0.0032764 -0.0019843 0.0003887 0.0008486 0.0002576 0.0006717 0.0001911 0.0015919 0.0017210 0.0027476 0.0019291 0.0023158 0.0008934 0.0002256 0.0010964 0.0025140
-0.0072059 -0.0306457 -0.0177529 -0.0136546 -0.0218243 -0.0134386 -0.0158615 -0.0094238 0.0037238 -0.0231516 -0.0108911 -0.0094665 -0.0097080 0.0707484 0.0045846 -0.0082414 -0.0054655 1.0622264 -0.0203199 -0.0039994 -0.0091285 -0.0189732 -0.0131640 -0.0066024 -0.0077867 -0.0178537 -0.0107541 -0.0093601 -0.0179474 -0.0649337 0.0564919 -0.0153147 -0.0005929 -0.0035867 -0.0040489 -0.0042533 -0.0027032 -0.0012275 -0.0062898 -0.0029685 -0.0039089 -0.0028081 -0.0038439 -0.0044926 -0.0039413 -0.0028747 -0.0041093 -0.0033486 -0.0017367 -0.0054516 -0.0030665 -0.0051074 0.0033771 -0.0032573 -0.0026747 -0.0052459 -0.0053549 -0.0043633 -0.0035343 -0.0029568 -0.0015091 -0.0038250 -0.0027680 -0.0028911 -0.0038366 -0.0041306 0.0000681 -0.0038408 -0.0030268 -0.0011587 -0.0048820 -0.0016368 -0.0017660 -0.0054605 -0.0027950 -0.0054630 -0.0049525 -0.0034569 -0.0032305 -0.0007244 -0.0047309
-0.0221654 -0.0457199 -0.0326238 -0.0296853 -0.0554542 -0.0277340 -0.0271609 -0.0138702 -0.0370585 -0.0394728 -0.0289145 -0.0164113 -0.0134489 -0.0635187 -0.0379632 -0.0328755 -0.0026611 -0.0203199 1.5761311 -0.0107660 -0.0097010 -0.0235517 -0.0296083 -0.0290714 -0.0325181 -0.0187736 -0.0302993 -0.0108823 -0.0252270 -0.0687988 -0.0648256 -0.0191365 -0.0094362 -0.0061948 -0.0088198 -0.0051051 -0.0059388 -0.0050442 -0.0082149 -0.0073657 -0.0059028 -0.0108083 -0.0091494 -0.0057410 -0.0049149 -0.0073571 -0.0034713 -0.0045013 -0.0051022 -0.0025852 -0.0010562 -0.0081560 -0.0060991 -0.0025289 -0.0051565 -0.0093787 -0.0041606 -0.0013345 -0.0083618 -0.0081951 -0.0078601 -0.0126332 -0.0075980 -0.0008048 -0.0085163 -0.0068872 -0.0126903 -0.0087554 -0.0072048 -0.0069353 -0.0083008 -0.0085857 -0.0055535 -0.0070413 -0.0007791 0.0033574 -0.0022605 -0.0043553 -0.0088359 -0.0099200 -0.0014203
-0.0138971 -0.0396066 -0.0187907 -0.0103166 -0.0385332 -0.0094465 -0.0145119 -0.0160761 -0.0234240 -0.0283289 -0.0244568 -0.0106022 -0.0191136 -0.0575430 -0.0265794 -0.0163050 -0.0065965 -0.0039994 -0.0107660 1.2072752 -0.0053836 -0.0164688 -0.0195917 -0.0138782 -0.0160307 -0.0131143 -0.0163508 -0.0070016 -0.0146765 -0.0676403 -0.0519922 -0.0125726 -0.0023665 -0.0033806 -0.0001470 -0.0046128 -0.0020336 -0.0033896 -0.0057141 -0.0047653 -0.0020139 -0.0056956 -0.0059314 -0.0010306 -0.0010291 -0.0035156 -0.0036352 -0.0019184 -0.0027751 -0.0046367 -0.0009135 -0.0038567 -0.0018227 0.0006232 0.0003369 -0.0055375 -0.0019649 -0.0021796 -0.0022919 -0.0042377 -0.0029957 -0.0056513 -0.0042505 0.0029245 -0.0046675 0.0000612 -0.0033495 -0.0024114 -0.0042609 -0.0039989 0.0002524 -0.0039350 -0.0022675 -0.0046457 -0.0000197 -0.0001492 0.0014055 0.0002002 -0.0034849 -0.0047764 0.0001160
-0.0159821 -0.0329340 -0.0179077 -0.0151129 -0.0307929 -0.0119990 -0.0147411 -0.0123628 -0.0205820 -0.0210678 -0.0127192 -0.0104831 -0.0095081 -0.0475767 -0.0200669 -0.0187760 -0.0010233 -0.0091285 -0.0097010 -0.0053836 1.0841545 -0.0128767 -0.0198402 -0.0109182 -0.0129839 -0.0093500 -0.0167907 -0.0058672 -0.0163053 -0.0642637 -0.0497850 -0.0121460 -0.0023576 0.0029348 -0.0021645 -0.0000243 -0.0007127 -0.0008425 -0.0044630 -0.0011005 -0.0022961 -0.0062253 -0.0037505 -0.0017130 -0.0017026 -0.0028758 -0.0016627 -0.0022675 0.0023166 -0.0027169 0.0000289 -0.0017163 -0.0005914 -0.0004980 0.0019066 -0.0046120 -0.0001104 -0.0009397 -0.0006958 -0.0018398 -0.0022287 -0.0037965 -0.0019245 -0.0003547 -0.0044372 -0.0003590 -0.0036431 -0.0018705 -0.0002025 -0.0023385 0.0023674 -0.0018424 -0.0021866 -0.0004986 0.0040050 0.0000454 -0.0001297 -0.0011925 -0.0029367 -0.0027131 -0.0003740
-0.0229669 -0.0316320 -0.0254226 -0.0254003 -0.0374280 -0.0212559 -0.0256307 -0.0126126 -0.0208624 -0.0291544 -0.0290406 -0.0134844 -0.0147167 -0.0639792 -0.0370562 -0.0294102 -0.0069768 -0.0189732 -0.0235517 -0.0164688 -0.0128767 1.4403416 -0.0328305 -0.0276266 -0.0254276 -0.0146994 -0.0250619 -0.0081249 -0.0199601 -0.0528567 -0.0620649 -0.0202175 -0.0081399 -0.0035370 -0.0059027 -0.0040029 -0.0057971 -0.0041051 -0.0077034 -0.0072588 -0.0067118 -0.0101770 -0.0062478 -0.0060884 -0.0044328 -0.0068799 -0.0060150 -0.0070260 -0.0033358 -0.0049604 -0.0042753 -0.0072189 -0.0038422 -0.0050727 -0.0027276 -0.0012300 -0.0038585 -0.0032763 -0.0025585 -0.0028584 -0.0069391 -0.0118912 -0.0089845 -0.0013230 -0.0057487 -0.0062758 -0.0082652 -0.0070779 -0.0059442 -0.0087464 -0.0041577 -0.0067225 -0.0050910 -0.0049110 -0.0000043 -0.0029616 -0.0068096 0.0001471 -0.0092412 -0.0085748 -0.0052873
-0.0329074 -0.0551735 -0.0402815 -0.0365751 -0.0449936 -0.0222909 -0.0261923 -0.0210906 -0.0158607 -0.0409326 -0.0374579 -0.0157011 -0.0276376 -0.0050978 -0.0338761 -0.0307411 -0.0089977 -0.0131640 -0.0296083 -0.0195917 -0.0198402 -0.0328305 1.5852066 -0.0333650 -0.0261029 -0.0247072 -0.0288740 -0.0089146 -0.0204631 -0.0758887 -0.0193523 -0.0219248 -0.0067734 -0.0116814 -0.0090211 -0.0081632 -0.0113081 -0.0084405 -0.0139173 -0.0111616 -0.0101738 -0.0108298 -0.0074549 -0.0088996 -0.0065137 -0.0105638 -0.0095798 -0.0049935 -0.0059277 -0.0080065 -0.0081139 -0.0087727 -0.0051064 -0.0081457 -0.0043020 -0.0118380 -0.0093318 -0.0083776 -0.0092094 -0.0108530 -0.0080174 -0.0110381 -0.0083572 -0.0053982 -0.0072589 -0.0124247 -0.0079204 -0.0068160 -0.0094398 -0.0067731 -0.0050657 -0.0082202 -0.0100441 -0.0092298 -0.0061946 -0.0080312 -0.0094354 -0.0053506 -0.0038238 -0.0076996 -0.0084201
-0.0270054 -0.0499237 -0.0374145 -0.0402879 -0.0488973 -0.0185113 -0.0301842 -0.0263792 -0.0316578 -0.0405165 -0.0279801 -0.0161931 -0.0231476 -0.0600649 -0.0374118 -0.0353444 -0.0058303 -0.0066024 -0.0290714 -0.0138782 -0.0109182 -0.0276266 -0.0333650 1.5673529 -0.0232328 -0.0251813 -0.0320711 -0.0078777 -0.0312893 -0.0760058 -0.0543226 -0.0180684 -0.0092704 -0.0041061 -0.0057738 -0.0106594 -0.0059445 -0.0026792 -0.0048620 -0.0081097 -0.0014502 -0.0141544 -0.0082601 -0.0052713 -0.0077000 -0.0093528 -0.0088911 -0.0044448 -0.0070997 -0.0068613 -0.0010078 -0.0086258 -0.0024223 -0.0047668 -0.0026384 -0.0109619 -0.0062323 -0.0079622 -0.0074893 -0.0069242 -0.0071778 -0.0141802 -0.0045365 -0.0029417 -0.0106866 -0.0045787 -0.0094608 -0.0114084 -0.0057565 -0.0049542 -0.0081717 -0.0070931 -0.0068016 -0.0071139 -0.0019883 -0.0046978 -0.0066656 -0.0043722 -0.0088438 -0.0031523 -0.0036738
-0.0269394 -0.0467142 -0.0321550 -0.0306779 -0.0443150 -0.0255423 -0.0273413 -0.0217237 -0.0314466 -0.0375105 -0.0298017 -0.0156762 -0.0181752 -0.0515160 -0.0293863 -0.0264584 -0.0100311 -0.0077867 -0.0325181 -0.0160307 -0.0129839 -0.0254276 -0.0261029 -0.0232328 1.4826231 -0.0198427 -0.0230614 -0.0076360 -0.0209191 -0.0705986 -0.0604351 -0.0232566 -0.0070857 -0.0078029 -0.0054658 -0.0091113 -0.0067974 -0.0058080 -0.0101216 -0.0096148 -0.0067750 -0.0100589 -0.0093190 -0.0085919 -0.0045249 -0.0086907 -0.0060694 -0.0058505 -0.0035357 -0.0082924 -0.0045917 -0.0052017 -0.0047774 -0.0047810 -0.0047562 -0.0050865 -0.0063173 -0.0037400 -0.0087091 -0.0053388 -0.0036289 -0.0095434 -0.0083927 -0.0027678 -0.0119903 -0.0089825 -0.0073069 -0.0026851 -0.0082858 -0.0086110 -0.0054463 -0.0026147 -0.0048687 -0.0090201 -0.0007737 -0.0027111 -0.0065653 -0.0032750 -0.0077856 -0.0090934 -0.0038889
-0.0294699 -0.0474623 -0.0285169 -0.0297063 -0.0404269 -0.0278970 -0.0146299 -0.0207856 -0.0360294 -0.0302027 -0.0219043 -0.0160015 -0.0172640 -0.0670017 -0.0336408 -0.0280709 -0.0086325 -0.0178537 -0.0187736 -0.0131143 -0.0093500 -0.0146994 -0.0247072 -0.0251813 -0.0198427 1.4751344 -0.0251494 -0.0063547 -0.0229625 -0.0661698 -0.0654182 -0.0143799 -0.0086961 -0.0051392 -0.0087625 -0.0083089 -0.0075405 -0.0067505 -0.0071199 -0.0072905 -0.0056150 -0.0087243 -0.0087498 -0.0086451 -0.0061486 -0.0024353 -0.0069867 -0.0048193 -0.0064350 -0.0033112 -0.0034885 -0.0025172 -0.0034751 0.0029438 -0.0039458 -0.0048247 -0.0015693 -0.0049287 -0.0054615 -0.0050951 -0.0074973 -0.0117309 -0.0098429 -0.0010950 -0.0082905 -0.0034355 -0.0065009 -0.0096188 -0.0047996 -0.0067640 -0.0051267 -0.0056313 -0.0027330 -0.0056056 -0.0001729 -0.0017225 -0.0032176 0.0020015 -0.0094899 -0.0083680 -0.0080899
-0.0226666 -0.0546060 -0.0295046 -0.0279775 -0.0482353 -0.0205242 -0.0226995 -0.0192594 -0.0269548 -0.0382919 -0.0288112 -0.0160987 -0.0216999 -0.0579629 -0.0320514 -0.0304854 -0.0087972 -0.0107541 -0.0302993 -0.0163508 -0.0167907 -0.0250619 -0.0288740 -0.0320711 -0.0230614 -0.0251494 1.4422714 -0.0086042 -0.0232866 -0.0726326 -0.0546672 -0.0200831 -0.0035466 -0.0064722 -0.0038635 -0.0056735 -0.0077616 -0.0064519 -0.0054073 -0.0054733 -0.0031521 -0.0059964 -0.0005999 -0.0049236 -0.0023560 -0.0058980 -0.0017525 -0.0038347 -0.0052903 -0.0077763 -0.0052163 -0.0052142 -0.0029437 -0.0036967 0.0002602 -0.0066059 -0.0025874 -0.0010207 -0.0042643 -0.0047912 -0.0062825 -0.0092604 -0.0062207 -0.0034079 -0.0088425 -0.0072122 -0.0062787 -0.0074048 -0.0061666 -0.0062429 -0.0057185 -0.0067550 -0.0062180 -0.0020342 -0.0013857 -0.0044027 -0.0007276 -0.0032323 -0.0041348 -0.0041632 -0.0029742
-0.0051804 -0.0068415 -0.0132925 -0.0121291 -0.0091281 -0.0069410 -0.0069345 -0.0082121 -0.0146635 -0.0091363 -0.0079809 -0.0063587 -0.0073693 -0.0498663 -0.0185103 -0.0170320 -0.0004268 -0.0093601 -0.0108823 -0.0070016 -0.0058672 -0.0081249 -0.0089146 -0.0078777 -0.0076360 -0.0063547 -0.0086042 0.9309094 -0.0017341 0.0089059 -0.0527337 -0.0087560 -0.0020033 -0.0017411 -0.0009555 0.0016099 -0.0008090 -0.0015401 0.0001305 -0.0006974 -0.0000892 -0.0019544 -0.0025991 0.0012234 -0.0002585 -0.0021888 -0.0018460 0.0000423 -0.0014263 0.0003065 -0.0000999 0.0008362 -0.0018275 0.0002379 0.0003556 -0.0003318 0.0029147 -0.0009234 -0.0008880 -0.0001595 -0.0009832 -0.0040168 -0.0036782 0.0002504 0.0016659 -0.0014373 -0.0009176 -0.0026209 0.0024863 -0.0004675 0.0009887 -0.0027065 -0.0004965 -0.0006190 0.0000250 0.0000099 0.0009074 0.0003411 0.0029034 -0.0030438 -0.0000033
-0.0283630 -0.0553032 -0.0330668 -0.0318240 -0.0499283 -0.0239930 -0.0155249 -0.0204374 -0.0280946 -0.0406871 -0.0368570 -0.0129648 -0.0246002 -0.0610136 -0.0281996 -0.0317610 -0.0032495 -0.0179474 -0.0252270 -0.0146765 -0.0163053 -0.0199601 -0.0204631 -0.0312893 -0.0209191 -0.0229625 -0.0232866 -0.0017341 1.4873672 -0.0785714 -0.0545377 -0.0137804 -0.0070199 -0.0083657 -0.0081880 -0.0088038 -0.0096062 -0.0031869 -0.0079935 -0.0101652 -0.0047632 -0.0124539 -0.0095087 -0.0028304 -0.0046475 -0.0077269 -0.0078149 -0.0060882 -0.0034881 -0.0020800 -0.0015742 -0.0049767 -0.0043810 -0.0009884 -0.0019580 -0.0072954 -0.0050559 -0.0058577 -0.0052881 -0.0036896 -0.0039842 -0.0094355 -0.0090148 0.0009646 -0.0093065 -0.0040440 -0.0022447 -0.0062950 -0.0031047 -0.0075350 -0.0069245 -0.0077798 -0.0093727 -0.0060478 -0.0010865 -0.0023185 -0.0043406 -0.0052889 -0.0050470 -0.0084413 -0.0059966
-0.0524522 0.5567130 -0.0761698 -0.0746430 0.3271664 -0.0342465 -0.0725257 -0.0583741 -0.0615648 0.0952193 -0.0339573 -0.0634252 -0.0551956 -0.0333807 -0.0475331 -0.0782525 -0.0582685 -0.0649337 -0.0687988 -0.0676403 -0.0642637 -0.0528567 -0.0758887 -0.0760058 -0.0705986 -0.0661698 -0.0726326 0.0089059 -0.0785714 3.1756272 -0.0651416 -0.0736544 -0.0525085 -0.0345867 -0.0510920 -0.0527089 -0.0479385 -0.0563029 -0.0444511 -0.0396446 -0.0424116 0.0162141 -0.0533561 -0.0526338 -0.0484750 -0.0551624 -0.0516608 -0.0339481 -0.0531905 -0.0421789 -0.0526201 -0.0426571 -0.0564411 -0.0468979 -0.0470916 -0.0150039 -0.0478835 -0.0586576 -0.0427334 -0.0587141 -0.0408550 -0.0495955 -0.0427969 -0.0555706 -0.0022342 -0.0455768 -0.0555386 -0.0545105 -0.0540671 -0.0521995 -0.0113664 -0.0351924 -0.0464670 -0.0509559 -0.0372730 -0.0429513 -0.0480813 -0.0346927 -0.0314473 -0.0553645 -0.0517037
-0.0554829 -0.0783531 -0.0617577 -0.0637210 -0.0395236 -0.0526008 -0.0559217 -0.0521387 0.0898903 -0.0677557 -0.0302250 -0.0390100 -0.0567721 0.6354257 0.0430182 -0.0333950 -0.0420431 0.0564919 -0.0648256 -0.0519922 -0.0497850 -0.0620649 -0.0193523 -0.0543226 -0.0604351 -0.0654182 -0.0546672 -0.0527337 -0.0545377 -0.0651416 2.2957306 -0.0537500 -0.0001130 -0.0346618 -0.0371673 -0.0384333 -0.0327050 -0.0271055 -0.0404487 -0.0299873 -0.0343816 0.0021350 -0.0289578 -0.0398360 -0.0422897 -0.0299383 -0.0342901 -0.0432012 -0.0166251 -0.0411627 -0.0344900 -0.0359390 0.0047937 -0.0434202 -0.0378849 -0.0315884 -0.0444441 -0.0418719 -0.0293071 -0.0433144 0.0000066 -0.0276517 -0.0151033 -0.0383328 -0.0309368 -0.0396760 0.0130712 -0.0277911 -0.0330725 -0.0155341 -0.0399830 -0.0120685 -0.0358255 -0.0395578 -0.0435113 -0.0445594 -0.0415187 -0.0326530 -0.0207729 -0.0106339 -0.0397580
-0.0272389 -0.0426883 -0.0257766 -0.0296553 -0.0467187 -0.0206090 -0.0217862 -0.0125002 -0.0221787 -0.0308267 -0.0287334 -0.0137721 -0.0155864 -0.0516331 -0.0235430 -0.0241296 -0.0061370 -0.0153147 -0.0191365 -0.0125726 -0.0121460 -0.0202175 -0.0219248 -0.0180684 -0.0232566 -0.0143799 -0.0200831 -0.0087560 -0.0137804 -0.0736544 -0.0537500 1.2923260 -0.0019140 -0.0054581 -0.0048790 -0.0048398 -0.0075011 -0.0041305 -0.0040711 -0.0043912 -0.0064389 -0.0086047 -0.0003918 -0.0030755 -0.0040329 -0.0013998 -0.0064989 -0.0004250 -0.0034286 0.0017857 -0.0018258 -0.0008453 -0.0039909 -0.0030122 -0.0005524 -0.0057708 -0.0008422 -0.0047049 -0.0031984 -0.0032346 -0.0049400 -0.0027106 -0.0058562 0.0011138 -0.0017493 -0.0053817 -0.0030074 -0.0052896 -0.0053348 -0.0024811 -0.0006401 -0.0000571 -0.0047240 -0.0041916 -0.0014005 -0.0042733 -0.0026696 -0.0027302 -0.0065929 -0.0031465 -0.0042106
-0.0065126 -0.0259595 -0.0123720 -0.0104022 -0.0199580 -0.0067287 -0.0060601 -0.0050975 -0.0038869 -0.0149470 -0.0107769 -0.0033380 -0.0051316 -0.0031709 -0.0049511 -0.0105815 0.0001065 -0.0005929 -0.0094362 -0.0023665 -0.0023576 -0.0081399 -0.0067734 -0.0092704 -0.0070857 -0.0086961 -0.0035466 -0.0020033 -0.0070199 -0.0525085 -0.0001130 -0.0019140 0.6864995 0.0036707 0.0029432 0.0035576 0.0050321 0.0039067 0.0016652 0.0029409 0.0036310 0.0025935 0.0044421 0.0036749 0.0018085 0.0028499 0.0016494 0.0027396 0.0050346 0.0027746 0.0034483 0.0032799 0.0066335 0.0016116 0.0015732 0.0051229 0.0004583 0.0027775 0.0046038 0.0020706 0.0017252 0.0019115 0.0037167 0.0023092 0.0012022 0.0028802 0.0012833 0.0016986 0.0021884 0.0035360 0.0019422 0.0038004 0.0010767 0.0019649 0.0015908 0.0016656 0.0011343 0.0024123 0.0027794 0.0049703 0.0025118
-0.0027903 -0.0150438 -0.0131327 -0.0140416 -0.0206333 -0.0063254 -0.0076673 -0.0059000 -0.0143177 -0.0112797 -0.0103519 -0.0032876 -0.0059902 -0.0358643 -0.0098926 -0.0110234 0.0032068 -0.0035867 -0.0061948 -0.0033806 0.0029348 -0.0035370 -0.0116814 -0.0041061 -0.0078029 -0.0051392 -0.0064722 -0.0017411 -0.0083657 -0.0345867 -0.0346618 -0.0054581 0.0036707 0.6098352 0.0038467 0.0067015 0.0029918 0.0030523 0.0010461 0.0022423 0.0043803 0.0042817 0.0037827 0.0058584 0.0026810 0.0015344 0.0020648 0.0077396 0.0057682 0.0039935 0.0031263 0.0034057 0.0038939 0.0026785 0.0049569 0.0039030 0.0024580 0.0051855 0.0054111 0.0047337 -0.0003132 0.0011503 0.0017207 0.0021951 0.0035407 0.0056100 0.0018131 0.0016887 0.0017534 0.0035456 0.0023667 0.0023658 0.0028743 0.0029087 0.0036526 0.0053406 0.0037263 0.0017019 0.0033567 0.0023350 0.0028912
-0.0092674 -0.0235093 -0.0120517 -0.0102289 -0.0263768 -0.0050563 -0.0041713 -0.0045483 -0.0075329 -0.0172227 -0.0066310 -0.0034037 0.0000450 -0.0381404 -0.0119045 -0.0113157 0.0008925 -0.0040489 -0.0088198 -0.0001470 -0.0021645 -0.0059027 -0.0090211 -0.0057738 -0.0054658 -0.0087625 -0.0038635 -0.0009555 -0.0081880 -0.0510920 -0.0371673 -0.0048790 0.0029432 0.0038467 0.5507428 0.0071996 0.0032373 0.0040658 0.0023451 0.0040757 0.0022773 0.0039418 0.0024013 0.0027146 0.0074493 0.0055396 0.0067601 0.0018443 0.0041461 0.0032714 0.0015420 0.0043685 0.0051775 0.0038063 0.0046624 0.0043601 0.0029898 0.0038366 0.0041095 0.0020609 0.0019582 0.0025584 0.0040165 0.0055829 0.0039681 0.0047065 0.0043587 0.0040396 0.0061888 0.0036677 0.0057271 0.0033377 0.0046087 0.0029528 0.0034504 0.0042841 0.0044594 0.0029715 0.0063946 0.0044767 0.0054035
-0.0095946 -0.0257299 -0.0106997 -0.0084336 -0.0245226 -0.0016115 -0.0052796 -0.0037430 -0.0090066 -0.0105694 -0.0095890 -0.0018538 -0.0061870 -0.0405085 -0.0066056 -0.0123013 0.0029029 -0.0042533 -0.0051051 -0.0046128 -0.0000243 -0.0040029 -0.0081632 -0.0106594 -0.0091113 -0.0083089 -0.0056735 0.0016099 -0.0088038 -0.0527089 -0.0384333 -0.0048398 0.0035576 0.0067015 0.0071996 0.5725349 0.0035397 0.0046479 0.0036653 0.0031864 0.0058778 0.0009008 0.0049096 0.0055298 0.0038419 0.0024378 0.0042007 0.0058151 0.0050295 0.0044149 0.0059028 0.0034191 0.0043749 0.0050265 0.0047465 0.0039602 0.0075175 0.0053658 0.0044361 0.0032319 0.0015867 0.0047837 0.0028459 0.0038978 0.0063837 0.0035979 0.0005946 0.0027398 0.0060144 0.0042401 0.0036685 0.0034440 0.0031303 0.0028418 0.0047957 0.0046903 0.0052246 0.0025546 0.0040167 0.0027591 0.0041268
-0.0074155 -0.0233963 -0.0084978 -0.0070264 -0.0201258 -0.0050090 -0.0029860 -0.0038503 -0.0107095 -0.0108247 -0.0122632 -0.0030846 -0.0048592 -0.0309324 -0.0067145 -0.0096260 0.0006701 -0.0027032 -0.0059388 -0.0020336 -0.0007127 -0.0057971 -0.0113081 -0.0059445 -0.0067974 -0.0075405 -0.0077616 -0.0008090 -0.0096062 -0.0479385 -0.0327050 -0.0075011 0.0050321 0.0029918 0.0032373 0.0035397 0.6118039 0.0030088 0.0048859 0.0032398 0.0014513 0.0023827 0.0023935 0.0040349 0.0043280 0.0061418 0.0053802 0.0021266 0.0044587 0.0025105 0.0036755 0.0046926 0.0031795 0.0031038 0.0030688 0.0087032 0.0035941 0.0049896 0.0026587 0.0034091 0.0018499 0.0027523 0.0019801 0.0026868 0.0007181 0.0031985 0.0031274 0.0028990 0.0024082 0.0063490 0.0019178 0.0023431 0.0045087 0.0016063 0.0023966 0.0038869 0.0031550 0.0028235 0.0046213 0.0024273 0.0050469
-0.0080692 -0.0322473 -0.0092439 -0.0078366 -0.0289067 -0.0039094 -0.0053513 -0.0014808 -0.0122644 -0.0155058 -0.0117858 -0.0017368 -0.0032271 -0.0318108 -0.0073630 -0.0108108 0.0011082 -0.0012275 -0.0050442 -0.0033896 -0.0008425 -0.0041051 -0.0084405 -0.0026792 -0.0058080 -0.0067505 -0.0064519 -0.0015401 -0.0031869 -0.0563029 -0.0271055 -0.0041305 0.0039067 0.0030523 0.0040658 0.0046479 0.0030088 0.6053790 0.0031672 0.0059862 0.0025268 0.0046490 0.0051280 0.0042760 0.0048082 0.0027706 0.0029873 0.0037751 0.0050625 0.0050339 0.0046558 0.0025650 0.0044094 0.0029754 0.0037965 0.0032693 0.0019210 0.0076281 0.0032761 0.0041727 0.0027104 0.0036359 0.0027601 0.0070748 0.0039362 0.0036919 0.0027207 0.0022137 0.0035447 0.0041815 0.0029024 0.0030207 0.0027013 0.0026939 0.0027553 0.0028463 0.0054003 0.0041067 0.0029465 0.0055080 0.0042383
-0.0080403 -0.0236816 -0.0118243 -0.0124533 -0.0253664 -0.0050383 -0.0068724 -0.0092089 -0.0102124 -0.0090112 -0.0117404 -0.0039118 -0.0057095 -0.0482392 -0.0143590 -0.0158863 -0.0008447 -0.0062898 -0.0082149 -0.0057141 -0.0044630 -0.0077034 -0.0139173 -0.0048620 -0.0101216 -0.0071199 -0.0054073 0.0001305 -0.0079935 -0.0444511 -0.0404487 -0.0040711 0.0016652 0.0010461 0.0023451 0.0036653 0.0048859 0.0031672 0.6371970 0.0009132 0.0009722 0.0005924 0.0041079 0.0075463 0.0015504 0.0024977 0.0009969 0.0028062 0.0037373 0.0063136 0.0018010 0.0038282 0.0029409 0.0035488 0.0024648 0.0038947 0.0018721 0.0030288 0.0078349 0.0032966 0.0014634 -0.0000656 0.0018356 0.0027607 0.0020880 0.0048006 0.0022555 0.0027049 0.0056321 0.0053979 0.0018005 0.0058326 0.0050249 0.0046596 0.0076441 0.0048175 0.0067122 0.0040508 0.0038914 0.0026556 0.0045949
-0.0077011 -0.0210454 -0.0145501 -0.0161036 -0.0246852 -0.0091834 -0.0084600 -0.0018342 -0.0114360 -0.0169500 -0.0094767 -0.0009364 -0.0037855 -0.0343996 -0.0074352 -0.0107142 -0.0004807 -0.0029685 -0.0073657 -0.0047653 -0.0011005 -0.0072588 -0.0111616 -0.0081097 -0.0096148 -0.0072905 -0.0054733 -0.0006974 -0.0101652 -0.0396446 -0.0299873 -0.0043912 0.0029409 0.0022423 0.0040757 0.0031864 0.0032398 0.0059862 0.0009132 0.5854985 0.0030061 0.0041709 0.0046150 0.0028054 0.0055989 0.0090728 0.0029992 0.0085819 0.0029678 0.0015650 0.0020334 0.0045125 0.0026890 0.0025344 0.0030646 0.0039971 0.0082407 0.0039752 0.0035475 0.0024006 0.0025904 0.0078565 0.0032386 0.0037108 0.0013421 0.0047949 0.0021158 0.0022514 0.0042079 0.0042278 0.0025215 0.0064785 0.0036458 0.0015198 0.0024687 0.0051183 0.0026131 0.0030963 0.0038929 0.0061619 0.0057021
-0.0078551 -0.0226682 -0.0079568 -0.0125038 -0.0194825 -0.0052432 -0.0048927 -0.0042719 -0.0126249 -0.0126714 -0.0110735 -0.0038289 -0.0044793 -0.0347358 -0.0109519 -0.0120360 0.0010190 -0.0039089 -0.0059028 -0.0020139 -0.0022961 -0.0067118 -0.0101738 -0.0014502 -0.0067750 -0.0056150 -0.0031521 -0.0000892 -0.0047632 -0.0424116 -0.0343816 -0.0064389 0.0036310 0.0043803 0.0022773 0.0058778 0.0014513 0.0025268 0.0009722 0.0030061 0.6362745 0.0046270 0.0048979 0.0049098 0.0051046 0.0052966 0.0033791 0.0030950 0.0034762 0.0032696 0.0032834 0.0022452 0.0029303 0.0050450 0.0032054 0.0027599 0.0032951 0.0040734 0.0015878 0.0023938 0.0021515 0.0035520 0.0059904 0.0043453 0.0016865 0.0040437 0.0041748 0.0031493 0.0033074 0.0020789 0.0037389 0.0030558 0.0035886 0.0021498 0.0025810 0.0052577 0.0042980 0.0061157 0.0041009 0.0043005 0.0060808
-0.0094730 -0.0038028 -0.0141739 -0.0106547 -0.0088431 -0.0094659 -0.0078261 -0.0084798 -0.0084996 -0.0081955 -0.0122931 -0.0049322 -0.0063922 0.0053288 -0.0062677 -0.0131778 -0.0024056 -0.0028081 -0.0108083 -0.0056956 -0.0062253 -0.0101770 -0.0108298 -0.0141544 -0.0100589 -0.0087243 -0.0059964 -0.0019544 -0.0124539 0.0162141 0.0021350 -0.0086047 0.0025935 0.0042817 0.0039418 0.0009008 0.0023827 0.0046490 0.0005924 0.0041709 0.0046270 0.6399474 0.0020413 0.0009401 0.0014420 0.0035697 0.0011464 0.0017671 0.0027754 0.0046143 0.0000207 0.0027401 0.0011081 -0.0000326 0.0007138 0.0040241 0.0016638 0.0004057 0.0011019 0.0004095 0.0021556 0.0016728 0.0029986 0.0012539 0.0002779 0.0023892 0.0020284 0.0007282 0.0016699 0.0024210 0.0017712 0.0018109 0.0010478 -0.0000586 0.0015608 0.0013656 0.0015501 0.0018300 0.0043683 0.0020895 0.0035967
-0.0087316 -0.0262439 -0.0071459 -0.0143997 -0.0272555 -0.0077371 -0.0045250 0.0016331 -0.0122373 -0.0159249 -0.0104064 -0.0005221 -0.0081858 -0.0348311 -0.0105398 -0.0124101 0.0015312 -0.0038439 -0.0091494 -0.0059314 -0.0037505 -0.0062478 -0.0074549 -0.0082601 -0.0093190 -0.0087498 -0.0005999 -0.0025991 -0.0095087 -0.0533561 -0.0289578 -0.0003918 0.0044421 0.0037827 0.0024013 0.0049096 0.0023935 0.0051280 0.0041079 0.0046150 0.0048979 0.0020413 0.5477152 0.0085815 0.0035687 0.0027624 0.0035584 0.0010574 0.0042638 0.0031820 0.0028885 0.0037500 0.0034821 0.0035716 0.0069127 0.0038355 0.0023737 0.0039117 0.0052997 0.0057670 0.0023424 0.0031763 0.0026012 0.0030874 0.0082438 0.0050534 0.0032562 0.0032422 0.0030794 0.0050333 0.0046689 0.0025732 0.0061865 0.0036262 0.0018384 0.0033085 0.0028716 0.0074934 0.0022668 0.0036699 0.0049104
-0.0092376 -0.0283079 -0.0106611 -0.0112896 -0.0249751 -0.0074121 -0.0082150 -0.0053351 -0.0122985 -0.0126528 -0.0119196 -0.0030221 -0.0049276 -0.0450757 -0.0123991 -0.0116651 0.0005291 -0.0044926 -0.0057410 -0.0010306 -0.0017130 -0.0060884 -0.0088996 -0.0052713 -0.0085919 -0.0086451 -0.0049236 0.0012234 -0.0028304 -0.0526338 -0.0398360 -0.0030755 0.0036749 0.0058584 0.0027146 0.0055298 0.0040349 0.0042760 0.0075463 0.0028054 0.0049098 0.0009401 0.0085815 0.6544081 0.0059425 0.0023752 0.0028925 0.0024081 0.0039893 0.0041063 0.0029012 0.0038604 0.0046809 0.0068950 0.0042216 0.0049090 0.0028401 0.0047564 0.0027634 0.0017997 0.0005324 0.0036867 0.0027420 0.0038519 0.0021646 0.0056806 0.0001370 0.0019504 0.0013928 0.0037622 0.0021541 0.0025211 0.0053021 0.0043712 0.0037916 0.0041612 0.0069053 0.0026054 0.0026287 0.0029567 0.0039050
-0.0076425 -0.0224412 -0.0063017 -0.0093897 -0.0213620 -0.0012130 -0.0041718 -0.0023908 -0.0130255 -0.0121142 -0.0101377 -0.0017976 -0.0040602 -0.0374469 -0.0122342 -0.0092939 0.0017444 -0.0039413 -0.0049149 -0.0010291 -0.0017026 -0.0044328 -0.0065137 -0.0077000 -0.0045249 -0.0061486 -0.0023560 -0.0002585 -0.0046475 -0.0484750 -0.0422897 -0.0040329 0.0018085 0.0026810 0.0074493 0.0038419 0.0043280 0.0048082 0.0015504 0.0055989 0.0051046 0.0014420 0.0035687 0.0059425 0.6098998 0.0033286 0.0064965 0.0034529 0.0042303 0.0039833 0.0038874 0.0046017 0.0028170 0.0032391 0.0038967 0.0050366 0.0059099 0.0040069 0.0059197 0.0031901 0.0023112 0.0026980 0.0033977 0.0060191 0.0019808 0.0044165 0.0024652 0.0032058 0.0055366 0.0033038 0.0031415 0.0025109 0.0042178 0.0049713 0.0045991 0.0056692 0.0042692 0.0032608 0.0048054 0.0035199 0.0042012
