1.2688378 -0.0122399 0.0039440 -0.0851522 0.0296696 -0.0465610 -0.0266038 -0.0454342 0.0276333 -0.0829282 0.0562023 0.0279707 0.0045138 0.1003618 -0.0191575 -0.0393432 0.0133970 0.1121975 0.0148533 -0.0163111 -0.0086324 -0.0140336 0.0044731 0.0497190 -0.0059289 -0.0918939 -0.0151820 0.0151937 -0.0020100 -0.0243742 0.0045281 -0.0337425 0.0422182 0.0057526 -0.0192987 -0.0329620 -0.0119575 -0.0102907 -0.0141769 -0.0073880 -0.0450219 -0.0317284 -0.0012419 -0.0221780 -0.0465230 -0.0177936 -0.0648078 -0.0486796 0.0145893 0.0461861 0.0207049 0.0085557 0.0206958 -0.0152963 -0.0154581 -0.0208797 -0.0806452 -0.0269291 0.0142125 0.0005723 -0.0425648 -0.0330243 -0.0444064 0.0135354 -0.0347646 -0.0424022 -0.0375898 -0.0189317 -0.0174213 0.0235436 -0.0092229 -0.0203276 -0.0711167 -0.0564493 -0.0511955 -0.0308333 -0.0105735 -0.0584221 -0.0111201 0.0344746 -0.0429297
-0.0122399 1.4981682 0.0312036 0.0639970 0.0882594 -0.0126147 0.0038410 -0.0026039 0.0157235 0.0462110 0.0326955 -0.0488435 -0.0241356 0.0660480 -0.0197051 0.0552537 -0.0429015 0.1337334 -0.0273833 -0.0408106 -0.0102130 0.0179719 -0.0317055 -0.0625465 -0.0240098 -0.0456506 -0.0681429 -0.0376059 -0.0593954 0.0476353 -0.0652574 -0.0046339 -0.0180015 -0.0213810 -0.0052697 -0.0418224 -0.0336736 -0.0561644 -0.0543136 -0.0012220 -0.0356570 0.0131512 -0.0139862 -0.0734505 -0.0171443 -0.0089736 -0.0110923 -0.0376443 -0.0524078 -0.0484244 -0.0445476 -0.0314536 -0.0591605 -0.0069708 -0.0468458 -0.0428999 0.0027508 -0.0187598 0.0063662 -0.0591865 0.0028222 -0.0100280 0.0029264 -0.0513089 -0.0045366 0.0020228 0.0053576 -0.0352643 -0.0405648 -0.0280921 0.0275830 -0.0105665 -0.0051835 -0.0140202 -0.0358876 -0.0594204 -0.0255715 0.0509244 -0.0068815 0.0052169 -0.0526611
0.0039440 0.0312036 1.2755069 0.0310881 0.0144106 -0.0229874 -0.0053617 -0.0144340 0.0051891 0.0516261 -0.0135377 0.0246289 0.0258232 0.0015273 -0.0701483 -0.0115855 -0.0087865 -0.0187531 -0.0362771 -0.0083671 -0.0428677 0.0109923 -0.0670572 -0.0796184 -0.0239540 -0.0043971 -0.0108549 -0.0192165 -0.0708445 0.0497674 -0.0086122 -0.0410710 -0.0450460 -0.0494384 -0.0281337 -0.0227663 -0.0132180 -0.0418735 -0.0486873 -0.0171500 0.0116219 -0.0049021 0.0065583 -0.0430785 0.0083436 -0.0314613 0.0696955 -0.0040493 -0.0353245 -0.0225373 -0.0096402 -0.0311721 -0.0499524 -0.0076042 -0.0079711 -0.0467004 0.0328982 0.0082576 -0.0250977 -0.0276972 0.0490009 -0.0413328 0.0147666 -0.0437213 -0.0159883 -0.0462382 -0.0182748 -0.0432219 0.0366183 -0.0339487 -0.0405758 -0.0410224 0.0389639 -0.0013282 0.0009959 -0.0402481 0.0178605 0.0618133 0.0119098 -0.0507163 0.0040493
-0.0851522 0.0639970 0.0310881 1.4783920 0.0950601 -0.0376696 0.0567557 -0.0330284 0.0494263 0.0259378 0.0053647 -0.0440103 0.0587720 0.0231513 -0.0402807 0.1305787 -0.0675711 0.0539086 -0.0306136 0.0398063 -0.0403320 0.0457086 -0.0558132 -0.1402736 -0.0338346 -0.0072020 0.0036967 0.0009655 -0.0856285 0.0526013 -0.0523260 -0.0790531 -0.0631458 -0.0932767 0.0010601 -0.0463558 -0.0093673 -0.0425795 -0.0763180 -0.0226344 -0.0281112 0.0668902 -0.0869860 -0.0823453 -0.0120317 0.0134427 0.0718941 0.0065520 -0.0722096 -0.0388691 -0.0636082 -0.0162740 -0.0865654 -0.0211399 -0.0511255 -0.0627360 0.1005835 -0.0142852 -0.0562220 -0.0438657 0.0440491 -0.0431158 0.0013273 -0.0679304 -0.0366472 -0.0596619 0.0225541 -0.0648599 -0.0029544 -0.0680251 -0.0491667 -0.0268589 0.0899860 0.0342751 -0.0046900 -0.0578252 -0.0217603 0.0956380 0.0745888 -0.0428120 -0.0370299
0.0296696 0.0882594 0.0144106 0.0950601 1.8258178 -0.0070488 -0.0003278 -0.0540210 -0.0013470 0.0359064 0.1020187 -0.0704796 0.0714015 0.0536098 -0.0977976 0.1048279 -0.0414948 0.0902302 -0.1164655 -0.0617477 -0.0323017 0.0031483 -0.0033687 -0.0540218 -0.0300890 0.0430605 -0.0360897 -0.0375252 -0.0714222 0.1798725 -0.0096250 -0.0928665 -0.0401952 -0.0789386 -0.0433544 -0.0764664 -0.0386038 -0.1050334 -0.1130462 -0.0314817 0.0036891 0.0190587 -0.0899239 -0.0974984 -0.0228190 -0.0166503 -0.0040756 0.0024290 -0.0960621 -0.0826056 -0.0581397 -0.0933637 -0.0710071 -0.0095267 -0.0386347 0.0011762 0.0143563 -0.0658401 -0.0743068 -0.0713307 0.1577536 -0.0807912 -0.0003529 -0.0367888 -0.0347628 -0.0552581 0.0254771 -0.0155037 -0.0161710 -0.0795049 0.0118499 -0.0006363 0.0215906 0.0221824 -0.0182935 -0.0663204 -0.0360019 0.0872115 0.0299286 -0.0484737 -0.0604663
-0.0465610 -0.0126147 -0.0229874 -0.0376696 -0.0070488 1.1661307 -0.0525116 0.0336484 -0.0057720 0.0034180 -0.0850655 0.0174398 -0.0115298 -0.0482360 -0.0165819 -0.0828587 0.0023963 -0.0693355 -0.0428367 0.0721494 -0.0075505 0.0155756 0.0220833 0.0574025 -0.0360790 -0.0513812 0.0012082 -0.0185043 -0.0288710 0.0785173 -0.0075950 -0.0166403 -0.0394285 -0.0111785 -0.0085520 0.0304735 0.0040443 0.0099898 0.0166181 -0.0381422 -0.0108934 -0.0148676 -0.0391364 -0.0104474 0.0241758 -0.0323661 -0.0203847 0.0421680 -0.0263250 -0.0171562 0.0185671 0.0069409 -0.0017016 -0.0116007 0.0101284 -0.0335158 0.0147338 -0.0067656 -0.0296580 -0.0424989 -0.0319094 -0.0148549 -0.0124864 0.0258691 -0.0147770 0.0195060 -0.0581226 -0.0017838 -0.0064381 -0.0206838 -0.0295174 -0.0345442 0.0101872 -0.0206006 0.0267168 0.0157660 -0.0186473 -0.0060788 -0.0296269 -0.0467214 0.0006557
-0.0266038 0.0038410 -0.0053617 0.0567557 -0.0003278 -0.0525116 1.0404279 -0.0148198 -0.0199021 -0.0175298 0.0134418 -0.0085152 -0.0266432 0.0035230 -0.0283937 0.0294292 -0.0322800 -0.0036196 -0.0548542 -0.0059005 -0.0382929 -0.0343350 0.0083789 -0.0575038 -0.0431050 0.0401605 -0.0077279 0.0089231 0.0397723 -0.0176775 -0.0143288 -0.0483250 -0.0088725 -0.0365358 0.0239974 -0.0181850 0.0002249 -0.0218782 -0.0344372 -0.0279762 -0.0113927 0.0034063 0.0054313 -0.0379850 -0.0171271 0.0288816 -0.0023840 -0.0003328 -0.0071549 -0.0365172 -0.0191048 -0.0416753 -0.0226841 0.0079471 -0.0154574 0.0052822 0.0135013 -0.0180546 -0.0158359 -0.0317656 0.0334019 -0.0112455 -0.0124514 -0.0061322 -0.0023925 0.0031758 0.0460651 0.0008921 -0.0104183 -0.0105409 -0.0167094 -0.0015682 0.0013813 0.0004003 -0.0162690 -0.0304636 -0.0038250 -0.0036697 0.0036291 -0.0115946 -0.0109040
-0.0454342 -0.0026039 -0.0144340 -0.0330284 -0.0540210 0.0336484 -0.0148198 1.0367755 -0.0561621 0.0126324 -0.0805534 -0.0244311 -0.0010932 0.0055252 -0.0546355 -0.0119931 0.0000859 -0.0224123 0.0211179 -0.0193153 -0.0022166 0.0524798 0.0254060 -0.0516189 -0.0140190 -0.0255165 -0.0247733 -0.0257824 -0.0220496 -0.0285107 0.0032258 0.0103254 -0.0094380 -0.0130970 -0.0121143 -0.0074039 -0.0066183 -0.0012470 -0.0264999 0.0144457 -0.0196908 -0.0245578 0.0442606 -0.0063756 -0.0161690 -0.0160723 -0.0131843 -0.0118429 -0.0079461 -0.0148476 -0.0070362 -0.0039574 -0.0075078 -0.0030100 0.0005582 0.0359189 -0.0231581 -0.0050661 -0.0146389 0.0003419 -0.0282578 -0.0009335 -0.0032772 0.0092806 -0.0179371 0.0173882 -0.0442601 0.0105161 0.0194331 0.0356490 0.0222196 -0.0122485 -0.0168558 -0.0128575 -0.0045661 0.0130566 -0.0044750 -0.0340163 -0.0200180 0.0197307 -0.0125670
0.0276333 0.0157235 0.0051891 0.0494263 -0.0013470 -0.0057720 -0.0199021 -0.0561621 1.8481282 -0.0092975 0.1664444 0.0043173 -0.0154293 0.1389921 0.1667433 0.0917851 -0.1055238 0.3058310 -0.1286054 -0.0493288 -0.0422933 0.1135448 0.0057036 -0.0566998 -0.0438123 -0.0778248 0.0274621 -0.0248429 -0.0122508 0.0731406 0.0856098 0.0406580 0.0320425 -0.0936229 0.0693747 -0.0406903 -0.0770580 -0.0491349 -0.0651076 -0.0060635 -0.0666352 -0.0379249 -0.0271845 -0.0983482 -0.0861379 0.0097088 -0.0578498 -0.0963615 -0.0561618 -0.0978184 -0.0570675 -0.0794610 0.0098966 -0.0734757 -0.0824904 -0.0832286 -0.0661328 -0.0564901 0.0027698 -0.0346132 0.0395181 -0.0395838 -0.0591162 -0.0644584 -0.0633931 -0.0978318 0.1348606 -0.0584222 -0.0267309 -0.0487592 -0.0595195 0.0024481 -0.0251500 -0.0165699 -0.1102185 -0.1263293 -0.0529101 0.0144611 0.0256120 0.0586530 -0.0851605
-0.0829282 0.0462110 0.0516261 0.0259378 0.0359064 0.0034180 -0.0175298 0.0126324 -0.0092975 1.0052642 -0.0923923 -0.0112733 -0.0228092 -0.1118847 -0.0531444 -0.0599081 0.0003090 -0.0517516 -0.0036193 -0.0457555 0.0064624 -0.0227711 -0.0352659 -0.0434177 -0.0441161 0.0420831 -0.0383518 0.0033162 -0.0541560 0.0157189 -0.0547872 -0.0126140 -0.0468488 -0.0152827 -0.0337685 0.0168542 -0.0138362 -0.0248275 0.0574540 -0.0300178 -0.0082978 0.0299650 -0.0428142 0.0058207 0.0102243 -0.0129909 0.0489031 0.0270550 -0.0190503 -0.0163242 -0.0235276 0.0233538 -0.0025955 -0.0003285 -0.0030991 -0.0163236 0.0349644 -0.0216506 -0.0365644 -0.0351170 -0.0028160 0.0417645 0.0033170 0.0018377 -0.0093664 0.0351008 -0.0277357 -0.0155267 0.0000260 -0.0268446 0.0056609 -0.0242865 0.0284090 0.0330126 0.0641467 0.0184078 0.0026507 0.0303958 -0.0005838 -0.0499619 0.0070677
0.0562023 0.0326955 -0.0135377 0.0053647 0.1020187 -0.0850655 0.0134418 -0.0805534 0.1664444 -0.0923923 1.7339928 0.0453345 0.0468189 0.1255829 0.1178998 0.0351399 -0.0951404 0.2794865 -0.0548345 -0.1035797 -0.0129987 -0.0216336 -0.0142670 0.0273005 -0.0432674 0.0124645 -0.0003875 -0.0073357 -0.0845486 0.1128813 0.1212043 -0.0277624 0.0269677 -0.0383748 0.0608181 -0.0513485 -0.0780665 -0.0375923 -0.0990328 0.0310603 -0.0644761 -0.0486963 0.0070291 -0.0774701 -0.0778031 0.0038707 -0.0725042 -0.0695724 -0.0413514 -0.0777371 -0.0599067 -0.0863124 0.0115493 -0.0641656 -0.0720604 -0.0876911 -0.0716075 -0.0233882 0.0165856 -0.0023885 0.0094280 -0.0529781 -0.0556869 -0.0678246 -0.0555647 -0.0593153 0.0502098 -0.0427987 -0.0391789 -0.0555532 -0.0556518 0.0137644 -0.0702312 -0.0476789 -0.1009932 -0.1022777 -0.0453742 -0.0145872 0.0615499 0.0547609 -0.0971806
0.0279707 -0.0488435 0.0246289 -0.0440103 -0.0704796 0.0174398 -0.0085152 -0.0244311 0.0043173 -0.0112733 0.0453345 1.0291996 -0.0322627 0.0321938 0.0514652 0.0353202 -0.0111427 0.0151229 -0.0251404 -0.0269124 -0.0127812 -0.0096355 0.0490887 0.0009470 0.0045420 -0.0315038 -0.0251184 -0.0236190 0.0230193 -0.0454818 -0.0165564 -0.0150103 0.0154647 -0.0201957 -0.0069589 -0.0119682 -0.0142463 -0.0007624 -0.0226391 -0.0012691 -0.0216641 -0.0209840 0.0197240 -0.0198587 -0.0158991 -0.0107989 -0.0337516 -0.0089836 -0.0023878 0.0019519 -0.0015497 -0.0141371 -0.0038637 -0.0134802 0.0033449 -0.0172457 -0.0411980 -0.0126568 0.0157908 -0.0011402 -0.0148423 -0.0109076 -0.0212072 -0.0051487 -0.0107403 -0.0219676 -0.0022692 0.0226398 -0.0117285 -0.0010057 -0.0186795 -0.0136672 -0.0242847 0.0459528 -0.0224984 -0.0190718 -0.0135939 0.0141451 -0.0168743 0.0064837 0.0151792
0.0045138 -0.0241356 0.0258232 0.0587720 0.0714015 -0.0115298 -0.0266432 -0.0010932 -0.0154293 -0.0228092 0.0468189 -0.0322627 1.2892377 0.0335315 -0.0354806 0.0854004 -0.0132011 -0.0276628 0.0037387 -0.0921784 -0.0159425 0.0610325 -0.0862151 -0.0869050 -0.0034795 0.0362771 -0.0209878 0.0003007 -0.0946508 0.1024361 -0.0710045 -0.0514030 -0.0443319 -0.0588770 -0.0150243 -0.0602194 -0.0430567 -0.0331522 -0.0515376 0.0128406 -0.0082666 0.0229740 -0.0683825 -0.0617683 -0.0041442 0.0011006 0.0176079 -0.0071158 -0.0493242 -0.0273537 -0.0422312 -0.0322766 -0.0650171 0.0060051 -0.0402596 -0.0160915 0.0312835 -0.0389078 -0.0375976 -0.0422226 0.0490680 -0.0273150 0.0042227 -0.0576140 -0.0211365 0.0053560 0.0865678 -0.0419230 -0.0204661 -0.0408046 -0.0364656 -0.0059325 0.0581044 -0.0026183 0.0034308 -0.0061454 0.0147560 0.0424952 0.0224920 -0.0323312 -0.0213738
0.1003618 0.0660480 0.0015273 0.0231513 0.0536098 -0.0482360 0.0035230 0.0055252 0.1389921 -0.1118847 0.1255829 0.0321938 0.0335315 1.9456457 0.1282993 0.0839010 -0.1093211 0.4460255 -0.1124155 -0.0693833 -0.0409335 -0.0593551 0.1070975 -0.0414524 -0.0346035 -0.1145555 -0.0313605 -0.0696102 -0.0421206 -0.0451483 0.1098096 0.0110428 0.0582179 -0.0616692 0.0148147 -0.0727834 -0.0442761 -0.0441167 -0.1410576 -0.0192336 -0.0651744 -0.0000001 -0.0165872 -0.1134621 -0.0296677 -0.0010050 -0.0855495 -0.1111188 -0.0188330 -0.0811130 -0.0684673 -0.0902178 0.0122630 -0.0825172 -0.0845551 -0.0713547 -0.0976988 -0.0470885 0.0762795 0.0026845 0.0107082 -0.0096377 -0.0511314 -0.0817773 -0.0650399 -0.1185071 0.1061574 -0.0306237 -0.0574822 0.0046194 -0.0578503 0.0118075 -0.0948734 -0.0900099 -0.1245940 -0.0902255 -0.0866234 -0.0277415 0.0265002 0.1146641 -0.0853546
-0.0191575 -0.0197051 -0.0701483 -0.0402807 -0.0977976 -0.0165819 -0.0283937 -0.0546355 0.1667433 -0.0531444 0.1178998 0.0514652 -0.0354806 0.1282993 1.3943634 -0.0465183 -0.0396237 0.1393752 -0.0778193 -0.0469344 -0.0031068 -0.0814820 -0.0438190 -0.0452522 -0.0026767 -0.0681568 -0.0284760 -0.0527861 0.0350925 -0.0040074 0.1453414 0.0316722 0.0422201 -0.0109457 -0.0209701 0.0240546 -0.0160943 0.0159185 -0.0442533 0.0196008 -0.0455702 -0.0452813 0.0103334 -0.0403739 -0.0627556 -0.0129552 -0.0815789 -0.0581454 0.0127962 -0.0439124 0.0133638 -0.0403623 0.0262884 0.0003750 -0.0239946 -0.0154240 -0.0704486 0.0261856 0.0103900 -0.0305048 0.0069526 -0.0013883 -0.0205773 -0.0244065 -0.0322004 -0.0686237 0.0241466 -0.0100011 -0.0254936 0.0013770 -0.0481139 -0.0104373 -0.0759833 -0.0597016 -0.0826978 -0.0355881 -0.0362265 -0.0433849 -0.0318917 0.0604762 -0.0084367
-0.0393432 0.0552537 -0.0115855 0.1305787 0.1048279 -0.0828587 0.0294292 -0.0119931 0.0917851 -0.0599081 0.0351399 0.0353202 0.0854004 0.0839010 -0.0465183 1.3385723 -0.0661682 0.1733280 -0.0771801 -0.0168978 -0.0331163 0.0033339 0.0065385 -0.0822177 0.0419248 -0.0150403 -0.0244882 -0.0629885 -0.0445929 0.0047741 0.0335996 -0.0112185 -0.0006161 -0.0627000 0.0226780 -0.0540321 -0.0334772 -0.0473447 -0.0997820 -0.0031988 -0.0350213 -0.0040383 -0.0271014 -0.0764202 -0.0299112 -0.0144828 -0.0166960 -0.0422660 -0.0421369 -0.0654412 -0.0533947 -0.0440328 -0.0334372 -0.0378490 -0.0588862 -0.0448351 0.0313587 -0.0348219 0.0017358 -0.0216804 0.0340978 -0.0455791 -0.0263612 -0.0562364 -0.0425920 -0.0619525 0.0654355 -0.0288416 -0.0262989 -0.0392855 -0.0395369 0.0114279 0.0111112 -0.0100028 -0.0296495 -0.0890334 -0.0401003 0.0461486 0.0044992 0.0414139 -0.0605978
0.0133970 -0.0429015 -0.0087865 -0.0675711 -0.0414948 0.0023963 -0.0322800 0.0000859 -0.1055238 0.0003090 -0.0951404 -0.0111427 -0.0132011 -0.1093211 -0.0396237 -0.0661682 0.8850016 -0.0963388 0.0572872 0.0031992 0.0319097 -0.0232842 0.0011898 0.0283567 -0.0281713 -0.0294869 -0.0332934 0.0209542 0.0352886 -0.0849116 0.0015209 -0.0112746 0.0003348 0.0596728 -0.0297039 0.0498508 0.0132362 0.0165194 0.0249024 -0.0297490 0.0074881 -0.0116148 0.0132526 0.0434302 0.0130953 -0.0239434 -0.0052409 0.0180526 0.0333722 0.0507338 0.0295986 0.0103636 0.0002930 0.0230256 0.0193796 0.0580334 0.0052619 0.0031065 -0.0025941 0.0044295 -0.0235043 0.0128068 0.0045230 0.0093475 0.0081362 0.0320469 -0.0679918 0.0099109 0.0042936 0.0164598 0.0001141 -0.0017491 -0.0171650 -0.0037324 0.0250841 0.0422591 0.0192520 -0.0327399 -0.0268269 -0.0036423 0.0383059
0.1121975 0.1337334 -0.0187531 0.0539086 0.0902302 -0.0693355 -0.0036196 -0.0224123 0.3058310 -0.0517516 0.2794865 0.0151229 -0.0276628 0.4460255 0.1393752 0.1733280 -0.0963388 2.2617176 -0.1600525 0.0065016 -0.0448726 -0.0811927 0.0730864 0.0692877 0.0336828 -0.1254535 0.0584264 -0.0999124 -0.0290779 -0.0985200 0.1453212 0.0214044 0.0774459 -0.0767893 0.0167901 -0.0818211 -0.0847712 -0.0108097 -0.1397143 0.0053594 -0.0968849 -0.0679740 0.0191565 -0.0964065 -0.1102229 0.0231375 -0.1143556 -0.0910477 -0.0042138 -0.1105622 -0.0578960 -0.0967764 0.0588541 -0.0950040 -0.0879102 -0.0809043 -0.1302546 -0.0608576 0.0349604 0.0096858 0.0042926 -0.0250033 -0.0876819 -0.0692571 -0.0677769 -0.1118982 0.0937906 -0.0453771 -0.0723823 -0.0183881 -0.0581010 -0.0010389 -0.1181062 -0.0951775 -0.1417805 -0.1293789 -0.0810415 -0.0497432 -0.0097665 0.1108726 -0.1093789
0.0148533 -0.0273833 -0.0362771 -0.0306136 -0.1164655 -0.0428367 -0.0548542 0.0211179 -0.1286054 -0.0036193 -0.0548345 -0.0251404 0.0037387 -0.1124155 -0.0778193 -0.0771801 0.0572872 -0.1600525 1.2561064 0.0635065 0.0658903 -0.0141157 -0.0088469 0.0155858 -0.0595809 0.0127538 -0.0517590 -0.0029316 -0.0168064 -0.0000074 -0.0955857 0.0135939 -0.0492820 0.0244701 -0.0472124 0.0182469 0.0247231 0.0028340 0.0484723 -0.0221790 0.0182085 -0.0019036 -0.0158707 0.0515346 0.0205415 -0.0216296 0.0415865 0.0290299 0.0061310 0.0823192 0.0310453 0.0091840 -0.0107847 0.0262589 0.0110868 0.0085969 0.0020626 0.0540723 -0.0473801 -0.0145294 -0.0571246 -0.0174271 0.0068044 0.0190532 -0.0100656 0.0147109 -0.1118602 0.0004965 -0.0086703 0.0026113 -0.0087390 -0.0440872 0.0039244 -0.0095894 0.0673006 0.1348693 0.0156649 -0.0436490 -0.0360782 -0.0745667 0.0525841
-0.0163111 -0.0408106 -0.0083671 0.0398063 -0.0617477 0.0721494 -0.0059005 -0.0193153 -0.0493288 -0.0457555 -0.1035797 -0.0269124 -0.0921784 -0.0693833 -0.0469344 -0.0168978 0.0031992 0.0065016 0.0635065 1.2257358 0.0355641 -0.0194988 0.0167753 0.0331827 0.0098431 -0.0294644 0.0011041 -0.0192375 0.0416044 -0.1077477 -0.0823830 -0.0038131 0.0062083 0.0195891 0.0040089 0.0000896 0.0174550 0.0144393 0.0109165 -0.0282326 -0.0033099 -0.0239534 -0.0199773 0.0408705 -0.0046093 -0.0251559 -0.0299459 0.0008627 -0.0023005 -0.0098020 0.0150349 -0.0085027 0.0021435 -0.0053230 0.0168516 -0.0093462 -0.0332593 -0.0052465 -0.0042013 -0.0122722 -0.0439004 0.0091627 -0.0135428 0.0343491 -0.0058475 0.0251051 -0.0564043 0.0194906 -0.0119670 0.0008941 0.0226048 -0.0252435 -0.0261980 -0.0335224 -0.0013615 0.0135792 0.0275355 -0.0343924 -0.0312174 -0.0249482 0.0261771
-0.0086324 -0.0102130 -0.0428677 -0.0403320 -0.0323017 -0.0075505 -0.0382929 -0.0022166 -0.0422933 0.0064624 -0.0129987 -0.0127812 -0.0159425 -0.0409335 -0.0031068 -0.0331163 0.0319097 -0.0448726 0.0658903 0.0355641 1.0751292 -0.0098733 -0.0261812 0.0663296 0.0109827 0.0131030 -0.0428365 -0.0140017 -0.0132399 -0.1049074 -0.0290456 -0.0159915 -0.0006217 0.0691632 -0.0151443 0.0132596 0.0191317 0.0129481 -0.0171590 -0.0250188 -0.0124974 -0.0364464 -0.0150465 0.0245743 -0.0050495 -0.0214653 -0.0202251 -0.0145836 0.0336563 -0.0028506 0.0173889 0.0113261 0.0030310 -0.0158224 0.0192378 -0.0262371 -0.0255803 -0.0124208 -0.0033518 0.0082125 -0.0391766 -0.0060911 -0.0047397 0.0058948 -0.0117805 0.0103659 -0.0416937 0.0018646 -0.0152806 0.0043589 0.0453288 -0.0108112 -0.0309452 -0.0013145 0.0354044 0.0174902 0.0128242 -0.0458146 -0.0416420 -0.0128553 0.0041416
-0.0140336 0.0179719 0.0109923 0.0457086 0.0031483 0.0155756 -0.0343350 0.0524798 0.1135448 -0.0227711 -0.0216336 -0.0096355 0.0610325 -0.0593551 -0.0814820 0.0033339 -0.0232842 -0.0811927 -0.0141157 -0.0194988 -0.0098733 1.3400811 -0.0616116 -0.0653382 -0.0312416 0.0459746 -0.0365545 -0.0218481 0.0053381 0.0387824 -0.0618808 -0.0363299 -0.0512343 -0.0101142 -0.0021143 0.0097131 -0.0137210 -0.0039222 -0.0438397 -0.0113103 -0.0114353 -0.0077290 -0.0059879 -0.0385495 0.0033911 -0.0182638 -0.0075849 -0.0225435 -0.0162511 -0.0169631 -0.0237605 -0.0342424 -0.0343927 -0.0325456 -0.0213574 0.0260416 0.0176849 -0.0058436 0.0069006 0.0145640 -0.0101446 -0.0350575 -0.0158090 -0.0168844 0.0099720 -0.0054442 -0.0250200 -0.0148961 -0.0165883 -0.0334657 -0.0298185 -0.0292920 -0.0039175 0.0079992 0.0028980 -0.0016407 -0.0316535 0.0390810 -0.0270979 -0.0337269 -0.0188951
0.0044731 -0.0317055 -0.0670572 -0.0558132 -0.0033687 0.0220833 0.0083789 0.0254060 0.0057036 -0.0352659 -0.0142670 0.0490887 -0.0862151 0.1070975 -0.0438190 0.0065385 0.0011898 0.0730864 -0.0088469 0.0167753 -0.0261812 -0.0616116 1.2128338 0.0125065 0.0339404 -0.0236707 0.0083852 -0.0173487 0.1290709 -0.0846945 0.0312806 0.0407395 0.0307170 -0.0244361 -0.0023034 -0.0147974 -0.0362395 -0.0071362 -0.0538499 -0.0239196 -0.0493416 -0.0541051 0.0515222 0.0000821 -0.0274442 -0.0216527 -0.0575864 -0.0323600 0.0231563 0.0033687 -0.0198885 -0.0230048 0.0363219 -0.0437471 -0.0174546 -0.0204377 -0.0746677 -0.0288315 0.0063943 0.0010273 -0.0508762 0.0096637 -0.0358430 -0.0008246 0.0010335 -0.0572990 -0.0216314 0.0258018 -0.0356878 0.0003395 0.0303485 -0.0063662 -0.0820536 -0.0332049 -0.0609848 -0.0244681 -0.0362554 -0.0717290 -0.0218056 0.0271863 -0.0374911
0.0497190 -0.0625465 -0.0796184 -0.1402736 -0.0540218 0.0574025 -0.0575038 -0.0516189 -0.0566998 -0.0434177 0.0273005 0.0009470 -0.0869050 -0.0414524 -0.0452522 -0.0822177 0.0283567 0.0692877 0.0155858 0.0331827 0.0663296 -0.0653382 0.0125065 1.3474113 0.0285245 -0.0405958 -0.0619499 0.0088507 0.0202255 -0.1722035 0.0217697 0.0581694 0.0096444 0.0779626 -0.0143846 0.0027355 0.0062590 0.0571800 0.0691947 -0.0330380 0.0290272 -0.0852773 0.0300065 0.0700891 -0.0371366 -0.0187217 -0.0821231 -0.0082601 0.0314229 0.0374089 0.0369217 -0.0155694 0.0738817 -0.0221005 0.0132643 -0.0239627 -0.0682355 -0.0154492 0.0002935 0.0207504 -0.0842868 -0.0219631 -0.0462127 0.0316686 -0.0241353 0.0197763 -0.0700282 -0.0030254 -0.0187235 0.0425673 -0.0212400 -0.0117563 -0.0685052 -0.0506381 -0.0140030 0.0296698 -0.0148849 -0.1174881 -0.0618380 0.0561843 0.0326007
-0.0059289 -0.0240098 -0.0239540 -0.0338346 -0.0300890 -0.0360790 -0.0431050 -0.0140190 -0.0438123 -0.0441161 -0.0432674 0.0045420 -0.0034795 -0.0346035 -0.0026767 0.0419248 -0.0281713 0.0336828 -0.0595809 0.0098431 0.0109827 -0.0312416 0.0339404 0.0285245 1.2428282 0.0220053 0.0120853 0.0253980 0.0428211 -0.0892294 -0.0495627 -0.0142094 -0.0124529 -0.0217194 -0.0037237 -0.0212757 -0.0192191 -0.0007219 -0.0044547 -0.0365091 -0.0399930 -0.0224674 -0.0282570 -0.0052528 -0.0083629 -0.0333225 -0.0132283 -0.0092514 0.0202801 -0.0066983 -0.0120998 0.0077521 -0.0016709 -0.0132264 -0.0076867 0.0089447 -0.0261123 0.0132952 -0.0297506 0.0229023 -0.0074342 0.0027708 -0.0273745 -0.0143399 -0.0418243 -0.0333204 -0.0222212 0.0448460 -0.0349410 -0.0084523 -0.0157567 0.0252211 -0.0180466 -0.0441515 0.0013074 0.0150820 -0.0277938 -0.0260973 -0.0153339 -0.0338477 0.0112990
-0.0918939 -0.0456506 -0.0043971 -0.0072020 0.0430605 -0.0513812 0.0401605 -0.0255165 -0.0778248 0.0420831 0.0124645 -0.0315038 0.0362771 -0.1145555 -0.0681568 -0.0150403 -0.0294869 -0.1254535 0.0127538 -0.0294644 0.0131030 0.0459746 -0.0236707 -0.0405958 0.0220053 1.2785199 -0.0571798 0.0067538 -0.0385864 0.0859602 -0.1013962 -0.0019902 -0.0712425 -0.0131759 -0.0370266 -0.0307477 -0.0247902 -0.0430328 -0.0110227 -0.0092348 0.0087518 0.0256676 -0.0645668 -0.0490651 0.0096289 0.0214401 0.0306866 0.0028032 -0.0369970 0.0147499 -0.0177184 0.0178918 -0.0343878 0.0718019 -0.0247425 0.0060745 0.0519872 -0.0161712 -0.0492361 -0.0217071 -0.0185826 -0.0292131 -0.0065851 -0.0123886 -0.0123870 0.0258745 0.0009697 -0.0273285 0.0012465 -0.0336693 0.0054752 -0.0015836 0.0543137 0.0208709 0.0334055 0.0225863 0.0120469 0.0802618 -0.0242184 -0.0537503 -0.0176243
-0.0151820 -0.0681429 -0.0108549 0.0036967 -0.0360897 0.0012082 -0.0077279 -0.0247733 0.0274621 -0.0383518 -0.0003875 -0.0251184 -0.0209878 -0.0313605 -0.0284760 -0.0244882 -0.0332934 0.0584264 -0.0517590 0.0011041 -0.0428365 -0.0365545 0.0083852 -0.0619499 0.0120853 -0.0571798 0.9879227 -0.0059449 -0.0039655 -0.0590954 0.0039906 0.0126558 0.0400840 -0.0185658 0.0282152 -0.0084674 -0.0279182 -0.0088256 0.0146103 -0.0029386 0.0191306 0.0237942 0.0473539 -0.0095560 -0.0070666 -0.0123933 0.0323835 -0.0107472 -0.0051404 -0.0284674 -0.0191778 -0.0040764 -0.0042423 -0.0215837 0.0015386 0.0114728 -0.0028100 0.0125522 0.0099800 0.0232271 -0.0254335 -0.0048366 0.0034881 -0.0114957 -0.0261605 -0.0288554 -0.0027268 -0.0128423 -0.0193911 -0.0162467 -0.0028424 -0.0127537 -0.0426755 -0.0014769 -0.0114839 -0.0183571 0.0219990 -0.0247287 0.0126278 0.0366562 0.0108782
0.0151937 -0.0376059 -0.0192165 0.0009655 -0.0375252 -0.0185043 0.0089231 -0.0257824 -0.0248429 0.0033162 -0.0073357 -0.0236190 0.0003007 -0.0696102 -0.0527861 -0.0629885 0.0209542 -0.0999124 -0.0029316 -0.0192375 -0.0140017 -0.0218481 -0.0173487 0.0088507 0.0253980 0.0067538 -0.0059449 1.0505148 0.0688529 0.0764780 -0.0880083 -0.0373807 -0.0208102 -0.0136439 -0.0138887 0.0054886 0.0095315 -0.0215263 0.0207535 -0.0196627 0.0087698 -0.0008734 -0.0381559 0.0261996 0.0109710 -0.0281308 -0.0032814 0.0111681 -0.0113132 0.0085483 0.0032344 0.0079435 -0.0174136 0.0087087 0.0028514 -0.0054978 0.0366600 -0.0103196 -0.0168240 -0.0079662 -0.0050178 -0.0235885 -0.0071152 0.0035505 0.0184818 -0.0042121 -0.0123521 -0.0138651 0.0310024 0.0023451 -0.0056492 -0.0197967 0.0163694 0.0116496 0.0183054 0.0211687 0.0043499 -0.0037879 0.0253881 -0.0449194 0.0076582
-0.0020100 -0.0593954 -0.0708445 -0.0856285 -0.0714222 -0.0288710 0.0397723 -0.0220496 -0.0122508 -0.0541560 -0.0845486 0.0230193 -0.0946508 -0.0421206 0.0350925 -0.0445929 0.0352886 -0.0290779 -0.0168064 0.0416044 -0.0132399 0.0053381 0.1290709 0.0202255 0.0428211 -0.0385864 -0.0039655 0.0688529 1.3756766 -0.1591167 0.0421946 0.0959659 0.0295049 -0.0025892 -0.0367212 -0.0083518 -0.0179596 0.0238687 0.0076526 -0.0625081 -0.0158011 -0.0638974 0.0174647 0.0629503 -0.0366156 -0.0154788 -0.0803166 -0.0467892 0.0571887 0.0464936 0.0123866 0.0232475 0.0443720 -0.0179194 0.0048301 0.0055898 -0.0686439 -0.0059429 0.0143382 0.0255142 -0.0501700 0.0023592 -0.0511006 0.0237679 -0.0108168 0.0105528 -0.0150759 0.0085423 -0.0102952 0.0064773 -0.0318175 -0.0322660 -0.0954947 -0.0569625 -0.0403185 0.0151558 -0.0251433 -0.1019118 -0.0346264 -0.0066764 0.0021478
-0.0243742 0.0476353 0.0497674 0.0526013 0.1798725 0.0785173 -0.0176775 -0.0285107 0.0731406 0.0157189 0.1128813 -0.0454818 0.1024361 -0.0451483 -0.0040074 0.0047741 -0.0849116 -0.0985200 -0.0000074 -0.1077477 -0.1049074 0.0387824 -0.0846945 -0.1722035 -0.0892294 0.0859602 -0.0590954 0.0764780 -0.1591167 2.1549873 -0.0069567 -0.1160663 -0.1049842 -0.0692488 -0.0036234 -0.0675165 -0.0430350 -0.1120422 -0.0858677 0.0092194 0.0195086 0.1193895 -0.1033299 -0.0928529 0.0074115 -0.0422621 0.0492031 0.0359583 -0.1330416 -0.0547823 -0.0819980 -0.0368926 -0.1378442 0.0112131 -0.0443881 -0.0340391 0.1048612 -0.0943144 -0.0593478 -0.1005035 0.0859556 -0.0805600 0.0271139 -0.1067345 0.0531399 -0.0605014 0.0475671 -0.0809524 -0.0090813 -0.0802493 -0.0423351 -0.0068531 0.0908027 0.0179167 0.0343129 -0.0340888 -0.0103431 0.1735268 0.0371091 -0.1011550 -0.0519635
0.0045281 -0.0652574 -0.0086122 -0.0523260 -0.0096250 -0.0075950 -0.0143288 0.0032258 0.0856098 -0.0547872 0.1212043 -0.0165564 -0.0710045 0.1098096 0.1453414 0.0335996 0.0015209 0.1453212 -0.0955857 -0.0823830 -0.0290456 -0.0618808 0.0312806 0.0217697 -0.0495627 -0.1013962 0.0039906 -0.0880083 0.0421946 -0.0069567 1.4045802 0.0055214 0.0463805 -0.0210285 -0.0306354 -0.0435420 -0.0533722 0.0155257 -0.0305289 0.0214312 -0.0490593 -0.0323471 0.0145867 -0.0218370 -0.0682403 -0.0130243 -0.0652075 -0.0672009 0.0256692 -0.0421295 -0.0182648 -0.0138952 0.0401225 -0.0580077 -0.0361294 -0.0210541 -0.0757404 -0.0495764 0.0222597 -0.0487022 0.0309506 0.0015180 -0.0368759 -0.0217671 -0.0257274 -0.0421433 0.0439925 0.0188679 -0.0523753 0.0343014 -0.0443147 -0.0059941 -0.0397785 -0.0447915 -0.0660242 -0.0844914 -0.0412929 -0.0408173 -0.0275751 0.0520801 -0.0727470
-0.0337425 -0.0046339 -0.0410710 -0.0790531 -0.0928665 -0.0166403 -0.0483250 0.0103254 0.0406580 -0.0126140 -0.0277624 -0.0150103 -0.0514030 0.0110428 0.0316722 -0.0112185 -0.0112746 0.0214044 0.0135939 -0.0038131 -0.0159915 -0.0363299 0.0407395 0.0581694 -0.0142094 -0.0019902 0.0126558 -0.0373807 0.0959659 -0.1160663 0.0055214 1.1649001 0.0528959 -0.0122334 -0.0215611 -0.0121502 -0.0364073 -0.0010101 0.0178349 -0.0124346 -0.0477050 -0.0438085 0.0443815 -0.0137175 -0.0357601 0.0191228 -0.0654129 -0.0094378 0.0026658 0.0544211 0.0102792 0.0154610 0.0230855 -0.0287407 -0.0075565 -0.0046970 -0.0342995 -0.0170554 0.0137928 0.0243571 -0.0461586 0.0548722 -0.0355924 0.0165302 0.0263226 -0.0344985 -0.0472935 -0.0058729 -0.0374657 0.0096622 0.0136692 0.0146991 -0.0555748 -0.0293868 -0.0343753 -0.0258762 -0.0098343 -0.0588256 -0.0401034 0.0308515 -0.0234426
0.0422182 -0.0180015 -0.0450460 -0.0631458 -0.0401952 -0.0394285 -0.0088725 -0.0094380 0.0320425 -0.0468488 0.0269677 0.0154647 -0.0443319 0.0582179 0.0422201 -0.0006161 0.0003348 0.0774459 -0.0492820 0.0062083 -0.0006217 -0.0512343 0.0307170 0.0096444 -0.0124529 -0.0712425 0.0400840 -0.0208102 0.0295049 -0.1049842 0.0463805 0.0528959 0.8706980 0.0147043 0.0095583 -0.0059482 0.0143766 0.0320935 -0.0317017 -0.0029630 -0.0118083 -0.0255924 0.0408051 0.0053821 -0.0339360 0.0092044 -0.0466532 -0.0228066 0.0470011 -0.0001137 0.0129177 -0.0050452 0.0689051 -0.0262389 -0.0117286 0.0220218 -0.0582512 -0.0033689 0.0457690 0.0031568 -0.0273908 0.0060064 -0.0051664 -0.0020839 -0.0056564 -0.0113899 -0.0039888 0.0035562 -0.0190826 0.0200845 -0.0073981 0.0100624 -0.0629879 -0.0352997 -0.0415396 -0.0254647 -0.0268986 -0.0412778 -0.0089238 0.0628674 -0.0159610
0.0057526 -0.0213810 -0.0494384 -0.0932767 -0.0789386 -0.0111785 -0.0365358 -0.0130970 -0.0936229 -0.0152827 -0.0383748 -0.0201957 -0.0588770 -0.0616692 -0.0109457 -0.0627000 0.0596728 -0.0767893 0.0244701 0.0195891 0.0691632 -0.0101142 -0.0244361 0.0779626 -0.0217194 -0.0131759 -0.0185658 -0.0136439 -0.0025892 -0.0692488 -0.0210285 -0.0122334 0.0147043 0.8155352 -0.0245511 0.0498675 0.0104011 0.0190390 0.0207843 -0.0308441 0.0191072 0.0056213 0.0099565 0.0699211 -0.0020067 -0.0279064 -0.0200820 0.0626867 0.0456502 0.0292194 0.0201784 0.0080145 0.0322071 -0.0063173 0.0397939 0.0166580 -0.0332995 0.0233394 0.0290886 0.0320132 -0.0572124 -0.0097814 -0.0055617 0.0158323 0.0126286 0.0341511 -0.0448522 0.0142338 -0.0113518 0.0184767 0.0071950 -0.0135083 -0.0246657 -0.0025665 0.0184258 0.0464379 0.0097207 -0.0539592 -0.0162645 -0.0184554 0.0038686
-0.0192987 -0.0052697 -0.0281337 0.0010601 -0.0433544 -0.0085520 0.0239974 -0.0121143 0.0693747 -0.0337685 0.0608181 -0.0069589 -0.0150243 0.0148147 -0.0209701 0.0226780 -0.0297039 0.0167901 -0.0472124 0.0040089 -0.0151443 -0.0021143 -0.0023034 -0.0143846 -0.0037237 -0.0370266 0.0282152 -0.0138887 -0.0367212 -0.0036234 -0.0306354 -0.0215611 0.0095583 -0.0245511 0.8228092 0.0141050 -0.0213344 -0.0144077 -0.0476630 0.0023022 -0.0182160 0.0180766 -0.0235136 -0.0361107 0.0231187 0.0221591 0.0216681 -0.0269697 -0.0074575 -0.0250890 -0.0219119 -0.0183042 0.0160877 -0.0130538 -0.0060640 -0.0058357 -0.0130495 -0.0114344 0.0069032 -0.0230695 -0.0000596 -0.0114728 -0.0005155 -0.0050842 0.0042886 -0.0147771 0.0340870 0.0095157 0.0158878 -0.0141746 0.0143114 -0.0000056 -0.0085427 -0.0084254 -0.0220804 -0.0203828 -0.0056234 0.0052585 0.0297595 0.0158135 -0.0243655
-0.0329620 -0.0418224 -0.0227663 -0.0463558 -0.0764664 0.0304735 -0.0181850 -0.0074039 -0.0406903 0.0168542 -0.0513485 -0.0119682 -0.0602194 -0.0727834 0.0240546 -0.0540321 0.0498508 -0.0818211 0.0182469 0.0000896 0.0132596 0.0097131 -0.0147974 0.0027355 -0.0212757 -0.0307477 -0.0084674 0.0054886 -0.0083518 -0.0675165 -0.0435420 -0.0121502 -0.0059482 0.0498675 0.0141050 0.6829075 0.0150639 0.0179750 0.0332426 -0.0233647 0.0339955 -0.0205278 0.0075388 0.0413583 0.0068781 -0.0221876 -0.0009632 0.0235785 0.0136404 0.0159894 0.0505617 0.0182970 0.0184341 0.0189574 0.0274438 0.0130927 0.0273811 0.0176555 0.0029053 0.0043799 -0.0356998 0.0253452 0.0032715 0.0144736 0.0377594 0.0048220 -0.0557230 0.0114405 0.0249316 0.0126890 0.0085337 -0.0075776 -0.0175196 -0.0083452 0.0269767 0.0265348 0.0174494 -0.0369520 -0.0133788 -0.0225693 0.0113075
-0.0119575 -0.0336736 -0.0132180 -0.0093673 -0.0386038 0.0040443 0.0002249 -0.0066183 -0.0770580 -0.0138362 -0.0780665 -0.0142463 -0.0430567 -0.0442761 -0.0160943 -0.0334772 0.0132362 -0.0847712 0.0247231 0.0174550 0.0191317 -0.0137210 -0.0362395 0.0062590 -0.0192191 -0.0247902 -0.0279182 0.0095315 -0.0179596 -0.0430350 -0.0533722 -0.0364073 0.0143766 0.0104011 -0.0213344 0.0150639 0.8174373 -0.0017583 0.0413824 -0.0116003 -0.0039328 -0.0015010 -0.0178544 0.0301728 0.0218255 0.0181821 0.0267310 0.0080487 0.0129414 -0.0042360 0.0208065 0.0301704 0.0051252 0.0093574 0.0128640 0.0618668 0.0050780 0.0153146 -0.0124695 0.0030917 -0.0226346 -0.0004456 0.0008518 0.0079612 -0.0092124 0.0103587 -0.0243473 0.0137919 0.0006688 0.0332504 0.0001067 -0.0082323 0.0126083 -0.0133238 0.0119059 0.0179165 -0.0045171 -0.0166648 0.0023285 -0.0253168 0.0252561
-0.0102907 -0.0561644 -0.0418735 -0.0425795 -0.1050334 0.0099898 -0.0218782 -0.0012470 -0.0491349 -0.0248275 -0.0375923 -0.0007624 -0.0331522 -0.0441167 0.0159185 -0.0473447 0.0165194 -0.0108097 0.0028340 0.0144393 0.0129481 -0.0039222 -0.0071362 0.0571800 -0.0007219 -0.0430328 -0.0088256 -0.0215263 0.0238687 -0.1120422 0.0155257 -0.0010101 0.0320935 0.0190390 -0.0144077 0.0179750 -0.0017583 0.7336716 0.0088181 0.0148865 -0.0126250 0.0038381 0.0366555 0.0365109 -0.0037931 -0.0094862 -0.0226991 -0.0003531 0.0404777 0.0310622 0.0389056 0.0044908 0.0399531 -0.0057405 0.0126593 0.0102129 -0.0475613 0.0488148 0.0169617 0.0235364 -0.0343051 0.0164744 -0.0103658 0.0538351 0.0224728 0.0119128 -0.0281526 0.0063812 -0.0099412 0.0241712 -0.0023767 -0.0098261 -0.0379051 -0.0249909 -0.0063336 0.0025884 0.0114687 -0.0473474 -0.0224768 0.0281729 0.0097896
-0.0141769 -0.0543136 -0.0486873 -0.0763180 -0.1130462 0.0166181 -0.0344372 -0.0264999 -0.0651076 0.0574540 -0.0990328 -0.0226391 -0.0515376 -0.1410576 -0.0442533 -0.0997820 0.0249024 -0.1397143 0.0484723 0.0109165 -0.0171590 -0.0438397 -0.0538499 0.0691947 -0.0044547 -0.0110227 0.0146103 0.0207535 0.0076526 -0.0858677 -0.0305289 0.0178349 -0.0317017 0.0207843 -0.0476630 0.0332426 0.0413824 0.0088181 0.9433197 -0.0416011 -0.0089079 -0.0155744 0.0119851 0.0956953 0.0051914 -0.0260323 -0.0110992 0.0246900 0.0282820 0.0671180 0.0221766 0.0357591 0.0153215 0.0184679 0.0270460 0.0354044 -0.0192501 0.0170915 0.0103297 0.0180423 -0.0459413 -0.0017721 0.0007536 0.0224777 0.0093023 0.0440870 -0.0610552 0.0202308 0.0357364 0.0356952 -0.0102375 0.0200880 0.0091888 0.0103233 0.0818629 0.0569910 0.0491284 -0.0352579 -0.0398691 -0.0309966 0.0368047
-0.0073880 -0.0012220 -0.0171500 -0.0226344 -0.0314817 -0.0381422 -0.0279762 0.0144457 -0.0060635 -0.0300178 0.0310603 -0.0012691 0.0128406 -0.0192336 0.0196008 -0.0031988 -0.0297490 0.0053594 -0.0221790 -0.0282326 -0.0250188 -0.0113103 -0.0239196 -0.0330380 -0.0365091 -0.0092348 -0.0029386 -0.0196627 -0.0625081 0.0092194 0.0214312 -0.0124346 -0.0029630 -0.0308441 0.0023022 -0.0233647 -0.0116003 0.0148865 -0.0416011 0.9065210 -0.0069378 0.0223878 -0.0064445 -0.0228851 0.0171254 0.0545701 -0.0092163 0.0200485 -0.0259174 -0.0342904 -0.0169033 -0.0045194 -0.0147694 -0.0096509 -0.0170923 -0.0054696 0.0532252 -0.0101289 -0.0000272 -0.0136615 0.0113498 0.0457454 0.0003329 -0.0133744 -0.0157959 -0.0068494 0.0165028 -0.0073868 0.0080880 0.0013659 -0.0127323 0.0350130 0.0016041 -0.0127474 -0.0142650 -0.0000432 -0.0133590 0.0070077 0.0130547 0.0181955 0.0060202
-0.0450219 -0.0356570 0.0116219 -0.0281112 0.0036891 -0.0108934 -0.0113927 -0.0196908 -0.0666352 -0.0082978 -0.0644761 -0.0216641 -0.0082666 -0.0651744 -0.0455702 -0.0350213 0.0074881 -0.0968849 0.0182085 -0.0033099 -0.0124974 -0.0114353 -0.0493416 0.0290272 -0.0399930 0.0087518 0.0191306 0.0087698 -0.0158011 0.0195086 -0.0490593 -0.0477050 -0.0118083 0.0191072 -0.0182160 0.0339955 -0.0039328 -0.0126250 -0.0089079 -0.0069378 0.7874852 0.0415151 -0.0102588 0.0308435 0.0292633 0.0156741 0.0196067 0.0171559 -0.0071893 -0.0064343 0.0118841 -0.0070250 -0.0123559 0.0345425 0.0045948 0.0007135 0.0292956 0.0058435 -0.0224709 -0.0093195 -0.0028055 0.0059386 0.0489793 0.0059108 -0.0037440 0.0259404 0.0065453 -0.0040302 0.0107571 -0.0180106 0.0053119 -0.0024168 0.0225119 -0.0009608 0.0196707 0.0348064 0.0111273 0.0494705 0.0044677 -0.0193359 0.0403769
-0.0317284 0.0131512 -0.0049021 0.0668902 0.0190587 -0.0148676 0.0034063 -0.0245578 -0.0379249 0.0299650 -0.0486963 -0.0209840 0.0229740 -0.0000001 -0.0452813 -0.0040383 -0.0116148 -0.0679740 -0.0019036 -0.0239534 -0.0364464 -0.0077290 -0.0541051 -0.0852773 -0.0224674 0.0256676 0.0237942 -0.0008734 -0.0638974 0.1193895 -0.0323471 -0.0438085 -0.0255924 0.0056213 0.0180766 -0.0205278 -0.0015010 0.0038381 -0.0155744 0.0223878 0.0415151 0.8140271 -0.0302276 -0.0249816 0.0097140 0.0202669 0.0265250 0.0149560 -0.0147059 0.0222686 -0.0183187 -0.0100021 -0.0412245 -0.0041652 -0.0115912 0.0062507 0.0426500 -0.0162324 -0.0278456 -0.0203538 0.0277513 -0.0050015 0.0310339 -0.0168380 -0.0216854 0.0031596 0.0123322 -0.0101073 0.0134096 -0.0205566 -0.0038165 -0.0079352 0.0275412 0.0104907 0.0210100 -0.0110707 -0.0023562 0.0396577 0.0307501 -0.0309107 0.0192888
-0.0012419 -0.0139862 0.0065583 -0.0869860 -0.0899239 -0.0391364 0.0054313 0.0442606 -0.0271845 -0.0428142 0.0070291 0.0197240 -0.0683825 -0.0165872 0.0103334 -0.0271014 0.0132526 0.0191565 -0.0158707 -0.0199773 -0.0150465 -0.0059879 0.0515222 0.0300065 -0.0282570 -0.0645668 0.0473539 -0.0381559 0.0174647 -0.1033299 0.0145867 0.0443815 0.0408051 0.0099565 -0.0235136 0.0075388 -0.0178544 0.0366555 0.0119851 -0.0064445 -0.0102588 -0.0302276 0.8593066 0.0649073 -0.0249736 -0.0167151 -0.0317676 -0.0386995 0.0260856 -0.0067570 0.0056540 -0.0067604 0.0299152 -0.0129123 0.0347308 -0.0063175 -0.0553372 0.0000048 0.0295104 0.0381240 -0.0441114 0.0102845 -0.0231656 0.0009877 0.0542054 0.0024971 -0.0094462 0.0087929 -0.0188953 0.0286538 0.0116873 -0.0093029 -0.0214260 -0.0238845 -0.0337002 -0.0084456 -0.0186470 -0.0069857 -0.0332741 0.0164070 0.0005311
-0.0221780 -0.0734505 -0.0430785 -0.0823453 -0.0974984 -0.0104474 -0.0379850 -0.0063756 -0.0983482 0.0058207 -0.0774701 -0.0198587 -0.0617683 -0.1134621 -0.0403739 -0.0764202 0.0434302 -0.0964065 0.0515346 0.0408705 0.0245743 -0.0385495 0.0000821 0.0700891 -0.0052528 -0.0490651 -0.0095560 0.0261996 0.0629503 -0.0928529 -0.0218370 -0.0137175 0.0053821 0.0699211 -0.0361107 0.0413583 0.0301728 0.0365109 0.0956953 -0.0228851 0.0308435 -0.0249816 0.0649073 0.7940502 0.0278223 -0.0258812 -0.0191555 0.0071284 0.0379683 0.0420948 0.0281570 0.0330452 0.0412368 0.0433542 0.0381691 0.0343756 -0.0257878 0.0281614 0.0031468 0.0006775 -0.0570869 0.0296564 0.0073962 0.0322770 0.0113715 0.0516154 -0.0787968 0.0113201 -0.0179662 0.0270274 -0.0001820 -0.0054862 -0.0015226 0.0065578 0.0266946 0.0409874 0.0448257 -0.0611208 -0.0325916 -0.0246013 0.0270796
-0.0465230 -0.0171443 0.0083436 -0.0120317 -0.0228190 0.0241758 -0.0171271 -0.0161690 -0.0861379 0.0102243 -0.0778031 -0.0158991 -0.0041442 -0.0296677 -0.0627556 -0.0299112 0.0130953 -0.1102229 0.0205415 -0.0046093 -0.0050495 0.0033911 -0.0274442 -0.0371366 -0.0083629 0.0096289 -0.0070666 0.0109710 -0.0366156 0.0074115 -0.0682403 -0.0357601 -0.0339360 -0.0020067 0.0231187 0.0068781 0.0218255 -0.0037931 0.0051914 0.0171254 0.0292633 0.0097140 -0.0249736 0.0278223 0.6896271 -0.0091969 0.0482795 0.0171615 -0.0002104 0.0071359 0.0136399 0.0123536 -0.0207091 0.0135219 0.0131625 0.0172611 0.0391014 0.0019642 0.0189921 -0.0062159 -0.0043592 -0.0006643 0.0186111 0.0215482 0.0005865 0.0234985 -0.0208435 0.0014693 0.0211541 -0.0063564 0.0023597 -0.0090215 0.0297195 0.0350049 0.0386014 0.0342230 0.0120569 0.0128009 0.0174261 -0.0308899 0.0127982
-0.0177936 -0.0089736 -0.0314613 0.0134427 -0.0166503 -0.0323661 0.0288816 -0.0160723 0.0097088 -0.0129909 0.0038707 -0.0107989 0.0011006 -0.0010050 -0.0129552 -0.0144828 -0.0239434 0.0231375 -0.0216296 -0.0251559 -0.0214653 -0.0182638 -0.0216527 -0.0187217 -0.0333225 0.0214401 -0.0123933 -0.0281308 -0.0154788 -0.0422621 -0.0130243 0.0191228 0.0092044 -0.0279064 0.0221591 -0.0221876 0.0181821 -0.0094862 -0.0260323 0.0545701 0.0156741 0.0202669 -0.0167151 -0.0258812 -0.0091969 0.8843404 -0.0209870 -0.0285494 -0.0044923 0.0105264 -0.0101130 -0.0093144 -0.0122118 0.0121846 -0.0109655 -0.0186808 0.0474304 -0.0097309 -0.0000191 -0.0078862 0.0090678 0.0034071 -0.0024457 -0.0048781 -0.0165275 -0.0074919 0.0206413 0.0286691 -0.0113863 0.0084828 -0.0131327 0.0236241 -0.0158495 -0.0110967 -0.0091498 -0.0147082 -0.0046743 0.0009153 0.0054815 0.0150951 -0.0139758
