1.5536343 -0.0385357 -0.0382413 -0.0334408 -0.0396204 -0.0282899 -0.0323295 -0.0279939 -0.0313421 -0.0334372 -0.0385510 -0.0253440 -0.0338835 -0.0341583 -0.0349177 -0.0361153 -0.0125484 -0.0138606 -0.0307852 -0.0229193 -0.0231987 -0.0353963 -0.0392676 -0.0336541 -0.0341014 -0.0307314 -0.0271794 -0.0138527 -0.0300886 -0.0397814 -0.0518755 -0.0255067 -0.0081862 -0.0080558 -0.0091250 -0.0088957 -0.0084861 -0.0084415 -0.0094344 -0.0089324 -0.0079052 -0.0079981 -0.0106160 -0.0086478 -0.0076440 -0.0091880 -0.0085995 -0.0084820 -0.0082397 -0.0087821 -0.0057436 -0.0077217 -0.0064085 -0.0059190 -0.0056217 -0.0091822 -0.0074385 -0.0087630 -0.0076452 -0.0085188 -0.0068139 -0.0113955 -0.0080335 -0.0054457 -0.0091127 -0.0091709 -0.0072275 -0.0097228 -0.0089770 -0.0089772 -0.0074658 -0.0080318 -0.0086363 -0.0084707 -0.0052206 -0.0081131 -0.0080539 -0.0054652 -0.0083391 -0.0088257 -0.0089841
-0.0385357 2.0900605 -0.0451328 -0.0400972 -0.0463515 -0.0355692 -0.0400176 -0.0357235 -0.0414403 -0.0388506 -0.0464124 -0.0340125 -0.0424243 -0.0416797 -0.0430050 -0.0436603 -0.0180715 -0.0186865 -0.0379319 -0.0289375 -0.0309429 -0.0438912 -0.0456858 -0.0419944 -0.0418601 -0.0389580 -0.0346419 -0.0191555 -0.0386669 -0.0446488 -0.0626630 -0.0311625 -0.0135643 -0.0134797 -0.0148405 -0.0152983 -0.0140699 -0.0146138 -0.0156216 -0.0150570 -0.0128032 -0.0131096 -0.0174479 -0.0144678 -0.0133602 -0.0158452 -0.0143473 -0.0141305 -0.0142280 -0.0155205 -0.0097557 -0.0136145 -0.0114075 -0.0100574 -0.0099644 -0.0147447 -0.0123510 -0.0142754 -0.0127983 -0.0139317 -0.0108555 -0.0181775 -0.0133000 -0.0099954 -0.0150174 -0.0154811 -0.0120874 -0.0162205 -0.0150346 -0.0155804 -0.0124720 -0.0137130 -0.0148742 -0.0140762 -0.0092226 -0.0136434 -0.0137029 -0.0096684 -0.0144649 -0.0149307 -0.0152118
-0.0382413 -0.0451328 2.0140162 -0.0405822 -0.0472030 -0.0355487 -0.0389461 -0.0348620 -0.0389107 -0.0395761 -0.0454949 -0.0316374 -0.0415185 -0.0411020 -0.0422891 -0.0435787 -0.0171668 -0.0184775 -0.0378867 -0.0290628 -0.0295771 -0.0422664 -0.0466659 -0.0418457 -0.0412733 -0.0376926 -0.0341941 -0.0187021 -0.0380798 -0.0462461 -0.0606578 -0.0317187 -0.0126917 -0.0135516 -0.0143138 -0.0142892 -0.0133812 -0.0134199 -0.0152894 -0.0144019 -0.0125255 -0.0128516 -0.0162519 -0.0135455 -0.0122883 -0.0149535 -0.0131666 -0.0130227 -0.0129798 -0.0142627 -0.0096038 -0.0129852 -0.0107324 -0.0094289 -0.0091235 -0.0146290 -0.0121949 -0.0129487 -0.0121883 -0.0133559 -0.0105065 -0.0173334 -0.0123382 -0.0092160 -0.0140587 -0.0148172 -0.0113555 -0.0154096 -0.0141504 -0.0146131 -0.0122148 -0.0130536 -0.0138221 -0.0133669 -0.0087882 -0.0128459 -0.0128389 -0.0093731 -0.0135630 -0.0142769 -0.0143479
-0.0334408 -0.0400972 -0.0405822 1.7175666 -0.0413527 -0.0303028 -0.0339047 -0.0299416 -0.0333893 -0.0347402 -0.0401847 -0.0270206 -0.0359324 -0.0355661 -0.0363469 -0.0374313 -0.0144032 -0.0154078 -0.0331032 -0.0247688 -0.0248683 -0.0364887 -0.0409187 -0.0367096 -0.0359460 -0.0321934 -0.0293333 -0.0154438 -0.0323279 -0.0416724 -0.0542332 -0.0275175 -0.0095669 -0.0103147 -0.0107714 -0.0108923 -0.0102323 -0.0104729 -0.0114914 -0.0108658 -0.0094926 -0.0096939 -0.0128529 -0.0103783 -0.0094754 -0.0108961 -0.0100916 -0.0094960 -0.0097047 -0.0106866 -0.0070320 -0.0095747 -0.0080918 -0.0073888 -0.0071715 -0.0110883 -0.0092743 -0.0105605 -0.0092530 -0.0102080 -0.0080443 -0.0137784 -0.0098618 -0.0071262 -0.0108682 -0.0107441 -0.0089000 -0.0118014 -0.0110769 -0.0110771 -0.0091676 -0.0097476 -0.0099010 -0.0097622 -0.0062618 -0.0097341 -0.0098412 -0.0068657 -0.0101280 -0.0106987 -0.0106645
-0.0396204 -0.0463515 -0.0472030 -0.0413527 2.0512536 -0.0365831 -0.0402863 -0.0358358 -0.0405275 -0.0407547 -0.0473309 -0.0329961 -0.0429111 -0.0423742 -0.0441146 -0.0445808 -0.0176453 -0.0194174 -0.0393028 -0.0293654 -0.0302118 -0.0441423 -0.0473716 -0.0430868 -0.0426320 -0.0385938 -0.0355022 -0.0192315 -0.0390355 -0.0477878 -0.0614835 -0.0325069 -0.0134452 -0.0137930 -0.0151127 -0.0150820 -0.0137198 -0.0144474 -0.0159842 -0.0149477 -0.0126455 -0.0131648 -0.0173851 -0.0139351 -0.0132897 -0.0154967 -0.0138708 -0.0135459 -0.0132625 -0.0148532 -0.0101892 -0.0135246 -0.0110839 -0.0095424 -0.0094541 -0.0142008 -0.0125371 -0.0140312 -0.0124006 -0.0139400 -0.0107198 -0.0182281 -0.0129196 -0.0093651 -0.0147918 -0.0153830 -0.0116366 -0.0155361 -0.0145733 -0.0150819 -0.0122150 -0.0134203 -0.0142092 -0.0137789 -0.0088367 -0.0134290 -0.0134377 -0.0094594 -0.0140957 -0.0142542 -0.0151103
-0.0282899 -0.0355692 -0.0355487 -0.0303028 -0.0365831 1.3989964 -0.0296653 -0.0254661 -0.0289715 -0.0301645 -0.0355146 -0.0233126 -0.0315521 -0.0311317 -0.0319174 -0.0330896 -0.0114893 -0.0123459 -0.0281955 -0.0206671 -0.0206418 -0.0325365 -0.0362024 -0.0304148 -0.0311825 -0.0286754 -0.0244546 -0.0122892 -0.0270008 -0.0364375 -0.0451316 -0.0226090 -0.0062827 -0.0064526 -0.0070407 -0.0067526 -0.0063562 -0.0065773 -0.0074833 -0.0071598 -0.0059906 -0.0061169 -0.0084699 -0.0066964 -0.0061092 -0.0071612 -0.0066415 -0.0061042 -0.0064229 -0.0068615 -0.0043434 -0.0062890 -0.0049691 -0.0045931 -0.0043552 -0.0071403 -0.0058252 -0.0069309 -0.0055300 -0.0070519 -0.0050722 -0.0087615 -0.0065357 -0.0042163 -0.0070647 -0.0071119 -0.0057804 -0.0075186 -0.0073560 -0.0071514 -0.0059265 -0.0063411 -0.0065072 -0.0065799 -0.0040438 -0.0064276 -0.0065072 -0.0045917 -0.0067484 -0.0069522 -0.0070754
-0.0323295 -0.0400176 -0.0389461 -0.0339047 -0.0402863 -0.0296653 1.6674576 -0.0293535 -0.0338546 -0.0334844 -0.0394661 -0.0276812 -0.0360267 -0.0354566 -0.0361625 -0.0369617 -0.0139374 -0.0148920 -0.0318274 -0.0240103 -0.0244219 -0.0373344 -0.0398860 -0.0353204 -0.0352573 -0.0322484 -0.0283160 -0.0150217 -0.0309083 -0.0405331 -0.0536416 -0.0260751 -0.0093762 -0.0094965 -0.0099760 -0.0101791 -0.0093350 -0.0096543 -0.0108874 -0.0102945 -0.0084709 -0.0090131 -0.0117722 -0.0097723 -0.0091871 -0.0102118 -0.0095530 -0.0093450 -0.0091956 -0.0104653 -0.0067706 -0.0089777 -0.0076321 -0.0066642 -0.0068472 -0.0101504 -0.0086926 -0.0097352 -0.0089746 -0.0095127 -0.0073988 -0.0125436 -0.0094063 -0.0062450 -0.0102584 -0.0099913 -0.0079796 -0.0110759 -0.0104235 -0.0103377 -0.0086549 -0.0091357 -0.0097252 -0.0092199 -0.0062331 -0.0095376 -0.0090915 -0.0064250 -0.0096402 -0.0099510 -0.0101415
-0.0279939 -0.0357235 -0.0348620 -0.0299416 -0.0358358 -0.0254661 -0.0293535 1.4924569 -0.0301822 -0.0292323 -0.0351199 -0.0244117 -0.0315458 -0.0306414 -0.0314118 -0.0327608 -0.0123402 -0.0123717 -0.0275980 -0.0216534 -0.0215936 -0.0328245 -0.0351862 -0.0313471 -0.0309442 -0.0291077 -0.0243220 -0.0127239 -0.0274276 -0.0358164 -0.0499465 -0.0220295 -0.0071257 -0.0074800 -0.0075858 -0.0078159 -0.0074524 -0.0077050 -0.0088617 -0.0077067 -0.0067095 -0.0068564 -0.0090870 -0.0075899 -0.0069933 -0.0081666 -0.0073761 -0.0073683 -0.0073049 -0.0082582 -0.0052756 -0.0067215 -0.0059632 -0.0049624 -0.0052409 -0.0078605 -0.0068397 -0.0075852 -0.0066944 -0.0072236 -0.0054916 -0.0100238 -0.0069015 -0.0050128 -0.0082576 -0.0080086 -0.0063160 -0.0086424 -0.0081431 -0.0080811 -0.0066236 -0.0072451 -0.0076744 -0.0074569 -0.0045792 -0.0070362 -0.0070642 -0.0048726 -0.0073985 -0.0079094 -0.0078232
-0.0313421 -0.0414403 -0.0389107 -0.0333893 -0.0405275 -0.0289715 -0.0338546 -0.0301822 1.6848828 -0.0326616 -0.0395320 -0.0285606 -0.0364702 -0.0353719 -0.0355185 -0.0368320 -0.0150270 -0.0144996 -0.0315794 -0.0244286 -0.0254002 -0.0373988 -0.0392471 -0.0351854 -0.0351223 -0.0332788 -0.0270850 -0.0150420 -0.0311807 -0.0393067 -0.0540890 -0.0251535 -0.0093065 -0.0095152 -0.0100490 -0.0099381 -0.0095658 -0.0100653 -0.0107276 -0.0101164 -0.0088990 -0.0093754 -0.0121736 -0.0094526 -0.0091875 -0.0103173 -0.0092114 -0.0098289 -0.0097453 -0.0108296 -0.0070179 -0.0089547 -0.0076187 -0.0067235 -0.0070113 -0.0103272 -0.0089336 -0.0096726 -0.0088009 -0.0094477 -0.0071854 -0.0127517 -0.0093992 -0.0065672 -0.0107039 -0.0108304 -0.0081013 -0.0116532 -0.0105878 -0.0109943 -0.0088208 -0.0094691 -0.0102397 -0.0097404 -0.0060277 -0.0096051 -0.0093587 -0.0066729 -0.0098554 -0.0102352 -0.0105325
-0.0334372 -0.0388506 -0.0395761 -0.0347402 -0.0407547 -0.0301645 -0.0334844 -0.0292323 -0.0326616 1.7252218 -0.0401000 -0.0266095 -0.0351144 -0.0352460 -0.0361313 -0.0372896 -0.0139164 -0.0157398 -0.0329035 -0.0244828 -0.0245568 -0.0364314 -0.0406988 -0.0358504 -0.0352649 -0.0315722 -0.0296707 -0.0154603 -0.0320308 -0.0414351 -0.0542502 -0.0274733 -0.0096427 -0.0097569 -0.0111133 -0.0107490 -0.0101787 -0.0102198 -0.0114639 -0.0110937 -0.0094870 -0.0096701 -0.0125923 -0.0101611 -0.0094608 -0.0109403 -0.0099889 -0.0099317 -0.0096784 -0.0106590 -0.0070195 -0.0097317 -0.0076307 -0.0071788 -0.0071326 -0.0110805 -0.0092253 -0.0104525 -0.0089976 -0.0104122 -0.0080873 -0.0131173 -0.0097563 -0.0069317 -0.0108451 -0.0110120 -0.0085549 -0.0112538 -0.0103430 -0.0105853 -0.0089869 -0.0095175 -0.0101650 -0.0098610 -0.0063933 -0.0096170 -0.0099908 -0.0068144 -0.0105250 -0.0105751 -0.0104668
-0.0385510 -0.0464124 -0.0454949 -0.0401847 -0.0473309 -0.0355146 -0.0394661 -0.0351199 -0.0395320 -0.0401000 1.9922830 -0.0322670 -0.0415597 -0.0417539 -0.0427795 -0.0438274 -0.0168866 -0.0185797 -0.0380294 -0.0286896 -0.0290643 -0.0428034 -0.0465512 -0.0415946 -0.0412960 -0.0375584 -0.0341680 -0.0186795 -0.0377249 -0.0465819 -0.0600762 -0.0312500 -0.0124775 -0.0131047 -0.0141115 -0.0144280 -0.0134014 -0.0137054 -0.0151070 -0.0144024 -0.0119848 -0.0130337 -0.0164297 -0.0133729 -0.0123954 -0.0144927 -0.0131564 -0.0127776 -0.0127245 -0.0145993 -0.0092482 -0.0127460 -0.0103575 -0.0090755 -0.0090592 -0.0144316 -0.0117487 -0.0136005 -0.0119585 -0.0127097 -0.0105361 -0.0172653 -0.0127332 -0.0090014 -0.0143456 -0.0141564 -0.0113762 -0.0149048 -0.0142614 -0.0143856 -0.0120264 -0.0125163 -0.0135027 -0.0130187 -0.0087436 -0.0127023 -0.0126592 -0.0091412 -0.0134156 -0.0138033 -0.0143010
-0.0253440 -0.0340125 -0.0316374 -0.0270206 -0.0329961 -0.0233126 -0.0276812 -0.0244117 -0.0285606 -0.0266095 -0.0322670 1.4284914 -0.0299747 -0.0288118 -0.0294403 -0.0300915 -0.0111249 -0.0114830 -0.0253979 -0.0196026 -0.0203787 -0.0307886 -0.0323660 -0.0282672 -0.0285928 -0.0270164 -0.0222659 -0.0119207 -0.0253324 -0.0324190 -0.0483045 -0.0202343 -0.0068006 -0.0062846 -0.0067836 -0.0069105 -0.0064390 -0.0067063 -0.0076749 -0.0067245 -0.0060700 -0.0062103 -0.0081241 -0.0064265 -0.0063158 -0.0073712 -0.0066115 -0.0067447 -0.0062626 -0.0073182 -0.0045919 -0.0065426 -0.0052328 -0.0043078 -0.0048687 -0.0071586 -0.0062031 -0.0068947 -0.0058777 -0.0063709 -0.0050999 -0.0087865 -0.0062401 -0.0044542 -0.0072670 -0.0075168 -0.0059701 -0.0079473 -0.0073127 -0.0073080 -0.0059413 -0.0065738 -0.0068535 -0.0063242 -0.0041547 -0.0066443 -0.0065020 -0.0042626 -0.0066558 -0.0067403 -0.0069008
-0.0338835 -0.0424243 -0.0415185 -0.0359324 -0.0429111 -0.0315521 -0.0360267 -0.0315458 -0.0364702 -0.0351144 -0.0415597 -0.0299747 1.8020061 -0.0370701 -0.0381032 -0.0394222 -0.0156403 -0.0160675 -0.0335447 -0.0256737 -0.0267378 -0.0394700 -0.0418264 -0.0370841 -0.0371095 -0.0345489 -0.0301455 -0.0169510 -0.0338646 -0.0418841 -0.0558873 -0.0272377 -0.0108356 -0.0107627 -0.0111724 -0.0116843 -0.0109958 -0.0111279 -0.0123516 -0.0116508 -0.0101037 -0.0107981 -0.0138999 -0.0108083 -0.0102908 -0.0119472 -0.0107879 -0.0109019 -0.0107515 -0.0120965 -0.0077853 -0.0105207 -0.0087209 -0.0076669 -0.0076316 -0.0114665 -0.0099633 -0.0110955 -0.0102275 -0.0106928 -0.0087062 -0.0143298 -0.0104635 -0.0077309 -0.0118731 -0.0117318 -0.0093388 -0.0129023 -0.0119922 -0.0121778 -0.0099817 -0.0107753 -0.0112011 -0.0111974 -0.0073263 -0.0105561 -0.0104820 -0.0076304 -0.0111645 -0.0116520 -0.0120312
-0.0341583 -0.0416797 -0.0411020 -0.0355661 -0.0423742 -0.0311317 -0.0354566 -0.0306414 -0.0353719 -0.0352460 -0.0417539 -0.0288118 -0.0370701 1.7807558 -0.0380590 -0.0385718 -0.0147713 -0.0152250 -0.0335194 -0.0252124 -0.0256248 -0.0391882 -0.0415870 -0.0368418 -0.0372545 -0.0336998 -0.0302845 -0.0162310 -0.0331975 -0.0425977 -0.0555056 -0.0274019 -0.0105214 -0.0105084 -0.0113212 -0.0117209 -0.0105837 -0.0111127 -0.0123290 -0.0117351 -0.0096767 -0.0100562 -0.0135719 -0.0110557 -0.0099033 -0.0116299 -0.0108081 -0.0106816 -0.0101132 -0.0117776 -0.0080932 -0.0105127 -0.0086614 -0.0077420 -0.0079960 -0.0117673 -0.0098293 -0.0114360 -0.0096075 -0.0108159 -0.0084730 -0.0140131 -0.0102970 -0.0077264 -0.0114932 -0.0120223 -0.0091776 -0.0125421 -0.0117384 -0.0117046 -0.0096948 -0.0100882 -0.0113422 -0.0108863 -0.0073201 -0.0104779 -0.0104999 -0.0074519 -0.0108380 -0.0112763 -0.0115259
-0.0349177 -0.0430050 -0.0422891 -0.0363469 -0.0441146 -0.0319174 -0.0361625 -0.0314118 -0.0355185 -0.0361313 -0.0427795 -0.0294403 -0.0381032 -0.0380590 1.8006902 -0.0400387 -0.0148903 -0.0160397 -0.0346559 -0.0264375 -0.0266340 -0.0396907 -0.0434335 -0.0382079 -0.0378762 -0.0345904 -0.0310531 -0.0166772 -0.0340181 -0.0436582 -0.0557661 -0.0284536 -0.0108171 -0.0107783 -0.0116476 -0.0117201 -0.0107237 -0.0111792 -0.0125689 -0.0116881 -0.0101840 -0.0107476 -0.0139111 -0.0114255 -0.0102363 -0.0128013 -0.0112908 -0.0110556 -0.0106665 -0.0122802 -0.0074251 -0.0107033 -0.0087757 -0.0073880 -0.0076951 -0.0119579 -0.0098835 -0.0110644 -0.0101409 -0.0111908 -0.0086196 -0.0145189 -0.0106131 -0.0074877 -0.0119936 -0.0121663 -0.0095238 -0.0125169 -0.0120172 -0.0121315 -0.0101278 -0.0105234 -0.0113889 -0.0112336 -0.0074201 -0.0110063 -0.0108027 -0.0074210 -0.0112568 -0.0118529 -0.0120751
-0.0361153 -0.0436603 -0.0435787 -0.0374313 -0.0445808 -0.0330896 -0.0369617 -0.0327608 -0.0368320 -0.0372896 -0.0438274 -0.0300915 -0.0394222 -0.0385718 -0.0400387 1.8648552 -0.0157205 -0.0169220 -0.0355862 -0.0266992 -0.0273439 -0.0408086 -0.0439928 -0.0390998 -0.0388216 -0.0358079 -0.0318300 -0.0175190 -0.0354063 -0.0446316 -0.0571089 -0.0290310 -0.0113834 -0.0113335 -0.0123460 -0.0124300 -0.0115688 -0.0121915 -0.0135676 -0.0122028 -0.0109834 -0.0111201 -0.0144320 -0.0118414 -0.0110832 -0.0130518 -0.0120791 -0.0115888 -0.0112342 -0.0129187 -0.0083588 -0.0116088 -0.0095131 -0.0078945 -0.0084151 -0.0122842 -0.0108366 -0.0121311 -0.0107158 -0.0114874 -0.0091674 -0.0156154 -0.0112479 -0.0083303 -0.0126873 -0.0127848 -0.0100864 -0.0136351 -0.0125691 -0.0129152 -0.0106285 -0.0110990 -0.0123171 -0.0115950 -0.0072583 -0.0115272 -0.0113824 -0.0078797 -0.0121314 -0.0123452 -0.0129629
-0.0125484 -0.0180715 -0.0171668 -0.0144032 -0.0176453 -0.0114893 -0.0139374 -0.0123402 -0.0150270 -0.0139164 -0.0168866 -0.0111249 -0.0156403 -0.0147713 -0.0148903 -0.0157205 0.9515656 -0.0047259 -0.0123716 -0.0101291 -0.0093648 -0.0158726 -0.0176559 -0.0144089 -0.0146514 -0.0138183 -0.0103391 -0.0047712 -0.0120782 -0.0175465 -0.0139300 -0.0097245 -0.0006078 -0.0004369 -0.0006794 -0.0005801 -0.0008294 -0.0009099 -0.0012438 -0.0006759 -0.0005750 -0.0005336 -0.0012937 -0.0007973 -0.0007298 -0.0007992 -0.0008037 -0.0009128 -0.0007488 -0.0008098 -0.0002711 -0.0005681 -0.0003826 -0.0003026 -0.0003975 -0.0005454 -0.0006243 -0.0008625 -0.0004203 -0.0010574 -0.0004099 -0.0018168 -0.0006124 -0.0003618 -0.0010955 -0.0007376 -0.0007423 -0.0012343 -0.0012471 -0.0009440 -0.0005233 -0.0006472 -0.0008047 -0.0007768 -0.0004155 -0.0008398 -0.0006139 -0.0005855 -0.0006574 -0.0007829 -0.0007421
-0.0138606 -0.0186865 -0.0184775 -0.0154078 -0.0194174 -0.0123459 -0.0148920 -0.0123717 -0.0144996 -0.0157398 -0.0185797 -0.0114830 -0.0160675 -0.0152250 -0.0160397 -0.0169220 -0.0047259 1.0342156 -0.0140737 -0.0098650 -0.0096747 -0.0170957 -0.0194822 -0.0152256 -0.0155972 -0.0141615 -0.0117599 -0.0056867 -0.0135972 -0.0198391 -0.0158908 -0.0114298 -0.0015241 -0.0014622 -0.0017341 -0.0015837 -0.0014675 -0.0018792 -0.0021200 -0.0017618 -0.0016160 -0.0016004 -0.0024023 -0.0017808 -0.0013561 -0.0018810 -0.0016999 -0.0015994 -0.0014325 -0.0017388 -0.0008682 -0.0016839 -0.0011004 -0.0011136 -0.0010728 -0.0017240 -0.0017625 -0.0019569 -0.0014688 -0.0020257 -0.0012287 -0.0027551 -0.0017023 -0.0009543 -0.0018972 -0.0019098 -0.0013975 -0.0021672 -0.0019905 -0.0018901 -0.0015832 -0.0013868 -0.0016123 -0.0017859 -0.0010001 -0.0017593 -0.0016318 -0.0010406 -0.0015862 -0.0017903 -0.0015946
-0.0307852 -0.0379319 -0.0378867 -0.0331032 -0.0393028 -0.0281955 -0.0318274 -0.0275980 -0.0315794 -0.0329035 -0.0380294 -0.0253979 -0.0335447 -0.0335194 -0.0346559 -0.0355862 -0.0123716 -0.0140737 1.5793077 -0.0229505 -0.0229065 -0.0347589 -0.0384317 -0.0335175 -0.0339205 -0.0303446 -0.0271632 -0.0138166 -0.0298350 -0.0389687 -0.0510005 -0.0247136 -0.0081972 -0.0082939 -0.0091676 -0.0090292 -0.0082159 -0.0085488 -0.0099300 -0.0089489 -0.0078981 -0.0085016 -0.0105453 -0.0085441 -0.0080468 -0.0094813 -0.0084489 -0.0080786 -0.0080957 -0.0087326 -0.0057902 -0.0085024 -0.0065705 -0.0058375 -0.0058979 -0.0092126 -0.0079066 -0.0083858 -0.0077392 -0.0084556 -0.0068854 -0.0116347 -0.0081014 -0.0058845 -0.0091389 -0.0095808 -0.0075727 -0.0098769 -0.0090381 -0.0092051 -0.0078269 -0.0079561 -0.0085434 -0.0085146 -0.0055436 -0.0079200 -0.0083389 -0.0057254 -0.0086012 -0.0089410 -0.0088375
-0.0229193 -0.0289375 -0.0290628 -0.0247688 -0.0293654 -0.0206671 -0.0240103 -0.0216534 -0.0244286 -0.0244828 -0.0286896 -0.0196026 -0.0256737 -0.0252124 -0.0264375 -0.0266992 -0.0101291 -0.0098650 -0.0229505 1.2960715 -0.0174169 -0.0269453 -0.0292161 -0.0250155 -0.0248540 -0.0235203 -0.0196520 -0.0100593 -0.0222402 -0.0294356 -0.0410184 -0.0180492 -0.0048767 -0.0049797 -0.0049400 -0.0054800 -0.0048044 -0.0053317 -0.0059462 -0.0054137 -0.0047482 -0.0045584 -0.0064451 -0.0052010 -0.0044906 -0.0055000 -0.0050489 -0.0052111 -0.0048660 -0.0056989 -0.0033524 -0.0046336 -0.0041427 -0.0034042 -0.0035573 -0.0055153 -0.0046485 -0.0051160 -0.0043970 -0.0053741 -0.0037538 -0.0067470 -0.0048952 -0.0032336 -0.0055656 -0.0053714 -0.0041057 -0.0059242 -0.0057581 -0.0053658 -0.0046362 -0.0048125 -0.0051399 -0.0051914 -0.0030927 -0.0053091 -0.0047389 -0.0032074 -0.0049915 -0.0052383 -0.0049147
-0.0231987 -0.0309429 -0.0295771 -0.0248683 -0.0302118 -0.0206418 -0.0244219 -0.0215936 -0.0254002 -0.0245568 -0.0290643 -0.0203787 -0.0267378 -0.0256248 -0.0266340 -0.0273439 -0.0093648 -0.0096747 -0.0229065 -0.0174169 1.2847248 -0.0281715 -0.0305645 -0.0252488 -0.0253682 -0.0238980 -0.0193292 -0.0100332 -0.0223112 -0.0307224 -0.0183258 -0.0177792 -0.0048562 -0.0043121 -0.0050172 -0.0049456 -0.0048336 -0.0050044 -0.0057006 -0.0050922 -0.0047239 -0.0045741 -0.0064510 -0.0047459 -0.0046463 -0.0055760 -0.0049652 -0.0052367 -0.0048632 -0.0053943 -0.0033803 -0.0045157 -0.0036202 -0.0034387 -0.0034859 -0.0051933 -0.0043754 -0.0051145 -0.0043420 -0.0053120 -0.0037264 -0.0068519 -0.0045862 -0.0032999 -0.0057484 -0.0054034 -0.0041279 -0.0063899 -0.0054996 -0.0054173 -0.0042631 -0.0047601 -0.0050061 -0.0050381 -0.0032360 -0.0050884 -0.0049046 -0.0033535 -0.0049399 -0.0052786 -0.0051450
-0.0353963 -0.0438912 -0.0422664 -0.0364887 -0.0441423 -0.0325365 -0.0373344 -0.0328245 -0.0373988 -0.0364314 -0.0428034 -0.0307886 -0.0394700 -0.0391882 -0.0396907 -0.0408086 -0.0158726 -0.0170957 -0.0347589 -0.0269453 -0.0281715 1.8633283 -0.0434332 -0.0386630 -0.0386052 -0.0358613 -0.0314307 -0.0175240 -0.0350390 -0.0429792 -0.0574786 -0.0283758 -0.0113321 -0.0112249 -0.0120911 -0.0124126 -0.0113388 -0.0118878 -0.0131976 -0.0123654 -0.0107022 -0.0110432 -0.0144689 -0.0119167 -0.0109036 -0.0128447 -0.0114635 -0.0115369 -0.0111681 -0.0128799 -0.0084599 -0.0111702 -0.0090747 -0.0081333 -0.0080712 -0.0118988 -0.0104866 -0.0116135 -0.0106384 -0.0115115 -0.0091869 -0.0153476 -0.0109464 -0.0080571 -0.0129140 -0.0126347 -0.0099524 -0.0138627 -0.0124546 -0.0129436 -0.0106562 -0.0115003 -0.0124049 -0.0114765 -0.0078062 -0.0112889 -0.0116057 -0.0075078 -0.0119105 -0.0123279 -0.0127236
-0.0392676 -0.0456858 -0.0466659 -0.0409187 -0.0473716 -0.0362024 -0.0398860 -0.0351862 -0.0392471 -0.0406988 -0.0465512 -0.0323660 -0.0418264 -0.0415870 -0.0434335 -0.0439928 -0.0176559 -0.0194822 -0.0384317 -0.0292161 -0.0305645 -0.0434332 2.0657406 -0.0417019 -0.0416735 -0.0379013 -0.0350761 -0.0193701 -0.0382623 -0.0470633 -0.0614526 -0.0320786 -0.0135624 -0.0138878 -0.0148028 -0.0148311 -0.0139552 -0.0142570 -0.0157805 -0.0148240 -0.0128184 -0.0134278 -0.0169511 -0.0139780 -0.0131574 -0.0154998 -0.0137081 -0.0131032 -0.0131467 -0.0149964 -0.0100414 -0.0137732 -0.0108780 -0.0098700 -0.0095212 -0.0149912 -0.0126035 -0.0142049 -0.0124489 -0.0138321 -0.0113716 -0.0178743 -0.0133251 -0.0097244 -0.0147252 -0.0151313 -0.0118644 -0.0156080 -0.0147403 -0.0150803 -0.0123171 -0.0136383 -0.0140936 -0.0136007 -0.0092017 -0.0133804 -0.0135324 -0.0092763 -0.0139911 -0.0145437 -0.0149482
-0.0336541 -0.0419944 -0.0418457 -0.0367096 -0.0430868 -0.0304148 -0.0353204 -0.0313471 -0.0351854 -0.0358504 -0.0415946 -0.0282672 -0.0370841 -0.0368418 -0.0382079 -0.0390998 -0.0144089 -0.0152256 -0.0335175 -0.0250155 -0.0252488 -0.0386630 -0.0417019 1.7074006 -0.0366778 -0.0336042 -0.0300091 -0.0154383 -0.0331882 -0.0431655 -0.0533211 -0.0274427 -0.0095052 -0.0099501 -0.0106241 -0.0107900 -0.0098900 -0.0102599 -0.0113754 -0.0106241 -0.0090011 -0.0099211 -0.0125602 -0.0101080 -0.0095970 -0.0110040 -0.0102165 -0.0097046 -0.0097484 -0.0109293 -0.0070220 -0.0096400 -0.0075827 -0.0070154 -0.0069497 -0.0107129 -0.0091049 -0.0101612 -0.0090926 -0.0100137 -0.0079024 -0.0133263 -0.0095247 -0.0068566 -0.0110070 -0.0106616 -0.0082756 -0.0117019 -0.0107857 -0.0109386 -0.0089411 -0.0094827 -0.0103444 -0.0100173 -0.0066371 -0.0096656 -0.0099660 -0.0067983 -0.0104801 -0.0102522 -0.0105664
-0.0341014 -0.0418601 -0.0412733 -0.0359460 -0.0426320 -0.0311825 -0.0352573 -0.0309442 -0.0351223 -0.0352649 -0.0412960 -0.0285928 -0.0371095 -0.0372545 -0.0378762 -0.0388216 -0.0146514 -0.0155972 -0.0339205 -0.0248540 -0.0253682 -0.0386052 -0.0416735 -0.0366778 1.7435913 -0.0334974 -0.0294562 -0.0158414 -0.0326729 -0.0427585 -0.0551000 -0.0273068 -0.0101242 -0.0104363 -0.0110994 -0.0114532 -0.0102634 -0.0109013 -0.0120040 -0.0113626 -0.0096279 -0.0100526 -0.0133202 -0.0106177 -0.0095771 -0.0115721 -0.0102767 -0.0103718 -0.0099802 -0.0112929 -0.0074138 -0.0099120 -0.0080305 -0.0073885 -0.0071864 -0.0109590 -0.0094259 -0.0108701 -0.0093560 -0.0103979 -0.0081842 -0.0139057 -0.0099247 -0.0067839 -0.0113911 -0.0112772 -0.0087942 -0.0117977 -0.0111325 -0.0115495 -0.0092142 -0.0102623 -0.0108086 -0.0102888 -0.0068123 -0.0103697 -0.0103641 -0.0071837 -0.0104110 -0.0113743 -0.0108704
-0.0307314 -0.0389580 -0.0376926 -0.0321934 -0.0385938 -0.0286754 -0.0322484 -0.0291077 -0.0332788 -0.0315722 -0.0375584 -0.0270164 -0.0345489 -0.0336998 -0.0345904 -0.0358079 -0.0138183 -0.0141615 -0.0303446 -0.0235203 -0.0238980 -0.0358613 -0.0379013 -0.0336042 -0.0334974 1.6148412 -0.0264247 -0.0144835 -0.0300573 -0.0382101 -0.0526100 -0.0242623 -0.0087700 -0.0083442 -0.0093447 -0.0094221 -0.0086869 -0.0092292 -0.0103098 -0.0096523 -0.0080202 -0.0083550 -0.0113575 -0.0089531 -0.0085564 -0.0095910 -0.0088338 -0.0085713 -0.0087105 -0.0095406 -0.0061528 -0.0080954 -0.0067060 -0.0057607 -0.0064465 -0.0092926 -0.0081724 -0.0089375 -0.0080959 -0.0090760 -0.0067907 -0.0117459 -0.0082850 -0.0060002 -0.0100295 -0.0093495 -0.0077298 -0.0105191 -0.0098345 -0.0098723 -0.0077987 -0.0086450 -0.0092793 -0.0088539 -0.0055083 -0.0087597 -0.0084384 -0.0057276 -0.0092186 -0.0096451 -0.0096730
-0.0271794 -0.0346419 -0.0341941 -0.0293333 -0.0355022 -0.0244546 -0.0283160 -0.0243220 -0.0270850 -0.0296707 -0.0341680 -0.0222659 -0.0301455 -0.0302845 -0.0310531 -0.0318300 -0.0103391 -0.0117599 -0.0271632 -0.0196520 -0.0193292 -0.0314307 -0.0350761 -0.0300091 -0.0294562 -0.0264247 1.3458862 -0.0119839 -0.0261633 -0.0360075 -0.0406904 -0.0219411 -0.0055278 -0.0060426 -0.0063585 -0.0063461 -0.0059933 -0.0064728 -0.0067316 -0.0064176 -0.0054858 -0.0057376 -0.0074512 -0.0060927 -0.0055651 -0.0063648 -0.0057044 -0.0057330 -0.0055402 -0.0064265 -0.0040809 -0.0060353 -0.0045731 -0.0044365 -0.0038145 -0.0064666 -0.0054212 -0.0062852 -0.0050995 -0.0063337 -0.0045646 -0.0084631 -0.0056767 -0.0039211 -0.0065956 -0.0066032 -0.0052463 -0.0072444 -0.0066472 -0.0063399 -0.0053276 -0.0057927 -0.0059451 -0.0060046 -0.0040995 -0.0060942 -0.0057554 -0.0040892 -0.0060027 -0.0062121 -0.0061300
-0.0138527 -0.0191555 -0.0187021 -0.0154438 -0.0192315 -0.0122892 -0.0150217 -0.0127239 -0.0150420 -0.0154603 -0.0186795 -0.0119207 -0.0169510 -0.0162310 -0.0166772 -0.0175190 -0.0047712 -0.0056867 -0.0138166 -0.0100593 -0.0100332 -0.0175240 -0.0193701 -0.0154383 -0.0158414 -0.0144835 -0.0119839 0.9881011 -0.0133052 -0.0193204 -0.0267753 -0.0108143 -0.0012026 -0.0011266 -0.0012340 -0.0011510 -0.0011195 -0.0014090 -0.0015573 -0.0011839 -0.0010057 -0.0009731 -0.0017194 -0.0011522 -0.0009113 -0.0013283 -0.0012444 -0.0011991 -0.0010260 -0.0013184 -0.0005172 -0.0008959 -0.0009194 -0.0008895 -0.0006210 -0.0014109 -0.0009580 -0.0014467 -0.0010564 -0.0014800 -0.0006639 -0.0024873 -0.0011878 -0.0007110 -0.0014270 -0.0014563 -0.0010246 -0.0017496 -0.0015699 -0.0014425 -0.0012087 -0.0010878 -0.0010767 -0.0013091 -0.0005458 -0.0013976 -0.0011170 -0.0006266 -0.0011288 -0.0012540 -0.0012195
-0.0300886 -0.0386669 -0.0380798 -0.0323279 -0.0390355 -0.0270008 -0.0309083 -0.0274276 -0.0311807 -0.0320308 -0.0377249 -0.0253324 -0.0338646 -0.0331975 -0.0340181 -0.0354063 -0.0120782 -0.0135972 -0.0298350 -0.0222402 -0.0223112 -0.0350390 -0.0382623 -0.0331882 -0.0326729 -0.0300573 -0.0261633 -0.0133052 1.4868139 -0.0392233 -0.0365997 -0.0239096 -0.0074029 -0.0075515 -0.0080230 -0.0083201 -0.0077756 -0.0075466 -0.0089045 -0.0082647 -0.0070023 -0.0074720 -0.0096407 -0.0076512 -0.0070817 -0.0085224 -0.0075506 -0.0073778 -0.0071809 -0.0079567 -0.0051281 -0.0072051 -0.0058530 -0.0054359 -0.0054843 -0.0080536 -0.0070340 -0.0077941 -0.0067947 -0.0078221 -0.0056313 -0.0102833 -0.0076358 -0.0051859 -0.0081006 -0.0081893 -0.0063801 -0.0089539 -0.0084350 -0.0079802 -0.0069424 -0.0071618 -0.0079663 -0.0074719 -0.0049993 -0.0075344 -0.0073283 -0.0051349 -0.0074258 -0.0081305 -0.0081346
-0.0397814 -0.0446488 -0.0462461 -0.0416724 -0.0477878 -0.0364375 -0.0405331 -0.0358164 -0.0393067 -0.0414351 -0.0465819 -0.0324190 -0.0418841 -0.0425977 -0.0436582 -0.0446316 -0.0175465 -0.0198391 -0.0389687 -0.0294356 -0.0307224 -0.0429792 -0.0470633 -0.0431655 -0.0427585 -0.0382101 -0.0360075 -0.0193204 -0.0392233 2.0953703 -0.0626331 -0.0331161 -0.0140274 -0.0142572 -0.0152312 -0.0153028 -0.0142010 -0.0144313 -0.0156379 -0.0155589 -0.0131618 -0.0134574 -0.0175466 -0.0141283 -0.0134920 -0.0158853 -0.0144331 -0.0137082 -0.0136296 -0.0149914 -0.0102466 -0.0136430 -0.0111135 -0.0100055 -0.0094625 -0.0147792 -0.0129132 -0.0143256 -0.0126748 -0.0145712 -0.0113797 -0.0187305 -0.0134000 -0.0103001 -0.0148596 -0.0152996 -0.0121865 -0.0160731 -0.0148722 -0.0153444 -0.0126456 -0.0135145 -0.0146060 -0.0140789 -0.0091306 -0.0132624 -0.0139370 -0.0095965 -0.0147402 -0.0151864 -0.0149252
-0.0518755 -0.0626630 -0.0606578 -0.0542332 -0.0614835 -0.0451316 -0.0536416 -0.0499465 -0.0540890 -0.0542502 -0.0600762 -0.0483045 -0.0558873 -0.0555056 -0.0557661 -0.0571089 -0.0139300 -0.0158908 -0.0510005 -0.0410184 -0.0183258 -0.0574786 -0.0614526 -0.0533211 -0.0551000 -0.0526100 -0.0406904 -0.0267753 -0.0365997 -0.0626331 2.2720902 -0.0441942 -0.0167739 -0.0195045 -0.0192686 -0.0199244 -0.0191752 -0.0167117 -0.0200601 -0.0181150 -0.0187207 -0.0176071 -0.0197502 -0.0186319 -0.0188428 -0.0183588 -0.0181433 -0.0181629 -0.0168862 -0.0198921 -0.0155371 -0.0181957 -0.0144626 -0.0178833 -0.0167168 -0.0188369 -0.0181890 -0.0189721 -0.0193854 -0.0193221 -0.0161212 -0.0202193 -0.0175310 -0.0158408 -0.0191331 -0.0183366 -0.0159219 -0.0183649 -0.0196807 -0.0171593 -0.0202032 -0.0177846 -0.0182977 -0.0187057 -0.0161452 -0.0189038 -0.0180488 -0.0151587 -0.0196988 -0.0196877 -0.0202298
-0.0255067 -0.0311625 -0.0317187 -0.0275175 -0.0325069 -0.0226090 -0.0260751 -0.0220295 -0.0251535 -0.0274733 -0.0312500 -0.0202343 -0.0272377 -0.0274019 -0.0284536 -0.0290310 -0.0097245 -0.0114298 -0.0247136 -0.0180492 -0.0177792 -0.0283758 -0.0320786 -0.0274427 -0.0273068 -0.0242623 -0.0219411 -0.0108143 -0.0239096 -0.0331161 -0.0441942 1.3288715 -0.0049242 -0.0056183 -0.0060561 -0.0056798 -0.0058324 -0.0058822 -0.0065338 -0.0058739 -0.0053016 -0.0051175 -0.0068958 -0.0056785 -0.0052230 -0.0059641 -0.0057023 -0.0053971 -0.0052087 -0.0058608 -0.0038724 -0.0051438 -0.0042376 -0.0038928 -0.0034473 -0.0060603 -0.0050460 -0.0061077 -0.0049828 -0.0059843 -0.0042903 -0.0074179 -0.0053635 -0.0032356 -0.0057471 -0.0062686 -0.0047595 -0.0065060 -0.0063905 -0.0059458 -0.0049235 -0.0050369 -0.0055303 -0.0057686 -0.0038276 -0.0055058 -0.0052820 -0.0037175 -0.0057103 -0.0056016 -0.0057780
-0.0081862 -0.0135643 -0.0126917 -0.0095669 -0.0134452 -0.0062827 -0.0093762 -0.0071257 -0.0093065 -0.0096427 -0.0124775 -0.0068006 -0.0108356 -0.0105214 -0.0108171 -0.0113834 -0.0006078 -0.0015241 -0.0081972 -0.0048767 -0.0048562 -0.0113321 -0.0135624 -0.0095052 -0.0101242 -0.0087700 -0.0055278 -0.0012026 -0.0074029 -0.0140274 -0.0167739 -0.0049242 0.5889537 0.0032272 0.0035092 0.0037516 0.0034620 0.0031416 0.0032326 0.0035665 0.0030901 0.0034411 0.0033993 0.0032520 0.0032296 0.0036859 0.0032699 0.0029881 0.0032959 0.0034652 0.0027166 0.0032712 0.0030355 0.0025380 0.0024815 0.0034469 0.0030380 0.0029906 0.0033558 0.0025448 0.0027361 0.0028624 0.0029898 0.0026930 0.0031459 0.0033714 0.0026943 0.0030861 0.0026888 0.0034566 0.0030895 0.0033678 0.0034594 0.0029456 0.0024883 0.0027544 0.0031323 0.0026358 0.0035505 0.0036682 0.0035125
-0.0080558 -0.0134797 -0.0135516 -0.0103147 -0.0137930 -0.0064526 -0.0094965 -0.0074800 -0.0095152 -0.0097569 -0.0131047 -0.0062846 -0.0107627 -0.0105084 -0.0107783 -0.0113335 -0.0004369 -0.0014622 -0.0082939 -0.0049797 -0.0043121 -0.0112249 -0.0138878 -0.0099501 -0.0104363 -0.0083442 -0.0060426 -0.0011266 -0.0075515 -0.0142572 -0.0195045 -0.0056183 0.0032272 0.5503310 0.0039737 0.0039913 0.0035436 0.0034576 0.0033731 0.0038279 0.0033175 0.0037627 0.0036675 0.0034582 0.0035878 0.0038820 0.0035297 0.0033781 0.0035366 0.0039743 0.0029374 0.0035144 0.0031145 0.0027277 0.0028701 0.0037170 0.0033224 0.0032767 0.0037846 0.0029104 0.0030523 0.0031008 0.0032235 0.0029544 0.0034482 0.0037406 0.0029784 0.0034391 0.0029388 0.0038073 0.0034449 0.0035917 0.0037596 0.0033252 0.0026595 0.0031509 0.0034307 0.0027682 0.0038227 0.0038191 0.0038855
-0.0091250 -0.0148405 -0.0143138 -0.0107714 -0.0151127 -0.0070407 -0.0099760 -0.0075858 -0.0100490 -0.0111133 -0.0141115 -0.0067836 -0.0111724 -0.0113212 -0.0116476 -0.0123460 -0.0006794 -0.0017341 -0.0091676 -0.0049400 -0.0050172 -0.0120911 -0.0148028 -0.0106241 -0.0110994 -0.0093447 -0.0063585 -0.0012340 -0.0080230 -0.0152312 -0.0192686 -0.0060561 0.0035092 0.0039737 0.5087215 0.0044702 0.0038892 0.0037828 0.0038167 0.0042577 0.0035659 0.0041899 0.0040926 0.0036963 0.0041153 0.0043813 0.0040081 0.0035097 0.0039177 0.0042318 0.0031199 0.0039242 0.0034821 0.0029375 0.0031214 0.0040034 0.0035715 0.0034922 0.0039431 0.0030180 0.0035259 0.0034731 0.0036878 0.0032205 0.0038516 0.0040918 0.0034066 0.0037648 0.0035013 0.0042252 0.0039334 0.0039456 0.0042353 0.0036432 0.0029400 0.0033910 0.0037631 0.0031277 0.0044197 0.0043375 0.0043818
-0.0088957 -0.0152983 -0.0142892 -0.0108923 -0.0150820 -0.0067526 -0.0101791 -0.0078159 -0.0099381 -0.0107490 -0.0144280 -0.0069105 -0.0116843 -0.0117209 -0.0117201 -0.0124300 -0.0005801 -0.0015837 -0.0090292 -0.0054800 -0.0049456 -0.0124126 -0.0148311 -0.0107900 -0.0114532 -0.0094221 -0.0063461 -0.0011510 -0.0083201 -0.0153028 -0.0199244 -0.0056798 0.0037516 0.0039913 0.0044702 0.5018334 0.0040426 0.0038505 0.0038159 0.0043048 0.0038307 0.0041133 0.0041334 0.0039520 0.0040414 0.0044547 0.0040466 0.0035818 0.0040166 0.0043348 0.0033594 0.0039912 0.0034572 0.0030837 0.0031892 0.0040880 0.0037613 0.0037826 0.0039403 0.0031270 0.0035210 0.0037086 0.0035648 0.0033404 0.0040752 0.0041029 0.0033793 0.0038135 0.0034884 0.0042443 0.0038927 0.0041441 0.0041704 0.0036864 0.0030112 0.0034860 0.0039379 0.0031293 0.0044247 0.0042259 0.0043748
-0.0084861 -0.0140699 -0.0133812 -0.0102323 -0.0137198 -0.0063562 -0.0093350 -0.0074524 -0.0095658 -0.0101787 -0.0134014 -0.0064390 -0.0109958 -0.0105837 -0.0107237 -0.0115688 -0.0008294 -0.0014675 -0.0082159 -0.0048044 -0.0048336 -0.0113388 -0.0139552 -0.0098900 -0.0102634 -0.0086869 -0.0059933 -0.0011195 -0.0077756 -0.0142010 -0.0191752 -0.0058324 0.0034620 0.0035436 0.0038892 0.0040426 0.5456084 0.0034750 0.0035457 0.0038311 0.0032600 0.0037464 0.0039057 0.0035755 0.0038030 0.0040497 0.0036754 0.0031528 0.0035533 0.0038070 0.0029332 0.0036592 0.0031707 0.0028309 0.0028809 0.0039066 0.0033632 0.0032366 0.0035682 0.0029319 0.0032603 0.0032449 0.0033331 0.0028889 0.0035504 0.0037148 0.0031633 0.0033946 0.0030910 0.0039560 0.0035576 0.0036474 0.0040139 0.0033928 0.0026407 0.0031733 0.0034453 0.0027971 0.0040213 0.0037863 0.0039984
-0.0084415 -0.0146138 -0.0134199 -0.0104729 -0.0144474 -0.0065773 -0.0096543 -0.0077050 -0.0100653 -0.0102198 -0.0137054 -0.0067063 -0.0111279 -0.0111127 -0.0111792 -0.0121915 -0.0009099 -0.0018792 -0.0085488 -0.0053317 -0.0050044 -0.0118878 -0.0142570 -0.0102599 -0.0109013 -0.0092292 -0.0064728 -0.0014090 -0.0075466 -0.0144313 -0.0167117 -0.0058822 0.0031416 0.0034576 0.0037828 0.0038505 0.0034750 0.5590689 0.0033247 0.0039222 0.0031628 0.0036852 0.0036384 0.0032191 0.0035710 0.0038197 0.0033902 0.0031203 0.0034792 0.0037826 0.0029195 0.0034642 0.0030715 0.0026421 0.0027777 0.0034648 0.0031639 0.0031795 0.0035782 0.0028417 0.0030555 0.0031092 0.0031630 0.0030077 0.0034084 0.0034714 0.0029241 0.0031236 0.0028603 0.0037015 0.0034158 0.0034571 0.0035756 0.0031175 0.0024735 0.0029037 0.0033453 0.0028169 0.0037891 0.0037842 0.0039015
-0.0094344 -0.0156216 -0.0152894 -0.0114914 -0.0159842 -0.0074833 -0.0108874 -0.0088617 -0.0107276 -0.0114639 -0.0151070 -0.0076749 -0.0123516 -0.0123290 -0.0125689 -0.0135676 -0.0012438 -0.0021200 -0.0099300 -0.0059462 -0.0057006 -0.0131976 -0.0157805 -0.0113754 -0.0120040 -0.0103098 -0.0067316 -0.0015573 -0.0089045 -0.0156379 -0.0200601 -0.0065338 0.0032326 0.0033731 0.0038167 0.0038159 0.0035457 0.0033247 0.5434570 0.0035663 0.0031282 0.0036219 0.0035592 0.0035804 0.0035702 0.0038113 0.0032295 0.0030280 0.0035076 0.0038622 0.0027845 0.0035489 0.0031991 0.0026072 0.0026825 0.0036834 0.0031917 0.0031872 0.0037547 0.0029140 0.0031485 0.0030683 0.0032951 0.0029163 0.0033523 0.0035237 0.0030405 0.0033898 0.0029105 0.0037747 0.0034569 0.0037327 0.0037469 0.0033240 0.0028627 0.0030043 0.0034330 0.0028740 0.0038592 0.0037325 0.0038834
-0.0089324 -0.0150570 -0.0144019 -0.0108658 -0.0149477 -0.0071598 -0.0102945 -0.0077067 -0.0101164 -0.0110937 -0.0144024 -0.0067245 -0.0116508 -0.0117351 -0.0116881 -0.0122028 -0.0006759 -0.0017618 -0.0089489 -0.0054137 -0.0050922 -0.0123654 -0.0148240 -0.0106241 -0.0113626 -0.0096523 -0.0064176 -0.0011839 -0.0082647 -0.0155589 -0.0181150 -0.0058739 0.0035665 0.0038279 0.0042577 0.0043048 0.0038311 0.0039222 0.0035663 0.5145236 0.0035593 0.0040624 0.0042077 0.0037017 0.0040434 0.0045729 0.0037807 0.0036001 0.0037462 0.0040090 0.0030906 0.0038537 0.0033940 0.0029567 0.0030027 0.0039259 0.0037076 0.0035409 0.0039699 0.0031065 0.0034406 0.0035371 0.0035110 0.0031075 0.0037481 0.0040144 0.0032980 0.0036229 0.0032955 0.0040913 0.0037524 0.0041523 0.0040584 0.0035402 0.0027580 0.0034159 0.0037541 0.0029936 0.0041781 0.0042364 0.0043858
-0.0079052 -0.0128032 -0.0125255 -0.0094926 -0.0126455 -0.0059906 -0.0084709 -0.0067095 -0.0088990 -0.0094870 -0.0119848 -0.0060700 -0.0101037 -0.0096767 -0.0101840 -0.0109834 -0.0005750 -0.0016160 -0.0078981 -0.0047482 -0.0047239 -0.0107022 -0.0128184 -0.0090011 -0.0096279 -0.0080202 -0.0054858 -0.0010057 -0.0070023 -0.0131618 -0.0187207 -0.0053016 0.0030901 0.0033175 0.0035659 0.0038307 0.0032600 0.0031628 0.0031282 0.0035593 0.5850770 0.0035658 0.0036726 0.0032253 0.0033756 0.0036661 0.0033262 0.0030004 0.0032565 0.0034696 0.0026980 0.0031938 0.0028555 0.0026102 0.0026315 0.0034366 0.0031181 0.0031188 0.0032124 0.0025454 0.0029052 0.0029619 0.0031238 0.0027223 0.0031939 0.0034630 0.0027953 0.0030985 0.0028223 0.0035387 0.0032511 0.0033531 0.0034696 0.0031099 0.0023566 0.0029546 0.0032113 0.0027473 0.0035681 0.0035182 0.0037767
-0.0079981 -0.0131096 -0.0128516 -0.0096939 -0.0131648 -0.0061169 -0.0090131 -0.0068564 -0.0093754 -0.0096701 -0.0130337 -0.0062103 -0.0107981 -0.0100562 -0.0107476 -0.0111201 -0.0005336 -0.0016004 -0.0085016 -0.0045584 -0.0045741 -0.0110432 -0.0134278 -0.0099211 -0.0100526 -0.0083550 -0.0057376 -0.0009731 -0.0074720 -0.0134574 -0.0176071 -0.0051175 0.0034411 0.0037627 0.0041899 0.0041133 0.0037464 0.0036852 0.0036219 0.0040624 0.0035658 0.5371281 0.0038790 0.0036591 0.0036892 0.0042350 0.0038169 0.0033262 0.0037109 0.0041528 0.0030131 0.0037416 0.0032802 0.0027829 0.0029230 0.0039561 0.0034668 0.0032765 0.0036449 0.0031718 0.0033253 0.0034111 0.0034509 0.0030475 0.0035011 0.0037585 0.0032014 0.0035903 0.0032719 0.0039007 0.0035845 0.0038019 0.0038550 0.0033990 0.0027178 0.0033435 0.0035741 0.0029105 0.0041155 0.0040132 0.0041170
-0.0106160 -0.0174479 -0.0162519 -0.0128529 -0.0173851 -0.0084699 -0.0117722 -0.0090870 -0.0121736 -0.0125923 -0.0164297 -0.0081241 -0.0138999 -0.0135719 -0.0139111 -0.0144320 -0.0012937 -0.0024023 -0.0105453 -0.0064451 -0.0064510 -0.0144689 -0.0169511 -0.0125602 -0.0133202 -0.0113575 -0.0074512 -0.0017194 -0.0096407 -0.0175466 -0.0197502 -0.0068958 0.0033993 0.0036675 0.0040926 0.0041334 0.0039057 0.0036384 0.0035592 0.0042077 0.0036726 0.0038790 0.5139063 0.0037516 0.0038673 0.0040940 0.0036870 0.0032868 0.0038114 0.0039606 0.0031954 0.0037743 0.0031901 0.0030266 0.0032065 0.0038556 0.0034010 0.0033426 0.0039528 0.0030345 0.0033062 0.0032226 0.0034423 0.0030974 0.0038388 0.0038126 0.0032247 0.0036013 0.0030257 0.0041206 0.0038177 0.0039149 0.0041562 0.0035284 0.0027129 0.0031236 0.0035549 0.0032580 0.0040818 0.0040347 0.0041531
-0.0086478 -0.0144678 -0.0135455 -0.0103783 -0.0139351 -0.0066964 -0.0097723 -0.0075899 -0.0094526 -0.0101611 -0.0133729 -0.0064265 -0.0108083 -0.0110557 -0.0114255 -0.0118414 -0.0007973 -0.0017808 -0.0085441 -0.0052010 -0.0047459 -0.0119167 -0.0139780 -0.0101080 -0.0106177 -0.0089531 -0.0060927 -0.0011522 -0.0076512 -0.0141283 -0.0186319 -0.0056785 0.0032520 0.0034582 0.0036963 0.0039520 0.0035755 0.0032191 0.0035804 0.0037017 0.0032253 0.0036591 0.0037516 0.5619172 0.0037105 0.0038450 0.0033689 0.0030679 0.0034288 0.0038473 0.0029168 0.0033507 0.0031409 0.0028999 0.0027263 0.0036055 0.0033074 0.0031836 0.0034104 0.0026896 0.0030173 0.0031572 0.0032055 0.0028012 0.0034002 0.0036618 0.0029529 0.0032592 0.0028593 0.0036986 0.0034423 0.0035998 0.0037320 0.0033367 0.0024995 0.0030380 0.0034889 0.0027357 0.0037564 0.0037653 0.0038711
-0.0076440 -0.0133602 -0.0122883 -0.0094754 -0.0132897 -0.0061092 -0.0091871 -0.0069933 -0.0091875 -0.0094608 -0.0123954 -0.0063158 -0.0102908 -0.0099033 -0.0102363 -0.0110832 -0.0007298 -0.0013561 -0.0080468 -0.0044906 -0.0046463 -0.0109036 -0.0131574 -0.0095970 -0.0095771 -0.0085564 -0.0055651 -0.0009113 -0.0070817 -0.0134920 -0.0188428 -0.0052230 0.0032296 0.0035878 0.0041153 0.0040414 0.0038030 0.0035710 0.0035702 0.0040434 0.0033756 0.0036892 0.0038673 0.0037105 0.5500724 0.0038731 0.0037195 0.0032222 0.0036282 0.0038474 0.0029967 0.0037099 0.0032054 0.0028148 0.0027991 0.0036746 0.0034152 0.0032768 0.0037701 0.0029378 0.0032342 0.0033367 0.0033892 0.0030074 0.0035258 0.0036471 0.0031338 0.0034475 0.0031042 0.0038313 0.0035778 0.0036307 0.0037811 0.0034600 0.0026809 0.0032410 0.0034497 0.0028621 0.0040456 0.0039364 0.0039907
