1.1123885 -0.0171007 -0.0405941 0.1337976 -0.1164912 -0.0393870 0.0345821 0.0576140 -0.0626046 -0.0670221 -0.1252552 0.0806897 -0.0148134 -0.0192668 -0.0807528 0.0852610 -0.1404447 -0.1423928 -0.0979019 0.0757217 -0.0434950 -0.0939660 0.1314724 -0.0093693 0.0757471 0.1108430 -0.0427897 0.0075729 -0.0499260 -0.1235962 0.0200046 -0.0056278 0.0703445 0.0689677 -0.0740933 -0.1354736 -0.0063544 -0.1376628 -0.0020181 -0.1201576 -0.0219720 0.1175889 0.0980297 -0.0346956 0.0582225 -0.0551771 0.0076758 0.0865825 -0.0393594 0.0259069 -0.0107751 0.1216679 -0.0734549 -0.1225799 -0.0231432 -0.0135615 -0.1592041 -0.0343728 -0.0564875 0.0106565 0.0020564 0.0069828 0.1145677 0.1467171 0.0685618 -0.1054414 0.0896549 0.0210246 -0.0395975 0.0937089 -0.1344141 0.0025436 -0.1254197 -0.0402842 -0.0122339 0.0213104 -0.1293565 0.1243932 -0.0129560 -0.0692842 -0.0355603
-0.0171007 1.0405483 -0.0015140 -0.0167170 -0.0143605 -0.0082856 -0.0172527 -0.0153163 -0.0204394 -0.0056457 -0.0160828 -0.0054196 -0.0075084 -0.0098123 -0.0140204 -0.0205505 -0.0102974 -0.0113123 -0.0128309 -0.0069928 -0.0134897 -0.0084283 -0.0118246 -0.0031149 -0.0078875 -0.0087288 -0.0134782 -0.0091973 -0.0095461 -0.0152372 -0.0060743 -0.0162280 -0.0143253 -0.0066083 -0.0157565 -0.0056100 -0.0097237 -0.0090707 -0.0083423 -0.0052688 0.0012916 -0.0024750 -0.0118195 -0.0075438 -0.0137553 -0.0147788 -0.0059813 -0.0114167 -0.0111346 -0.0109557 -0.0032652 -0.0063572 -0.0016577 -0.0057371 -0.0021607 -0.0067547 0.0000191 -0.0066144 -0.0094709 -0.0052174 -0.0117004 -0.0025656 -0.0102295 -0.0062857 -0.0057790 -0.0097033 -0.0060446 -0.0091915 -0.0046489 -0.0022462 -0.0076589 -0.0112261 -0.0068489 -0.0081525 -0.0096352 -0.0086772 -0.0020368 -0.0084619 -0.0091002 -0.0142584 -0.0010917
-0.0405941 -0.0015140 1.0069529 -0.0368358 0.0089907 -0.0011226 -0.0226692 -0.0085610 -0.0024810 -0.0197311 -0.0019414 -0.0157592 -0.0106249 -0.0105160 -0.0028398 -0.0308074 0.0144760 0.0093897 -0.0120694 -0.0159655 -0.0030136 0.0099316 -0.0314690 -0.0159801 -0.0266103 -0.0279334 -0.0045919 -0.0044404 -0.0071162 0.0012541 -0.0157998 -0.0162297 -0.0145447 -0.0088945 -0.0065529 0.0150513 -0.0098512 0.0085026 -0.0129954 -0.0076673 -0.0123832 -0.0296037 -0.0104043 -0.0008344 -0.0217220 -0.0097405 -0.0163062 -0.0150142 0.0007375 -0.0113542 -0.0079532 -0.0281470 0.0057214 0.0038969 -0.0003338 -0.0118783 0.0124509 0.0056649 -0.0118018 -0.0160964 -0.0104588 -0.0212563 -0.0306261 -0.0240266 -0.0025695 -0.0054456 -0.0171616 -0.0087449 -0.0000725 -0.0166268 -0.0005699 -0.0082993 0.0035857 0.0007799 -0.0041685 -0.0137206 -0.0020780 -0.0251392 -0.0075643 -0.0122699 -0.0038997
0.1337976 -0.0167170 -0.0368358 1.1011336 -0.1104966 -0.0388520 0.0352968 0.0512395 -0.0663800 -0.0582357 -0.1208501 0.0784810 -0.0194701 -0.0145154 -0.0753499 0.0802068 -0.1370371 -0.1397854 -0.0915266 0.0806133 -0.0436504 -0.0915362 0.1245574 -0.0123836 0.0710267 0.1046671 -0.0426467 0.0038538 -0.0494393 -0.1159445 0.0226203 -0.0140279 0.0723357 0.0619531 -0.0710401 -0.1297131 -0.0116145 -0.1375459 -0.0067798 -0.1095955 -0.0167236 0.1158201 0.0966923 -0.0364205 0.0575459 -0.0590245 0.0067069 0.0859613 -0.0396422 0.0284693 -0.0125930 0.1153180 -0.0735197 -0.1185328 -0.0193356 -0.0083583 -0.1590983 -0.0318276 -0.0496307 0.0147174 0.0064072 0.0059901 0.1140734 0.1375955 0.0618184 -0.0978311 0.0870887 0.0210923 -0.0365501 0.0879081 -0.1367698 -0.0008011 -0.1203781 -0.0424793 -0.0141300 0.0171906 -0.1170630 0.1207789 -0.0136481 -0.0687179 -0.0390232
-0.1164912 -0.0143605 0.0089907 -0.1104966 1.0479648 0.0002903 -0.0231887 -0.0735889 0.0076623 0.0336051 0.0715862 -0.0816712 -0.0078351 -0.0066673 0.0162020 -0.0927601 0.0976077 0.0979553 0.0548601 -0.0886151 0.0067491 0.0748790 -0.1118622 -0.0066946 -0.0889015 -0.1051156 0.0054940 -0.0103486 -0.0063701 0.0734797 -0.0703853 -0.0142410 -0.0729090 -0.0695939 0.0555546 0.0900999 -0.0032771 0.0936754 -0.0081577 0.0706694 -0.0150588 -0.1051246 -0.0746449 0.0126392 -0.0473913 0.0490742 -0.0198792 -0.0853058 0.0144777 -0.0221365 -0.0060317 -0.1015518 0.0325300 0.0811298 0.0087094 -0.0096360 0.0998080 0.0077912 0.0387103 -0.0209705 -0.0155977 -0.0276962 -0.1074462 -0.1123529 -0.0660708 0.0584654 -0.0804670 -0.0129787 0.0095882 -0.0910935 0.0772917 -0.0097819 0.0780227 0.0152401 0.0059024 -0.0224976 0.0726581 -0.1082365 -0.0027248 0.0436723 0.0054003
-0.0393870 -0.0082856 -0.0011226 -0.0388520 0.0002903 1.0460165 -0.0147849 -0.0062341 -0.0025221 -0.0260533 -0.0034187 -0.0109325 -0.0092968 -0.0144471 0.0046573 -0.0181538 0.0079933 -0.0006477 -0.0169291 -0.0127794 -0.0093061 -0.0024595 -0.0292471 -0.0143957 -0.0119657 -0.0263908 -0.0056785 -0.0042750 -0.0098302 -0.0015752 -0.0110512 -0.0211055 -0.0013924 0.0013335 -0.0141090 0.0033993 -0.0078981 0.0015236 -0.0103720 -0.0109917 -0.0130225 -0.0162355 -0.0003712 -0.0002887 -0.0254321 -0.0090073 -0.0126945 -0.0087257 0.0019346 -0.0134641 -0.0074547 -0.0134982 0.0004306 -0.0028285 0.0019742 -0.0072644 0.0062459 0.0015308 -0.0200394 -0.0136996 -0.0080219 -0.0149293 -0.0219838 -0.0180487 0.0003749 -0.0106746 -0.0123747 -0.0115100 0.0036147 -0.0102937 -0.0126578 -0.0109551 -0.0022805 0.0023571 -0.0076217 -0.0135656 -0.0062713 -0.0195144 -0.0070183 -0.0161921 -0.0009778
0.0345821 -0.0172527 -0.0226692 0.0352968 -0.0231887 -0.0147849 1.0677645 0.0030867 -0.0331929 -0.0235574 -0.0291502 0.0021409 -0.0167895 -0.0156108 -0.0434799 0.0147040 -0.0317409 -0.0316090 -0.0206248 -0.0007406 -0.0100836 -0.0091430 0.0275796 -0.0215805 -0.0003003 0.0043545 -0.0137616 0.0074556 -0.0409710 -0.0297209 -0.0354378 -0.0124034 0.0090577 0.0026091 -0.0025870 -0.0330478 -0.0153259 -0.0283619 -0.0055539 -0.0263422 -0.0275018 0.0051537 0.0227844 -0.0084758 0.0225280 0.0038640 -0.0101789 0.0093359 -0.0120785 0.0090883 -0.0092395 0.0268567 -0.0333523 -0.0289679 -0.0097993 -0.0077475 -0.0475534 -0.0125569 0.0001041 -0.0067383 -0.0030111 -0.0124288 0.0109811 0.0299784 0.0042207 -0.0262963 0.0063763 0.0053149 -0.0160704 0.0052276 -0.0460426 -0.0018692 -0.0282961 -0.0138564 -0.0012027 0.0098047 -0.0456277 0.0146029 -0.0037012 -0.0153198 -0.0346778
0.0576140 -0.0153163 -0.0085610 0.0512395 -0.0735889 -0.0062341 0.0030867 1.1085683 -0.0109982 -0.0834113 -0.0878599 0.0588912 -0.0172691 -0.0156331 -0.0156264 0.0636229 -0.0920046 -0.0895502 -0.0806983 0.0621251 -0.0156772 -0.0757628 0.0568907 -0.0125385 0.0603318 0.0591246 -0.0109932 0.0020171 -0.0185195 -0.0774752 0.0501409 -0.0069948 0.0614946 0.0633800 -0.0755309 -0.0871081 -0.0145400 -0.0899414 -0.0044556 -0.0893061 -0.0194758 0.0628572 0.0696355 -0.0172922 0.0115731 -0.0605440 -0.0123214 0.0591727 -0.0141000 -0.0014366 -0.0109032 0.0763263 -0.0290944 -0.0859825 -0.0054952 -0.0037123 -0.0900114 -0.0172504 -0.0682691 -0.0035275 -0.0006670 -0.0161285 0.0683819 0.0783435 0.0604639 -0.0723957 0.0623113 -0.0039129 -0.0153164 0.0637221 -0.1032467 -0.0005298 -0.0875077 -0.0180945 -0.0095404 -0.0032964 -0.0771656 0.0769038 -0.0150802 -0.0691005 -0.0204045
-0.0626046 -0.0204394 -0.0024810 -0.0663800 0.0076623 -0.0025221 -0.0331929 -0.0109982 1.0985496 -0.0156965 0.0334717 -0.0403978 -0.0143753 -0.0161299 0.0464859 -0.0083228 0.0295141 0.0402887 0.0170008 -0.0413959 0.0128931 -0.0137065 -0.0867178 -0.0226380 -0.0211337 -0.0565439 0.0191476 -0.0116715 0.0147789 0.0368478 0.0165680 0.0039578 -0.0201903 -0.0304059 -0.0031083 0.0202865 -0.0142537 0.0388051 -0.0042720 0.0226887 0.0023291 -0.0500797 -0.0537488 0.0100538 -0.0348835 -0.0057151 -0.0228701 -0.0410458 0.0141564 -0.0432959 -0.0075667 -0.0521717 0.0207087 0.0181874 -0.0017493 -0.0157360 0.0456333 -0.0050916 -0.0077799 -0.0248804 -0.0021599 -0.0245990 -0.0360295 -0.0663306 -0.0248141 0.0232852 -0.0376996 -0.0368012 -0.0018339 -0.0366192 0.0466704 -0.0022813 0.0232696 0.0035451 0.0034746 -0.0217005 0.0458669 -0.0372795 -0.0159597 0.0082623 0.0140021
-0.0670221 -0.0056457 -0.0197311 -0.0582357 0.0336051 -0.0260533 -0.0235574 -0.0834113 -0.0156965 1.0667884 0.0313397 -0.0640037 -0.0011295 -0.0019541 -0.0119298 -0.0760797 0.0610716 0.0600931 0.0520843 -0.0680477 -0.0072218 0.0419070 -0.0578158 -0.0091046 -0.0774008 -0.0627900 -0.0183251 -0.0180431 -0.0014290 0.0316126 -0.0657692 -0.0127050 -0.0687808 -0.0813252 0.0501900 0.0533176 -0.0085500 0.0534421 -0.0068872 0.0675332 0.0093246 -0.0660768 -0.0865721 -0.0129529 -0.0192867 0.0378613 0.0022217 -0.0651647 -0.0072903 -0.0125514 -0.0032437 -0.0775293 0.0110093 0.0664838 -0.0048641 -0.0068476 0.0631263 -0.0091117 0.0507993 0.0053474 -0.0150186 0.0023589 -0.0645297 -0.0738104 -0.0763028 0.0548007 -0.0656835 -0.0092161 -0.0105991 -0.0678155 0.0794573 -0.0129926 0.0651498 -0.0057551 -0.0040669 -0.0120625 0.0569432 -0.0664672 -0.0024849 0.0534436 0.0023774
-0.1252552 -0.0160828 -0.0019414 -0.1208501 0.0715862 -0.0034187 -0.0291502 -0.0878599 0.0334717 0.0313397 1.0992389 -0.0939801 -0.0115365 -0.0062287 0.0228725 -0.0890706 0.1167326 0.1301328 0.0739683 -0.1068047 0.0201493 0.0854106 -0.1405147 -0.0247220 -0.1013007 -0.1366735 0.0203351 -0.0053443 -0.0042726 0.1027236 -0.0761027 -0.0132965 -0.0893495 -0.0939271 0.0846430 0.1116572 -0.0116359 0.1253687 -0.0121733 0.1030885 -0.0128943 -0.1299038 -0.1000058 0.0198935 -0.0461179 0.0600978 -0.0286366 -0.1057649 0.0251860 -0.0284248 -0.0049707 -0.1227685 0.0394487 0.1055675 0.0017994 -0.0160060 0.1205836 0.0065954 0.0586910 -0.0345034 -0.0164100 -0.0269910 -0.1226940 -0.1418801 -0.0887285 0.0919651 -0.1101265 -0.0233444 0.0091569 -0.1153826 0.1133175 -0.0170142 0.1024116 0.0204490 0.0202862 -0.0144331 0.0938074 -0.1270965 -0.0105721 0.0633221 -0.0021474
0.0806897 -0.0054196 -0.0157592 0.0784810 -0.0816712 -0.0109325 0.0021409 0.0588912 -0.0403978 -0.0640037 -0.0939801 1.1056275 -0.0102030 -0.0063894 -0.0387112 0.0610335 -0.1023179 -0.1147126 -0.0910492 0.0769360 -0.0263804 -0.0865425 0.0865135 -0.0039478 0.0662837 0.0885106 -0.0273046 -0.0013015 -0.0124076 -0.1039648 0.0458970 -0.0136900 0.0638712 0.0703652 -0.0861332 -0.1011117 -0.0047175 -0.1115352 -0.0079101 -0.1013876 -0.0060350 0.0924966 0.0745578 -0.0285836 0.0196982 -0.0700073 0.0037337 0.0774858 -0.0279179 0.0102130 -0.0032510 0.0834250 -0.0405138 -0.0977010 -0.0083099 -0.0053672 -0.1049024 -0.0113651 -0.0650212 0.0079563 0.0001690 0.0055323 0.0813000 0.1030451 0.0649386 -0.0926207 0.0764652 0.0087385 -0.0158701 0.0829446 -0.1053470 -0.0032393 -0.0935903 -0.0173426 -0.0219408 0.0029939 -0.0912134 0.0915799 -0.0007488 -0.0735477 -0.0160254
-0.0148134 -0.0075084 -0.0106249 -0.0194701 -0.0078351 -0.0092968 -0.0167895 -0.0172691 -0.0143753 -0.0011295 -0.0115365 -0.0102030 1.0529346 -0.0050629 -0.0111418 -0.0208929 -0.0091461 -0.0093595 -0.0088074 -0.0103077 -0.0090783 -0.0071362 -0.0095465 -0.0068346 -0.0167170 -0.0071032 -0.0198825 -0.0093342 -0.0029776 -0.0131842 -0.0190974 -0.0068133 -0.0078831 -0.0093108 -0.0108505 -0.0045853 -0.0018027 -0.0122975 -0.0117102 -0.0121790 -0.0000288 -0.0034179 -0.0089125 -0.0100357 -0.0064755 -0.0130142 -0.0017034 -0.0068076 -0.0120479 -0.0052232 -0.0052195 -0.0093855 -0.0063278 -0.0039510 -0.0054193 -0.0054004 -0.0081969 -0.0074517 -0.0042150 -0.0079557 -0.0068252 -0.0037739 -0.0083059 -0.0005221 -0.0097784 -0.0045347 -0.0073985 -0.0052951 -0.0059301 -0.0036797 -0.0046900 -0.0096599 -0.0017575 -0.0049674 -0.0088512 -0.0080662 -0.0069189 -0.0049632 -0.0063342 -0.0091139 -0.0059193
-0.0192668 -0.0098123 -0.0105160 -0.0145154 -0.0066673 -0.0144471 -0.0156108 -0.0156331 -0.0161299 -0.0019541 -0.0062287 -0.0063894 -0.0050629 1.0492613 -0.0110986 -0.0238019 -0.0055318 -0.0048616 -0.0111538 -0.0093909 -0.0144426 -0.0073996 -0.0080492 -0.0131097 -0.0197148 -0.0069485 -0.0183693 -0.0096025 -0.0053513 -0.0139182 -0.0147614 -0.0098092 -0.0107633 -0.0077216 -0.0134427 0.0001524 -0.0074297 -0.0102258 -0.0134144 -0.0071751 0.0006344 -0.0044477 -0.0142065 -0.0073418 -0.0077992 -0.0105742 -0.0082034 -0.0111455 -0.0109299 -0.0091441 -0.0044608 -0.0114620 -0.0018973 -0.0040627 -0.0058447 -0.0059530 -0.0003416 -0.0042982 -0.0092873 -0.0022619 -0.0106455 -0.0049367 -0.0188351 -0.0075691 -0.0032317 -0.0075428 -0.0050621 -0.0059944 -0.0075517 -0.0068592 0.0005762 -0.0101670 -0.0019982 -0.0068099 -0.0107318 -0.0131463 -0.0050921 -0.0121891 -0.0046053 -0.0051191 -0.0080294
-0.0807528 -0.0140204 -0.0028398 -0.0753499 0.0162020 0.0046573 -0.0434799 -0.0156264 0.0464859 -0.0119298 0.0228725 -0.0387112 -0.0111418 -0.0110986 1.0717368 -0.0190164 0.0354324 0.0363192 0.0146507 -0.0383179 0.0090088 -0.0072011 -0.0861481 -0.0197955 -0.0248035 -0.0541084 0.0124827 -0.0210823 0.0219743 0.0221997 0.0167239 -0.0064026 -0.0229246 -0.0247386 -0.0093609 0.0297937 -0.0127593 0.0375804 -0.0097833 0.0164544 0.0046513 -0.0461166 -0.0523435 0.0091681 -0.0444752 -0.0106859 -0.0218099 -0.0381450 0.0084684 -0.0442871 -0.0099325 -0.0561900 0.0301247 0.0257006 -0.0014045 -0.0119209 0.0523779 0.0029497 -0.0100902 -0.0191283 -0.0061140 -0.0213976 -0.0439319 -0.0649778 -0.0208443 0.0198730 -0.0335057 -0.0401973 0.0013928 -0.0362232 0.0388793 -0.0040391 0.0202758 0.0029451 -0.0023411 -0.0268094 0.0440058 -0.0411933 -0.0128703 0.0048644 0.0158737
0.0852610 -0.0205505 -0.0308074 0.0802068 -0.0927601 -0.0181538 0.0147040 0.0636229 -0.0083228 -0.0760797 -0.0890706 0.0610335 -0.0208929 -0.0238019 -0.0190164 1.0956489 -0.1065312 -0.1020854 -0.0749720 0.0611731 -0.0168508 -0.0972761 0.0571714 -0.0192622 0.0742464 0.0674027 -0.0177267 0.0012092 -0.0249690 -0.0830926 0.0578967 -0.0055452 0.0640560 0.0590605 -0.0769729 -0.1066324 -0.0155009 -0.0989486 0.0023517 -0.0942054 -0.0144449 0.0721497 0.0575454 -0.0193511 0.0242975 -0.0611073 -0.0023450 0.0644538 -0.0169809 -0.0053191 -0.0127901 0.0828496 -0.0449901 -0.0999347 -0.0162864 -0.0157515 -0.1087564 -0.0245965 -0.0598173 -0.0024180 0.0081127 -0.0068263 0.0822405 0.0881012 0.0547850 -0.0783061 0.0676517 -0.0073725 -0.0274155 0.0671433 -0.0980614 0.0030264 -0.0970621 -0.0331833 -0.0040646 0.0047165 -0.0855970 0.0912747 -0.0152724 -0.0630356 -0.0200435
-0.1404447 -0.0102974 0.0144760 -0.1370371 0.0976077 0.0079933 -0.0317409 -0.0920046 0.0295141 0.0610716 0.1167326 -0.1023179 -0.0091461 -0.0055318 0.0354324 -0.1065312 1.1627793 0.1335390 0.0903003 -0.1105984 0.0233741 0.0969337 -0.1478825 -0.0158013 -0.1110641 -0.1348125 0.0217657 -0.0024061 0.0076341 0.1118312 -0.0813481 -0.0097111 -0.0893928 -0.1009122 0.0854800 0.1227187 -0.0021237 0.1318704 -0.0114938 0.1102181 -0.0039007 -0.1322211 -0.1083259 0.0199146 -0.0518951 0.0681439 -0.0211813 -0.1037333 0.0224294 -0.0254201 -0.0030891 -0.1226865 0.0496649 0.1129930 0.0108196 -0.0071174 0.1384442 0.0138989 0.0649183 -0.0235018 -0.0183995 -0.0211594 -0.1238590 -0.1378507 -0.0927380 0.0994853 -0.1058075 -0.0166565 0.0166494 -0.1116850 0.1242285 -0.0119365 0.1127297 0.0230451 0.0143267 -0.0171315 0.1071731 -0.1303236 -0.0033794 0.0728850 0.0115975
-0.1423928 -0.0113123 0.0093897 -0.1397854 0.0979553 -0.0006477 -0.0316090 -0.0895502 0.0402887 0.0600931 0.1301328 -0.1147126 -0.0093595 -0.0048616 0.0363192 -0.1020854 0.1335390 1.1654459 0.0992964 -0.1217141 0.0284804 0.1031097 -0.1532370 -0.0204519 -0.1088895 -0.1448875 0.0246842 -0.0052496 0.0004952 0.1191415 -0.0808007 -0.0040535 -0.0942485 -0.1050667 0.0956506 0.1293115 -0.0009367 0.1421157 -0.0047841 0.1224158 -0.0054662 -0.1443503 -0.1195558 0.0245083 -0.0514305 0.0724336 -0.0251123 -0.1110878 0.0256496 -0.0295462 -0.0026659 -0.1334044 0.0485678 0.1223813 0.0052100 -0.0141870 0.1443057 0.0103403 0.0669080 -0.0309877 -0.0158512 -0.0270730 -0.1330974 -0.1505549 -0.0996271 0.1093195 -0.1185487 -0.0247352 0.0170171 -0.1198813 0.1370866 -0.0095527 0.1209768 0.0183232 0.0179808 -0.0132238 0.1152832 -0.1362257 -0.0078018 0.0805744 0.0065371
-0.0979019 -0.0128309 -0.0120694 -0.0915266 0.0548601 -0.0169291 -0.0206248 -0.0806983 0.0170008 0.0520843 0.0739683 -0.0910492 -0.0088074 -0.0111538 0.0146507 -0.0749720 0.0903003 0.0992964 1.0796909 -0.0952253 0.0076460 0.0562122 -0.1011307 -0.0207350 -0.0821272 -0.1053236 -0.0012065 -0.0119177 -0.0118002 0.0730225 -0.0662038 -0.0121052 -0.0782015 -0.0926233 0.0623469 0.0818889 -0.0096946 0.0955357 -0.0089933 0.0843301 -0.0017830 -0.1087009 -0.0987921 0.0102391 -0.0332552 0.0552711 -0.0183719 -0.0880809 0.0103702 -0.0196515 -0.0049652 -0.0959810 0.0285008 0.0840571 -0.0009126 -0.0088444 0.0955186 -0.0044558 0.0546155 -0.0185033 -0.0118886 -0.0165281 -0.0923407 -0.1116360 -0.0848326 0.0778563 -0.0914521 -0.0214642 0.0008381 -0.0916422 0.0977695 -0.0120240 0.0829082 0.0002502 0.0144764 -0.0108147 0.0833495 -0.1004501 -0.0064683 0.0641739 -0.0005356
0.0757217 -0.0069928 -0.0159655 0.0806133 -0.0886151 -0.0127794 -0.0007406 0.0621251 -0.0413959 -0.0680477 -0.1068047 0.0769360 -0.0103077 -0.0093909 -0.0383179 0.0611731 -0.1105984 -0.1217141 -0.0952253 1.1154208 -0.0265805 -0.0882236 0.0942238 -0.0044876 0.0635056 0.0946983 -0.0320839 -0.0065295 -0.0121725 -0.1077473 0.0527013 -0.0083207 0.0643110 0.0777055 -0.0897855 -0.1064665 -0.0031218 -0.1166049 -0.0083947 -0.1042869 -0.0006080 0.0958557 0.0790334 -0.0311955 0.0211879 -0.0782283 0.0079741 0.0803238 -0.0297584 0.0098579 -0.0039637 0.0884356 -0.0383161 -0.1004355 -0.0082115 -0.0005802 -0.1155695 -0.0161840 -0.0726154 0.0048217 0.0014580 0.0037387 0.0906184 0.1085155 0.0695563 -0.0985371 0.0826826 0.0061295 -0.0186189 0.0840084 -0.1131372 -0.0059851 -0.0984785 -0.0242265 -0.0250277 -0.0019573 -0.0970829 0.0978516 -0.0053020 -0.0749097 -0.0171201
-0.0434950 -0.0134897 -0.0030136 -0.0436504 0.0067491 -0.0093061 -0.0100836 -0.0156772 0.0128931 -0.0072218 0.0201493 -0.0263804 -0.0090783 -0.0144426 0.0090088 -0.0168508 0.0233741 0.0284804 0.0076460 -0.0265805 1.0825098 0.0127316 -0.0467018 -0.0247456 -0.0213365 -0.0384164 -0.0005730 0.0014102 -0.0081285 0.0229129 -0.0207293 -0.0100773 -0.0123380 -0.0190589 0.0080423 0.0135907 -0.0087413 0.0280916 -0.0090335 0.0092465 -0.0143752 -0.0347645 -0.0194517 0.0021695 -0.0194022 0.0074563 -0.0151436 -0.0235593 0.0040100 -0.0123239 -0.0047565 -0.0274590 0.0080452 0.0112652 -0.0005929 -0.0120277 0.0241600 -0.0007795 0.0016471 -0.0167194 -0.0065647 -0.0183100 -0.0340217 -0.0365227 -0.0184928 0.0102016 -0.0252818 -0.0111149 0.0000953 -0.0265409 0.0126738 -0.0045549 0.0131847 -0.0003480 0.0026694 -0.0065406 0.0163964 -0.0295852 -0.0098470 0.0043022 -0.0061350
-0.0939660 -0.0084283 0.0099316 -0.0915362 0.0748790 -0.0024595 -0.0091430 -0.0757628 -0.0137065 0.0419070 0.0854106 -0.0865425 -0.0071362 -0.0073996 -0.0072011 -0.0972761 0.0969337 0.1031097 0.0562122 -0.0882236 0.0127316 1.1094487 -0.0857140 -0.0161463 -0.0895933 -0.1161341 0.0094667 0.0051057 -0.0264222 0.0822100 -0.1076822 -0.0109576 -0.0747495 -0.0798165 0.0863147 0.0940596 -0.0101593 0.0930893 -0.0177922 0.0834578 -0.0265517 -0.1088400 -0.0605503 0.0124052 -0.0326797 0.0637965 -0.0241440 -0.0842472 0.0151035 -0.0011165 -0.0037332 -0.0834779 0.0231160 0.0885305 0.0046704 -0.0093886 0.0856841 0.0077227 0.0615362 -0.0233742 -0.0167436 -0.0247300 -0.1108860 -0.1014040 -0.0730345 0.0717043 -0.0896052 0.0005643 0.0129902 -0.0923573 0.0703663 -0.0096649 0.0866839 0.0179960 0.0157650 -0.0022542 0.0537243 -0.1073314 -0.0065203 0.0464888 -0.0198126
0.1314724 -0.0118246 -0.0314690 0.1245574 -0.1118622 -0.0292471 0.0275796 0.0568907 -0.0867178 -0.0578158 -0.1405147 0.0865135 -0.0095465 -0.0080492 -0.0861481 0.0571714 -0.1478825 -0.1532370 -0.1011307 0.0942238 -0.0467018 -0.0857140 1.1147707 -0.0008584 0.0689365 0.1211202 -0.0506576 0.0009677 -0.0373845 -0.1288047 0.0105445 -0.0211757 0.0698515 0.0782067 -0.0779608 -0.1261541 -0.0053686 -0.1464610 -0.0111964 -0.1231956 -0.0168047 0.1206707 0.1060500 -0.0424466 0.0555244 -0.0631846 0.0167679 0.0950461 -0.0417571 0.0315556 -0.0074249 0.1219115 -0.0677600 -0.1184268 -0.0175369 -0.0083933 -0.1588982 -0.0244976 -0.0555367 0.0157095 0.0000068 0.0097253 0.1126697 0.1487281 0.0702747 -0.1090318 0.0945972 0.0256842 -0.0293543 0.0963827 -0.1394677 -0.0059307 -0.1201699 -0.0353279 -0.0182319 0.0184385 -0.1330096 0.1219686 -0.0032103 -0.0801248 -0.0327973
-0.0093693 -0.0031149 -0.0159801 -0.0123836 -0.0066946 -0.0143957 -0.0215805 -0.0125385 -0.0226380 -0.0091046 -0.0247220 -0.0039478 -0.0068346 -0.0131097 -0.0197955 -0.0192622 -0.0158013 -0.0204519 -0.0207350 -0.0044876 -0.0247456 -0.0161463 -0.0008584 0.9963883 -0.0090406 0.0043827 -0.0219053 -0.0167019 -0.0059300 -0.0275451 -0.0059306 -0.0131397 -0.0093402 -0.0050339 -0.0195378 -0.0111502 -0.0067254 -0.0222970 -0.0081149 -0.0129773 -0.0038890 0.0044636 -0.0048604 -0.0137664 -0.0085244 -0.0182358 -0.0004819 0.0052609 -0.0157117 -0.0083123 -0.0023172 -0.0065413 -0.0054367 -0.0056267 -0.0045609 -0.0040396 -0.0111777 -0.0090011 -0.0101091 -0.0046685 -0.0052375 -0.0016053 -0.0012141 -0.0000279 -0.0050922 -0.0173226 0.0007472 -0.0085971 -0.0045573 0.0002537 -0.0137804 -0.0090236 -0.0128031 -0.0098807 -0.0165856 -0.0109784 -0.0152055 -0.0003249 -0.0045480 -0.0125634 -0.0021002
0.0757471 -0.0078875 -0.0266103 0.0710267 -0.0889015 -0.0119657 -0.0003003 0.0603318 -0.0211337 -0.0774008 -0.1013007 0.0662837 -0.0167170 -0.0197148 -0.0248035 0.0742464 -0.1110641 -0.1088895 -0.0821272 0.0635056 -0.0213365 -0.0895933 0.0689365 -0.0090406 1.0801274 0.0838386 -0.0214562 -0.0052398 -0.0172522 -0.0901645 0.0566620 -0.0097339 0.0665213 0.0622361 -0.0833064 -0.1031255 -0.0107696 -0.1079980 -0.0068626 -0.1015908 -0.0107306 0.0803446 0.0665992 -0.0238397 0.0192163 -0.0714569 0.0013349 0.0721081 -0.0242770 0.0018903 -0.0119904 0.0819756 -0.0398685 -0.0979637 -0.0152824 -0.0059400 -0.1120740 -0.0164544 -0.0658294 0.0027877 0.0066994 -0.0047009 0.0848017 0.0935233 0.0603591 -0.0870023 0.0716159 -0.0063544 -0.0215288 0.0723354 -0.1032391 -0.0038550 -0.1004103 -0.0281815 -0.0161319 0.0023767 -0.0865260 0.0904606 -0.0137388 -0.0676633 -0.0196808
0.1108430 -0.0087288 -0.0279334 0.1046671 -0.1051156 -0.0263908 0.0043545 0.0591246 -0.0565439 -0.0627900 -0.1366735 0.0885106 -0.0071032 -0.0069485 -0.0541084 0.0674027 -0.1348125 -0.1448875 -0.1053236 0.0946983 -0.0384164 -0.1161341 0.1211202 0.0043827 0.0838386 1.1242495 -0.0492926 -0.0139226 -0.0160590 -0.1281535 0.0625897 -0.0134357 0.0714994 0.0843342 -0.1007560 -0.1318680 -0.0007471 -0.1476421 -0.0060917 -0.1216354 0.0057894 0.1244007 0.0841232 -0.0405638 0.0360048 -0.0829138 0.0186031 0.0956575 -0.0406236 0.0126564 -0.0055145 0.1036426 -0.0549241 -0.1178575 -0.0187469 -0.0020077 -0.1406794 -0.0282916 -0.0715457 0.0176212 0.0023060 0.0157168 0.1168405 0.1372398 0.0763744 -0.1095548 0.0991212 0.0060173 -0.0273431 0.1040484 -0.1234262 -0.0050240 -0.1169578 -0.0357340 -0.0328337 -0.0004887 -0.1145060 0.1224991 -0.0031179 -0.0768838 -0.0129259
-0.0427897 -0.0134782 -0.0045919 -0.0426467 0.0054940 -0.0056785 -0.0137616 -0.0109932 0.0191476 -0.0183251 0.0203351 -0.0273046 -0.0198825 -0.0183693 0.0124827 -0.0177267 0.0217657 0.0246842 -0.0012065 -0.0320839 -0.0005730 0.0094667 -0.0506576 -0.0219053 -0.0214562 -0.0492926 1.0299193 -0.0025431 -0.0147136 0.0174307 -0.0181737 -0.0105971 -0.0107264 -0.0222334 0.0100510 0.0173353 -0.0094029 0.0247654 -0.0097307 0.0121125 -0.0175865 -0.0395697 -0.0260383 0.0051642 -0.0244636 0.0020679 -0.0233039 -0.0276392 0.0045070 -0.0133687 -0.0071056 -0.0271205 0.0104105 0.0130764 -0.0009145 -0.0114436 0.0202135 0.0022295 -0.0028400 -0.0197214 -0.0057616 -0.0245977 -0.0358585 -0.0417568 -0.0195907 0.0105681 -0.0263290 -0.0149659 -0.0000005 -0.0335751 0.0120400 -0.0015012 0.0116356 0.0032321 0.0019041 -0.0113417 0.0172563 -0.0359329 -0.0149297 -0.0011590 -0.0115659
0.0075729 -0.0091973 -0.0044404 0.0038538 -0.0103486 -0.0042750 0.0074556 0.0020171 -0.0116715 -0.0180431 -0.0053443 -0.0013015 -0.0093342 -0.0096025 -0.0210823 0.0012092 -0.0024061 -0.0052496 -0.0119177 -0.0065295 0.0014102 0.0051057 0.0009677 -0.0167019 -0.0052398 -0.0139226 -0.0025431 1.0823411 -0.0245142 -0.0051433 -0.0258840 -0.0083624 0.0002290 -0.0054221 0.0032230 -0.0090409 -0.0067798 -0.0035957 -0.0077871 -0.0107933 -0.0208336 -0.0069941 0.0129609 -0.0017088 0.0016935 0.0032836 -0.0099976 -0.0042843 -0.0040883 0.0039136 -0.0037458 0.0071237 -0.0099828 -0.0082442 -0.0029279 -0.0074969 -0.0145336 -0.0026423 -0.0026573 -0.0106906 -0.0041279 -0.0123476 -0.0040215 0.0045221 0.0014482 -0.0112007 -0.0063154 0.0029789 -0.0027009 -0.0049348 -0.0210760 -0.0062873 -0.0106416 -0.0055795 0.0053495 0.0063688 -0.0187639 -0.0044242 -0.0075011 -0.0113150 -0.0221755
-0.0499260 -0.0095461 -0.0071162 -0.0494393 -0.0063701 -0.0098302 -0.0409710 -0.0185195 0.0147789 -0.0014290 -0.0042726 -0.0124076 -0.0029776 -0.0053513 0.0219743 -0.0249690 0.0076341 0.0004952 -0.0118002 -0.0121725 -0.0081285 -0.0264222 -0.0373845 -0.0059300 -0.0172522 -0.0160590 -0.0147136 -0.0245142 1.0517547 -0.0106442 0.0175261 -0.0104117 -0.0125711 -0.0133240 -0.0245875 0.0026505 -0.0026052 0.0012195 -0.0064974 0.0015052 0.0178366 -0.0105844 -0.0414173 -0.0120148 -0.0293690 -0.0243676 0.0002241 -0.0142439 -0.0077731 -0.0320059 -0.0027729 -0.0379078 0.0161495 0.0068376 -0.0021936 -0.0066333 0.0213718 -0.0091567 -0.0197953 -0.0076331 -0.0082785 -0.0016162 -0.0164579 -0.0252723 -0.0123123 0.0003864 -0.0085732 -0.0275131 0.0018749 -0.0142987 0.0227759 -0.0072737 0.0051974 -0.0048725 -0.0223004 -0.0254747 0.0192000 -0.0164504 -0.0080898 -0.0028106 0.0214241
-0.1235962 -0.0152372 0.0012541 -0.1159445 0.0734797 -0.0015752 -0.0297209 -0.0774752 0.0368478 0.0316126 0.1027236 -0.1039648 -0.0131842 -0.0139182 0.0221997 -0.0830926 0.1118312 0.1191415 0.0730225 -0.1077473 0.0229129 0.0822100 -0.1288047 -0.0275451 -0.0901645 -0.1281535 0.0174307 -0.0051433 -0.0106442 1.0579123 -0.0770950 -0.0129042 -0.0785183 -0.0881749 0.0768574 0.1013848 -0.0088473 0.1142833 -0.0101542 0.0890729 -0.0147055 -0.1242677 -0.0949400 0.0207628 -0.0461242 0.0569826 -0.0273510 -0.0995507 0.0186081 -0.0238112 -0.0041700 -0.1069040 0.0364399 0.0951758 0.0057939 -0.0134357 0.1145068 0.0053491 0.0521568 -0.0308534 -0.0150558 -0.0304132 -0.1148007 -0.1255538 -0.0815464 0.0786452 -0.1033735 -0.0251656 0.0066379 -0.1062528 0.1014304 -0.0135555 0.0920045 0.0132984 0.0179154 -0.0167739 0.0869357 -0.1193088 -0.0079064 0.0593641 -0.0034286
0.0200046 -0.0060743 -0.0157998 0.0226203 -0.0703853 -0.0110512 -0.0354378 0.0501409 0.0165680 -0.0657692 -0.0761027 0.0458970 -0.0190974 -0.0147614 0.0167239 0.0578967 -0.0813481 -0.0808007 -0.0662038 0.0527013 -0.0207293 -0.1076822 0.0105445 -0.0059306 0.0566620 0.0625897 -0.0181737 -0.0258840 0.0175261 -0.0770950 1.0273681 -0.0087502 0.0499524 0.0495984 -0.0904691 -0.0813819 -0.0115284 -0.0751130 -0.0019913 -0.0778360 0.0114555 0.0613614 0.0200113 -0.0129621 -0.0125477 -0.0781630 -0.0045092 0.0503010 -0.0167673 -0.0342567 -0.0095227 0.0370897 -0.0138573 -0.0740502 -0.0109579 -0.0038067 -0.0625537 -0.0192247 -0.0708632 -0.0000982 -0.0027802 -0.0015082 0.0685157 0.0510979 0.0450077 -0.0636531 0.0503340 -0.0287504 -0.0154574 0.0546255 -0.0549138 -0.0015411 -0.0734607 -0.0200598 -0.0258711 -0.0229182 -0.0385460 0.0695954 -0.0110071 -0.0555866 0.0108116
-0.0056278 -0.0162280 -0.0162297 -0.0140279 -0.0142410 -0.0211055 -0.0124034 -0.0069948 0.0039578 -0.0127050 -0.0132965 -0.0136900 -0.0068133 -0.0098092 -0.0064026 -0.0055452 -0.0097111 -0.0040535 -0.0121052 -0.0083207 -0.0100773 -0.0109576 -0.0211757 -0.0131397 -0.0097339 -0.0134357 -0.0105971 -0.0083624 -0.0104117 -0.0129042 -0.0087502 1.0591397 -0.0077532 -0.0129262 -0.0033387 -0.0081304 -0.0062007 -0.0029655 -0.0118865 -0.0121220 -0.0039653 -0.0080735 -0.0186631 -0.0049883 -0.0072422 -0.0075659 -0.0052984 -0.0047526 -0.0069234 -0.0132172 -0.0031632 -0.0113550 -0.0059305 -0.0076382 -0.0103459 -0.0081733 -0.0076789 -0.0127177 -0.0073368 -0.0092239 -0.0058363 -0.0109897 -0.0056465 -0.0066823 -0.0108829 -0.0066823 -0.0098223 -0.0100927 -0.0124384 -0.0124265 0.0005457 -0.0024761 -0.0071805 -0.0110312 -0.0034208 -0.0065244 0.0007983 -0.0061345 -0.0071798 -0.0042406 -0.0090355
0.0703445 -0.0143253 -0.0145447 0.0723357 -0.0729090 -0.0013924 0.0090577 0.0614946 -0.0201903 -0.0687808 -0.0893495 0.0638712 -0.0078831 -0.0107633 -0.0229246 0.0640560 -0.0893928 -0.0942485 -0.0782015 0.0643110 -0.0123380 -0.0747495 0.0698515 -0.0093402 0.0665213 0.0714994 -0.0107264 0.0002290 -0.0125711 -0.0785183 0.0499524 -0.0077532 1.0491059 0.0621743 -0.0698745 -0.0827809 -0.0049054 -0.0905077 -0.0027812 -0.0860947 -0.0118579 0.0745692 0.0707191 -0.0171506 0.0154666 -0.0566880 -0.0031220 0.0643192 -0.0155648 0.0061521 -0.0059103 0.0759378 -0.0303111 -0.0845107 -0.0054029 -0.0044570 -0.0909990 -0.0073437 -0.0599429 0.0032021 0.0041980 -0.0064101 0.0731333 0.0797311 0.0583166 -0.0773605 0.0644216 0.0042674 -0.0101694 0.0683892 -0.0938379 0.0003109 -0.0866349 -0.0147383 -0.0104260 0.0036532 -0.0812527 0.0775565 -0.0072326 -0.0634215 -0.0088826
0.0689677 -0.0066083 -0.0088945 0.0619531 -0.0695939 0.0013335 0.0026091 0.0633800 -0.0304059 -0.0813252 -0.0939271 0.0703652 -0.0093108 -0.0077216 -0.0247386 0.0590605 -0.1009122 -0.1050667 -0.0926233 0.0777055 -0.0190589 -0.0798165 0.0782067 -0.0050339 0.0622361 0.0843342 -0.0222334 -0.0054221 -0.0133240 -0.0881749 0.0495984 -0.0129262 0.0621743 1.0762100 -0.0830351 -0.0889753 -0.0037420 -0.0999554 -0.0046092 -0.0997553 -0.0114458 0.0826913 0.0773459 -0.0187525 0.0182470 -0.0673245 -0.0039218 0.0746467 -0.0214488 0.0085258 -0.0054884 0.0813683 -0.0351783 -0.0908718 -0.0081314 -0.0017893 -0.0955222 -0.0086630 -0.0684889 0.0019111 0.0017029 -0.0068952 0.0756669 0.0933156 0.0675648 -0.0829665 0.0743013 0.0073634 -0.0158139 0.0750516 -0.1067856 -0.0011207 -0.0917163 -0.0152883 -0.0177962 0.0006269 -0.0890832 0.0827908 -0.0041723 -0.0712300 -0.0113637
-0.0740933 -0.0157565 -0.0065529 -0.0710401 0.0555546 -0.0141090 -0.0025870 -0.0755309 -0.0031083 0.0501900 0.0846430 -0.0861332 -0.0108505 -0.0134427 -0.0093609 -0.0769729 0.0854800 0.0956506 0.0623469 -0.0897855 0.0080423 0.0863147 -0.0779608 -0.0195378 -0.0833064 -0.1007560 0.0100510 0.0032230 -0.0245875 0.0768574 -0.0904691 -0.0033387 -0.0698745 -0.0830351 1.0585667 0.0825533 -0.0113775 0.0894757 -0.0071787 0.0831898 -0.0191378 -0.0977860 -0.0747737 0.0039903 -0.0149093 0.0682454 -0.0184556 -0.0804012 0.0141903 -0.0069206 -0.0024628 -0.0770447 0.0152840 0.0827398 -0.0019947 -0.0093228 0.0787475 0.0019958 0.0637539 -0.0204959 -0.0127241 -0.0169136 -0.0890894 -0.0919568 -0.0770627 0.0762203 -0.0882654 -0.0000001 0.0009353 -0.0927545 0.0791229 -0.0102879 0.0772073 0.0051844 0.0202372 0.0023171 0.0652468 -0.0910412 -0.0054058 0.0594591 -0.0160204
-0.1354736 -0.0056100 0.0150513 -0.1297131 0.0900999 0.0033993 -0.0330478 -0.0871081 0.0202865 0.0533176 0.1116572 -0.1011117 -0.0045853 0.0001524 0.0297937 -0.1066324 0.1227187 0.1293115 0.0818889 -0.1064665 0.0135907 0.0940596 -0.1261541 -0.0111502 -0.1031255 -0.1318680 0.0173353 -0.0090409 0.0026505 0.1013848 -0.0813819 -0.0081304 -0.0827809 -0.0889753 0.0825533 1.0794255 -0.0064497 0.1239872 -0.0104728 0.1033770 -0.0094097 -0.1250502 -0.0982853 0.0201775 -0.0484311 0.0613997 -0.0210038 -0.1017876 0.0198025 -0.0240026 -0.0019180 -0.1177343 0.0428864 0.1084392 0.0084883 -0.0133484 0.1261202 0.0142076 0.0587867 -0.0203071 -0.0152506 -0.0232352 -0.1220686 -0.1332066 -0.0851651 0.0902615 -0.1024880 -0.0195994 0.0165403 -0.1066951 0.1135714 -0.0143527 0.1057265 0.0252128 0.0128796 -0.0171205 0.0990543 -0.1260945 -0.0058468 0.0617322 0.0096612
-0.0063544 -0.0097237 -0.0098512 -0.0116145 -0.0032771 -0.0078981 -0.0153259 -0.0145400 -0.0142537 -0.0085500 -0.0116359 -0.0047175 -0.0018027 -0.0074297 -0.0127593 -0.0155009 -0.0021237 -0.0009367 -0.0096946 -0.0031218 -0.0087413 -0.0101593 -0.0053686 -0.0067254 -0.0107696 -0.0007471 -0.0094029 -0.0067798 -0.0026052 -0.0088473 -0.0115284 -0.0062007 -0.0049054 -0.0037420 -0.0113775 -0.0064497 1.0306844 -0.0095375 -0.0127412 -0.0063656 -0.0023170 -0.0008872 -0.0065741 -0.0087860 -0.0069898 -0.0045475 -0.0039978 -0.0025763 -0.0100471 -0.0011700 -0.0017788 -0.0078230 -0.0041617 -0.0044173 -0.0027810 -0.0069490 -0.0030341 -0.0025867 -0.0066073 -0.0026450 -0.0068019 -0.0046890 -0.0080235 -0.0000608 -0.0035478 -0.0081203 -0.0044295 -0.0077413 -0.0053002 -0.0007392 -0.0014631 -0.0059424 -0.0004133 -0.0085082 -0.0062530 -0.0034420 -0.0098874 -0.0049889 -0.0079845 -0.0076961 -0.0024889
-0.1376628 -0.0090707 0.0085026 -0.1375459 0.0936754 0.0015236 -0.0283619 -0.0899414 0.0388051 0.0534421 0.1253687 -0.1115352 -0.0122975 -0.0102258 0.0375804 -0.0989486 0.1318704 0.1421157 0.0955357 -0.1166049 0.0280916 0.0930893 -0.1464610 -0.0222970 -0.1079980 -0.1476421 0.0247654 -0.0035957 0.0012195 0.1142833 -0.0751130 -0.0029655 -0.0905077 -0.0999554 0.0894757 0.1239872 -0.0095375 1.1041201 -0.0079976 0.1187535 -0.0071964 -0.1382215 -0.1101713 0.0239245 -0.0494180 0.0707266 -0.0236130 -0.1101892 0.0284974 -0.0257268 -0.0007837 -0.1247557 0.0507046 0.1159479 0.0051512 -0.0120863 0.1398714 0.0089725 0.0651421 -0.0286308 -0.0186586 -0.0265072 -0.1267276 -0.1461495 -0.0952166 0.1015282 -0.1110948 -0.0258474 0.0140752 -0.1143700 0.1240038 -0.0141555 0.1115627 0.0187303 0.0182083 -0.0155879 0.1124663 -0.1348040 -0.0072832 0.0732850 0.0100216
-0.0020181 -0.0083423 -0.0129954 -0.0067798 -0.0081577 -0.0103720 -0.0055539 -0.0044556 -0.0042720 -0.0068872 -0.0121733 -0.0079101 -0.0117102 -0.0134144 -0.0097833 0.0023517 -0.0114938 -0.0047841 -0.0089933 -0.0083947 -0.0090335 -0.0177922 -0.0111964 -0.0081149 -0.0068626 -0.0060917 -0.0097307 -0.0077871 -0.0064974 -0.0101542 -0.0019913 -0.0118865 -0.0027812 -0.0046092 -0.0071787 -0.0104728 -0.0127412 -0.0079976 1.0105190 -0.0114294 -0.0078667 -0.0048037 -0.0075432 -0.0054561 -0.0036572 -0.0088290 -0.0078294 -0.0029929 -0.0056527 -0.0095819 -0.0051964 -0.0030532 -0.0082443 -0.0088361 -0.0026796 -0.0092764 -0.0114268 -0.0117111 0.0010328 -0.0027262 -0.0020332 -0.0082844 0.0007960 -0.0042864 -0.0086000 -0.0084324 -0.0052126 -0.0082072 -0.0113101 -0.0072754 -0.0078042 -0.0028350 -0.0107059 -0.0034462 -0.0019658 -0.0044473 -0.0049708 0.0010849 -0.0062347 -0.0045013 -0.0076346
-0.1201576 -0.0052688 -0.0076673 -0.1095955 0.0706694 -0.0109917 -0.0263422 -0.0893061 0.0226887 0.0675332 0.1030885 -0.1013876 -0.0121790 -0.0071751 0.0164544 -0.0942054 0.1102181 0.1224158 0.0843301 -0.1042869 0.0092465 0.0834578 -0.1231956 -0.0129773 -0.1015908 -0.1216354 0.0121125 -0.0107933 0.0015052 0.0890729 -0.0778360 -0.0121220 -0.0860947 -0.0997553 0.0831898 0.1033770 -0.0063656 0.1187535 -0.0114294 1.0966291 0.0000482 -0.1152996 -0.1080349 0.0156007 -0.0395522 0.0653524 -0.0154795 -0.0985536 0.0191708 -0.0244520 -0.0031913 -0.1151082 0.0374208 0.1045032 0.0016988 -0.0040741 0.1173320 0.0025411 0.0624816 -0.0182015 -0.0126377 -0.0132489 -0.1089604 -0.1277757 -0.0911989 0.0961692 -0.1006538 -0.0170874 0.0042977 -0.1030508 0.1163401 -0.0073108 0.1044644 0.0153282 0.0125175 -0.0137365 0.0992661 -0.1149251 -0.0034188 0.0697015 0.0020871
-0.0219720 0.0012916 -0.0123832 -0.0167236 -0.0150588 -0.0130225 -0.0275018 -0.0194758 0.0023291 0.0093246 -0.0128943 -0.0060350 -0.0000288 0.0006344 0.0046513 -0.0144449 -0.0039007 -0.0054662 -0.0017830 -0.0006080 -0.0143752 -0.0265517 -0.0168047 -0.0038890 -0.0107306 0.0057894 -0.0175865 -0.0208336 0.0178366 -0.0147055 0.0114555 -0.0039653 -0.0118579 -0.0114458 -0.0191378 -0.0094097 -0.0023170 -0.0071964 -0.0078667 0.0000482 1.0306998 0.0045332 -0.0290845 -0.0118147 -0.0105709 -0.0186180 0.0062175 -0.0015959 -0.0088565 -0.0157161 -0.0009422 -0.0198983 0.0057938 0.0049892 -0.0061812 -0.0022586 0.0085426 -0.0081678 -0.0077097 0.0049436 -0.0049704 0.0091329 -0.0008165 -0.0100019 -0.0131788 -0.0019493 -0.0013762 -0.0201879 -0.0062911 -0.0039247 0.0184272 -0.0018794 0.0047449 -0.0124539 -0.0167482 -0.0141385 0.0139283 -0.0025540 -0.0006800 0.0037612 0.0137183
0.1175889 -0.0024750 -0.0296037 0.1158201 -0.1051246 -0.0162355 0.0051537 0.0628572 -0.0500797 -0.0660768 -0.1299038 0.0924966 -0.0034179 -0.0044477 -0.0461166 0.0721497 -0.1322211 -0.1443503 -0.1087009 0.0958557 -0.0347645 -0.1088400 0.1206707 0.0044636 0.0803446 0.1244007 -0.0395697 -0.0069941 -0.0105844 -0.1242677 0.0613614 -0.0080735 0.0745692 0.0826913 -0.0977860 -0.1250502 -0.0008872 -0.1382215 -0.0048037 -0.1152996 0.0045332 1.1036187 0.0879481 -0.0365169 0.0364562 -0.0764244 0.0144826 0.0928471 -0.0335136 0.0144907 -0.0048296 0.1025990 -0.0519336 -0.1133628 -0.0141960 -0.0002965 -0.1343414 -0.0247154 -0.0683789 0.0168959 0.0068202 0.0191129 0.1126641 0.1341092 0.0775335 -0.1040379 0.0965556 0.0113804 -0.0287793 0.0989419 -0.1211932 -0.0024719 -0.1147505 -0.0320263 -0.0270839 0.0020381 -0.1097476 0.1182539 -0.0059795 -0.0756856 -0.0144129
0.0980297 -0.0118195 -0.0104043 0.0966923 -0.0746449 -0.0003712 0.0227844 0.0696355 -0.0537488 -0.0865721 -0.1000058 0.0745578 -0.0089125 -0.0142065 -0.0523435 0.0575454 -0.1083259 -0.1195558 -0.0987921 0.0790334 -0.0194517 -0.0605503 0.1060500 -0.0048604 0.0665992 0.0841232 -0.0260383 0.0129609 -0.0414173 -0.0949400 0.0200113 -0.0186631 0.0707191 0.0773459 -0.0747737 -0.0982853 -0.0065741 -0.1101713 -0.0075432 -0.1080349 -0.0290845 0.0879481 1.0639982 -0.0210490 0.0299139 -0.0573810 -0.0060351 0.0787580 -0.0205249 0.0266347 -0.0042069 0.1028861 -0.0487403 -0.1034866 -0.0041840 -0.0062647 -0.1246351 -0.0094603 -0.0663958 0.0004350 0.0003095 -0.0067401 0.0806461 0.1120152 0.0778001 -0.0944778 0.0820038 0.0185249 -0.0143562 0.0788003 -0.1361432 -0.0043811 -0.1045663 -0.0172737 -0.0068757 0.0097561 -0.1158213 0.0900760 -0.0064990 -0.0839906 -0.0333448
-0.0346956 -0.0075438 -0.0008344 -0.0364205 0.0126392 -0.0002887 -0.0084758 -0.0172922 0.0100538 -0.0129529 0.0198935 -0.0285836 -0.0100357 -0.0073418 0.0091681 -0.0193511 0.0199146 0.0245083 0.0102391 -0.0311955 0.0021695 0.0124052 -0.0424466 -0.0137664 -0.0238397 -0.0405638 0.0051642 -0.0017088 -0.0120148 0.0207628 -0.0129621 -0.0049883 -0.0171506 -0.0187525 0.0039903 0.0201775 -0.0087860 0.0239245 -0.0054561 0.0156007 -0.0118147 -0.0365169 -0.0210490 1.0040524 -0.0168357 0.0074295 -0.0167229 -0.0225075 0.0044235 -0.0120006 -0.0030710 -0.0251680 0.0080226 0.0156933 0.0003511 -0.0131238 0.0252573 -0.0005483 0.0049441 -0.0178440 -0.0046821 -0.0160693 -0.0291805 -0.0331864 -0.0132920 0.0123256 -0.0254532 -0.0121272 0.0012376 -0.0235317 0.0152498 -0.0029030 0.0109469 0.0043441 0.0061164 -0.0033698 0.0147322 -0.0294690 -0.0089763 0.0059456 -0.0034247
0.0582225 -0.0137553 -0.0217220 0.0575459 -0.0473913 -0.0254321 0.0225280 0.0115731 -0.0348835 -0.0192867 -0.0461179 0.0196982 -0.0064755 -0.0077992 -0.0444752 0.0242975 -0.0518951 -0.0514305 -0.0332552 0.0211879 -0.0194022 -0.0326797 0.0555244 -0.0085244 0.0192163 0.0360048 -0.0244636 0.0016935 -0.0293690 -0.0461242 -0.0125477 -0.0072422 0.0154666 0.0182470 -0.0149093 -0.0484311 -0.0069898 -0.0494180 -0.0036572 -0.0395522 -0.0105709 0.0364562 0.0299139 -0.0168357 1.0214887 -0.0154508 0.0067846 0.0256160 -0.0182166 0.0128322 -0.0054876 0.0452235 -0.0350447 -0.0381821 -0.0119856 -0.0032811 -0.0579088 -0.0178028 -0.0077933 0.0039164 0.0001183 -0.0001010 0.0376709 0.0484619 0.0123304 -0.0343835 0.0245481 0.0128140 -0.0179791 0.0266218 -0.0467596 0.0000174 -0.0390608 -0.0199336 -0.0038655 0.0118065 -0.0461929 0.0395927 -0.0060652 -0.0201422 -0.0239628
-0.0551771 -0.0147788 -0.0097405 -0.0590245 0.0490742 -0.0090073 0.0038640 -0.0605440 -0.0057151 0.0378613 0.0600978 -0.0700073 -0.0130142 -0.0105742 -0.0106859 -0.0611073 0.0681439 0.0724336 0.0552711 -0.0782283 0.0074563 0.0637965 -0.0631846 -0.0182358 -0.0714569 -0.0829138 0.0020679 0.0032836 -0.0243676 0.0569826 -0.0781630 -0.0075659 -0.0566880 -0.0673245 0.0682454 0.0613997 -0.0045475 0.0707266 -0.0088290 0.0653524 -0.0186180 -0.0764244 -0.0573810 0.0074295 -0.0154508 1.0639789 -0.0116420 -0.0659785 0.0074804 -0.0065639 -0.0045722 -0.0587059 0.0068251 0.0620148 -0.0057226 -0.0102876 0.0579659 -0.0045804 0.0504528 -0.0160893 -0.0110004 -0.0148676 -0.0743470 -0.0707299 -0.0609456 0.0588357 -0.0674822 0.0017871 0.0043763 -0.0698467 0.0573329 -0.0087645 0.0624798 0.0048188 0.0128056 0.0023544 0.0464992 -0.0718666 -0.0075934 0.0489615 -0.0119330
