1.0800399 -0.0160835 -0.0321114 0.0571813 -0.0645668 -0.0282120 0.0058673 0.0211512 -0.0378317 -0.0360334 -0.0691776 0.0397834 -0.0143014 -0.0138865 -0.0451397 0.0323509 -0.0792732 -0.0809225 -0.0533337 0.0360078 -0.0293677 -0.0609372 0.0570901 -0.0114730 0.0312296 0.0546355 -0.0307161 -0.0101149 -0.0267337 -0.0670072 0.0070861 -0.0054096 0.0298922 0.0266961 -0.0431295 -0.0762122 -0.0059029 -0.0801986 -0.0081193 -0.0639497 -0.0027666 0.0620487 0.0370160 -0.0277900 0.0289403 -0.0390216 0.0071152 0.0468835 -0.0296511 0.0095116 -0.0054538 0.0594544 -0.0411537 -0.0660587 -0.0229894 -0.0089732 -0.0857414 -0.0259397 -0.0279449 0.0077451 -0.0015664 0.0056671 0.0623567 0.0797558 0.0286794 -0.0567211 0.0480185 0.0045601 -0.0256609 0.0461185 -0.0641374 -0.0055415 -0.0651404 -0.0311378 -0.0173665 0.0070015 -0.0712168 0.0652217 -0.0107219 -0.0349459 -0.0223049
-0.0160835 1.0232230 -0.0022423 -0.0148938 -0.0116530 -0.0061720 -0.0111874 -0.0124300 -0.0166366 -0.0088758 -0.0162746 -0.0053934 -0.0081656 -0.0089260 -0.0148452 -0.0128531 -0.0071518 -0.0080913 -0.0131578 -0.0046424 -0.0112586 -0.0095130 -0.0099460 -0.0052301 -0.0094127 -0.0071880 -0.0150585 -0.0080173 -0.0107626 -0.0153022 -0.0114149 -0.0135552 -0.0092213 -0.0074154 -0.0130705 -0.0089101 -0.0076794 -0.0108087 -0.0097088 -0.0092400 -0.0053206 -0.0025833 -0.0084991 -0.0076595 -0.0099426 -0.0095313 -0.0073239 -0.0064496 -0.0099848 -0.0076453 -0.0038602 -0.0088868 -0.0046670 -0.0066546 -0.0048988 -0.0060899 -0.0073167 -0.0066715 -0.0097534 -0.0054866 -0.0079622 -0.0043666 -0.0080372 -0.0039604 -0.0056916 -0.0108374 -0.0053015 -0.0092975 -0.0079521 -0.0052970 -0.0078554 -0.0093106 -0.0090557 -0.0071681 -0.0077136 -0.0072264 -0.0090796 -0.0047338 -0.0083000 -0.0126042 -0.0041035
-0.0321114 -0.0022423 1.0225351 -0.0306845 0.0025224 -0.0053528 -0.0155849 -0.0152124 -0.0077960 -0.0137094 -0.0022730 -0.0151015 -0.0105490 -0.0104242 -0.0069126 -0.0243194 0.0105707 0.0055107 -0.0098816 -0.0175507 -0.0047576 0.0024826 -0.0250445 -0.0132917 -0.0223334 -0.0228883 -0.0083527 -0.0036474 -0.0097275 -0.0047907 -0.0205912 -0.0149390 -0.0127156 -0.0105656 -0.0065313 0.0053690 -0.0078731 0.0029755 -0.0135807 -0.0022991 -0.0116886 -0.0224652 -0.0125659 -0.0068309 -0.0179909 -0.0058364 -0.0146343 -0.0163441 -0.0035834 -0.0093501 -0.0055681 -0.0216546 0.0022133 0.0028082 0.0003543 -0.0089933 0.0074604 -0.0022051 -0.0080425 -0.0135279 -0.0097159 -0.0155870 -0.0250415 -0.0209905 -0.0092104 -0.0055992 -0.0164603 -0.0100166 -0.0004319 -0.0178395 -0.0023031 -0.0104055 0.0021624 -0.0012245 -0.0042262 -0.0128797 -0.0031620 -0.0223754 -0.0088076 -0.0078703 -0.0078229
0.0571813 -0.0148938 -0.0306845 1.0762535 -0.0638727 -0.0268730 0.0044428 0.0194774 -0.0391900 -0.0327609 -0.0666529 0.0364211 -0.0139305 -0.0101614 -0.0452702 0.0314913 -0.0761800 -0.0796124 -0.0541475 0.0384663 -0.0310051 -0.0598244 0.0567134 -0.0112349 0.0311066 0.0525232 -0.0266485 -0.0095481 -0.0256447 -0.0686873 0.0103690 -0.0113634 0.0282293 0.0250488 -0.0429379 -0.0751645 -0.0083587 -0.0797013 -0.0071349 -0.0618958 -0.0036935 0.0613666 0.0356615 -0.0284820 0.0276400 -0.0398154 0.0072448 0.0458366 -0.0277677 0.0097604 -0.0061080 0.0585331 -0.0400034 -0.0627268 -0.0231168 -0.0099096 -0.0854596 -0.0260292 -0.0273620 0.0091954 -0.0009258 0.0050368 0.0620300 0.0771144 0.0251129 -0.0557857 0.0468874 0.0060014 -0.0258501 0.0436536 -0.0645488 -0.0034754 -0.0657930 -0.0319436 -0.0170810 0.0042034 -0.0687166 0.0653548 -0.0103926 -0.0358599 -0.0221801
-0.0645668 -0.0116530 0.0025224 -0.0638727 1.0410221 -0.0007891 -0.0165653 -0.0403892 0.0026522 0.0043913 0.0260470 -0.0462878 -0.0085861 -0.0103545 0.0045784 -0.0534696 0.0493652 0.0483566 0.0218766 -0.0481075 0.0017822 0.0333712 -0.0630408 -0.0090877 -0.0505643 -0.0597432 -0.0046496 -0.0027722 -0.0072245 0.0287064 -0.0406715 -0.0154784 -0.0375528 -0.0360209 0.0190648 0.0446779 -0.0080578 0.0456095 -0.0111261 0.0293179 -0.0161349 -0.0636592 -0.0437019 0.0061077 -0.0336772 0.0212413 -0.0225094 -0.0504710 0.0058700 -0.0191596 -0.0091397 -0.0584674 0.0172892 0.0381857 0.0094266 -0.0083014 0.0500066 0.0032037 0.0118797 -0.0182572 -0.0107984 -0.0232582 -0.0634119 -0.0664381 -0.0363634 0.0261874 -0.0499633 -0.0163892 0.0058281 -0.0508479 0.0303458 -0.0095073 0.0373359 0.0072755 0.0053242 -0.0170289 0.0364034 -0.0617640 -0.0074691 0.0124663 -0.0013765
-0.0282120 -0.0061720 -0.0053528 -0.0268730 -0.0007891 1.0296502 -0.0118903 -0.0118763 -0.0090230 -0.0145924 -0.0048568 -0.0126142 -0.0081711 -0.0117854 -0.0062495 -0.0200072 0.0053332 0.0018584 -0.0108570 -0.0143271 -0.0050509 -0.0007025 -0.0239497 -0.0109456 -0.0160452 -0.0201854 -0.0094862 -0.0053415 -0.0103694 -0.0022510 -0.0176642 -0.0155751 -0.0092271 -0.0078312 -0.0091451 0.0015392 -0.0071394 0.0000799 -0.0115777 -0.0062869 -0.0099142 -0.0183704 -0.0087919 -0.0039569 -0.0176795 -0.0043658 -0.0119329 -0.0120928 -0.0050219 -0.0111370 -0.0064142 -0.0170851 0.0004845 -0.0014248 -0.0014318 -0.0081325 0.0048867 -0.0029260 -0.0108019 -0.0106790 -0.0072875 -0.0140149 -0.0196412 -0.0179306 -0.0066403 -0.0054930 -0.0130965 -0.0091092 -0.0027554 -0.0104828 -0.0066824 -0.0095647 -0.0010808 -0.0024374 -0.0034874 -0.0105745 -0.0035390 -0.0180516 -0.0073790 -0.0086511 -0.0042524
0.0058673 -0.0111874 -0.0155849 0.0044428 -0.0165653 -0.0118903 1.0425690 -0.0041923 -0.0171960 -0.0138149 -0.0207626 -0.0037746 -0.0123309 -0.0140131 -0.0205505 0.0013465 -0.0169578 -0.0191544 -0.0166507 -0.0051904 -0.0087806 -0.0129248 0.0021966 -0.0131499 -0.0054338 -0.0020055 -0.0124522 -0.0022603 -0.0217511 -0.0179215 -0.0172193 -0.0082812 -0.0008572 -0.0040328 -0.0097535 -0.0197578 -0.0100131 -0.0164173 -0.0075062 -0.0190051 -0.0125683 0.0001622 0.0004121 -0.0099530 0.0031269 -0.0053576 -0.0088469 -0.0007011 -0.0099899 -0.0049533 -0.0062307 0.0065975 -0.0154698 -0.0157107 -0.0086341 -0.0072026 -0.0238121 -0.0109760 -0.0051794 -0.0053774 -0.0044298 -0.0093735 0.0022197 0.0092443 -0.0024659 -0.0166823 0.0000164 -0.0035650 -0.0115020 -0.0017327 -0.0195975 -0.0046258 -0.0172248 -0.0125888 -0.0043084 -0.0013264 -0.0202379 0.0053923 -0.0077030 -0.0097124 -0.0172753
0.0211512 -0.0124300 -0.0152124 0.0194774 -0.0403892 -0.0118763 -0.0041923 1.0428649 -0.0130572 -0.0377086 -0.0414207 0.0203344 -0.0121975 -0.0093425 -0.0154527 0.0219854 -0.0407271 -0.0443134 -0.0378019 0.0204455 -0.0123298 -0.0385770 0.0201125 -0.0127138 0.0197771 0.0198016 -0.0128114 -0.0048186 -0.0144637 -0.0401116 0.0161047 -0.0092305 0.0193710 0.0184156 -0.0344565 -0.0406986 -0.0085587 -0.0428969 -0.0064119 -0.0389998 -0.0076379 0.0269539 0.0218697 -0.0127293 0.0043838 -0.0316197 -0.0049341 0.0230013 -0.0125322 -0.0015236 -0.0045729 0.0290316 -0.0181142 -0.0388213 -0.0101985 -0.0058266 -0.0445871 -0.0135989 -0.0268624 -0.0022758 -0.0020816 -0.0083480 0.0284494 0.0348783 0.0181678 -0.0353558 0.0237567 -0.0047656 -0.0130692 0.0233648 -0.0426827 -0.0037622 -0.0396425 -0.0144491 -0.0091800 -0.0024215 -0.0399963 0.0309675 -0.0095110 -0.0299671 -0.0128392
-0.0378317 -0.0166366 -0.0077960 -0.0391900 0.0026522 -0.0090230 -0.0171960 -0.0130572 1.0416610 -0.0118892 0.0201290 -0.0295271 -0.0135506 -0.0159316 0.0148276 -0.0097449 0.0186097 0.0291014 0.0121254 -0.0306652 0.0065093 -0.0010379 -0.0503424 -0.0190708 -0.0205333 -0.0405554 0.0076554 -0.0024188 -0.0043421 0.0216719 -0.0072503 0.0009054 -0.0160584 -0.0245169 0.0043961 0.0134673 -0.0114138 0.0244538 -0.0044521 0.0134028 -0.0097740 -0.0387558 -0.0324867 0.0061683 -0.0209890 0.0020913 -0.0204489 -0.0305791 0.0073639 -0.0224506 -0.0081117 -0.0327975 0.0092793 0.0145267 0.0000522 -0.0128788 0.0231226 -0.0037180 -0.0019250 -0.0210785 -0.0051540 -0.0226041 -0.0307260 -0.0431939 -0.0223961 0.0147616 -0.0305946 -0.0214315 -0.0030401 -0.0311003 0.0223551 -0.0047136 0.0118096 -0.0000436 0.0063637 -0.0120321 0.0229389 -0.0295531 -0.0125009 0.0057105 -0.0025889
-0.0360334 -0.0088758 -0.0137094 -0.0327609 0.0043913 -0.0145924 -0.0138149 -0.0377086 -0.0118892 1.0359468 0.0035852 -0.0300583 -0.0062343 -0.0089519 -0.0102457 -0.0377452 0.0216521 0.0214138 0.0096724 -0.0306258 -0.0052031 0.0117622 -0.0296389 -0.0119084 -0.0372547 -0.0320452 -0.0160749 -0.0090906 -0.0063359 0.0049853 -0.0314723 -0.0117931 -0.0311146 -0.0332381 0.0088275 0.0154730 -0.0077731 0.0180598 -0.0105990 0.0168243 -0.0016214 -0.0318735 -0.0383609 -0.0078268 -0.0155641 0.0113363 -0.0086517 -0.0312831 -0.0078637 -0.0111999 -0.0045570 -0.0385682 0.0031098 0.0207764 -0.0017405 -0.0061251 0.0227250 -0.0071095 0.0120166 -0.0064871 -0.0092853 -0.0060195 -0.0324862 -0.0353246 -0.0319440 0.0152781 -0.0323385 -0.0115287 -0.0054904 -0.0324014 0.0229151 -0.0107364 0.0192707 -0.0045496 -0.0028249 -0.0124345 0.0187295 -0.0326333 -0.0056504 0.0139083 -0.0035225
-0.0691776 -0.0162746 -0.0022730 -0.0666529 0.0260470 -0.0048568 -0.0207626 -0.0414207 0.0201290 0.0035852 1.0607508 -0.0485065 -0.0126957 -0.0135399 0.0145095 -0.0457961 0.0598155 0.0676072 0.0328750 -0.0611548 0.0122114 0.0377966 -0.0766613 -0.0216981 -0.0525630 -0.0771225 0.0098488 0.0013015 -0.0094278 0.0453955 -0.0409728 -0.0073733 -0.0407404 -0.0477942 0.0359926 0.0490586 -0.0120663 0.0634925 -0.0100939 0.0455281 -0.0174279 -0.0765657 -0.0527353 0.0121307 -0.0336839 0.0253952 -0.0253599 -0.0624736 0.0141263 -0.0235431 -0.0084768 -0.0648694 0.0205490 0.0465275 0.0053377 -0.0131976 0.0598401 0.0051556 0.0191486 -0.0305562 -0.0109170 -0.0250856 -0.0693972 -0.0820862 -0.0473057 0.0423233 -0.0633224 -0.0190594 0.0049242 -0.0644224 0.0465450 -0.0110580 0.0456972 0.0100098 0.0142489 -0.0128078 0.0470651 -0.0697481 -0.0121278 0.0237082 -0.0066957
0.0397834 -0.0053934 -0.0151015 0.0364211 -0.0462878 -0.0126142 -0.0037746 0.0203344 -0.0295271 -0.0300583 -0.0485065 1.0497283 -0.0066471 -0.0040597 -0.0294982 0.0214308 -0.0532095 -0.0603259 -0.0476610 0.0355680 -0.0215043 -0.0475974 0.0446321 -0.0043072 0.0271761 0.0440141 -0.0231224 -0.0084945 -0.0103024 -0.0588730 0.0147448 -0.0102640 0.0228160 0.0266774 -0.0424218 -0.0539630 -0.0016992 -0.0608500 -0.0080831 -0.0522456 -0.0000776 0.0470012 0.0306206 -0.0215863 0.0117712 -0.0385279 0.0064900 0.0377750 -0.0206204 0.0056152 -0.0011169 0.0392222 -0.0241034 -0.0464447 -0.0127531 -0.0035539 -0.0563117 -0.0115003 -0.0286534 0.0075736 -0.0017732 0.0056957 0.0412743 0.0548990 0.0276118 -0.0475789 0.0370511 0.0024505 -0.0149640 0.0383130 -0.0498847 -0.0038886 -0.0467481 -0.0166665 -0.0166325 0.0005478 -0.0517925 0.0449786 -0.0048331 -0.0323838 -0.0106686
-0.0143014 -0.0081656 -0.0105490 -0.0139305 -0.0085861 -0.0081711 -0.0123309 -0.0121975 -0.0135506 -0.0062343 -0.0126957 -0.0066471 1.0141391 -0.0085131 -0.0116909 -0.0163058 -0.0047611 -0.0081212 -0.0119035 -0.0069401 -0.0053113 -0.0055312 -0.0098494 -0.0085722 -0.0119976 -0.0083884 -0.0153259 -0.0078743 -0.0061852 -0.0122681 -0.0158073 -0.0091234 -0.0078233 -0.0071032 -0.0100003 -0.0054574 -0.0056223 -0.0093643 -0.0100609 -0.0078538 -0.0036262 -0.0049329 -0.0066686 -0.0097856 -0.0071346 -0.0101103 -0.0041465 -0.0055148 -0.0085214 -0.0053784 -0.0040469 -0.0092440 -0.0044277 -0.0036966 -0.0043715 -0.0069557 -0.0056678 -0.0057757 -0.0081629 -0.0073810 -0.0066257 -0.0063132 -0.0082646 -0.0032950 -0.0076836 -0.0076634 -0.0048714 -0.0046409 -0.0055605 -0.0058708 -0.0058718 -0.0067764 -0.0029219 -0.0046253 -0.0057401 -0.0072588 -0.0076543 -0.0050540 -0.0059295 -0.0082006 -0.0064994
-0.0138865 -0.0089260 -0.0104242 -0.0101614 -0.0103545 -0.0117854 -0.0140131 -0.0093425 -0.0159316 -0.0089519 -0.0135399 -0.0040597 -0.0085131 1.0215837 -0.0131803 -0.0154198 -0.0079198 -0.0104691 -0.0135999 -0.0069060 -0.0103482 -0.0085092 -0.0033785 -0.0091242 -0.0125364 -0.0033755 -0.0151524 -0.0087608 -0.0086337 -0.0166690 -0.0144397 -0.0102004 -0.0062405 -0.0037407 -0.0121211 -0.0090061 -0.0054630 -0.0132130 -0.0101389 -0.0115245 -0.0034340 -0.0030824 -0.0077601 -0.0097099 -0.0084961 -0.0126220 -0.0064364 -0.0040659 -0.0108758 -0.0058427 -0.0038680 -0.0060950 -0.0063386 -0.0066039 -0.0056170 -0.0062620 -0.0085047 -0.0070791 -0.0109582 -0.0051220 -0.0074902 -0.0051672 -0.0066956 0.0001487 -0.0047506 -0.0116788 -0.0029831 -0.0046263 -0.0072942 -0.0049449 -0.0095774 -0.0080236 -0.0080265 -0.0078870 -0.0074190 -0.0082399 -0.0095399 -0.0038364 -0.0054954 -0.0091609 -0.0068844
-0.0451397 -0.0148452 -0.0069126 -0.0452702 0.0045784 -0.0062495 -0.0205505 -0.0154527 0.0148276 -0.0102457 0.0145095 -0.0294982 -0.0116909 -0.0131803 1.0365020 -0.0197152 0.0228591 0.0255124 0.0057424 -0.0305138 0.0036445 0.0016296 -0.0492803 -0.0163616 -0.0234365 -0.0391423 0.0024956 -0.0063021 -0.0020085 0.0138183 -0.0110216 -0.0072281 -0.0166043 -0.0225490 0.0015933 0.0173713 -0.0112233 0.0253951 -0.0091110 0.0106790 -0.0093990 -0.0383293 -0.0302128 0.0028892 -0.0260323 -0.0002551 -0.0191745 -0.0288375 0.0022747 -0.0236261 -0.0079917 -0.0354332 0.0107410 0.0145048 0.0010353 -0.0107528 0.0266414 -0.0008935 -0.0037332 -0.0181466 -0.0072434 -0.0192568 -0.0336226 -0.0433940 -0.0214442 0.0118755 -0.0294639 -0.0208343 -0.0001098 -0.0308103 0.0165801 -0.0070301 0.0125294 0.0003363 0.0015902 -0.0150936 0.0206453 -0.0320040 -0.0111490 0.0014708 -0.0019938
0.0323509 -0.0128531 -0.0243194 0.0314913 -0.0534696 -0.0200072 0.0013465 0.0219854 -0.0097449 -0.0377452 -0.0457961 0.0214308 -0.0163058 -0.0154198 -0.0197152 1.0645263 -0.0537893 -0.0514014 -0.0378615 0.0204917 -0.0161068 -0.0530347 0.0245077 -0.0173709 0.0298621 0.0284185 -0.0153597 -0.0065069 -0.0207344 -0.0437787 0.0186824 -0.0066118 0.0230089 0.0176908 -0.0370273 -0.0552470 -0.0114535 -0.0530698 -0.0046349 -0.0444432 -0.0062413 0.0348338 0.0194191 -0.0150563 0.0132635 -0.0302701 -0.0045495 0.0275009 -0.0154978 -0.0045790 -0.0067756 0.0367966 -0.0271518 -0.0478560 -0.0171510 -0.0125112 -0.0569757 -0.0199210 -0.0258789 -0.0019674 0.0010319 -0.0044476 0.0395191 0.0433048 0.0170484 -0.0399707 0.0281713 -0.0075807 -0.0223649 0.0261814 -0.0440081 -0.0030654 -0.0486487 -0.0235117 -0.0084010 0.0012858 -0.0459802 0.0423874 -0.0096440 -0.0286335 -0.0154149
-0.0792732 -0.0071518 0.0105707 -0.0761800 0.0493652 0.0053332 -0.0169578 -0.0407271 0.0186097 0.0216521 0.0598155 -0.0532095 -0.0047611 -0.0079198 0.0228591 -0.0537893 1.0590646 0.0679407 0.0450879 -0.0581068 0.0155730 0.0511305 -0.0807213 -0.0109940 -0.0580898 -0.0736226 0.0096433 0.0029168 0.0042170 0.0580669 -0.0446234 -0.0064313 -0.0401027 -0.0450949 0.0382207 0.0616767 -0.0057376 0.0696999 -0.0063172 0.0537607 -0.0118439 -0.0741002 -0.0527304 0.0156811 -0.0326713 0.0349818 -0.0203169 -0.0582381 0.0147496 -0.0199161 -0.0052886 -0.0667208 0.0271782 0.0511491 0.0121959 -0.0067251 0.0689208 0.0108458 0.0228718 -0.0215173 -0.0093700 -0.0205537 -0.0696515 -0.0783134 -0.0446751 0.0472424 -0.0586265 -0.0141145 0.0118404 -0.0593360 0.0532927 -0.0076190 0.0529863 0.0146497 0.0121429 -0.0141135 0.0558542 -0.0683442 -0.0041506 0.0273814 0.0034608
-0.0809225 -0.0080913 0.0055107 -0.0796124 0.0483566 0.0018584 -0.0191544 -0.0443134 0.0291014 0.0214138 0.0676072 -0.0603259 -0.0081212 -0.0104691 0.0255124 -0.0514014 0.0679407 1.0828876 0.0485773 -0.0634754 0.0186745 0.0528859 -0.0871167 -0.0142070 -0.0565541 -0.0835764 0.0146074 0.0035249 -0.0003177 0.0643610 -0.0413832 -0.0058341 -0.0424468 -0.0494142 0.0436770 0.0654132 -0.0086546 0.0752660 -0.0049502 0.0595338 -0.0140107 -0.0805589 -0.0583657 0.0182523 -0.0346325 0.0376452 -0.0247485 -0.0634599 0.0182318 -0.0216057 -0.0068912 -0.0710724 0.0265082 0.0564990 0.0103162 -0.0097830 0.0746068 0.0084092 0.0251081 -0.0261801 -0.0097496 -0.0239255 -0.0759254 -0.0858047 -0.0489419 0.0538860 -0.0667328 -0.0174573 0.0115422 -0.0665984 0.0599121 -0.0068411 0.0566899 0.0144759 0.0151321 -0.0124444 0.0608814 -0.0734746 -0.0074101 0.0323304 0.0029015
-0.0533337 -0.0131578 -0.0098816 -0.0541475 0.0218766 -0.0108570 -0.0166507 -0.0378019 0.0121254 0.0096724 0.0328750 -0.0476610 -0.0119035 -0.0135999 0.0057424 -0.0378615 0.0450879 0.0485773 1.0500395 -0.0502549 0.0037783 0.0259272 -0.0588389 -0.0183938 -0.0423912 -0.0612066 -0.0035788 -0.0028888 -0.0117289 0.0300046 -0.0344406 -0.0104481 -0.0361510 -0.0435965 0.0258081 0.0366556 -0.0110124 0.0458382 -0.0077834 0.0359962 -0.0134241 -0.0614853 -0.0497571 0.0055776 -0.0243239 0.0236189 -0.0209951 -0.0519075 0.0067966 -0.0197705 -0.0078355 -0.0533904 0.0120747 0.0351481 0.0029972 -0.0116843 0.0452539 -0.0024633 0.0176071 -0.0188669 -0.0079433 -0.0215612 -0.0534945 -0.0645480 -0.0440331 0.0333105 -0.0522036 -0.0175423 -0.0009961 -0.0527326 0.0386944 -0.0075108 0.0358032 0.0009273 0.0085015 -0.0130699 0.0389917 -0.0555471 -0.0086064 0.0234977 -0.0068789
0.0360078 -0.0046424 -0.0175507 0.0384663 -0.0481075 -0.0143271 -0.0051904 0.0204455 -0.0306652 -0.0306258 -0.0611548 0.0355680 -0.0069401 -0.0069060 -0.0305138 0.0204917 -0.0581068 -0.0634754 -0.0502549 1.0572407 -0.0226487 -0.0501533 0.0451938 -0.0053412 0.0243553 0.0455422 -0.0240721 -0.0102243 -0.0111763 -0.0592600 0.0172297 -0.0097803 0.0230755 0.0289345 -0.0456413 -0.0576307 -0.0048562 -0.0656810 -0.0085216 -0.0535727 0.0007760 0.0500885 0.0334540 -0.0222209 0.0129540 -0.0413418 0.0063479 0.0402027 -0.0223371 0.0045165 -0.0010463 0.0413540 -0.0246840 -0.0500852 -0.0141900 -0.0031168 -0.0611349 -0.0165918 -0.0305912 0.0077577 -0.0024031 0.0034759 0.0448116 0.0574583 0.0289800 -0.0504150 0.0413919 0.0025837 -0.0153722 0.0395701 -0.0529188 -0.0045311 -0.0495257 -0.0197196 -0.0188504 -0.0013422 -0.0548858 0.0484933 -0.0039394 -0.0354748 -0.0109991
-0.0293677 -0.0112586 -0.0047576 -0.0310051 0.0017822 -0.0050509 -0.0087806 -0.0123298 0.0065093 -0.0052031 0.0122114 -0.0215043 -0.0053113 -0.0103482 0.0036445 -0.0161068 0.0155730 0.0186745 0.0037783 -0.0226487 1.0251312 0.0099286 -0.0326771 -0.0155585 -0.0213284 -0.0313694 -0.0008350 0.0000849 -0.0080023 0.0160297 -0.0193447 -0.0065651 -0.0120531 -0.0153730 0.0057793 0.0107311 -0.0074557 0.0171756 -0.0077338 0.0077593 -0.0110308 -0.0273786 -0.0181859 0.0012821 -0.0145296 0.0036994 -0.0147887 -0.0202845 0.0020509 -0.0115208 -0.0047588 -0.0224276 0.0055859 0.0089603 0.0008901 -0.0091532 0.0156130 -0.0017375 -0.0002994 -0.0141792 -0.0074008 -0.0171025 -0.0256079 -0.0282223 -0.0151688 0.0090558 -0.0219353 -0.0101746 -0.0002842 -0.0234534 0.0083716 -0.0066501 0.0098865 0.0002014 0.0026437 -0.0087098 0.0111316 -0.0230163 -0.0084315 0.0021256 -0.0054231
-0.0609372 -0.0095130 0.0024826 -0.0598244 0.0333712 -0.0007025 -0.0129248 -0.0385770 -0.0010379 0.0117622 0.0377966 -0.0475974 -0.0055312 -0.0085092 0.0016296 -0.0530347 0.0511305 0.0528859 0.0259272 -0.0501533 0.0099286 1.0544528 -0.0572593 -0.0104676 -0.0487433 -0.0652206 0.0035658 0.0012824 -0.0118834 0.0374336 -0.0516437 -0.0108556 -0.0366966 -0.0373067 0.0291503 0.0472432 -0.0086287 0.0507044 -0.0104715 0.0380433 -0.0186500 -0.0644284 -0.0360414 0.0067299 -0.0281611 0.0263624 -0.0201697 -0.0497764 0.0097703 -0.0136105 -0.0064493 -0.0532942 0.0155665 0.0400163 0.0078359 -0.0086153 0.0479457 0.0050617 0.0180485 -0.0199972 -0.0115586 -0.0203341 -0.0635417 -0.0633881 -0.0370894 0.0323352 -0.0520258 -0.0089907 0.0070643 -0.0511717 0.0321876 -0.0079084 0.0390319 0.0099002 0.0093964 -0.0098371 0.0342308 -0.0607029 -0.0081737 0.0154591 -0.0062767
0.0570901 -0.0099460 -0.0250445 0.0567134 -0.0630408 -0.0239497 0.0021966 0.0201125 -0.0503424 -0.0296389 -0.0766613 0.0446321 -0.0098494 -0.0033785 -0.0492803 0.0245077 -0.0807213 -0.0871167 -0.0588389 0.0451938 -0.0326771 -0.0572593 1.0740792 -0.0069285 0.0288480 0.0601370 -0.0346621 -0.0138713 -0.0215904 -0.0746345 0.0050500 -0.0158691 0.0311935 0.0305269 -0.0495121 -0.0731938 -0.0018798 -0.0868569 -0.0091415 -0.0686349 -0.0000922 0.0672093 0.0436467 -0.0316810 0.0270432 -0.0447041 0.0120077 0.0519618 -0.0306083 0.0126678 -0.0020990 0.0588159 -0.0399620 -0.0627311 -0.0209631 -0.0072125 -0.0863043 -0.0222919 -0.0298566 0.0132353 -0.0030358 0.0085528 0.0610786 0.0830222 0.0331730 -0.0611437 0.0516319 0.0089075 -0.0241180 0.0507959 -0.0694243 -0.0071673 -0.0659918 -0.0260586 -0.0219786 0.0059946 -0.0754221 0.0668230 -0.0049182 -0.0409603 -0.0192183
-0.0114730 -0.0052301 -0.0132917 -0.0112349 -0.0090877 -0.0109456 -0.0131499 -0.0127138 -0.0190708 -0.0119084 -0.0216981 -0.0043072 -0.0085722 -0.0091242 -0.0163616 -0.0173709 -0.0109940 -0.0142070 -0.0183938 -0.0053412 -0.0155585 -0.0104676 -0.0069285 1.0185887 -0.0106858 -0.0043399 -0.0183909 -0.0107767 -0.0125142 -0.0229079 -0.0133326 -0.0106555 -0.0072158 -0.0060488 -0.0173593 -0.0111687 -0.0078026 -0.0167368 -0.0084739 -0.0144546 -0.0065164 -0.0002608 -0.0081546 -0.0129442 -0.0091847 -0.0122936 -0.0071530 -0.0022513 -0.0131861 -0.0089016 -0.0041976 -0.0070505 -0.0074413 -0.0083091 -0.0060751 -0.0075950 -0.0120848 -0.0102331 -0.0090844 -0.0064457 -0.0080630 -0.0065641 -0.0054991 0.0003079 -0.0057386 -0.0171862 -0.0015230 -0.0084062 -0.0088272 -0.0025036 -0.0120359 -0.0075949 -0.0095630 -0.0105646 -0.0119174 -0.0094616 -0.0118155 -0.0024097 -0.0072838 -0.0124990 -0.0071397
0.0312296 -0.0094127 -0.0223334 0.0311066 -0.0505643 -0.0160452 -0.0054338 0.0197771 -0.0205333 -0.0372547 -0.0525630 0.0271761 -0.0119976 -0.0125364 -0.0234365 0.0298621 -0.0580898 -0.0565541 -0.0423912 0.0243553 -0.0213284 -0.0487433 0.0288480 -0.0106858 1.0470780 0.0344034 -0.0186037 -0.0091271 -0.0166308 -0.0520267 0.0139356 -0.0092650 0.0225709 0.0214723 -0.0395872 -0.0557438 -0.0095678 -0.0600861 -0.0077538 -0.0512845 -0.0043159 0.0409399 0.0236036 -0.0185745 0.0104893 -0.0375906 0.0020278 0.0310488 -0.0207941 -0.0006201 -0.0047347 0.0369989 -0.0262423 -0.0488993 -0.0173263 -0.0086207 -0.0587651 -0.0158042 -0.0285754 0.0011288 -0.0000525 -0.0020359 0.0420789 0.0492848 0.0205165 -0.0452986 0.0343218 -0.0041689 -0.0199068 0.0327465 -0.0479080 -0.0038920 -0.0493623 -0.0214809 -0.0145248 -0.0004291 -0.0495250 0.0442838 -0.0094152 -0.0313138 -0.0152275
0.0546355 -0.0071880 -0.0228883 0.0525232 -0.0597432 -0.0201854 -0.0020055 0.0198016 -0.0405554 -0.0320452 -0.0771225 0.0440141 -0.0083884 -0.0033755 -0.0391423 0.0284185 -0.0736226 -0.0835764 -0.0612066 0.0455422 -0.0313694 -0.0652206 0.0601370 -0.0043399 0.0344034 1.0789142 -0.0348358 -0.0148327 -0.0121881 -0.0751207 0.0182880 -0.0117330 0.0293642 0.0345386 -0.0529164 -0.0719647 -0.0012872 -0.0835820 -0.0092124 -0.0655947 0.0066252 0.0685156 0.0366661 -0.0301174 0.0205126 -0.0492335 0.0117666 0.0519068 -0.0298443 0.0088098 -0.0016746 0.0542741 -0.0350978 -0.0607378 -0.0200746 -0.0039134 -0.0776957 -0.0219211 -0.0344105 0.0121426 -0.0014850 0.0107727 0.0619419 0.0789378 0.0339620 -0.0614693 0.0526447 0.0052164 -0.0224486 0.0516585 -0.0627294 -0.0054890 -0.0620517 -0.0274515 -0.0246302 0.0000487 -0.0682970 0.0650670 -0.0030760 -0.0394823 -0.0117596
-0.0307161 -0.0150585 -0.0083527 -0.0266485 -0.0046496 -0.0094862 -0.0124522 -0.0128114 0.0076554 -0.0160749 0.0098488 -0.0231224 -0.0153259 -0.0151524 0.0024956 -0.0153597 0.0096433 0.0146074 -0.0035788 -0.0240721 -0.0008350 0.0035658 -0.0346621 -0.0183909 -0.0186037 -0.0348358 1.0259881 -0.0017135 -0.0122930 0.0077496 -0.0162450 -0.0094489 -0.0111253 -0.0161473 0.0025415 0.0068895 -0.0099455 0.0131683 -0.0085896 0.0054132 -0.0139057 -0.0289659 -0.0196284 0.0001787 -0.0161427 0.0011033 -0.0170854 -0.0224636 0.0002519 -0.0124837 -0.0066772 -0.0210344 0.0037017 0.0061171 -0.0005118 -0.0115784 0.0105281 -0.0032113 -0.0038380 -0.0169748 -0.0068300 -0.0206225 -0.0243693 -0.0289731 -0.0148615 0.0064391 -0.0217994 -0.0139543 -0.0031155 -0.0248635 0.0050662 -0.0044325 0.0047358 0.0001988 0.0024638 -0.0092471 0.0086067 -0.0243724 -0.0118659 -0.0027831 -0.0105180
-0.0101149 -0.0080173 -0.0036474 -0.0095481 -0.0027722 -0.0053415 -0.0022603 -0.0048186 -0.0024188 -0.0090906 0.0013015 -0.0084945 -0.0078743 -0.0087608 -0.0063021 -0.0065069 0.0029168 0.0035249 -0.0028888 -0.0102243 0.0000849 0.0012824 -0.0138713 -0.0107767 -0.0091271 -0.0148327 -0.0017135 1.0245703 -0.0113080 -0.0018343 -0.0153058 -0.0063145 -0.0053270 -0.0070342 0.0015829 0.0005384 -0.0050683 0.0029020 -0.0067653 -0.0005033 -0.0098483 -0.0122916 -0.0054135 -0.0002247 -0.0037324 -0.0007666 -0.0086617 -0.0084296 -0.0007967 -0.0041901 -0.0031974 -0.0053916 -0.0013541 0.0000519 -0.0022171 -0.0059520 -0.0003448 -0.0024087 -0.0014513 -0.0082791 -0.0034122 -0.0107425 -0.0097811 -0.0083777 -0.0062748 -0.0006533 -0.0087563 -0.0043234 -0.0016147 -0.0103218 -0.0033190 -0.0034345 -0.0003946 -0.0023080 0.0020175 -0.0024967 -0.0023670 -0.0096870 -0.0062379 -0.0047195 -0.0084045
-0.0267337 -0.0107626 -0.0097275 -0.0256447 -0.0072245 -0.0103694 -0.0217511 -0.0144637 -0.0043421 -0.0063359 -0.0094278 -0.0103024 -0.0061852 -0.0086337 -0.0020085 -0.0207344 0.0042170 -0.0003177 -0.0117289 -0.0111763 -0.0080023 -0.0118834 -0.0215904 -0.0125142 -0.0166308 -0.0121881 -0.0122930 -0.0113080 1.0206836 -0.0116506 -0.0107835 -0.0111280 -0.0117135 -0.0111113 -0.0124644 -0.0011813 -0.0077572 -0.0043002 -0.0115118 -0.0031437 0.0008564 -0.0119640 -0.0202942 -0.0101366 -0.0159799 -0.0124841 -0.0057821 -0.0102009 -0.0071335 -0.0139543 -0.0029717 -0.0206867 0.0029626 0.0020395 -0.0032076 -0.0069146 0.0060459 -0.0063033 -0.0106880 -0.0087008 -0.0071224 -0.0077427 -0.0140289 -0.0144619 -0.0114942 -0.0030681 -0.0099914 -0.0135444 -0.0049039 -0.0112918 0.0035111 -0.0070907 0.0002421 -0.0050343 -0.0097816 -0.0135531 0.0026593 -0.0123548 -0.0072616 -0.0046783 0.0016134
-0.0670072 -0.0153022 -0.0047907 -0.0686873 0.0287064 -0.0022510 -0.0179215 -0.0401116 0.0216719 0.0049853 0.0453955 -0.0588730 -0.0122681 -0.0166690 0.0138183 -0.0437787 0.0580669 0.0643610 0.0300046 -0.0592600 0.0160297 0.0374336 -0.0746345 -0.0229079 -0.0520267 -0.0751207 0.0077496 -0.0018343 -0.0116506 1.0551453 -0.0392197 -0.0129994 -0.0384446 -0.0451294 0.0284678 0.0479166 -0.0128694 0.0614981 -0.0090010 0.0396027 -0.0179278 -0.0754175 -0.0521834 0.0121809 -0.0337901 0.0282827 -0.0266043 -0.0597560 0.0118574 -0.0224532 -0.0093641 -0.0642027 0.0179332 0.0423819 0.0076089 -0.0137408 0.0568494 0.0036022 0.0175263 -0.0270588 -0.0105442 -0.0290089 -0.0679749 -0.0800780 -0.0448761 0.0388567 -0.0618458 -0.0204911 0.0047475 -0.0614341 0.0447974 -0.0090100 0.0431877 0.0075311 0.0131781 -0.0153937 0.0455273 -0.0681054 -0.0114795 0.0211899 -0.0041587
0.0070861 -0.0114149 -0.0205912 0.0103690 -0.0406715 -0.0176642 -0.0172193 0.0161047 -0.0072503 -0.0314723 -0.0409728 0.0147448 -0.0158073 -0.0144397 -0.0110216 0.0186824 -0.0446234 -0.0413832 -0.0344406 0.0172297 -0.0193447 -0.0516437 0.0050500 -0.0133326 0.0139356 0.0182880 -0.0162450 -0.0153058 -0.0107835 -0.0392197 1.0309024 -0.0106587 0.0143473 0.0111649 -0.0409840 -0.0442217 -0.0108879 -0.0422600 -0.0066322 -0.0408125 -0.0017278 0.0249552 0.0043638 -0.0143842 -0.0022763 -0.0375481 -0.0046043 0.0194547 -0.0150197 -0.0132832 -0.0063716 0.0169860 -0.0168807 -0.0378563 -0.0131851 -0.0094195 -0.0382327 -0.0164101 -0.0277164 -0.0036913 -0.0054604 -0.0050588 0.0285940 0.0274640 0.0094622 -0.0339225 0.0198167 -0.0133017 -0.0163058 0.0177298 -0.0298559 -0.0073049 -0.0401817 -0.0189683 -0.0147591 -0.0100220 -0.0294037 0.0296444 -0.0109179 -0.0267663 -0.0050480
-0.0054096 -0.0135552 -0.0149390 -0.0113634 -0.0154784 -0.0155751 -0.0082812 -0.0092305 0.0009054 -0.0117931 -0.0073733 -0.0102640 -0.0091234 -0.0102004 -0.0072281 -0.0066118 -0.0064313 -0.0058341 -0.0104481 -0.0097803 -0.0065651 -0.0108556 -0.0158691 -0.0106555 -0.0092650 -0.0117330 -0.0094489 -0.0063145 -0.0111280 -0.0129994 -0.0106587 1.0231855 -0.0052165 -0.0095343 -0.0055494 -0.0101077 -0.0078654 -0.0064197 -0.0091635 -0.0088161 -0.0068809 -0.0074617 -0.0121691 -0.0068537 -0.0048099 -0.0085333 -0.0075184 -0.0084490 -0.0068211 -0.0077038 -0.0047212 -0.0083331 -0.0064056 -0.0049211 -0.0069430 -0.0090953 -0.0066330 -0.0102214 -0.0048740 -0.0086108 -0.0068611 -0.0087643 -0.0055748 -0.0066027 -0.0093992 -0.0054328 -0.0077503 -0.0107342 -0.0086055 -0.0105499 -0.0042354 -0.0064376 -0.0061368 -0.0111149 -0.0029154 -0.0055933 -0.0056995 -0.0040892 -0.0082486 -0.0057182 -0.0081414
0.0298922 -0.0092213 -0.0127156 0.0282293 -0.0375528 -0.0092271 -0.0008572 0.0193710 -0.0160584 -0.0311146 -0.0407404 0.0228160 -0.0078233 -0.0062405 -0.0166043 0.0230089 -0.0401027 -0.0424468 -0.0361510 0.0230755 -0.0120531 -0.0366966 0.0311935 -0.0072158 0.0225709 0.0293642 -0.0111253 -0.0053270 -0.0117135 -0.0384446 0.0143473 -0.0052165 1.0267611 0.0194371 -0.0286834 -0.0372415 -0.0031180 -0.0411468 -0.0035492 -0.0379645 -0.0039090 0.0300056 0.0230617 -0.0122060 0.0078843 -0.0266144 -0.0010122 0.0254898 -0.0117743 0.0019611 -0.0026503 0.0293958 -0.0164063 -0.0356721 -0.0099378 -0.0053083 -0.0414490 -0.0095173 -0.0220714 0.0014041 -0.0001950 -0.0021430 0.0297326 0.0363008 0.0193031 -0.0338056 0.0261901 -0.0001664 -0.0112234 0.0257289 -0.0376864 -0.0025375 -0.0368313 -0.0119512 -0.0087127 0.0007261 -0.0366717 0.0307963 -0.0038124 -0.0255706 -0.0088748
0.0266961 -0.0074154 -0.0105656 0.0250488 -0.0360209 -0.0078312 -0.0040328 0.0184156 -0.0245169 -0.0332381 -0.0477942 0.0266774 -0.0071032 -0.0037407 -0.0225490 0.0176908 -0.0450949 -0.0494142 -0.0435965 0.0289345 -0.0153730 -0.0373067 0.0305269 -0.0060488 0.0214723 0.0345386 -0.0161473 -0.0070342 -0.0111113 -0.0451294 0.0111649 -0.0095343 0.0194371 1.0260656 -0.0371570 -0.0432194 -0.0021003 -0.0486541 -0.0085326 -0.0445578 -0.0031493 0.0369679 0.0279071 -0.0154988 0.0068766 -0.0332594 0.0009147 0.0311536 -0.0147541 0.0040780 -0.0021811 0.0325944 -0.0184684 -0.0382513 -0.0102757 -0.0035970 -0.0440584 -0.0085148 -0.0269428 0.0023896 -0.0031614 -0.0000608 0.0315435 0.0416675 0.0252318 -0.0421066 0.0309326 0.0019330 -0.0113769 0.0305265 -0.0442131 -0.0048606 -0.0393312 -0.0120805 -0.0136385 -0.0016478 -0.0447269 0.0340389 -0.0053074 -0.0317192 -0.0094609
-0.0431295 -0.0130705 -0.0065313 -0.0429379 0.0190648 -0.0091451 -0.0097535 -0.0344565 0.0043961 0.0088275 0.0359926 -0.0424218 -0.0100003 -0.0121211 0.0015933 -0.0370273 0.0382207 0.0436770 0.0258081 -0.0456413 0.0057793 0.0291503 -0.0495121 -0.0173593 -0.0395872 -0.0529164 0.0025415 0.0015829 -0.0124644 0.0284678 -0.0409840 -0.0055494 -0.0286834 -0.0371570 1.0294108 0.0343740 -0.0106360 0.0412066 -0.0058144 0.0340383 -0.0134508 -0.0507014 -0.0374626 0.0039327 -0.0156379 0.0244755 -0.0159937 -0.0425280 0.0080540 -0.0120946 -0.0065076 -0.0411492 0.0091725 0.0319135 0.0023944 -0.0096105 0.0345550 -0.0018952 0.0193278 -0.0181897 -0.0072824 -0.0151992 -0.0457211 -0.0509810 -0.0359114 0.0304799 -0.0444283 -0.0088074 -0.0009781 -0.0447571 0.0302221 -0.0059608 0.0315355 0.0028008 0.0102633 -0.0053220 0.0296625 -0.0452308 -0.0085061 0.0185806 -0.0082990
-0.0762122 -0.0089101 0.0053690 -0.0751645 0.0446779 0.0015392 -0.0197578 -0.0406986 0.0134673 0.0154730 0.0490586 -0.0539630 -0.0054574 -0.0090061 0.0173713 -0.0552470 0.0616767 0.0654132 0.0366556 -0.0576307 0.0107311 0.0472432 -0.0731938 -0.0111687 -0.0557438 -0.0719647 0.0068895 0.0005384 -0.0011813 0.0479166 -0.0442217 -0.0101077 -0.0372415 -0.0432194 0.0343740 1.0420831 -0.0083186 0.0622279 -0.0069935 0.0483037 -0.0138105 -0.0716048 -0.0489163 0.0124852 -0.0333126 0.0273446 -0.0212037 -0.0551456 0.0131729 -0.0184680 -0.0057422 -0.0648736 0.0239194 0.0496186 0.0119262 -0.0085255 0.0628215 0.0075935 0.0197370 -0.0205185 -0.0095968 -0.0207933 -0.0688428 -0.0742274 -0.0424626 0.0409044 -0.0556541 -0.0157071 0.0096570 -0.0566524 0.0472993 -0.0094028 0.0479495 0.0128957 0.0100058 -0.0146621 0.0500411 -0.0679894 -0.0061426 0.0213867 0.0016500
-0.0059029 -0.0076794 -0.0078731 -0.0083587 -0.0080578 -0.0071394 -0.0100131 -0.0085587 -0.0114138 -0.0077731 -0.0120663 -0.0016992 -0.0056223 -0.0054630 -0.0112233 -0.0114535 -0.0057376 -0.0086546 -0.0110124 -0.0048562 -0.0074557 -0.0086287 -0.0018798 -0.0078026 -0.0095678 -0.0012872 -0.0099455 -0.0050683 -0.0077572 -0.0128694 -0.0108879 -0.0078654 -0.0031180 -0.0021003 -0.0106360 -0.0083186 1.0098664 -0.0098068 -0.0080373 -0.0095002 -0.0035435 -0.0015464 -0.0045117 -0.0080585 -0.0047877 -0.0097957 -0.0025743 -0.0028797 -0.0068115 -0.0029740 -0.0022042 -0.0053534 -0.0048509 -0.0055883 -0.0034424 -0.0050198 -0.0060066 -0.0037012 -0.0065088 -0.0036133 -0.0057092 -0.0059227 -0.0060093 0.0005724 -0.0022130 -0.0104014 -0.0014040 -0.0049311 -0.0038552 -0.0021104 -0.0074883 -0.0048067 -0.0051761 -0.0062867 -0.0056058 -0.0052966 -0.0106252 -0.0011510 -0.0052856 -0.0082403 -0.0042323
-0.0801986 -0.0108087 0.0029755 -0.0797013 0.0456095 0.0000799 -0.0164173 -0.0428969 0.0244538 0.0180598 0.0634925 -0.0608500 -0.0093643 -0.0132130 0.0253951 -0.0530698 0.0696999 0.0752660 0.0458382 -0.0656810 0.0171756 0.0507044 -0.0868569 -0.0167368 -0.0600861 -0.0835820 0.0131683 0.0029020 -0.0043002 0.0614981 -0.0422600 -0.0064197 -0.0411468 -0.0486541 0.0412066 0.0622279 -0.0098068 1.0635649 -0.0060437 0.0565590 -0.0158497 -0.0812529 -0.0558916 0.0153356 -0.0346536 0.0362349 -0.0245661 -0.0638869 0.0182021 -0.0218330 -0.0070604 -0.0701544 0.0259218 0.0539025 0.0112999 -0.0109645 0.0718458 0.0079034 0.0248553 -0.0254249 -0.0103974 -0.0248718 -0.0729282 -0.0854044 -0.0487878 0.0500618 -0.0640823 -0.0179749 0.0096592 -0.0658799 0.0565447 -0.0081073 0.0543908 0.0136105 0.0159055 -0.0122775 0.0597252 -0.0743048 -0.0078268 0.0291851 0.0013672
-0.0081193 -0.0097088 -0.0135807 -0.0071349 -0.0111261 -0.0115777 -0.0075062 -0.0064119 -0.0044521 -0.0105990 -0.0100939 -0.0080831 -0.0100609 -0.0101389 -0.0091110 -0.0046349 -0.0063172 -0.0049502 -0.0077834 -0.0085216 -0.0077338 -0.0104715 -0.0091415 -0.0084739 -0.0077538 -0.0092124 -0.0085896 -0.0067653 -0.0115118 -0.0090010 -0.0066322 -0.0091635 -0.0035492 -0.0085326 -0.0058144 -0.0069935 -0.0080373 -0.0060437 1.0075992 -0.0082231 -0.0069944 -0.0061230 -0.0092471 -0.0067415 -0.0049408 -0.0047615 -0.0074663 -0.0059276 -0.0049508 -0.0096934 -0.0053152 -0.0041537 -0.0058389 -0.0054538 -0.0043157 -0.0071239 -0.0078748 -0.0081906 -0.0021697 -0.0056678 -0.0022498 -0.0093757 -0.0041213 -0.0041683 -0.0082238 -0.0068741 -0.0054570 -0.0076350 -0.0079610 -0.0075836 -0.0060826 -0.0041960 -0.0076873 -0.0073083 -0.0020296 -0.0055319 -0.0041432 -0.0031977 -0.0080558 -0.0044488 -0.0063542
-0.0639497 -0.0092400 -0.0022991 -0.0618958 0.0293179 -0.0062869 -0.0190051 -0.0389998 0.0134028 0.0168243 0.0455281 -0.0522456 -0.0078538 -0.0115245 0.0106790 -0.0444432 0.0537607 0.0595338 0.0359962 -0.0535727 0.0077593 0.0380433 -0.0686349 -0.0144546 -0.0512845 -0.0655947 0.0054132 -0.0005033 -0.0031437 0.0396027 -0.0408125 -0.0088161 -0.0379645 -0.0445578 0.0340383 0.0483037 -0.0095002 0.0565590 -0.0082231 1.0390556 -0.0109959 -0.0634084 -0.0511617 0.0098277 -0.0274223 0.0270800 -0.0192925 -0.0522116 0.0098084 -0.0178198 -0.0059962 -0.0584725 0.0189811 0.0445688 0.0054797 -0.0082075 0.0552940 0.0032261 0.0207870 -0.0194746 -0.0087428 -0.0174975 -0.0593604 -0.0688615 -0.0422505 0.0404796 -0.0531956 -0.0139497 0.0046818 -0.0542442 0.0468960 -0.0065658 0.0451076 0.0089954 0.0095752 -0.0126228 0.0469569 -0.0595430 -0.0077831 0.0246871 -0.0021311
-0.0027666 -0.0053206 -0.0116886 -0.0036935 -0.0161349 -0.0099142 -0.0125683 -0.0076379 -0.0097740 -0.0016214 -0.0174279 -0.0000776 -0.0036262 -0.0034340 -0.0093990 -0.0062413 -0.0118439 -0.0140107 -0.0134241 0.0007760 -0.0110308 -0.0186500 -0.0000922 -0.0065164 -0.0043159 0.0066252 -0.0139057 -0.0098483 0.0008564 -0.0179278 -0.0017278 -0.0068809 -0.0039090 -0.0031493 -0.0134508 -0.0138105 -0.0035435 -0.0158497 -0.0069944 -0.0109959 1.0134950 0.0057768 -0.0086437 -0.0118682 -0.0027172 -0.0141044 0.0023839 0.0031981 -0.0094834 -0.0059083 -0.0013847 -0.0040785 -0.0032488 -0.0060139 -0.0059816 -0.0031669 -0.0090103 -0.0079503 -0.0084061 0.0012282 -0.0038608 0.0018806 0.0043900 0.0045518 -0.0022170 -0.0105540 0.0026504 -0.0083478 -0.0073025 0.0018665 -0.0041607 -0.0029729 -0.0077680 -0.0094655 -0.0107934 -0.0069702 -0.0065060 0.0053039 -0.0028350 -0.0065202 0.0004281
0.0620487 -0.0025833 -0.0224652 0.0613666 -0.0636592 -0.0183704 0.0001622 0.0269539 -0.0387558 -0.0318735 -0.0765657 0.0470012 -0.0049329 -0.0030824 -0.0383293 0.0348338 -0.0741002 -0.0805589 -0.0614853 0.0500885 -0.0273786 -0.0644284 0.0672093 -0.0002608 0.0409399 0.0685156 -0.0289659 -0.0122916 -0.0119640 -0.0754175 0.0249552 -0.0074617 0.0300056 0.0369679 -0.0507014 -0.0716048 -0.0015464 -0.0812529 -0.0061230 -0.0634084 0.0057768 1.0627165 0.0410398 -0.0277155 0.0221427 -0.0452870 0.0133750 0.0510424 -0.0258700 0.0106556 0.0001559 0.0557487 -0.0320832 -0.0587779 -0.0172381 -0.0017379 -0.0765459 -0.0193477 -0.0318630 0.0149965 -0.0001834 0.0137346 0.0621369 0.0778198 0.0356684 -0.0601087 0.0544283 0.0061858 -0.0198071 0.0545163 -0.0611378 -0.0034501 -0.0600139 -0.0245255 -0.0225153 0.0020429 -0.0662721 0.0643353 -0.0037544 -0.0382885 -0.0098637
0.0370160 -0.0084991 -0.0125659 0.0356615 -0.0437019 -0.0087919 0.0004121 0.0218697 -0.0324867 -0.0383609 -0.0527353 0.0306206 -0.0066686 -0.0077601 -0.0302128 0.0194191 -0.0527304 -0.0583657 -0.0497571 0.0334540 -0.0181859 -0.0360414 0.0436467 -0.0081546 0.0236036 0.0366661 -0.0196284 -0.0054135 -0.0202942 -0.0521834 0.0043638 -0.0121691 0.0230617 0.0279071 -0.0374626 -0.0489163 -0.0045117 -0.0558916 -0.0092471 -0.0511617 -0.0086437 0.0410398 1.0277884 -0.0168128 0.0119555 -0.0331529 -0.0006506 0.0351527 -0.0176620 0.0085990 -0.0016041 0.0412670 -0.0242190 -0.0462716 -0.0102349 -0.0051525 -0.0569948 -0.0094199 -0.0280355 0.0026696 -0.0033456 -0.0012107 0.0359779 0.0515718 0.0295065 -0.0461976 0.0368505 0.0056823 -0.0117273 0.0340990 -0.0577554 -0.0048417 -0.0457610 -0.0141900 -0.0114086 0.0018263 -0.0550345 0.0392957 -0.0062811 -0.0374187 -0.0156401
-0.0277900 -0.0076595 -0.0068309 -0.0284820 0.0061077 -0.0039569 -0.0099530 -0.0127293 0.0061683 -0.0078268 0.0121307 -0.0215863 -0.0097856 -0.0097099 0.0028892 -0.0150563 0.0156811 0.0182523 0.0055776 -0.0222209 0.0012821 0.0067299 -0.0316810 -0.0129442 -0.0185745 -0.0301174 0.0001787 -0.0002247 -0.0101366 0.0121809 -0.0143842 -0.0068537 -0.0122060 -0.0154988 0.0039327 0.0124852 -0.0080585 0.0153356 -0.0067415 0.0098277 -0.0118682 -0.0277155 -0.0168128 1.0106554 -0.0137639 0.0045475 -0.0138620 -0.0216390 0.0030903 -0.0117817 -0.0049733 -0.0217753 0.0039743 0.0077219 0.0000596 -0.0081512 0.0161893 -0.0009481 0.0010723 -0.0147467 -0.0039974 -0.0145308 -0.0244927 -0.0266488 -0.0135741 0.0083156 -0.0201170 -0.0110210 -0.0009270 -0.0198959 0.0089433 -0.0054186 0.0075576 0.0016025 0.0042632 -0.0061106 0.0103853 -0.0217073 -0.0079110 0.0012567 -0.0054268
0.0289403 -0.0099426 -0.0179909 0.0276400 -0.0336772 -0.0176795 0.0031269 0.0043838 -0.0209890 -0.0155641 -0.0336839 0.0117712 -0.0071346 -0.0084961 -0.0260323 0.0132635 -0.0326713 -0.0346325 -0.0243239 0.0129540 -0.0145296 -0.0281611 0.0270432 -0.0091847 0.0104893 0.0205126 -0.0161427 -0.0037324 -0.0159799 -0.0337901 -0.0022763 -0.0048099 0.0078843 0.0068766 -0.0156379 -0.0333126 -0.0047877 -0.0346536 -0.0049408 -0.0274223 -0.0027172 0.0221427 0.0119555 -0.0137639 1.0233691 -0.0156749 0.0040814 0.0156720 -0.0150263 0.0036078 -0.0029922 0.0220320 -0.0194261 -0.0258039 -0.0110774 -0.0055378 -0.0378770 -0.0137805 -0.0083327 0.0021891 -0.0019907 0.0033048 0.0241018 0.0302171 0.0061754 -0.0231911 0.0152722 0.0018651 -0.0138509 0.0153700 -0.0249552 -0.0026992 -0.0263998 -0.0159796 -0.0078075 0.0023642 -0.0295081 0.0241302 -0.0055627 -0.0129745 -0.0137207
-0.0390216 -0.0095313 -0.0058364 -0.0398154 0.0212413 -0.0043658 -0.0053576 -0.0316197 0.0020913 0.0113363 0.0253952 -0.0385279 -0.0101103 -0.0126220 -0.0002551 -0.0302701 0.0349818 0.0376452 0.0236189 -0.0413418 0.0036994 0.0263624 -0.0447041 -0.0122936 -0.0375906 -0.0492335 0.0011033 -0.0007666 -0.0124841 0.0282827 -0.0375481 -0.0085333 -0.0266144 -0.0332594 0.0244755 0.0273446 -0.0097957 0.0362349 -0.0047615 0.0270800 -0.0141044 -0.0452870 -0.0331529 0.0045475 -0.0156749 1.0369569 -0.0142008 -0.0382160 0.0039018 -0.0128343 -0.0069767 -0.0365923 0.0064703 0.0267248 0.0018065 -0.0088244 0.0303978 -0.0016824 0.0169378 -0.0145005 -0.0065031 -0.0170381 -0.0420834 -0.0447240 -0.0326255 0.0251256 -0.0393719 -0.0089915 -0.0005195 -0.0395864 0.0250600 -0.0062265 0.0265472 0.0015517 0.0083713 -0.0036457 0.0251829 -0.0395471 -0.0063295 0.0176853 -0.0061844
