1.3831252 -0.0202918 -0.0371941 0.0324802 -0.0539372 -0.0289571 -0.0095746 0.0137390 -0.0378630 -0.0425690 -0.0571549 0.0302327 -0.0211296 -0.0211061 -0.0425311 0.0205948 -0.0596351 -0.0614885 -0.0523271 0.0293924 -0.0389781 -0.0532818 0.0355568 -0.0183380 0.0200453 0.0345683 -0.0318471 -0.0183751 -0.0268650 -0.0577994 -0.0042511 -0.0139449 0.0114256 0.0091014 -0.0348454 -0.0451197 -0.0109689 -0.0477804 -0.0115635 -0.0398192 -0.0049072 0.0309350 0.0098233 -0.0234159 0.0079486 -0.0320847 -0.0016874 0.0204334 -0.0234109 -0.0050374 -0.0079811 0.0255612 -0.0279459 -0.0417390 -0.0190480 -0.0111233 -0.0485768 -0.0221940 -0.0236841 -0.0016247 -0.0062126 -0.0050299 0.0308768 0.0436065 0.0100379 -0.0370257 0.0227728 -0.0077685 -0.0225201 0.0183300 -0.0377424 -0.0098437 -0.0410015 -0.0240864 -0.0180315 -0.0043747 -0.0422127 0.0358693 -0.0119064 -0.0272292 -0.0172836
-0.0202918 1.4085239 -0.0153668 -0.0202846 -0.0231854 -0.0159082 -0.0197257 -0.0181342 -0.0212467 -0.0201876 -0.0236889 -0.0122921 -0.0188871 -0.0171892 -0.0225051 -0.0170113 -0.0121870 -0.0097610 -0.0211857 -0.0133948 -0.0137246 -0.0178185 -0.0178634 -0.0199921 -0.0169587 -0.0153023 -0.0216446 -0.0115207 -0.0197108 -0.0247066 -0.0224101 -0.0185664 -0.0116879 -0.0119665 -0.0162026 -0.0148041 -0.0122334 -0.0149276 -0.0148662 -0.0153627 -0.0109922 -0.0099118 -0.0140216 -0.0127400 -0.0119573 -0.0145399 -0.0123662 -0.0102775 -0.0132467 -0.0127507 -0.0084907 -0.0119938 -0.0098487 -0.0109485 -0.0088798 -0.0123865 -0.0128706 -0.0122111 -0.0123744 -0.0115914 -0.0104906 -0.0131876 -0.0112244 -0.0074685 -0.0115421 -0.0147489 -0.0091149 -0.0134610 -0.0126927 -0.0115152 -0.0126347 -0.0122590 -0.0136123 -0.0125144 -0.0087513 -0.0112236 -0.0136324 -0.0073360 -0.0131773 -0.0145563 -0.0123269
-0.0371941 -0.0153668 1.4349601 -0.0373944 -0.0108539 -0.0167545 -0.0223913 -0.0278969 -0.0150518 -0.0184035 -0.0112887 -0.0267977 -0.0195783 -0.0204663 -0.0148634 -0.0344278 0.0064286 0.0049898 -0.0146060 -0.0292889 -0.0093197 -0.0050395 -0.0382979 -0.0238838 -0.0330758 -0.0320846 -0.0160117 -0.0079001 -0.0195038 -0.0129317 -0.0316924 -0.0215469 -0.0162211 -0.0176117 -0.0093078 -0.0044054 -0.0128640 -0.0024555 -0.0159263 -0.0075428 -0.0137308 -0.0248416 -0.0198023 -0.0096655 -0.0176141 -0.0094963 -0.0167860 -0.0197346 -0.0082361 -0.0144790 -0.0088480 -0.0234387 -0.0035595 -0.0008272 -0.0046269 -0.0143195 0.0000698 -0.0090208 -0.0090256 -0.0164103 -0.0119611 -0.0189957 -0.0255044 -0.0227717 -0.0161132 -0.0079343 -0.0195969 -0.0144014 -0.0085950 -0.0214416 -0.0056634 -0.0130130 -0.0036801 -0.0083707 -0.0052514 -0.0142107 -0.0062424 -0.0219068 -0.0131464 -0.0104540 -0.0130494
0.0324802 -0.0202846 -0.0373944 1.4498603 -0.0547799 -0.0286541 -0.0089377 0.0173651 -0.0398540 -0.0422723 -0.0583410 0.0332922 -0.0203978 -0.0187532 -0.0446555 0.0240895 -0.0613704 -0.0624454 -0.0546971 0.0344645 -0.0395067 -0.0565129 0.0399955 -0.0175866 0.0237716 0.0393426 -0.0313162 -0.0181881 -0.0263516 -0.0595229 -0.0025993 -0.0192332 0.0118264 0.0087994 -0.0376317 -0.0480532 -0.0132483 -0.0511417 -0.0129469 -0.0428337 -0.0065366 0.0330509 0.0095826 -0.0257468 0.0064969 -0.0346560 -0.0023304 0.0212877 -0.0257284 -0.0063801 -0.0091257 0.0266565 -0.0306785 -0.0447431 -0.0207684 -0.0128323 -0.0524863 -0.0235522 -0.0267071 -0.0008164 -0.0070102 -0.0060397 0.0324228 0.0460242 0.0085729 -0.0403736 0.0238423 -0.0083593 -0.0243925 0.0188225 -0.0409317 -0.0098174 -0.0443627 -0.0265117 -0.0197492 -0.0063504 -0.0448875 0.0383229 -0.0138051 -0.0300948 -0.0184242
-0.0539372 -0.0231854 -0.0108539 -0.0547799 1.3362632 -0.0111023 -0.0252638 -0.0430562 -0.0063301 -0.0037624 0.0107977 -0.0447283 -0.0187358 -0.0205408 -0.0069497 -0.0512769 0.0363482 0.0390473 0.0087396 -0.0486871 0.0009222 0.0178741 -0.0578976 -0.0224416 -0.0487693 -0.0513080 -0.0105965 -0.0017813 -0.0181963 0.0120277 -0.0405256 -0.0212963 -0.0284079 -0.0282441 0.0068612 0.0180132 -0.0104077 0.0220109 -0.0141761 0.0109256 -0.0159470 -0.0418338 -0.0309930 -0.0015464 -0.0238920 0.0061426 -0.0193660 -0.0339182 -0.0007487 -0.0159461 -0.0079383 -0.0383214 0.0067653 0.0215409 0.0026639 -0.0120630 0.0254037 -0.0031402 0.0032112 -0.0179918 -0.0104948 -0.0207682 -0.0412860 -0.0433020 -0.0271364 0.0098707 -0.0342622 -0.0145395 -0.0020236 -0.0346340 0.0121249 -0.0107781 0.0158353 -0.0008334 0.0024035 -0.0148235 0.0159326 -0.0403258 -0.0112568 0.0018923 -0.0085358
-0.0289571 -0.0159082 -0.0167545 -0.0286541 -0.0111023 1.2023938 -0.0175819 -0.0204109 -0.0139561 -0.0180064 -0.0140466 -0.0189547 -0.0166005 -0.0179939 -0.0161091 -0.0261060 -0.0011925 -0.0017039 -0.0155358 -0.0206120 -0.0106890 -0.0089353 -0.0300533 -0.0185539 -0.0229291 -0.0242572 -0.0141434 -0.0074891 -0.0153652 -0.0112686 -0.0249769 -0.0183625 -0.0102369 -0.0106540 -0.0077777 -0.0039863 -0.0089007 -0.0039256 -0.0115639 -0.0077647 -0.0095676 -0.0154190 -0.0118411 -0.0069521 -0.0127159 -0.0067317 -0.0113259 -0.0117110 -0.0066521 -0.0103269 -0.0061626 -0.0141920 -0.0031773 -0.0026091 -0.0033861 -0.0091818 -0.0014350 -0.0064150 -0.0079565 -0.0111631 -0.0073936 -0.0134283 -0.0155955 -0.0142015 -0.0098379 -0.0067834 -0.0117934 -0.0096173 -0.0064244 -0.0125735 -0.0062455 -0.0086544 -0.0041241 -0.0054938 -0.0039583 -0.0095766 -0.0053510 -0.0134277 -0.0087311 -0.0081205 -0.0083580
-0.0095746 -0.0197257 -0.0223913 -0.0089377 -0.0252638 -0.0175819 1.3629001 -0.0094394 -0.0215469 -0.0224180 -0.0290873 -0.0091617 -0.0187351 -0.0199941 -0.0252262 -0.0106350 -0.0192929 -0.0211093 -0.0271476 -0.0089515 -0.0145335 -0.0214623 -0.0101364 -0.0206880 -0.0126834 -0.0099976 -0.0198802 -0.0087819 -0.0218495 -0.0261671 -0.0209900 -0.0179605 -0.0064090 -0.0084372 -0.0151540 -0.0186736 -0.0122621 -0.0179261 -0.0121858 -0.0177692 -0.0107963 -0.0058671 -0.0090008 -0.0128182 -0.0063799 -0.0128819 -0.0109922 -0.0061279 -0.0125712 -0.0107440 -0.0082648 -0.0043285 -0.0129781 -0.0151129 -0.0096960 -0.0122416 -0.0180660 -0.0131076 -0.0109791 -0.0098385 -0.0081417 -0.0131959 -0.0044602 0.0004546 -0.0082484 -0.0160542 -0.0045180 -0.0109230 -0.0132515 -0.0079108 -0.0161273 -0.0096122 -0.0164482 -0.0135156 -0.0077912 -0.0086697 -0.0173958 -0.0010614 -0.0116965 -0.0129890 -0.0147751
0.0137390 -0.0181342 -0.0278969 0.0173651 -0.0430562 -0.0204109 -0.0094394 1.3568907 -0.0261391 -0.0401369 -0.0468264 0.0158135 -0.0194536 -0.0165654 -0.0296096 0.0136056 -0.0420080 -0.0446575 -0.0446042 0.0182246 -0.0268299 -0.0418214 0.0201395 -0.0175193 0.0121683 0.0176531 -0.0222506 -0.0123857 -0.0194790 -0.0471244 0.0013801 -0.0163948 0.0065575 0.0045673 -0.0291658 -0.0326151 -0.0118279 -0.0343011 -0.0108442 -0.0312116 -0.0078713 0.0144571 0.0037341 -0.0164332 -0.0019730 -0.0271457 -0.0067084 0.0094896 -0.0160716 -0.0080780 -0.0074584 0.0126036 -0.0180486 -0.0306722 -0.0128412 -0.0103109 -0.0344425 -0.0156567 -0.0218438 -0.0058927 -0.0064123 -0.0102499 0.0147075 0.0224382 0.0043748 -0.0288242 0.0110404 -0.0096703 -0.0164672 0.0079270 -0.0302499 -0.0092374 -0.0308095 -0.0166292 -0.0128278 -0.0070510 -0.0312726 0.0187750 -0.0114162 -0.0236230 -0.0137832
-0.0378630 -0.0212467 -0.0150518 -0.0398540 -0.0063301 -0.0139561 -0.0215469 -0.0261391 1.2679169 -0.0121555 0.0016416 -0.0318062 -0.0188655 -0.0211374 -0.0046611 -0.0293557 0.0097592 0.0158157 -0.0012110 -0.0317576 -0.0028147 -0.0029089 -0.0462160 -0.0221095 -0.0325814 -0.0374280 -0.0071787 -0.0044532 -0.0148083 0.0036067 -0.0240811 -0.0104538 -0.0142381 -0.0174631 -0.0020879 0.0019765 -0.0099506 0.0070121 -0.0095307 0.0006113 -0.0107129 -0.0259003 -0.0214578 -0.0021531 -0.0154010 -0.0028744 -0.0146197 -0.0205210 -0.0017962 -0.0146632 -0.0069155 -0.0225219 0.0009062 0.0055556 -0.0024228 -0.0120682 0.0076014 -0.0059798 -0.0037008 -0.0152095 -0.0076225 -0.0171936 -0.0229979 -0.0267001 -0.0172288 0.0011547 -0.0208105 -0.0144370 -0.0057964 -0.0214777 0.0044707 -0.0077539 0.0019413 -0.0045703 0.0000919 -0.0109507 0.0049373 -0.0215224 -0.0109544 -0.0031657 -0.0086122
-0.0425690 -0.0201876 -0.0184035 -0.0422723 -0.0037624 -0.0180064 -0.0224180 -0.0401369 -0.0121555 1.4258920 -0.0015169 -0.0370341 -0.0176854 -0.0204797 -0.0132634 -0.0423196 0.0188354 0.0216109 -0.0011595 -0.0388538 -0.0049617 0.0062827 -0.0448263 -0.0235900 -0.0412301 -0.0407433 -0.0165172 -0.0070439 -0.0171225 -0.0003362 -0.0373174 -0.0193078 -0.0248715 -0.0267814 -0.0001021 0.0035493 -0.0120267 0.0072659 -0.0153726 0.0026261 -0.0114639 -0.0312956 -0.0295542 -0.0089870 -0.0185012 0.0006986 -0.0149432 -0.0276070 -0.0076816 -0.0146927 -0.0078688 -0.0319950 -0.0010645 0.0105554 -0.0036547 -0.0125224 0.0105984 -0.0092521 -0.0001286 -0.0145292 -0.0115902 -0.0158124 -0.0311454 -0.0327447 -0.0259735 0.0024677 -0.0282365 -0.0143712 -0.0074480 -0.0290224 0.0069803 -0.0126747 0.0064210 -0.0068248 -0.0029476 -0.0145130 0.0055398 -0.0297518 -0.0117428 0.0006223 -0.0112826
-0.0571549 -0.0236889 -0.0112887 -0.0583410 0.0107977 -0.0140466 -0.0290873 -0.0468264 0.0016416 -0.0015169 1.4371679 -0.0459501 -0.0200699 -0.0224530 -0.0016754 -0.0517480 0.0478896 0.0552422 0.0161775 -0.0561715 0.0076090 0.0254035 -0.0648730 -0.0280722 -0.0540896 -0.0598221 -0.0038645 -0.0012052 -0.0177974 0.0243917 -0.0438920 -0.0188142 -0.0318599 -0.0340872 0.0129859 0.0208127 -0.0126955 0.0314011 -0.0149957 0.0175907 -0.0180573 -0.0484781 -0.0360580 0.0000683 -0.0257303 0.0083752 -0.0218872 -0.0405185 0.0020536 -0.0188674 -0.0090269 -0.0434062 0.0086127 0.0270884 0.0018474 -0.0148010 0.0308857 -0.0027218 0.0056095 -0.0243782 -0.0120660 -0.0237306 -0.0459070 -0.0507402 -0.0332619 0.0156124 -0.0413319 -0.0164164 -0.0015506 -0.0417524 0.0187726 -0.0126503 0.0201569 0.0003571 0.0059028 -0.0146034 0.0201230 -0.0456966 -0.0133058 0.0054507 -0.0114633
0.0302327 -0.0122921 -0.0267977 0.0332922 -0.0447283 -0.0189547 -0.0091617 0.0158135 -0.0318062 -0.0370341 -0.0459501 1.3201720 -0.0148135 -0.0127538 -0.0351714 0.0197201 -0.0460436 -0.0505989 -0.0466193 0.0291918 -0.0299654 -0.0459442 0.0390990 -0.0117977 0.0219675 0.0314021 -0.0248236 -0.0131818 -0.0166635 -0.0533104 0.0061806 -0.0150014 0.0076453 0.0078423 -0.0312597 -0.0350091 -0.0088063 -0.0389127 -0.0103065 -0.0339297 -0.0046476 0.0217780 0.0073540 -0.0186343 0.0012051 -0.0290046 -0.0024872 0.0145520 -0.0184431 -0.0057513 -0.0063211 0.0168531 -0.0198140 -0.0318652 -0.0136292 -0.0085954 -0.0361996 -0.0145322 -0.0217160 -0.0015719 -0.0060402 -0.0046392 0.0200105 0.0292166 0.0078812 -0.0315530 0.0162147 -0.0075332 -0.0167397 0.0133699 -0.0310886 -0.0080706 -0.0319921 -0.0173709 -0.0150191 -0.0057446 -0.0333026 0.0237801 -0.0093336 -0.0233392 -0.0123527
-0.0211296 -0.0188871 -0.0195783 -0.0203978 -0.0187358 -0.0166005 -0.0187351 -0.0194536 -0.0188655 -0.0176854 -0.0200699 -0.0148135 1.3693628 -0.0167879 -0.0215338 -0.0222213 -0.0099529 -0.0104677 -0.0199297 -0.0157608 -0.0092845 -0.0144131 -0.0202455 -0.0180760 -0.0191472 -0.0162204 -0.0189874 -0.0098429 -0.0169919 -0.0190318 -0.0236245 -0.0170870 -0.0106631 -0.0111502 -0.0123276 -0.0114658 -0.0104774 -0.0113342 -0.0129665 -0.0120215 -0.0091323 -0.0111599 -0.0130549 -0.0117727 -0.0111746 -0.0131520 -0.0108437 -0.0105242 -0.0110046 -0.0108949 -0.0072528 -0.0121929 -0.0078524 -0.0075321 -0.0072447 -0.0114918 -0.0093492 -0.0105992 -0.0104130 -0.0107223 -0.0092959 -0.0126954 -0.0116244 -0.0078434 -0.0115382 -0.0116754 -0.0096600 -0.0110201 -0.0101941 -0.0115698 -0.0101533 -0.0107276 -0.0093413 -0.0093631 -0.0070794 -0.0105401 -0.0111037 -0.0088293 -0.0112535 -0.0115960 -0.0112539
-0.0211061 -0.0171892 -0.0204663 -0.0187532 -0.0205408 -0.0179939 -0.0199941 -0.0165654 -0.0211374 -0.0204797 -0.0224530 -0.0127538 -0.0167879 1.3988554 -0.0178026 -0.0166445 -0.0082776 -0.0108201 -0.0175643 -0.0149738 -0.0145067 -0.0172294 -0.0164387 -0.0209304 -0.0204306 -0.0140935 -0.0195902 -0.0108499 -0.0182369 -0.0230553 -0.0231967 -0.0176443 -0.0109308 -0.0112692 -0.0148612 -0.0138541 -0.0117862 -0.0143934 -0.0145009 -0.0149361 -0.0104856 -0.0106468 -0.0141923 -0.0128873 -0.0116466 -0.0151657 -0.0118150 -0.0102982 -0.0130413 -0.0114179 -0.0081858 -0.0118979 -0.0094363 -0.0095033 -0.0083972 -0.0124238 -0.0117029 -0.0119858 -0.0124270 -0.0113462 -0.0107211 -0.0132804 -0.0117226 -0.0071017 -0.0112526 -0.0141007 -0.0093669 -0.0119769 -0.0115683 -0.0121666 -0.0119529 -0.0117840 -0.0121853 -0.0116375 -0.0081013 -0.0101099 -0.0125171 -0.0078823 -0.0124538 -0.0130318 -0.0126878
-0.0425311 -0.0225051 -0.0148634 -0.0446555 -0.0069497 -0.0161091 -0.0252262 -0.0296096 -0.0046611 -0.0132634 -0.0016754 -0.0351714 -0.0215338 -0.0178026 1.3951945 -0.0315299 0.0181167 0.0184756 -0.0032570 -0.0361474 -0.0030015 -0.0013666 -0.0491096 -0.0235076 -0.0371778 -0.0416967 -0.0111043 -0.0062254 -0.0145015 -0.0013143 -0.0298457 -0.0139627 -0.0189616 -0.0214758 -0.0041748 0.0028091 -0.0127663 0.0072115 -0.0140472 -0.0006082 -0.0132488 -0.0310318 -0.0247838 -0.0057055 -0.0204320 -0.0053176 -0.0182208 -0.0248745 -0.0047848 -0.0179338 -0.0086019 -0.0284152 -0.0000341 0.0061656 -0.0033601 -0.0140351 0.0087494 -0.0070776 -0.0058086 -0.0178449 -0.0102160 -0.0188759 -0.0285570 -0.0314964 -0.0212306 -0.0006135 -0.0249761 -0.0170213 -0.0061985 -0.0260950 0.0027557 -0.0110931 0.0018748 -0.0061248 -0.0015947 -0.0131961 0.0038621 -0.0267370 -0.0131941 -0.0056816 -0.0108797
0.0205948 -0.0170113 -0.0344278 0.0240895 -0.0512769 -0.0261060 -0.0106350 0.0136056 -0.0293557 -0.0423196 -0.0517480 0.0197201 -0.0222213 -0.0166445 -0.0315299 1.4365633 -0.0495660 -0.0513929 -0.0446880 0.0234014 -0.0319774 -0.0516311 0.0236889 -0.0212538 0.0182980 0.0233426 -0.0255021 -0.0161162 -0.0240263 -0.0522367 -0.0007845 -0.0174943 0.0084131 0.0052730 -0.0338821 -0.0411370 -0.0142980 -0.0427630 -0.0118699 -0.0367836 -0.0080204 0.0205208 0.0028857 -0.0201366 0.0010657 -0.0302325 -0.0075517 0.0125151 -0.0200253 -0.0103561 -0.0091079 0.0179280 -0.0250148 -0.0378926 -0.0176060 -0.0137881 -0.0425028 -0.0211105 -0.0244574 -0.0060738 -0.0070807 -0.0102034 0.0218279 0.0301712 0.0043415 -0.0343442 0.0156553 -0.0123365 -0.0219228 0.0111951 -0.0349198 -0.0099418 -0.0381401 -0.0230101 -0.0151670 -0.0053452 -0.0365590 0.0270713 -0.0134881 -0.0267238 -0.0168451
-0.0596351 -0.0121870 0.0064286 -0.0613704 0.0363482 -0.0011925 -0.0192929 -0.0420080 0.0097592 0.0188354 0.0478896 -0.0460436 -0.0099529 -0.0082776 0.0181167 -0.0495660 1.2249879 0.0518617 0.0395320 -0.0492239 0.0152067 0.0402587 -0.0661477 -0.0164748 -0.0520379 -0.0546683 0.0035820 0.0031180 -0.0034515 0.0487202 -0.0412090 -0.0106506 -0.0230837 -0.0248179 0.0148278 0.0231973 -0.0059700 0.0290187 -0.0087258 0.0191958 -0.0109452 -0.0386246 -0.0276541 0.0039680 -0.0185946 0.0125373 -0.0145778 -0.0302853 0.0038407 -0.0114909 -0.0045799 -0.0342412 0.0096013 0.0230326 0.0040514 -0.0077594 0.0283125 0.0020897 0.0069627 -0.0143466 -0.0077148 -0.0151713 -0.0366092 -0.0396721 -0.0240420 0.0164478 -0.0307150 -0.0095755 0.0029047 -0.0307493 0.0181415 -0.0070608 0.0198062 0.0036183 0.0051907 -0.0090570 0.0206866 -0.0358254 -0.0063214 0.0075714 -0.0044230
-0.0614885 -0.0097610 0.0049898 -0.0624454 0.0390473 -0.0017039 -0.0211093 -0.0446575 0.0158157 0.0216109 0.0552422 -0.0505989 -0.0104677 -0.0108201 0.0184756 -0.0513929 0.0518617 1.3098775 0.0435010 -0.0534466 0.0227289 0.0456547 -0.0702029 -0.0177532 -0.0530578 -0.0606362 0.0065427 0.0044766 -0.0053931 0.0550388 -0.0418944 -0.0102649 -0.0262821 -0.0287356 0.0157229 0.0244905 -0.0087276 0.0314441 -0.0100842 0.0205399 -0.0137837 -0.0439336 -0.0320955 0.0037035 -0.0215216 0.0126560 -0.0183753 -0.0351315 0.0038925 -0.0137745 -0.0061227 -0.0391313 0.0092312 0.0256733 0.0027796 -0.0111122 0.0309935 0.0000166 0.0070366 -0.0181610 -0.0093473 -0.0182248 -0.0419882 -0.0456097 -0.0282606 0.0185358 -0.0362477 -0.0123162 0.0016716 -0.0360336 0.0205946 -0.0087924 0.0213521 0.0027723 0.0059614 -0.0106947 0.0225686 -0.0407863 -0.0092728 0.0087197 -0.0059327
-0.0523271 -0.0211857 -0.0146060 -0.0546971 0.0087396 -0.0155358 -0.0271476 -0.0446042 -0.0012110 -0.0011595 0.0161775 -0.0466193 -0.0199297 -0.0175643 -0.0032570 -0.0446880 0.0395320 0.0435010 1.4193985 -0.0484957 0.0027859 0.0187503 -0.0593063 -0.0264267 -0.0488530 -0.0541866 -0.0109013 -0.0017424 -0.0184997 0.0151832 -0.0402664 -0.0181073 -0.0283491 -0.0322098 0.0086992 0.0148840 -0.0124639 0.0223292 -0.0140990 0.0125525 -0.0154464 -0.0427933 -0.0342700 -0.0027616 -0.0219194 0.0065810 -0.0201086 -0.0363119 -0.0016020 -0.0172818 -0.0082839 -0.0384446 0.0044817 0.0197802 -0.0003025 -0.0142616 0.0229557 -0.0058944 0.0045655 -0.0194367 -0.0108730 -0.0211527 -0.0400451 -0.0434269 -0.0313461 0.0109420 -0.0367242 -0.0158479 -0.0050827 -0.0368842 0.0148605 -0.0109973 0.0149745 -0.0031482 0.0030541 -0.0134384 0.0160124 -0.0398072 -0.0127498 0.0046344 -0.0113434
0.0293924 -0.0133948 -0.0292889 0.0344645 -0.0486871 -0.0206120 -0.0089515 0.0182246 -0.0317576 -0.0388538 -0.0561715 0.0291918 -0.0157608 -0.0149738 -0.0361474 0.0234014 -0.0492239 -0.0534466 -0.0484957 1.3528643 -0.0324508 -0.0486443 0.0406375 -0.0126237 0.0234175 0.0348797 -0.0272028 -0.0156202 -0.0171402 -0.0550144 0.0067095 -0.0159494 0.0086637 0.0088685 -0.0332419 -0.0380233 -0.0103023 -0.0419437 -0.0109426 -0.0354932 -0.0039432 0.0244321 0.0084339 -0.0202701 0.0017472 -0.0310963 -0.0021356 0.0167900 -0.0201742 -0.0060630 -0.0064187 0.0187200 -0.0214458 -0.0352130 -0.0143643 -0.0092989 -0.0400154 -0.0173115 -0.0233923 -0.0010280 -0.0067246 -0.0055176 0.0227787 0.0327109 0.0086390 -0.0339873 0.0184605 -0.0072249 -0.0172083 0.0151091 -0.0335701 -0.0085996 -0.0343765 -0.0192160 -0.0169265 -0.0060565 -0.0357612 0.0269330 -0.0096031 -0.0259431 -0.0128788
-0.0389781 -0.0137246 -0.0093197 -0.0395067 0.0009222 -0.0106890 -0.0145335 -0.0268299 -0.0028147 -0.0049617 0.0076090 -0.0299654 -0.0092845 -0.0145067 -0.0030015 -0.0319774 0.0152067 0.0227289 0.0027859 -0.0324508 1.2779105 0.0100029 -0.0443086 -0.0192071 -0.0339643 -0.0371963 -0.0074851 -0.0024824 -0.0138680 0.0119746 -0.0295677 -0.0109992 -0.0154711 -0.0173784 0.0001821 0.0035958 -0.0096272 0.0074947 -0.0105611 0.0016901 -0.0117270 -0.0257479 -0.0197837 -0.0036958 -0.0147095 -0.0014661 -0.0144586 -0.0201303 -0.0029242 -0.0125239 -0.0061593 -0.0222727 0.0009101 0.0062271 -0.0018039 -0.0109538 0.0077624 -0.0051199 -0.0028531 -0.0138352 -0.0083499 -0.0165075 -0.0246061 -0.0254567 -0.0166015 0.0009074 -0.0209873 -0.0113131 -0.0045715 -0.0218003 0.0024457 -0.0089852 0.0029612 -0.0038945 -0.0002457 -0.0097497 0.0039212 -0.0224412 -0.0101326 -0.0028283 -0.0086706
-0.0532818 -0.0178185 -0.0050395 -0.0565129 0.0178741 -0.0089353 -0.0214623 -0.0418214 -0.0029089 0.0062827 0.0254035 -0.0459442 -0.0144131 -0.0172294 -0.0013666 -0.0516311 0.0402587 0.0456547 0.0187503 -0.0486443 0.0100029 1.3010707 -0.0590127 -0.0211162 -0.0496097 -0.0536175 -0.0049391 0.0003118 -0.0142771 0.0268113 -0.0445336 -0.0166558 -0.0271037 -0.0276172 0.0113204 0.0199566 -0.0096416 0.0248412 -0.0126515 0.0151025 -0.0154058 -0.0421485 -0.0274091 -0.0004529 -0.0213887 0.0089628 -0.0179838 -0.0332438 0.0008899 -0.0131222 -0.0071822 -0.0368602 0.0065095 0.0220842 0.0021434 -0.0115305 0.0249946 -0.0009385 0.0050452 -0.0176539 -0.0107628 -0.0190690 -0.0412099 -0.0423561 -0.0268680 0.0121030 -0.0347151 -0.0114638 -0.0002570 -0.0343220 0.0136660 -0.0098602 0.0169493 0.0008687 0.0040193 -0.0119875 0.0158194 -0.0402753 -0.0104660 0.0034791 -0.0091837
0.0355568 -0.0178634 -0.0382979 0.0399955 -0.0578976 -0.0300533 -0.0101364 0.0201395 -0.0462160 -0.0448263 -0.0648730 0.0390990 -0.0202455 -0.0164387 -0.0491096 0.0236889 -0.0661477 -0.0702029 -0.0593063 0.0406375 -0.0443086 -0.0590127 1.5643213 -0.0178346 0.0245459 0.0443210 -0.0373576 -0.0224190 -0.0270282 -0.0639277 -0.0021427 -0.0230233 0.0145434 0.0116917 -0.0426205 -0.0507267 -0.0128847 -0.0570869 -0.0151019 -0.0480320 -0.0060881 0.0369718 0.0122803 -0.0296706 0.0067607 -0.0402885 -0.0014053 0.0250286 -0.0290528 -0.0058138 -0.0089693 0.0293742 -0.0338841 -0.0479624 -0.0223119 -0.0135955 -0.0562850 -0.0254732 -0.0305056 -0.0004169 -0.0089841 -0.0056543 0.0348823 0.0523395 0.0118785 -0.0453981 0.0275925 -0.0085384 -0.0265247 0.0222160 -0.0457649 -0.0127215 -0.0473886 -0.0278289 -0.0236721 -0.0064292 -0.0501309 0.0427807 -0.0134702 -0.0350422 -0.0192842
-0.0183380 -0.0199921 -0.0238838 -0.0175866 -0.0224416 -0.0185539 -0.0206880 -0.0175193 -0.0221095 -0.0235900 -0.0280722 -0.0117977 -0.0180760 -0.0209304 -0.0235076 -0.0212538 -0.0164748 -0.0177532 -0.0264267 -0.0126237 -0.0192071 -0.0211162 -0.0178346 1.2950280 -0.0173943 -0.0135406 -0.0219679 -0.0131919 -0.0197230 -0.0275765 -0.0217444 -0.0159888 -0.0085378 -0.0089708 -0.0154416 -0.0136958 -0.0107185 -0.0160431 -0.0116920 -0.0149015 -0.0089215 -0.0063246 -0.0111880 -0.0124980 -0.0097587 -0.0143345 -0.0100293 -0.0067559 -0.0121176 -0.0109172 -0.0066757 -0.0089241 -0.0091283 -0.0105669 -0.0080452 -0.0107989 -0.0133388 -0.0117803 -0.0105416 -0.0093779 -0.0087835 -0.0119360 -0.0073437 -0.0033295 -0.0085295 -0.0151189 -0.0057746 -0.0111070 -0.0113163 -0.0081143 -0.0128216 -0.0096402 -0.0122258 -0.0114357 -0.0091815 -0.0102381 -0.0134084 -0.0039544 -0.0100439 -0.0128356 -0.0106574
0.0200453 -0.0169587 -0.0330758 0.0237716 -0.0487693 -0.0229291 -0.0126834 0.0121683 -0.0325814 -0.0412301 -0.0540896 0.0219675 -0.0191472 -0.0204306 -0.0371778 0.0182980 -0.0520379 -0.0530578 -0.0488530 0.0234175 -0.0339643 -0.0496097 0.0245459 -0.0173943 1.4193348 0.0252304 -0.0277249 -0.0167662 -0.0229341 -0.0543130 -0.0021785 -0.0187455 0.0084387 0.0068131 -0.0341133 -0.0406220 -0.0131147 -0.0432993 -0.0119904 -0.0377968 -0.0068194 0.0225218 0.0046256 -0.0214751 0.0006363 -0.0325613 -0.0053126 0.0144772 -0.0213582 -0.0093244 -0.0085570 0.0181403 -0.0235790 -0.0376172 -0.0173016 -0.0126912 -0.0420334 -0.0195171 -0.0248565 -0.0043760 -0.0068964 -0.0091192 0.0225348 0.0323272 0.0063205 -0.0350174 0.0177114 -0.0102958 -0.0206809 0.0132621 -0.0344968 -0.0098351 -0.0374994 -0.0215870 -0.0169233 -0.0073358 -0.0371928 0.0277762 -0.0132863 -0.0275252 -0.0161155
0.0345683 -0.0153023 -0.0320846 0.0393426 -0.0513080 -0.0242572 -0.0099976 0.0176531 -0.0374280 -0.0407433 -0.0598221 0.0314021 -0.0162204 -0.0140935 -0.0416967 0.0233426 -0.0546683 -0.0606362 -0.0541866 0.0348797 -0.0371963 -0.0536175 0.0443210 -0.0135406 0.0252304 1.3480477 -0.0319326 -0.0194477 -0.0198013 -0.0604838 0.0041736 -0.0170216 0.0113680 0.0112485 -0.0358759 -0.0427008 -0.0093279 -0.0472961 -0.0111525 -0.0395502 -0.0019235 0.0324706 0.0096892 -0.0230319 0.0053155 -0.0339347 0.0000590 0.0214254 -0.0232258 -0.0051392 -0.0067180 0.0236517 -0.0258936 -0.0390382 -0.0173973 -0.0094407 -0.0449060 -0.0195584 -0.0249019 0.0004800 -0.0061554 -0.0029597 0.0298395 0.0413035 0.0098069 -0.0376135 0.0236008 -0.0067678 -0.0202565 0.0196875 -0.0365540 -0.0088998 -0.0383839 -0.0221635 -0.0196422 -0.0057942 -0.0402866 0.0340916 -0.0093874 -0.0275111 -0.0132256
-0.0318471 -0.0216446 -0.0160117 -0.0313162 -0.0105965 -0.0141434 -0.0198802 -0.0222506 -0.0071787 -0.0165172 -0.0038645 -0.0248236 -0.0189874 -0.0195902 -0.0111043 -0.0255021 0.0035820 0.0065427 -0.0109013 -0.0272028 -0.0074851 -0.0049391 -0.0373576 -0.0219679 -0.0277249 -0.0319326 1.1858040 -0.0045681 -0.0168144 -0.0061261 -0.0257107 -0.0161719 -0.0109769 -0.0128592 -0.0033653 -0.0012190 -0.0090044 0.0023714 -0.0096642 -0.0023376 -0.0106819 -0.0195116 -0.0148844 -0.0036095 -0.0123332 -0.0039289 -0.0126138 -0.0154009 -0.0035587 -0.0102639 -0.0061062 -0.0159655 -0.0011991 0.0014202 -0.0028480 -0.0104541 0.0021953 -0.0052376 -0.0048324 -0.0123493 -0.0073031 -0.0150829 -0.0175363 -0.0188193 -0.0125037 -0.0013984 -0.0152909 -0.0106299 -0.0055064 -0.0168347 -0.0013581 -0.0065579 -0.0008609 -0.0043641 -0.0012526 -0.0087895 -0.0002887 -0.0169692 -0.0097768 -0.0053070 -0.0094141
-0.0183751 -0.0115207 -0.0079001 -0.0181881 -0.0017813 -0.0074891 -0.0087819 -0.0123857 -0.0044532 -0.0070439 -0.0012052 -0.0131818 -0.0098429 -0.0108499 -0.0062254 -0.0161162 0.0031180 0.0044766 -0.0017424 -0.0156202 -0.0024824 0.0003118 -0.0224190 -0.0131919 -0.0167662 -0.0194477 -0.0045681 1.1198790 -0.0093038 -0.0004819 -0.0173640 -0.0086553 -0.0071591 -0.0084426 -0.0019691 -0.0017477 -0.0059349 0.0003535 -0.0071370 -0.0022449 -0.0075598 -0.0121363 -0.0084994 -0.0028631 -0.0065208 -0.0028691 -0.0079932 -0.0091870 -0.0029738 -0.0064307 -0.0042424 -0.0090581 -0.0017890 -0.0000944 -0.0024811 -0.0067988 -0.0005341 -0.0038968 -0.0028331 -0.0076910 -0.0048549 -0.0096220 -0.0108657 -0.0103238 -0.0081061 -0.0024035 -0.0094955 -0.0061716 -0.0035549 -0.0106429 -0.0029115 -0.0052719 -0.0018389 -0.0038779 -0.0009568 -0.0053291 -0.0023472 -0.0097233 -0.0062186 -0.0042097 -0.0070681
-0.0268650 -0.0197108 -0.0195038 -0.0263516 -0.0181963 -0.0153652 -0.0218495 -0.0194790 -0.0148083 -0.0171225 -0.0177974 -0.0166635 -0.0169919 -0.0182369 -0.0145015 -0.0240263 -0.0034515 -0.0053931 -0.0184997 -0.0171402 -0.0138680 -0.0142771 -0.0270282 -0.0197230 -0.0229341 -0.0198013 -0.0168144 -0.0093038 1.2447844 -0.0199611 -0.0222195 -0.0173988 -0.0106483 -0.0114454 -0.0110483 -0.0077373 -0.0091143 -0.0080773 -0.0117147 -0.0084068 -0.0062278 -0.0123937 -0.0151862 -0.0098063 -0.0115281 -0.0112934 -0.0090084 -0.0103436 -0.0087527 -0.0118320 -0.0055860 -0.0147953 -0.0042526 -0.0040423 -0.0055157 -0.0097194 -0.0039967 -0.0087934 -0.0091303 -0.0104605 -0.0079056 -0.0114371 -0.0126105 -0.0108604 -0.0110894 -0.0081037 -0.0099474 -0.0113223 -0.0082241 -0.0115752 -0.0049984 -0.0090634 -0.0061906 -0.0081618 -0.0068686 -0.0108536 -0.0056570 -0.0107099 -0.0092911 -0.0081387 -0.0071484
-0.0577994 -0.0247066 -0.0129317 -0.0595229 0.0120277 -0.0112686 -0.0261671 -0.0471244 0.0036067 -0.0003362 0.0243917 -0.0533104 -0.0190318 -0.0230553 -0.0013143 -0.0522367 0.0487202 0.0550388 0.0151832 -0.0550144 0.0119746 0.0268113 -0.0639277 -0.0275765 -0.0543130 -0.0604838 -0.0061261 -0.0004819 -0.0199611 1.4226652 -0.0428785 -0.0200022 -0.0318062 -0.0342614 0.0118429 0.0219162 -0.0129868 0.0311547 -0.0149811 0.0162001 -0.0183962 -0.0490555 -0.0365455 0.0011955 -0.0268011 0.0098463 -0.0231219 -0.0410452 0.0018083 -0.0186355 -0.0093772 -0.0438638 0.0082667 0.0263642 0.0023434 -0.0147652 0.0311990 -0.0023437 0.0050297 -0.0233815 -0.0124886 -0.0247290 -0.0467135 -0.0514772 -0.0334895 0.0153268 -0.0417880 -0.0174889 -0.0019387 -0.0415200 0.0187935 -0.0120287 0.0199502 -0.0002206 0.0057512 -0.0158290 0.0208320 -0.0467753 -0.0131063 0.0053970 -0.0110297
-0.0042511 -0.0224101 -0.0316924 -0.0025993 -0.0405256 -0.0249769 -0.0209900 0.0013801 -0.0240811 -0.0373174 -0.0438920 0.0061806 -0.0236245 -0.0231967 -0.0298457 -0.0007845 -0.0412090 -0.0418944 -0.0402664 0.0067095 -0.0295677 -0.0445336 -0.0021427 -0.0217444 -0.0021785 0.0041736 -0.0257107 -0.0173640 -0.0222195 -0.0428785 1.2757092 -0.0202149 0.0034774 0.0014935 -0.0278121 -0.0301392 -0.0110648 -0.0314244 -0.0100899 -0.0281727 -0.0046935 0.0118355 -0.0014203 -0.0147158 -0.0036832 -0.0258306 -0.0057023 0.0074375 -0.0147572 -0.0104542 -0.0073909 0.0075962 -0.0156516 -0.0274313 -0.0122666 -0.0108622 -0.0291234 -0.0150532 -0.0191682 -0.0062221 -0.0063482 -0.0088392 0.0133040 0.0175881 0.0008407 -0.0254577 0.0086396 -0.0118609 -0.0154169 0.0057185 -0.0236734 -0.0083339 -0.0277240 -0.0165713 -0.0129570 -0.0084532 -0.0246850 0.0162766 -0.0109704 -0.0202230 -0.0095290
-0.0139449 -0.0185664 -0.0215469 -0.0192332 -0.0212963 -0.0183625 -0.0179605 -0.0163948 -0.0104538 -0.0193078 -0.0188142 -0.0150014 -0.0170870 -0.0176443 -0.0139627 -0.0174943 -0.0106506 -0.0102649 -0.0181073 -0.0159494 -0.0109992 -0.0166558 -0.0230233 -0.0159888 -0.0187455 -0.0170216 -0.0161719 -0.0086553 -0.0173988 -0.0200022 -0.0202149 1.3060200 -0.0083550 -0.0105515 -0.0104339 -0.0122023 -0.0101352 -0.0099935 -0.0111999 -0.0110726 -0.0092500 -0.0106495 -0.0130930 -0.0094216 -0.0083851 -0.0113430 -0.0102915 -0.0094116 -0.0094883 -0.0102950 -0.0066094 -0.0105288 -0.0075658 -0.0074221 -0.0071403 -0.0108453 -0.0089818 -0.0106331 -0.0083518 -0.0105488 -0.0082744 -0.0123569 -0.0092694 -0.0074797 -0.0103426 -0.0100012 -0.0091243 -0.0111120 -0.0102604 -0.0112450 -0.0081093 -0.0091914 -0.0094904 -0.0105596 -0.0056387 -0.0087508 -0.0093252 -0.0065831 -0.0107274 -0.0090840 -0.0107957
0.0114256 -0.0116879 -0.0162211 0.0118264 -0.0284079 -0.0102369 -0.0064090 0.0065575 -0.0142381 -0.0248715 -0.0318599 0.0076453 -0.0106631 -0.0109308 -0.0189616 0.0084131 -0.0230837 -0.0262821 -0.0283491 0.0086637 -0.0154711 -0.0271037 0.0145434 -0.0085378 0.0084387 0.0113680 -0.0109769 -0.0071591 -0.0106483 -0.0318062 0.0034774 -0.0083550 0.8398608 0.0079015 -0.0076471 -0.0095690 0.0005302 -0.0119987 0.0009826 -0.0098048 0.0007488 0.0112187 0.0087558 -0.0023780 0.0039552 -0.0070404 0.0017297 0.0090798 -0.0024496 0.0019468 0.0003132 0.0105501 -0.0040375 -0.0106031 -0.0022307 -0.0001440 -0.0116893 -0.0015347 -0.0051525 0.0016268 0.0012444 0.0006217 0.0109318 0.0125775 0.0073305 -0.0086445 0.0092557 0.0004583 -0.0031714 0.0096466 -0.0094595 0.0004655 -0.0099894 -0.0027836 -0.0021748 0.0014297 -0.0100023 0.0111392 0.0002047 -0.0061546 -0.0004965
0.0091014 -0.0119665 -0.0176117 0.0087994 -0.0282441 -0.0106540 -0.0084372 0.0045673 -0.0174631 -0.0267814 -0.0340872 0.0078423 -0.0111502 -0.0112692 -0.0214758 0.0052730 -0.0248179 -0.0287356 -0.0322098 0.0088685 -0.0173784 -0.0276172 0.0116917 -0.0089708 0.0068131 0.0112485 -0.0128592 -0.0084426 -0.0114454 -0.0342614 0.0014935 -0.0105515 0.0079015 0.8077916 -0.0094166 -0.0105989 0.0008192 -0.0133648 -0.0006120 -0.0111196 0.0014412 0.0129341 0.0096789 -0.0025495 0.0034605 -0.0084397 0.0022366 0.0101325 -0.0026644 0.0023614 0.0005006 0.0111648 -0.0039183 -0.0106526 -0.0020526 0.0009761 -0.0116988 -0.0012913 -0.0061939 0.0016604 0.0009257 0.0014413 0.0111808 0.0136055 0.0091508 -0.0104128 0.0107403 0.0021103 -0.0029870 0.0108348 -0.0107550 0.0005108 -0.0100897 -0.0021461 -0.0033538 0.0005721 -0.0115586 0.0112835 0.0004009 -0.0072612 -0.0004878
-0.0348454 -0.0162026 -0.0093078 -0.0376317 0.0068612 -0.0077777 -0.0151540 -0.0291658 -0.0020879 -0.0001021 0.0129859 -0.0312597 -0.0123276 -0.0148612 -0.0041748 -0.0338821 0.0148278 0.0157229 0.0086992 -0.0332419 0.0001821 0.0113204 -0.0426205 -0.0154416 -0.0341133 -0.0358759 -0.0033653 -0.0019691 -0.0110483 0.0118429 -0.0278121 -0.0104339 -0.0076471 -0.0094166 0.7830359 0.0146346 -0.0001173 0.0162319 -0.0000815 0.0138904 -0.0028900 -0.0157452 -0.0096332 0.0044658 -0.0029409 0.0117098 -0.0027330 -0.0122909 0.0055377 -0.0006448 0.0003252 -0.0119271 0.0057148 0.0133014 0.0035734 -0.0003546 0.0140168 0.0029252 0.0090366 -0.0043422 -0.0003692 -0.0031377 -0.0141388 -0.0165237 -0.0091946 0.0126499 -0.0123171 0.0001559 0.0026053 -0.0122649 0.0114472 0.0007887 0.0131900 0.0035309 0.0057090 -0.0001297 0.0119875 -0.0143602 -0.0002824 0.0091560 0.0004137
-0.0451197 -0.0148041 -0.0044054 -0.0480532 0.0180132 -0.0039863 -0.0186736 -0.0326151 0.0019765 0.0035493 0.0208127 -0.0350091 -0.0114658 -0.0138541 0.0028091 -0.0411370 0.0231973 0.0244905 0.0148840 -0.0380233 0.0035958 0.0199566 -0.0507267 -0.0136958 -0.0406220 -0.0427008 -0.0012190 -0.0017477 -0.0077373 0.0219162 -0.0301392 -0.0122023 -0.0095690 -0.0105989 0.0146346 0.7905051 0.0005235 0.0219701 -0.0005331 0.0170724 -0.0030676 -0.0209248 -0.0115166 0.0071069 -0.0075045 0.0116808 -0.0043327 -0.0148398 0.0070953 -0.0016056 0.0009177 -0.0178038 0.0097811 0.0179340 0.0065909 -0.0001184 0.0216370 0.0061363 0.0091364 -0.0051110 -0.0008560 -0.0046660 -0.0204606 -0.0219201 -0.0106630 0.0145318 -0.0147809 -0.0012988 0.0059694 -0.0147391 0.0146850 -0.0001473 0.0169034 0.0067708 0.0054030 -0.0024601 0.0169528 -0.0199179 0.0007112 0.0087284 0.0028435
-0.0109689 -0.0122334 -0.0128640 -0.0132483 -0.0104077 -0.0089007 -0.0122621 -0.0118279 -0.0099506 -0.0120267 -0.0126955 -0.0088063 -0.0104774 -0.0117862 -0.0127663 -0.0142980 -0.0059700 -0.0087276 -0.0124639 -0.0103023 -0.0096272 -0.0096416 -0.0128847 -0.0107185 -0.0131147 -0.0093279 -0.0090044 -0.0059349 -0.0091143 -0.0129868 -0.0110648 -0.0101352 0.0005302 0.0008192 -0.0001173 0.0005235 0.7915497 -0.0006270 -0.0008145 0.0003176 0.0008705 0.0006625 0.0003401 0.0000747 0.0002475 0.0000259 0.0016495 0.0005589 0.0002622 0.0013485 0.0012942 -0.0007651 0.0007241 0.0006138 0.0012170 0.0007121 0.0010317 0.0009288 0.0007991 0.0002424 0.0001464 0.0002140 -0.0009939 0.0008308 0.0001898 -0.0004181 0.0006075 0.0005991 0.0003870 0.0007151 0.0002241 0.0006648 0.0012536 -0.0001208 0.0000033 -0.0003776 -0.0006251 0.0000388 0.0002161 0.0002329 0.0009853
-0.0477804 -0.0149276 -0.0024555 -0.0511417 0.0220109 -0.0039256 -0.0179261 -0.0343011 0.0070121 0.0072659 0.0314011 -0.0389127 -0.0113342 -0.0143934 0.0072115 -0.0427630 0.0290187 0.0314441 0.0223292 -0.0419437 0.0074947 0.0248412 -0.0570869 -0.0160431 -0.0432993 -0.0472961 0.0023714 0.0003535 -0.0080773 0.0311547 -0.0314244 -0.0099935 -0.0119987 -0.0133648 0.0162319 0.0219701 -0.0006270 0.8464045 -0.0009565 0.0189187 -0.0041368 -0.0253010 -0.0145726 0.0075066 -0.0092955 0.0143909 -0.0061579 -0.0186555 0.0084392 -0.0035705 -0.0003504 -0.0207077 0.0100918 0.0188852 0.0058578 -0.0015086 0.0238656 0.0050445 0.0096002 -0.0075444 -0.0013277 -0.0067603 -0.0229475 -0.0263441 -0.0133837 0.0170457 -0.0189085 -0.0026713 0.0055264 -0.0184933 0.0171881 -0.0005132 0.0184722 0.0066460 0.0074043 -0.0024150 0.0192559 -0.0231379 -0.0004842 0.0104660 0.0017744
-0.0115635 -0.0148662 -0.0159263 -0.0129469 -0.0141761 -0.0115639 -0.0121858 -0.0108442 -0.0095307 -0.0153726 -0.0149957 -0.0103065 -0.0129665 -0.0145009 -0.0140472 -0.0118699 -0.0087258 -0.0100842 -0.0140990 -0.0109426 -0.0105611 -0.0126515 -0.0151019 -0.0116920 -0.0119904 -0.0111525 -0.0096642 -0.0071370 -0.0117147 -0.0149811 -0.0100899 -0.0111999 0.0009826 -0.0006120 -0.0000815 -0.0005331 -0.0008145 -0.0009565 0.7967215 -0.0010467 -0.0003204 0.0000873 -0.0007569 0.0000826 0.0002971 0.0000740 -0.0005016 0.0000256 0.0003482 -0.0009304 -0.0000207 0.0006173 -0.0003281 -0.0000726 0.0004035 -0.0004027 -0.0011303 -0.0005911 0.0012255 -0.0005752 0.0012476 -0.0011906 0.0003742 -0.0002051 -0.0008258 -0.0005173 0.0001600 -0.0007127 -0.0011994 -0.0000142 -0.0006824 0.0003602 -0.0011155 -0.0007276 0.0001950 -0.0002653 0.0000814 0.0007300 -0.0005304 0.0006719 -0.0000497
-0.0398192 -0.0153627 -0.0075428 -0.0428337 0.0109256 -0.0077647 -0.0177692 -0.0312116 0.0006113 0.0026261 0.0175907 -0.0339297 -0.0120215 -0.0149361 -0.0006082 -0.0367836 0.0191958 0.0205399 0.0125525 -0.0354932 0.0016901 0.0151025 -0.0480320 -0.0149015 -0.0377968 -0.0395502 -0.0023376 -0.0022449 -0.0084068 0.0162001 -0.0281727 -0.0110726 -0.0098048 -0.0111196 0.0138904 0.0170724 0.0003176 0.0189187 -0.0010467 0.7922655 -0.0020164 -0.0179915 -0.0119920 0.0058200 -0.0052061 0.0115854 -0.0033603 -0.0138250 0.0058875 -0.0017568 0.0005111 -0.0157422 0.0077496 0.0160369 0.0041606 -0.0002715 0.0182733 0.0038310 0.0091943 -0.0046770 -0.0004732 -0.0038045 -0.0167826 -0.0199599 -0.0103372 0.0144106 -0.0141416 -0.0010014 0.0040775 -0.0138786 0.0144275 0.0007850 0.0153432 0.0054355 0.0051627 -0.0017798 0.0155210 -0.0171642 0.0001582 0.0092577 0.0013577
-0.0049072 -0.0109922 -0.0137308 -0.0065366 -0.0159470 -0.0095676 -0.0107963 -0.0078713 -0.0107129 -0.0114639 -0.0180573 -0.0046476 -0.0091323 -0.0104856 -0.0132488 -0.0080204 -0.0109452 -0.0137837 -0.0154464 -0.0039432 -0.0117270 -0.0154058 -0.0060881 -0.0089215 -0.0068194 -0.0019235 -0.0106819 -0.0075598 -0.0062278 -0.0183962 -0.0046935 -0.0092500 0.0007488 0.0014412 -0.0028900 -0.0030676 0.0008705 -0.0041368 -0.0003204 -0.0020164 0.8033648 0.0045319 -0.0001948 -0.0018261 0.0014362 -0.0027125 0.0031637 0.0032236 -0.0012204 0.0004603 0.0011937 0.0015896 0.0001648 -0.0010459 -0.0004542 0.0011309 -0.0019652 -0.0010754 -0.0003698 0.0019798 0.0007954 0.0031076 0.0036537 0.0036354 0.0013321 -0.0016078 0.0032147 -0.0008687 -0.0011188 0.0035232 -0.0001210 0.0013366 -0.0012595 -0.0015322 -0.0021936 -0.0006619 -0.0010552 0.0036673 0.0012416 0.0000570 0.0022255
0.0309350 -0.0099118 -0.0248416 0.0330509 -0.0418338 -0.0154190 -0.0058671 0.0144571 -0.0259003 -0.0312956 -0.0484781 0.0217780 -0.0111599 -0.0106468 -0.0310318 0.0205208 -0.0386246 -0.0439336 -0.0427933 0.0244321 -0.0257479 -0.0421485 0.0369718 -0.0063246 0.0225218 0.0324706 -0.0195116 -0.0121363 -0.0123937 -0.0490555 0.0118355 -0.0106495 0.0112187 0.0129341 -0.0157452 -0.0209248 0.0006625 -0.0253010 0.0000873 -0.0179915 0.0045319 0.8481541 0.0136904 -0.0079866 0.0085057 -0.0135327 0.0065164 0.0173849 -0.0073377 0.0035891 0.0010579 0.0193638 -0.0093659 -0.0182167 -0.0050403 0.0013218 -0.0228840 -0.0061051 -0.0086404 0.0061484 0.0009767 0.0059953 0.0226582 0.0265499 0.0120584 -0.0168479 0.0185026 0.0016747 -0.0065480 0.0185269 -0.0162759 0.0005894 -0.0173528 -0.0075590 -0.0074762 0.0017484 -0.0189413 0.0223930 0.0004779 -0.0101435 -0.0008397
0.0098233 -0.0140216 -0.0198023 0.0095826 -0.0309930 -0.0118411 -0.0090008 0.0037341 -0.0214578 -0.0295542 -0.0360580 0.0073540 -0.0130549 -0.0141923 -0.0247838 0.0028857 -0.0276541 -0.0320955 -0.0342700 0.0084339 -0.0197837 -0.0274091 0.0122803 -0.0111880 0.0046256 0.0096892 -0.0148844 -0.0084994 -0.0151862 -0.0365455 -0.0014203 -0.0130930 0.0087558 0.0096789 -0.0096332 -0.0115166 0.0003401 -0.0145726 -0.0007569 -0.0119920 -0.0001948 0.0136904 0.7834814 -0.0025707 0.0048030 -0.0077280 0.0019658 0.0110206 -0.0029421 0.0034215 0.0010800 0.0134423 -0.0052530 -0.0119894 -0.0015341 0.0007781 -0.0141867 -0.0012296 -0.0062803 0.0018099 0.0003115 0.0015174 0.0121382 0.0156936 0.0098467 -0.0110195 0.0119749 0.0023889 -0.0028261 0.0115714 -0.0133634 0.0005332 -0.0111679 -0.0028075 -0.0025193 0.0016651 -0.0134089 0.0126285 0.0004331 -0.0084615 -0.0016957
-0.0234159 -0.0127400 -0.0096655 -0.0257468 -0.0015464 -0.0069521 -0.0128182 -0.0164332 -0.0021531 -0.0089870 0.0000683 -0.0186343 -0.0117727 -0.0128873 -0.0057055 -0.0201366 0.0039680 0.0037035 -0.0027616 -0.0202701 -0.0036958 -0.0004529 -0.0296706 -0.0124980 -0.0214751 -0.0230319 -0.0036095 -0.0028631 -0.0098063 0.0011955 -0.0147158 -0.0094216 -0.0023780 -0.0025495 0.0044658 0.0071069 0.0000747 0.0075066 0.0000826 0.0058200 -0.0018261 -0.0079866 -0.0025707 0.7852949 -0.0023262 0.0045616 -0.0022520 -0.0053137 0.0038820 -0.0011007 0.0002446 -0.0054779 0.0036643 0.0047552 0.0024141 -0.0002580 0.0073965 0.0023194 0.0027535 -0.0031389 0.0004405 -0.0029335 -0.0067387 -0.0081775 -0.0027387 0.0051821 -0.0047618 -0.0008944 0.0019895 -0.0045850 0.0047610 0.0009217 0.0046020 0.0029143 0.0037093 -0.0003992 0.0055896 -0.0065753 -0.0001921 0.0030762 0.0011858
0.0079486 -0.0119573 -0.0176141 0.0064969 -0.0238920 -0.0127159 -0.0063799 -0.0019730 -0.0154010 -0.0185012 -0.0257303 0.0012051 -0.0111746 -0.0116466 -0.0204320 0.0010657 -0.0185946 -0.0215216 -0.0219194 0.0017472 -0.0147095 -0.0213887 0.0067607 -0.0097587 0.0006363 0.0053155 -0.0123332 -0.0065208 -0.0115281 -0.0268011 -0.0036832 -0.0083851 0.0039552 0.0034605 -0.0029409 -0.0075045 0.0002475 -0.0092955 0.0002971 -0.0052061 0.0014362 0.0085057 0.0048030 -0.0023262 0.8064759 -0.0025601 0.0038964 0.0058005 -0.0028523 0.0024414 0.0005304 0.0080828 -0.0042579 -0.0060631 -0.0016974 0.0002411 -0.0094159 -0.0027841 -0.0004269 0.0020244 0.0008617 0.0030303 0.0089608 0.0099709 0.0031195 -0.0048672 0.0056419 0.0015207 -0.0031599 0.0061461 -0.0044071 0.0012682 -0.0058451 -0.0033658 -0.0014596 0.0018881 -0.0064919 0.0083222 0.0000703 -0.0009634 -0.0016224
