1.1126572 -0.0146651 -0.0322950 0.0597594 -0.0703124 -0.0269224 0.0028205 0.0254684 -0.0357357 -0.0422905 -0.0740643 0.0424928 -0.0136402 -0.0139100 -0.0434279 0.0385383 -0.0836378 -0.0836783 -0.0580948 0.0405830 -0.0323077 -0.0665414 0.0598243 -0.0096746 0.0372447 0.0565090 -0.0287094 -0.0133776 -0.0230048 -0.0727153 0.0126206 -0.0054940 0.0334714 0.0309772 -0.0499581 -0.0806337 -0.0066949 -0.0832197 -0.0072191 -0.0670386 -0.0013466 0.0657569 0.0361086 -0.0298138 0.0240342 -0.0467560 0.0058820 0.0493833 -0.0296748 0.0046019 -0.0063414 0.0595909 -0.0381585 -0.0708738 -0.0247383 -0.0086356 -0.0871957 -0.0257192 -0.0356450 0.0071144 -0.0015305 0.0044459 0.0648090 0.0788384 0.0303532 -0.0596516 0.0498650 0.0018625 -0.0266745 0.0485331 -0.0637766 -0.0040694 -0.0695427 -0.0295924 -0.0201313 0.0024249 -0.0702210 0.0683775 -0.0100497 -0.0409254 -0.0201158
-0.0146651 1.0507072 -0.0037285 -0.0144121 -0.0129285 -0.0070085 -0.0121401 -0.0133987 -0.0164144 -0.0079047 -0.0172272 -0.0063032 -0.0083863 -0.0094683 -0.0169709 -0.0121162 -0.0075410 -0.0077525 -0.0141424 -0.0054905 -0.0116734 -0.0087614 -0.0085310 -0.0058133 -0.0092439 -0.0074002 -0.0160669 -0.0090140 -0.0114609 -0.0176577 -0.0119529 -0.0130364 -0.0086513 -0.0081953 -0.0137136 -0.0106093 -0.0072894 -0.0116649 -0.0123732 -0.0108205 -0.0052992 -0.0021579 -0.0088646 -0.0094214 -0.0093839 -0.0100526 -0.0072246 -0.0055278 -0.0109442 -0.0081326 -0.0051281 -0.0087416 -0.0055819 -0.0075337 -0.0048507 -0.0069052 -0.0069398 -0.0078854 -0.0099597 -0.0059315 -0.0076211 -0.0043294 -0.0079030 -0.0031934 -0.0073265 -0.0112447 -0.0047982 -0.0083480 -0.0085433 -0.0048671 -0.0093134 -0.0097147 -0.0093252 -0.0081099 -0.0081699 -0.0077390 -0.0095609 -0.0047979 -0.0081047 -0.0115031 -0.0041175
-0.0322950 -0.0037285 1.0509418 -0.0323315 0.0037094 -0.0044133 -0.0168252 -0.0163947 -0.0094788 -0.0143677 -0.0015605 -0.0159131 -0.0108440 -0.0118655 -0.0074904 -0.0265147 0.0111187 0.0051022 -0.0104295 -0.0184812 -0.0053089 0.0041140 -0.0265155 -0.0139057 -0.0237523 -0.0233870 -0.0079571 -0.0049412 -0.0104082 -0.0038491 -0.0236812 -0.0162873 -0.0128265 -0.0111252 -0.0072393 0.0057276 -0.0075443 0.0048577 -0.0141939 -0.0030909 -0.0117216 -0.0240718 -0.0123435 -0.0047532 -0.0178043 -0.0062185 -0.0142305 -0.0166968 -0.0036255 -0.0097096 -0.0059937 -0.0217446 0.0024282 0.0031872 -0.0002123 -0.0102244 0.0084475 -0.0015061 -0.0067486 -0.0143320 -0.0107377 -0.0154321 -0.0252302 -0.0214727 -0.0106960 -0.0043263 -0.0169700 -0.0106711 -0.0013736 -0.0189282 -0.0040494 -0.0106672 0.0028749 -0.0027482 -0.0034042 -0.0116071 -0.0019171 -0.0219191 -0.0086452 -0.0078526 -0.0083615
0.0597594 -0.0144121 -0.0323315 1.1065748 -0.0679647 -0.0267994 0.0032754 0.0244976 -0.0368850 -0.0388063 -0.0731184 0.0412402 -0.0131814 -0.0122205 -0.0439478 0.0377592 -0.0813643 -0.0824030 -0.0577998 0.0412176 -0.0330405 -0.0670358 0.0594416 -0.0100420 0.0378572 0.0570230 -0.0259832 -0.0125927 -0.0243286 -0.0740429 0.0145025 -0.0111939 0.0326442 0.0284394 -0.0486265 -0.0784953 -0.0082852 -0.0826983 -0.0065894 -0.0653982 -0.0023345 0.0648416 0.0361462 -0.0297047 0.0228637 -0.0466579 0.0061029 0.0485912 -0.0284713 0.0039999 -0.0064540 0.0581996 -0.0383426 -0.0688935 -0.0243554 -0.0088291 -0.0882172 -0.0259217 -0.0353962 0.0087434 -0.0022032 0.0052699 0.0652494 0.0782539 0.0275586 -0.0586510 0.0505473 0.0016321 -0.0269400 0.0472150 -0.0647278 -0.0039522 -0.0690021 -0.0282369 -0.0196519 0.0007908 -0.0682949 0.0684456 -0.0101671 -0.0415842 -0.0199880
-0.0703124 -0.0129285 0.0037094 -0.0679647 1.0768409 -0.0007219 -0.0156217 -0.0455253 0.0016521 0.0089481 0.0327604 -0.0504681 -0.0108907 -0.0116275 0.0034495 -0.0594827 0.0553898 0.0529034 0.0279301 -0.0539381 0.0040178 0.0390258 -0.0671795 -0.0113308 -0.0561869 -0.0657414 -0.0054324 -0.0004801 -0.0112607 0.0338329 -0.0477694 -0.0163002 -0.0429638 -0.0416782 0.0244498 0.0506392 -0.0087953 0.0493462 -0.0119166 0.0345048 -0.0185624 -0.0690432 -0.0469221 0.0066281 -0.0318552 0.0270188 -0.0218462 -0.0537843 0.0071208 -0.0164555 -0.0079454 -0.0616689 0.0155214 0.0435852 0.0109794 -0.0103580 0.0534504 0.0020796 0.0201320 -0.0191423 -0.0106797 -0.0245311 -0.0692500 -0.0706479 -0.0395350 0.0295055 -0.0552270 -0.0154728 0.0055375 -0.0564508 0.0331579 -0.0114808 0.0415795 0.0057054 0.0065297 -0.0146807 0.0384330 -0.0656445 -0.0077394 0.0184142 -0.0029813
-0.0269224 -0.0070085 -0.0044133 -0.0267994 -0.0007219 1.0508872 -0.0121712 -0.0117629 -0.0104337 -0.0150907 -0.0071029 -0.0117647 -0.0096917 -0.0109331 -0.0088676 -0.0204287 0.0028981 0.0012623 -0.0136958 -0.0124654 -0.0059111 -0.0012810 -0.0240311 -0.0108196 -0.0145850 -0.0197843 -0.0103655 -0.0050681 -0.0110034 -0.0050098 -0.0189268 -0.0149414 -0.0089125 -0.0075185 -0.0090258 0.0003726 -0.0072946 -0.0007175 -0.0123411 -0.0079076 -0.0111550 -0.0171076 -0.0078197 -0.0048551 -0.0166059 -0.0055695 -0.0127703 -0.0105224 -0.0050962 -0.0092561 -0.0054999 -0.0157476 0.0001156 -0.0018833 -0.0013988 -0.0082555 0.0037852 -0.0029860 -0.0108141 -0.0112122 -0.0079613 -0.0134949 -0.0190357 -0.0159060 -0.0065536 -0.0074669 -0.0118119 -0.0097091 -0.0031540 -0.0111769 -0.0084236 -0.0086006 -0.0017472 -0.0030473 -0.0041677 -0.0094788 -0.0058946 -0.0160990 -0.0082046 -0.0101321 -0.0057589
0.0028205 -0.0121401 -0.0168252 0.0032754 -0.0156217 -0.0121712 1.0641373 -0.0054112 -0.0152566 -0.0132260 -0.0189441 -0.0052942 -0.0129535 -0.0139309 -0.0207882 -0.0006535 -0.0141222 -0.0158476 -0.0166747 -0.0071696 -0.0071763 -0.0120967 -0.0005690 -0.0147045 -0.0060756 -0.0057495 -0.0125477 -0.0029008 -0.0206850 -0.0148253 -0.0178015 -0.0103426 -0.0019636 -0.0058315 -0.0084714 -0.0183766 -0.0104008 -0.0152729 -0.0077374 -0.0164178 -0.0119626 -0.0015373 -0.0020120 -0.0094084 0.0007452 -0.0045795 -0.0089951 -0.0023400 -0.0092648 -0.0058803 -0.0072006 0.0025731 -0.0143965 -0.0146900 -0.0080987 -0.0089460 -0.0210255 -0.0113195 -0.0055856 -0.0070214 -0.0047604 -0.0097941 0.0003446 0.0057057 -0.0056426 -0.0129240 -0.0022383 -0.0052048 -0.0115744 -0.0041752 -0.0172458 -0.0054569 -0.0163708 -0.0122351 -0.0032832 -0.0025174 -0.0173914 0.0036303 -0.0081090 -0.0081933 -0.0157144
0.0254684 -0.0133987 -0.0163947 0.0244976 -0.0455253 -0.0117629 -0.0054112 1.0703763 -0.0117622 -0.0436669 -0.0483513 0.0252612 -0.0116572 -0.0103632 -0.0153277 0.0271863 -0.0478953 -0.0504150 -0.0448505 0.0264344 -0.0140343 -0.0450104 0.0260878 -0.0114248 0.0262556 0.0256834 -0.0110886 -0.0065773 -0.0137189 -0.0456796 0.0204459 -0.0093854 0.0252917 0.0234702 -0.0409431 -0.0478023 -0.0090248 -0.0496805 -0.0060589 -0.0469368 -0.0064165 0.0334828 0.0258988 -0.0145410 0.0022519 -0.0384739 -0.0060140 0.0289016 -0.0138883 -0.0044197 -0.0053630 0.0334204 -0.0187119 -0.0460225 -0.0124127 -0.0073245 -0.0509879 -0.0132222 -0.0344569 -0.0027082 -0.0024385 -0.0079681 0.0339372 0.0397430 0.0240427 -0.0409528 0.0296549 -0.0057536 -0.0147862 0.0277722 -0.0469660 -0.0045304 -0.0461999 -0.0129597 -0.0110795 -0.0045338 -0.0439921 0.0360593 -0.0101258 -0.0368897 -0.0121101
-0.0357357 -0.0164144 -0.0094788 -0.0368850 0.0016521 -0.0104337 -0.0152566 -0.0117622 1.0653405 -0.0135175 0.0179627 -0.0285828 -0.0153955 -0.0168439 0.0143087 -0.0074141 0.0166491 0.0256024 0.0091942 -0.0296212 0.0065197 -0.0002759 -0.0488404 -0.0202311 -0.0215290 -0.0389226 0.0056440 -0.0020317 -0.0077120 0.0188691 -0.0073682 0.0000399 -0.0148892 -0.0232061 0.0039909 0.0117067 -0.0120261 0.0215164 -0.0057606 0.0121835 -0.0117491 -0.0370754 -0.0307197 0.0052335 -0.0190360 0.0025859 -0.0196316 -0.0285271 0.0060788 -0.0200064 -0.0076022 -0.0286578 0.0054801 0.0119151 -0.0009042 -0.0138281 0.0189200 -0.0050311 -0.0008542 -0.0199869 -0.0051903 -0.0222549 -0.0286415 -0.0389741 -0.0214503 0.0123631 -0.0291731 -0.0207487 -0.0041615 -0.0298742 0.0178264 -0.0046160 0.0097002 -0.0025943 0.0061812 -0.0102194 0.0197469 -0.0277502 -0.0123657 0.0046083 -0.0049719
-0.0422905 -0.0079047 -0.0143677 -0.0388063 0.0089481 -0.0150907 -0.0132260 -0.0436669 -0.0135175 1.0734148 0.0091074 -0.0367000 -0.0081598 -0.0096154 -0.0109234 -0.0430118 0.0285072 0.0267881 0.0144450 -0.0383026 -0.0063472 0.0173413 -0.0352789 -0.0134385 -0.0429714 -0.0370435 -0.0182893 -0.0088165 -0.0082227 0.0104671 -0.0372660 -0.0132056 -0.0365148 -0.0386453 0.0149414 0.0212832 -0.0081749 0.0238296 -0.0110886 0.0221114 -0.0036328 -0.0388208 -0.0412243 -0.0069323 -0.0147103 0.0181094 -0.0070554 -0.0370378 -0.0069575 -0.0107112 -0.0045266 -0.0428801 0.0029255 0.0280189 -0.0011519 -0.0066778 0.0272885 -0.0073480 0.0179757 -0.0076543 -0.0097866 -0.0075128 -0.0381410 -0.0407178 -0.0370232 0.0207651 -0.0375134 -0.0104568 -0.0048126 -0.0375576 0.0276591 -0.0104640 0.0256790 -0.0051235 -0.0023267 -0.0109957 0.0221817 -0.0392873 -0.0057299 0.0212616 -0.0035998
-0.0740643 -0.0172272 -0.0015605 -0.0731184 0.0327604 -0.0071029 -0.0189441 -0.0483513 0.0179627 0.0091074 1.0901988 -0.0540575 -0.0145977 -0.0129225 0.0136066 -0.0529772 0.0657226 0.0727765 0.0363235 -0.0682453 0.0150885 0.0456238 -0.0815692 -0.0256484 -0.0611225 -0.0821999 0.0077884 0.0029706 -0.0125372 0.0519035 -0.0491715 -0.0083868 -0.0461650 -0.0525443 0.0410034 0.0553940 -0.0118558 0.0695180 -0.0113038 0.0502570 -0.0213661 -0.0832169 -0.0557205 0.0123197 -0.0298558 0.0329260 -0.0247431 -0.0671555 0.0146787 -0.0197201 -0.0074481 -0.0683175 0.0197945 0.0542990 0.0081330 -0.0138472 0.0642428 0.0050318 0.0270701 -0.0291306 -0.0108984 -0.0281126 -0.0752676 -0.0854009 -0.0517200 0.0443023 -0.0669785 -0.0166724 0.0065491 -0.0693311 0.0487945 -0.0112986 0.0507894 0.0069891 0.0161393 -0.0103603 0.0499086 -0.0752472 -0.0118355 0.0294088 -0.0083590
0.0424928 -0.0063032 -0.0159131 0.0412402 -0.0504681 -0.0117647 -0.0052942 0.0252612 -0.0285828 -0.0367000 -0.0540575 1.0686084 -0.0060370 -0.0048567 -0.0278550 0.0249085 -0.0585797 -0.0644268 -0.0522254 0.0399540 -0.0240155 -0.0535664 0.0478852 -0.0033275 0.0316863 0.0481995 -0.0219385 -0.0107737 -0.0091923 -0.0628407 0.0208731 -0.0100631 0.0278641 0.0316197 -0.0474370 -0.0578804 -0.0028220 -0.0651150 -0.0079354 -0.0557460 0.0018413 0.0509159 0.0324702 -0.0216393 0.0093160 -0.0442728 0.0046058 0.0408938 -0.0215614 0.0014248 -0.0023392 0.0415562 -0.0223472 -0.0516482 -0.0148262 -0.0036051 -0.0600513 -0.0115903 -0.0363196 0.0060655 -0.0024047 0.0040498 0.0459735 0.0567100 0.0302301 -0.0502689 0.0418260 -0.0005276 -0.0155371 0.0415092 -0.0518295 -0.0039115 -0.0515321 -0.0157253 -0.0184326 -0.0028174 -0.0526741 0.0485700 -0.0055167 -0.0374194 -0.0088263
-0.0136402 -0.0083863 -0.0108440 -0.0131814 -0.0108907 -0.0096917 -0.0129535 -0.0116572 -0.0153955 -0.0081598 -0.0145977 -0.0060370 1.0391556 -0.0067080 -0.0132651 -0.0170252 -0.0059392 -0.0085467 -0.0134705 -0.0057813 -0.0056514 -0.0062556 -0.0089349 -0.0093846 -0.0115971 -0.0071807 -0.0143418 -0.0078031 -0.0067261 -0.0142616 -0.0153069 -0.0098276 -0.0074602 -0.0074204 -0.0103846 -0.0066363 -0.0058834 -0.0098475 -0.0099184 -0.0093592 -0.0046721 -0.0048711 -0.0067813 -0.0098803 -0.0085077 -0.0108757 -0.0057243 -0.0046957 -0.0091092 -0.0062833 -0.0038402 -0.0080708 -0.0050215 -0.0040235 -0.0044038 -0.0073628 -0.0062454 -0.0061690 -0.0075615 -0.0060095 -0.0070551 -0.0055802 -0.0071728 -0.0033205 -0.0072102 -0.0091955 -0.0043258 -0.0059558 -0.0057735 -0.0055953 -0.0078556 -0.0072596 -0.0047709 -0.0053691 -0.0067458 -0.0072742 -0.0093512 -0.0046695 -0.0070104 -0.0087619 -0.0062459
-0.0139100 -0.0094683 -0.0118655 -0.0122205 -0.0116275 -0.0109331 -0.0139309 -0.0103632 -0.0168439 -0.0096154 -0.0129225 -0.0048567 -0.0067080 1.0472180 -0.0134956 -0.0164690 -0.0071140 -0.0090314 -0.0142575 -0.0073636 -0.0110180 -0.0087874 -0.0048930 -0.0104179 -0.0128589 -0.0046511 -0.0147866 -0.0086831 -0.0089015 -0.0174986 -0.0142840 -0.0115256 -0.0070188 -0.0049640 -0.0108175 -0.0091879 -0.0060920 -0.0121255 -0.0114532 -0.0114797 -0.0042601 -0.0037882 -0.0075912 -0.0105122 -0.0081703 -0.0124994 -0.0060974 -0.0051994 -0.0097531 -0.0062598 -0.0042498 -0.0082979 -0.0055382 -0.0066365 -0.0058453 -0.0058613 -0.0078417 -0.0070793 -0.0099972 -0.0063165 -0.0077223 -0.0067310 -0.0066581 -0.0014685 -0.0058923 -0.0110188 -0.0041747 -0.0058224 -0.0069638 -0.0058309 -0.0086470 -0.0075570 -0.0075195 -0.0069675 -0.0081456 -0.0081618 -0.0104827 -0.0046609 -0.0061599 -0.0089993 -0.0073997
-0.0434279 -0.0169709 -0.0074904 -0.0439478 0.0034495 -0.0088676 -0.0207882 -0.0153277 0.0143087 -0.0109234 0.0136066 -0.0278550 -0.0132651 -0.0134956 1.0638412 -0.0190577 0.0207303 0.0218238 0.0032511 -0.0290210 0.0031882 0.0016959 -0.0489424 -0.0175691 -0.0248881 -0.0389711 0.0012355 -0.0048503 -0.0036688 0.0126976 -0.0133147 -0.0064057 -0.0168886 -0.0219161 0.0008899 0.0142880 -0.0116267 0.0214290 -0.0092553 0.0093363 -0.0109921 -0.0371902 -0.0280153 0.0023151 -0.0228090 -0.0002036 -0.0184713 -0.0278679 0.0032139 -0.0203858 -0.0075811 -0.0330448 0.0083932 0.0134524 0.0006007 -0.0117130 0.0234459 -0.0022634 -0.0021318 -0.0186539 -0.0073301 -0.0197119 -0.0321711 -0.0398504 -0.0203048 0.0096893 -0.0283428 -0.0185185 -0.0011400 -0.0297180 0.0142421 -0.0077147 0.0108555 -0.0009590 0.0022837 -0.0127983 0.0170699 -0.0303441 -0.0110876 0.0008295 -0.0044056
0.0385383 -0.0121162 -0.0265147 0.0377592 -0.0594827 -0.0204287 -0.0006535 0.0271863 -0.0074141 -0.0430118 -0.0529772 0.0249085 -0.0170252 -0.0164690 -0.0190577 1.0907094 -0.0614013 -0.0572547 -0.0443293 0.0265330 -0.0184394 -0.0600755 0.0294918 -0.0159914 0.0360195 0.0336889 -0.0136696 -0.0076833 -0.0185861 -0.0509982 0.0252202 -0.0069218 0.0286823 0.0218146 -0.0422670 -0.0618444 -0.0120680 -0.0586751 -0.0051222 -0.0508520 -0.0054998 0.0415997 0.0215402 -0.0165800 0.0107528 -0.0365936 -0.0046765 0.0322003 -0.0174808 -0.0073258 -0.0071344 0.0407335 -0.0261851 -0.0555072 -0.0189501 -0.0125821 -0.0623561 -0.0212738 -0.0331105 -0.0024480 0.0002343 -0.0056019 0.0459139 0.0481226 0.0224273 -0.0444836 0.0333745 -0.0084653 -0.0234657 0.0315432 -0.0475984 -0.0022888 -0.0553052 -0.0227646 -0.0105341 -0.0017543 -0.0487340 0.0477756 -0.0112636 -0.0343397 -0.0151311
-0.0836378 -0.0075410 0.0111187 -0.0813643 0.0553898 0.0028981 -0.0141222 -0.0478953 0.0166491 0.0285072 0.0657226 -0.0585797 -0.0059392 -0.0071140 0.0207303 -0.0614013 1.0801647 0.0728264 0.0500369 -0.0633387 0.0175521 0.0599035 -0.0845115 -0.0121741 -0.0658147 -0.0782130 0.0074356 0.0051613 0.0002498 0.0644022 -0.0537403 -0.0071043 -0.0465590 -0.0504264 0.0441622 0.0662294 -0.0067473 0.0738463 -0.0075991 0.0568174 -0.0141436 -0.0794383 -0.0545443 0.0151182 -0.0290068 0.0423245 -0.0198720 -0.0624397 0.0152465 -0.0150911 -0.0045635 -0.0691328 0.0240398 0.0584808 0.0135295 -0.0069518 0.0716873 0.0094449 0.0321148 -0.0213648 -0.0092909 -0.0208030 -0.0755476 -0.0807488 -0.0478366 0.0493609 -0.0633076 -0.0123106 0.0124086 -0.0644259 0.0536857 -0.0082565 0.0578084 0.0125953 0.0139702 -0.0099419 0.0560387 -0.0730160 -0.0043352 0.0333182 0.0006084
-0.0836783 -0.0077525 0.0051022 -0.0824030 0.0529034 0.0012623 -0.0158476 -0.0504150 0.0256024 0.0267881 0.0727765 -0.0644268 -0.0085467 -0.0090314 0.0218238 -0.0572547 0.0728264 1.0894339 0.0536062 -0.0693171 0.0204328 0.0605465 -0.0897725 -0.0157493 -0.0633399 -0.0864133 0.0119849 0.0063861 -0.0038131 0.0692603 -0.0501370 -0.0053868 -0.0475571 -0.0539976 0.0478428 0.0681934 -0.0090189 0.0776730 -0.0070471 0.0609408 -0.0166271 -0.0840839 -0.0584772 0.0188304 -0.0289385 0.0444773 -0.0227713 -0.0668109 0.0185385 -0.0165164 -0.0050607 -0.0718682 0.0231861 0.0612917 0.0121434 -0.0100920 0.0751793 0.0077808 0.0338612 -0.0244910 -0.0088729 -0.0229720 -0.0782033 -0.0860019 -0.0515629 0.0541400 -0.0688139 -0.0143652 0.0109636 -0.0692490 0.0583301 -0.0074014 0.0601319 0.0118335 0.0166767 -0.0080875 0.0600893 -0.0761464 -0.0078017 0.0371514 -0.0003531
-0.0580948 -0.0141424 -0.0104295 -0.0577998 0.0279301 -0.0136958 -0.0166747 -0.0448505 0.0091942 0.0144450 0.0363235 -0.0522254 -0.0134705 -0.0142575 0.0032511 -0.0443293 0.0500369 0.0536062 1.0808022 -0.0559653 0.0059187 0.0324147 -0.0642428 -0.0195272 -0.0518992 -0.0639631 -0.0044082 -0.0003142 -0.0139542 0.0354315 -0.0410862 -0.0103138 -0.0412631 -0.0500883 0.0309971 0.0421259 -0.0121975 0.0504236 -0.0088940 0.0410546 -0.0149604 -0.0667290 -0.0527824 0.0058922 -0.0222101 0.0299252 -0.0199451 -0.0557294 0.0073306 -0.0173571 -0.0076408 -0.0570177 0.0111068 0.0422176 0.0046840 -0.0123956 0.0486048 -0.0032539 0.0269687 -0.0192151 -0.0079432 -0.0205636 -0.0584459 -0.0680692 -0.0477580 0.0356684 -0.0571160 -0.0158228 -0.0003805 -0.0569826 0.0417815 -0.0082822 0.0406758 0.0000798 0.0101088 -0.0102886 0.0420215 -0.0594872 -0.0101777 0.0272512 -0.0074780
0.0405830 -0.0054905 -0.0184812 0.0412176 -0.0539381 -0.0124654 -0.0071696 0.0264344 -0.0296212 -0.0383026 -0.0682453 0.0399540 -0.0057813 -0.0073636 -0.0290210 0.0265330 -0.0633387 -0.0693171 -0.0559653 1.0790329 -0.0255456 -0.0577374 0.0484683 -0.0043038 0.0317866 0.0499993 -0.0229794 -0.0126361 -0.0085899 -0.0651456 0.0230314 -0.0108628 0.0290336 0.0328318 -0.0510744 -0.0619465 -0.0043902 -0.0701346 -0.0080921 -0.0592326 0.0027428 0.0550246 0.0342747 -0.0232476 0.0104611 -0.0472552 0.0045473 0.0442145 -0.0231476 0.0016724 -0.0025293 0.0439741 -0.0241210 -0.0564820 -0.0152795 -0.0031974 -0.0644276 -0.0153933 -0.0394489 0.0063758 -0.0029258 0.0026362 0.0500677 0.0608920 0.0329753 -0.0536971 0.0454401 0.0008462 -0.0164213 0.0442392 -0.0553275 -0.0048959 -0.0546688 -0.0171444 -0.0199805 -0.0046252 -0.0574661 0.0524088 -0.0051612 -0.0418524 -0.0090629
-0.0323077 -0.0116734 -0.0053089 -0.0330405 0.0040178 -0.0059111 -0.0071763 -0.0140343 0.0065197 -0.0063472 0.0150885 -0.0240155 -0.0056514 -0.0110180 0.0031882 -0.0184394 0.0175521 0.0204328 0.0059187 -0.0255456 1.0465981 0.0130270 -0.0351836 -0.0151653 -0.0238907 -0.0335704 -0.0003621 0.0002505 -0.0095001 0.0178879 -0.0212666 -0.0066421 -0.0155942 -0.0185403 0.0079979 0.0142220 -0.0083487 0.0185543 -0.0083472 0.0099135 -0.0119723 -0.0316897 -0.0200316 0.0024057 -0.0142978 0.0052461 -0.0148101 -0.0234969 0.0030294 -0.0109054 -0.0050320 -0.0236029 0.0042259 0.0119504 0.0011011 -0.0102172 0.0173143 -0.0015366 0.0024557 -0.0154648 -0.0064669 -0.0171847 -0.0281437 -0.0299669 -0.0175917 0.0096187 -0.0237544 -0.0098768 -0.0007881 -0.0256600 0.0097194 -0.0064638 0.0113534 -0.0006243 0.0038979 -0.0074835 0.0109361 -0.0256877 -0.0087256 0.0034229 -0.0067938
-0.0665414 -0.0087614 0.0041140 -0.0670358 0.0390258 -0.0012810 -0.0120967 -0.0450104 -0.0002759 0.0173413 0.0456238 -0.0535664 -0.0062556 -0.0087874 0.0016959 -0.0600755 0.0599035 0.0605465 0.0324147 -0.0577374 0.0130270 1.0779209 -0.0653018 -0.0137261 -0.0583237 -0.0713096 0.0013404 0.0043184 -0.0140320 0.0451576 -0.0595801 -0.0121670 -0.0432941 -0.0442691 0.0373916 0.0548006 -0.0092043 0.0587451 -0.0112748 0.0434281 -0.0204416 -0.0729746 -0.0414618 0.0083988 -0.0262921 0.0331074 -0.0211747 -0.0561847 0.0097535 -0.0110814 -0.0063518 -0.0591914 0.0152935 0.0488775 0.0100288 -0.0089435 0.0551332 0.0053770 0.0262884 -0.0213041 -0.0120391 -0.0211562 -0.0705128 -0.0701337 -0.0434372 0.0375109 -0.0582267 -0.0078575 0.0078931 -0.0596452 0.0360934 -0.0095702 0.0456494 0.0088847 0.0113826 -0.0081866 0.0387929 -0.0681947 -0.0071519 0.0222074 -0.0075261
0.0598243 -0.0085310 -0.0265155 0.0594416 -0.0671795 -0.0240311 -0.0005690 0.0260878 -0.0488404 -0.0352789 -0.0815692 0.0478852 -0.0089349 -0.0048930 -0.0489424 0.0294918 -0.0845115 -0.0897725 -0.0642428 0.0484683 -0.0351836 -0.0653018 1.1073321 -0.0047476 0.0362890 0.0635875 -0.0337041 -0.0156759 -0.0199604 -0.0806272 0.0124497 -0.0155253 0.0359574 0.0360928 -0.0557825 -0.0789486 -0.0045535 -0.0894305 -0.0097621 -0.0712401 0.0020313 0.0721478 0.0430035 -0.0324723 0.0215303 -0.0521947 0.0113181 0.0547937 -0.0322557 0.0075557 -0.0026162 0.0595268 -0.0375492 -0.0698062 -0.0228278 -0.0057229 -0.0881586 -0.0228091 -0.0392392 0.0119192 -0.0040504 0.0087099 0.0648071 0.0845945 0.0357042 -0.0647983 0.0544720 0.0055301 -0.0240211 0.0531340 -0.0691222 -0.0059490 -0.0692411 -0.0254733 -0.0254215 0.0009858 -0.0759729 0.0693692 -0.0065467 -0.0457779 -0.0176555
-0.0096746 -0.0058133 -0.0139057 -0.0100420 -0.0113308 -0.0108196 -0.0147045 -0.0114248 -0.0202311 -0.0134385 -0.0256484 -0.0033275 -0.0093846 -0.0104179 -0.0175691 -0.0159914 -0.0121741 -0.0157493 -0.0195272 -0.0043038 -0.0151653 -0.0137261 -0.0047476 1.0458418 -0.0090793 -0.0040678 -0.0188711 -0.0118309 -0.0123992 -0.0246118 -0.0140731 -0.0107203 -0.0064659 -0.0041136 -0.0179804 -0.0128621 -0.0080440 -0.0192657 -0.0084385 -0.0165532 -0.0060932 0.0009523 -0.0070610 -0.0133015 -0.0099214 -0.0146703 -0.0068585 -0.0012662 -0.0131802 -0.0083222 -0.0051495 -0.0061166 -0.0076996 -0.0113258 -0.0072053 -0.0080711 -0.0134323 -0.0106251 -0.0104378 -0.0049402 -0.0078711 -0.0075111 -0.0033217 0.0018209 -0.0041840 -0.0178681 -0.0012687 -0.0076115 -0.0100047 -0.0015190 -0.0152670 -0.0086552 -0.0131441 -0.0104479 -0.0117759 -0.0097684 -0.0133796 -0.0003710 -0.0072549 -0.0135796 -0.0071009
0.0372447 -0.0092439 -0.0237523 0.0378572 -0.0561869 -0.0145850 -0.0060756 0.0262556 -0.0215290 -0.0429714 -0.0611225 0.0316863 -0.0115971 -0.0128589 -0.0248881 0.0360195 -0.0658147 -0.0633399 -0.0518992 0.0317866 -0.0238907 -0.0583237 0.0362890 -0.0090793 1.0807657 0.0399587 -0.0188514 -0.0117350 -0.0168348 -0.0597401 0.0203181 -0.0099398 0.0287315 0.0265969 -0.0470656 -0.0630851 -0.0093210 -0.0663626 -0.0071693 -0.0566183 -0.0023954 0.0489024 0.0267227 -0.0204244 0.0095160 -0.0440922 -0.0008367 0.0377511 -0.0215230 -0.0039916 -0.0061847 0.0412213 -0.0261415 -0.0573043 -0.0192244 -0.0080584 -0.0647611 -0.0180266 -0.0375582 0.0009553 -0.0019493 -0.0024413 0.0484983 0.0559886 0.0272622 -0.0505422 0.0402131 -0.0050159 -0.0214222 0.0388046 -0.0525286 -0.0037923 -0.0570994 -0.0207143 -0.0165625 -0.0033086 -0.0540517 0.0503014 -0.0104428 -0.0391076 -0.0125153
0.0565090 -0.0074002 -0.0233870 0.0570230 -0.0657414 -0.0197843 -0.0057495 0.0256834 -0.0389226 -0.0370435 -0.0821999 0.0481995 -0.0071807 -0.0046511 -0.0389711 0.0336889 -0.0782130 -0.0864133 -0.0639631 0.0499993 -0.0335704 -0.0713096 0.0635875 -0.0040678 0.0399587 1.1021175 -0.0328053 -0.0173159 -0.0094572 -0.0800769 0.0242750 -0.0124116 0.0337822 0.0379199 -0.0590213 -0.0768076 -0.0022112 -0.0863962 -0.0087902 -0.0680125 0.0079645 0.0721357 0.0363255 -0.0317049 0.0168838 -0.0560267 0.0104848 0.0538383 -0.0311582 0.0030199 -0.0020274 0.0541655 -0.0326042 -0.0662050 -0.0219957 -0.0036412 -0.0798850 -0.0209847 -0.0429375 0.0122373 -0.0020249 0.0102580 0.0651715 0.0791559 0.0357303 -0.0633561 0.0551728 0.0002704 -0.0224747 0.0547180 -0.0629695 -0.0046215 -0.0665142 -0.0248543 -0.0266429 -0.0035059 -0.0683896 0.0676779 -0.0037490 -0.0442858 -0.0100071
-0.0287094 -0.0160669 -0.0079571 -0.0259832 -0.0054324 -0.0103655 -0.0125477 -0.0110886 0.0056440 -0.0182893 0.0077884 -0.0219385 -0.0143418 -0.0147866 0.0012355 -0.0136696 0.0074356 0.0119849 -0.0044082 -0.0229794 -0.0003621 0.0013404 -0.0337041 -0.0188711 -0.0188514 -0.0328053 1.0443273 -0.0011928 -0.0129988 0.0037791 -0.0167284 -0.0094736 -0.0111579 -0.0154657 0.0010096 0.0045682 -0.0110040 0.0100836 -0.0088014 0.0034631 -0.0140080 -0.0273052 -0.0164461 -0.0001145 -0.0148489 -0.0009470 -0.0176393 -0.0200137 -0.0001639 -0.0107796 -0.0068969 -0.0187103 0.0016289 0.0041792 -0.0010251 -0.0101601 0.0087586 -0.0038260 -0.0033704 -0.0152678 -0.0070770 -0.0205640 -0.0226043 -0.0256698 -0.0151414 0.0047262 -0.0198157 -0.0127456 -0.0035357 -0.0221185 0.0014713 -0.0062366 0.0032142 -0.0022322 0.0023692 -0.0082637 0.0054709 -0.0209071 -0.0113028 -0.0042142 -0.0111366
-0.0133776 -0.0090140 -0.0049412 -0.0125927 -0.0004801 -0.0050681 -0.0029008 -0.0065773 -0.0020317 -0.0088165 0.0029706 -0.0107737 -0.0078031 -0.0086831 -0.0048503 -0.0076833 0.0051613 0.0063861 -0.0003142 -0.0126361 0.0002505 0.0043184 -0.0156759 -0.0118309 -0.0117350 -0.0173159 -0.0011928 1.0314717 -0.0112603 0.0015399 -0.0157663 -0.0054622 -0.0060725 -0.0083824 0.0035766 0.0024836 -0.0056172 0.0051369 -0.0056406 0.0004577 -0.0106928 -0.0151359 -0.0062992 0.0002544 -0.0051219 0.0019152 -0.0096266 -0.0104357 -0.0003033 -0.0042905 -0.0037538 -0.0078704 -0.0013711 0.0016258 -0.0008283 -0.0065416 0.0014016 -0.0024872 -0.0002464 -0.0091450 -0.0036690 -0.0108198 -0.0129006 -0.0117817 -0.0077462 0.0015985 -0.0108688 -0.0041789 -0.0012060 -0.0123956 -0.0018518 -0.0042237 0.0014219 -0.0018360 0.0025960 -0.0029378 -0.0008224 -0.0114510 -0.0059686 -0.0027770 -0.0084758
-0.0230048 -0.0114609 -0.0104082 -0.0243286 -0.0112607 -0.0110034 -0.0206850 -0.0137189 -0.0077120 -0.0082227 -0.0125372 -0.0091923 -0.0067261 -0.0089015 -0.0036688 -0.0185861 0.0002498 -0.0038131 -0.0139542 -0.0085899 -0.0095001 -0.0140320 -0.0199604 -0.0123992 -0.0168348 -0.0094572 -0.0129988 -0.0112603 1.0453602 -0.0152997 -0.0089770 -0.0127067 -0.0102576 -0.0088869 -0.0137034 -0.0044127 -0.0065423 -0.0077030 -0.0113218 -0.0070696 0.0003152 -0.0086147 -0.0170809 -0.0102041 -0.0133658 -0.0136605 -0.0056616 -0.0080492 -0.0087300 -0.0124320 -0.0036740 -0.0176886 0.0006302 -0.0013800 -0.0038215 -0.0073491 0.0022253 -0.0071655 -0.0118266 -0.0075374 -0.0073638 -0.0069644 -0.0114809 -0.0106411 -0.0084085 -0.0063836 -0.0084235 -0.0126711 -0.0063400 -0.0087988 0.0003359 -0.0085290 -0.0028091 -0.0053912 -0.0101613 -0.0131580 -0.0012337 -0.0092180 -0.0066544 -0.0075047 -0.0002787
-0.0727153 -0.0176577 -0.0038491 -0.0740429 0.0338329 -0.0050098 -0.0148253 -0.0456796 0.0188691 0.0104671 0.0519035 -0.0628407 -0.0142616 -0.0174986 0.0126976 -0.0509982 0.0644022 0.0692603 0.0354315 -0.0651456 0.0178879 0.0451576 -0.0806272 -0.0246118 -0.0597401 -0.0800769 0.0037791 0.0015399 -0.0152997 1.0917865 -0.0471832 -0.0117708 -0.0455538 -0.0516265 0.0347734 0.0535824 -0.0140719 0.0664497 -0.0101395 0.0456096 -0.0211236 -0.0817893 -0.0542711 0.0123882 -0.0310210 0.0351041 -0.0276161 -0.0649344 0.0131252 -0.0202096 -0.0083465 -0.0666933 0.0168479 0.0514753 0.0086423 -0.0149748 0.0608202 0.0029029 0.0270210 -0.0269893 -0.0108670 -0.0295721 -0.0746077 -0.0846377 -0.0500677 0.0430946 -0.0668421 -0.0189215 0.0057267 -0.0671134 0.0464859 -0.0098050 0.0474604 0.0065351 0.0148708 -0.0115545 0.0491431 -0.0743071 -0.0112480 0.0282637 -0.0070546
0.0126206 -0.0119529 -0.0236812 0.0145025 -0.0477694 -0.0189268 -0.0178015 0.0204459 -0.0073682 -0.0372660 -0.0491715 0.0208731 -0.0153069 -0.0142840 -0.0133147 0.0252202 -0.0537403 -0.0501370 -0.0410862 0.0230314 -0.0212666 -0.0595801 0.0124497 -0.0140731 0.0203181 0.0242750 -0.0167284 -0.0157663 -0.0089770 -0.0471832 1.0661105 -0.0119582 0.0213354 0.0174417 -0.0478146 -0.0515334 -0.0109073 -0.0514668 -0.0076071 -0.0463571 -0.0001837 0.0339095 0.0094194 -0.0168652 -0.0025179 -0.0433358 -0.0044620 0.0274104 -0.0178922 -0.0142835 -0.0067890 0.0229244 -0.0179868 -0.0459377 -0.0154310 -0.0105153 -0.0460422 -0.0172728 -0.0356843 -0.0028371 -0.0042898 -0.0042491 0.0343773 0.0350638 0.0170320 -0.0406050 0.0264944 -0.0145969 -0.0189476 0.0252288 -0.0367205 -0.0059888 -0.0472406 -0.0195132 -0.0167713 -0.0104301 -0.0361433 0.0368874 -0.0118382 -0.0326189 -0.0050306
-0.0054940 -0.0130364 -0.0162873 -0.0111939 -0.0163002 -0.0149414 -0.0103426 -0.0093854 0.0000399 -0.0132056 -0.0083868 -0.0100631 -0.0098276 -0.0115256 -0.0064057 -0.0069218 -0.0071043 -0.0053868 -0.0103138 -0.0108628 -0.0066421 -0.0121670 -0.0155253 -0.0107203 -0.0099398 -0.0124116 -0.0094736 -0.0054622 -0.0127067 -0.0117708 -0.0119582 1.0468758 -0.0055102 -0.0101995 -0.0060157 -0.0098931 -0.0084391 -0.0062731 -0.0076684 -0.0081700 -0.0069526 -0.0087548 -0.0125016 -0.0072496 -0.0047092 -0.0084794 -0.0088216 -0.0083507 -0.0067039 -0.0096987 -0.0054441 -0.0073710 -0.0066263 -0.0057766 -0.0065415 -0.0100645 -0.0068829 -0.0096551 -0.0053699 -0.0090204 -0.0055389 -0.0096524 -0.0054417 -0.0070079 -0.0091710 -0.0058015 -0.0083679 -0.0105028 -0.0091023 -0.0096157 -0.0039809 -0.0063160 -0.0061779 -0.0102514 -0.0028810 -0.0063637 -0.0060542 -0.0047417 -0.0090802 -0.0051560 -0.0087861
0.0334714 -0.0086513 -0.0128265 0.0326442 -0.0429638 -0.0089125 -0.0019636 0.0252917 -0.0148892 -0.0365148 -0.0461650 0.0278641 -0.0074602 -0.0070188 -0.0168886 0.0286823 -0.0465590 -0.0475571 -0.0412631 0.0290336 -0.0155942 -0.0432941 0.0359574 -0.0064659 0.0287315 0.0337822 -0.0111579 -0.0060725 -0.0102576 -0.0455538 0.0213354 -0.0055102 1.0295013 0.0255428 -0.0345070 -0.0425238 -0.0037814 -0.0463181 -0.0025500 -0.0420796 -0.0024733 0.0361520 0.0268887 -0.0119452 0.0069393 -0.0322936 -0.0007757 0.0308528 -0.0126897 0.0006886 -0.0030311 0.0336735 -0.0159067 -0.0409380 -0.0108768 -0.0048448 -0.0457898 -0.0104257 -0.0280801 0.0013175 -0.0008029 -0.0024070 0.0348047 0.0398065 0.0244617 -0.0365883 0.0312612 -0.0015734 -0.0117386 0.0308086 -0.0409479 -0.0020665 -0.0417277 -0.0117851 -0.0100723 -0.0009217 -0.0397512 0.0360946 -0.0044946 -0.0304601 -0.0079780
0.0309772 -0.0081953 -0.0111252 0.0284394 -0.0416782 -0.0075185 -0.0058315 0.0234702 -0.0232061 -0.0386453 -0.0525443 0.0316197 -0.0074204 -0.0049640 -0.0219161 0.0218146 -0.0504264 -0.0539976 -0.0500883 0.0328318 -0.0185403 -0.0442691 0.0360928 -0.0041136 0.0265969 0.0379199 -0.0154657 -0.0083824 -0.0088869 -0.0516265 0.0174417 -0.0101995 0.0255428 1.0361042 -0.0420140 -0.0474628 -0.0026300 -0.0531212 -0.0075992 -0.0484995 -0.0012978 0.0418346 0.0308362 -0.0145428 0.0050926 -0.0386810 0.0000250 0.0350055 -0.0157083 0.0017763 -0.0026009 0.0354883 -0.0169792 -0.0441087 -0.0109561 -0.0030852 -0.0476519 -0.0088281 -0.0342127 0.0019435 -0.0031236 -0.0016879 0.0361105 0.0452043 0.0303117 -0.0444569 0.0358548 0.0006767 -0.0112384 0.0353936 -0.0470346 -0.0040946 -0.0440224 -0.0115414 -0.0139145 -0.0035794 -0.0469210 0.0382113 -0.0043907 -0.0365266 -0.0075759
-0.0499581 -0.0137136 -0.0072393 -0.0486265 0.0244498 -0.0090258 -0.0084714 -0.0409431 0.0039909 0.0149414 0.0410034 -0.0474370 -0.0103846 -0.0108175 0.0008899 -0.0422670 0.0441622 0.0478428 0.0309971 -0.0510744 0.0079979 0.0373916 -0.0557825 -0.0179804 -0.0470656 -0.0590213 0.0010096 0.0035766 -0.0137034 0.0347734 -0.0478146 -0.0060157 -0.0345070 -0.0420140 1.0349331 0.0396540 -0.0090556 0.0474549 -0.0066590 0.0390684 -0.0145823 -0.0563436 -0.0403922 0.0058522 -0.0139193 0.0308251 -0.0156451 -0.0474452 0.0084610 -0.0092431 -0.0055569 -0.0455490 0.0080265 0.0388826 0.0044862 -0.0097911 0.0398198 -0.0006077 0.0267846 -0.0175123 -0.0072510 -0.0146996 -0.0509791 -0.0547955 -0.0397065 0.0345203 -0.0483014 -0.0079376 0.0004878 -0.0496619 0.0346697 -0.0062843 0.0374383 0.0028776 0.0114144 -0.0031951 0.0330422 -0.0506581 -0.0083215 0.0244364 -0.0086385
-0.0806337 -0.0106093 0.0057276 -0.0784953 0.0506392 0.0003726 -0.0183766 -0.0478023 0.0117067 0.0212832 0.0553940 -0.0578804 -0.0066363 -0.0091879 0.0142880 -0.0618444 0.0662294 0.0681934 0.0421259 -0.0619465 0.0142220 0.0548006 -0.0789486 -0.0128621 -0.0630851 -0.0768076 0.0045682 0.0024836 -0.0044127 0.0535824 -0.0515334 -0.0098931 -0.0425238 -0.0474628 0.0396540 1.0462606 -0.0075708 0.0666894 -0.0069793 0.0517738 -0.0147054 -0.0761804 -0.0498546 0.0129690 -0.0294944 0.0341517 -0.0196941 -0.0591101 0.0140284 -0.0131005 -0.0041440 -0.0663416 0.0224040 0.0557116 0.0131107 -0.0084141 0.0656186 0.0083742 0.0291892 -0.0200868 -0.0092250 -0.0200563 -0.0728899 -0.0766665 -0.0462838 0.0438095 -0.0596981 -0.0119882 0.0105115 -0.0607021 0.0478622 -0.0094065 0.0525955 0.0112643 0.0115749 -0.0104596 0.0508206 -0.0708315 -0.0055765 0.0269006 -0.0003410
-0.0066949 -0.0072894 -0.0075443 -0.0082852 -0.0087953 -0.0072946 -0.0104008 -0.0090248 -0.0120261 -0.0081749 -0.0118558 -0.0028220 -0.0058834 -0.0060920 -0.0116267 -0.0120680 -0.0067473 -0.0090189 -0.0121975 -0.0043902 -0.0083487 -0.0092043 -0.0045535 -0.0080440 -0.0093210 -0.0022112 -0.0110040 -0.0056172 -0.0065423 -0.0140719 -0.0109073 -0.0084391 -0.0037814 -0.0026300 -0.0090556 -0.0075708 1.0109465 -0.0090023 -0.0082402 -0.0080771 -0.0027823 -0.0015575 -0.0053450 -0.0072597 -0.0044214 -0.0088453 -0.0020098 -0.0020586 -0.0074740 -0.0029474 -0.0019183 -0.0049617 -0.0041704 -0.0053061 -0.0036710 -0.0048621 -0.0050816 -0.0038349 -0.0061044 -0.0030892 -0.0056958 -0.0049175 -0.0048569 0.0008555 -0.0024430 -0.0085939 -0.0014851 -0.0044167 -0.0037428 -0.0019100 -0.0064247 -0.0051747 -0.0048311 -0.0055970 -0.0057433 -0.0056891 -0.0084642 -0.0012313 -0.0042207 -0.0074419 -0.0046229
-0.0832197 -0.0116649 0.0048577 -0.0826983 0.0493462 -0.0007175 -0.0152729 -0.0496805 0.0215164 0.0238296 0.0695180 -0.0651150 -0.0098475 -0.0121255 0.0214290 -0.0586751 0.0738463 0.0776730 0.0504236 -0.0701346 0.0185543 0.0587451 -0.0894305 -0.0192657 -0.0663626 -0.0863962 0.0100836 0.0051369 -0.0077030 0.0664497 -0.0514668 -0.0062731 -0.0463181 -0.0531212 0.0474549 0.0666894 -0.0090023 1.0650506 -0.0062455 0.0594198 -0.0171464 -0.0846075 -0.0568121 0.0169993 -0.0298360 0.0431951 -0.0217528 -0.0662935 0.0181314 -0.0167018 -0.0057894 -0.0698007 0.0229929 0.0595693 0.0127301 -0.0104811 0.0733496 0.0079888 0.0327720 -0.0244815 -0.0090420 -0.0235423 -0.0768744 -0.0857014 -0.0513815 0.0512332 -0.0674643 -0.0146514 0.0100196 -0.0690056 0.0562780 -0.0078394 0.0577918 0.0110119 0.0179370 -0.0080945 0.0589371 -0.0759055 -0.0081240 0.0336786 -0.0019522
-0.0072191 -0.0123732 -0.0141939 -0.0065894 -0.0119166 -0.0123411 -0.0077374 -0.0060589 -0.0057606 -0.0110886 -0.0113038 -0.0079354 -0.0099184 -0.0114532 -0.0092553 -0.0051222 -0.0075991 -0.0070471 -0.0088940 -0.0080921 -0.0083472 -0.0112748 -0.0097621 -0.0084385 -0.0071693 -0.0087902 -0.0088014 -0.0056406 -0.0113218 -0.0101395 -0.0076071 -0.0076684 -0.0025500 -0.0075992 -0.0066590 -0.0069793 -0.0082402 -0.0062455 1.0118349 -0.0083567 -0.0063346 -0.0047501 -0.0085189 -0.0058742 -0.0044488 -0.0053208 -0.0076198 -0.0055587 -0.0056981 -0.0088804 -0.0048898 -0.0035904 -0.0055884 -0.0058000 -0.0046299 -0.0078614 -0.0080727 -0.0084674 -0.0024287 -0.0055473 -0.0029077 -0.0085699 -0.0029154 -0.0031567 -0.0072991 -0.0056692 -0.0046032 -0.0076253 -0.0084884 -0.0061041 -0.0056849 -0.0037910 -0.0076079 -0.0073985 -0.0024489 -0.0053275 -0.0037010 -0.0020292 -0.0074089 -0.0041488 -0.0064847
-0.0670386 -0.0108205 -0.0030909 -0.0653982 0.0345048 -0.0079076 -0.0164178 -0.0469368 0.0121835 0.0221114 0.0502570 -0.0557460 -0.0093592 -0.0114797 0.0093363 -0.0508520 0.0568174 0.0609408 0.0410546 -0.0592326 0.0099135 0.0434281 -0.0712401 -0.0165532 -0.0566183 -0.0680125 0.0034631 0.0004577 -0.0070696 0.0456096 -0.0463571 -0.0081700 -0.0420796 -0.0484995 0.0390684 0.0517738 -0.0080771 0.0594198 -0.0083567 1.0478708 -0.0120689 -0.0681769 -0.0522903 0.0105471 -0.0219974 0.0328612 -0.0166807 -0.0557893 0.0107654 -0.0132287 -0.0045197 -0.0598235 0.0160482 0.0498435 0.0078739 -0.0083085 0.0572221 0.0026877 0.0290501 -0.0180866 -0.0087112 -0.0170952 -0.0620600 -0.0696459 -0.0461985 0.0425052 -0.0568865 -0.0123055 0.0051400 -0.0583148 0.0480136 -0.0070324 0.0486498 0.0060023 0.0106986 -0.0086656 0.0469615 -0.0614682 -0.0073936 0.0302707 -0.0037470
-0.0013466 -0.0052992 -0.0117216 -0.0023345 -0.0185624 -0.0111550 -0.0119626 -0.0064165 -0.0117491 -0.0036328 -0.0213661 0.0018413 -0.0046721 -0.0042601 -0.0109921 -0.0054998 -0.0141436 -0.0166271 -0.0149604 0.0027428 -0.0119723 -0.0204416 0.0020313 -0.0060932 -0.0023954 0.0079645 -0.0140080 -0.0106928 0.0003152 -0.0211236 -0.0001837 -0.0069526 -0.0024733 -0.0012978 -0.0145823 -0.0147054 -0.0027823 -0.0171464 -0.0063346 -0.0120689 1.0124718 0.0088265 -0.0070838 -0.0109502 -0.0020733 -0.0154575 0.0030778 0.0044001 -0.0098756 -0.0056630 -0.0011848 -0.0013093 -0.0043554 -0.0084485 -0.0065235 -0.0032103 -0.0110604 -0.0077352 -0.0090984 0.0012264 -0.0033758 0.0024257 0.0064904 0.0073065 -0.0001582 -0.0113096 0.0047567 -0.0069805 -0.0072406 0.0043628 -0.0046103 -0.0033051 -0.0095949 -0.0085590 -0.0104328 -0.0067406 -0.0085330 0.0071642 -0.0024446 -0.0067110 0.0004420
0.0657569 -0.0021579 -0.0240718 0.0648416 -0.0690432 -0.0171076 -0.0015373 0.0334828 -0.0370754 -0.0388208 -0.0832169 0.0509159 -0.0048711 -0.0037882 -0.0371902 0.0415997 -0.0794383 -0.0840839 -0.0667290 0.0550246 -0.0316897 -0.0729746 0.0721478 0.0009523 0.0489024 0.0721357 -0.0273052 -0.0151359 -0.0086147 -0.0817893 0.0339095 -0.0087548 0.0361520 0.0418346 -0.0563436 -0.0761804 -0.0015575 -0.0846075 -0.0047501 -0.0681769 0.0088265 1.0704006 0.0422387 -0.0272061 0.0188833 -0.0525756 0.0125962 0.0557710 -0.0273057 0.0051131 -0.0006391 0.0584126 -0.0296636 -0.0651685 -0.0193579 -0.0008810 -0.0785980 -0.0190264 -0.0410481 0.0140358 -0.0003870 0.0137882 0.0676278 0.0789420 0.0395836 -0.0618540 0.0582602 0.0037505 -0.0214099 0.0586767 -0.0624620 -0.0015423 -0.0644649 -0.0224609 -0.0238101 -0.0005741 -0.0659097 0.0683314 -0.0035027 -0.0438271 -0.0074171
0.0361086 -0.0088646 -0.0123435 0.0361462 -0.0469221 -0.0078197 -0.0020120 0.0258988 -0.0307197 -0.0412243 -0.0557205 0.0324702 -0.0067813 -0.0075912 -0.0280153 0.0215402 -0.0545443 -0.0584772 -0.0527824 0.0342747 -0.0200316 -0.0414618 0.0430035 -0.0070610 0.0267227 0.0363255 -0.0164461 -0.0062992 -0.0170809 -0.0542711 0.0094194 -0.0125016 0.0268887 0.0308362 -0.0403922 -0.0498546 -0.0053450 -0.0568121 -0.0085189 -0.0522903 -0.0070838 0.0422387 1.0306288 -0.0165037 0.0074398 -0.0366400 -0.0006657 0.0365543 -0.0166588 0.0056206 -0.0024606 0.0405778 -0.0214102 -0.0483411 -0.0110093 -0.0044217 -0.0562457 -0.0085822 -0.0336371 0.0025638 -0.0034563 -0.0017179 0.0372839 0.0501182 0.0307283 -0.0468279 0.0389323 0.0030610 -0.0115227 0.0365572 -0.0563903 -0.0049272 -0.0472746 -0.0116159 -0.0128948 -0.0009161 -0.0533889 0.0408181 -0.0052836 -0.0405928 -0.0133521
-0.0298138 -0.0094214 -0.0047532 -0.0297047 0.0066281 -0.0048551 -0.0094084 -0.0145410 0.0052335 -0.0069323 0.0123197 -0.0216393 -0.0098803 -0.0105122 0.0023151 -0.0165800 0.0151182 0.0188304 0.0058922 -0.0232476 0.0024057 0.0083988 -0.0324723 -0.0133015 -0.0204244 -0.0317049 -0.0001145 0.0002544 -0.0102041 0.0123882 -0.0168652 -0.0072496 -0.0119452 -0.0145428 0.0058522 0.0129690 -0.0072597 0.0169993 -0.0058742 0.0105471 -0.0109502 -0.0272061 -0.0165037 1.0079895 -0.0128643 0.0062231 -0.0130112 -0.0210332 0.0031645 -0.0103175 -0.0052266 -0.0209865 0.0034177 0.0098790 0.0011623 -0.0081508 0.0163150 -0.0012095 0.0026926 -0.0138117 -0.0041002 -0.0145089 -0.0241072 -0.0258994 -0.0151700 0.0094578 -0.0203695 -0.0094913 -0.0012187 -0.0204039 0.0084121 -0.0049257 0.0092819 0.0009136 0.0047900 -0.0053701 0.0104719 -0.0226539 -0.0077708 0.0020538 -0.0054827
0.0240342 -0.0093839 -0.0178043 0.0228637 -0.0318552 -0.0166059 0.0007452 0.0022519 -0.0190360 -0.0147103 -0.0298558 0.0093160 -0.0085077 -0.0081703 -0.0228090 0.0107528 -0.0290068 -0.0289385 -0.0222101 0.0104611 -0.0142978 -0.0262921 0.0215303 -0.0099214 0.0095160 0.0168838 -0.0148489 -0.0051219 -0.0133658 -0.0310210 -0.0025179 -0.0047092 0.0069393 0.0050926 -0.0139193 -0.0294944 -0.0044214 -0.0298360 -0.0044488 -0.0219974 -0.0020733 0.0188833 0.0074398 -0.0128643 1.0179766 -0.0128819 0.0024853 0.0120694 -0.0130132 0.0007322 -0.0034329 0.0179544 -0.0169181 -0.0223815 -0.0100233 -0.0055113 -0.0323440 -0.0119450 -0.0092118 0.0015997 -0.0024045 0.0019987 0.0198444 0.0249867 0.0045141 -0.0195853 0.0125889 0.0005234 -0.0126141 0.0114174 -0.0204275 -0.0023579 -0.0230505 -0.0138038 -0.0071902 0.0006569 -0.0246103 0.0205883 -0.0058698 -0.0113065 -0.0103777
-0.0467560 -0.0100526 -0.0062185 -0.0466579 0.0270188 -0.0055695 -0.0045795 -0.0384739 0.0025859 0.0181094 0.0329260 -0.0442728 -0.0108757 -0.0124994 -0.0002036 -0.0365936 0.0423245 0.0444773 0.0299252 -0.0472552 0.0052461 0.0331074 -0.0521947 -0.0146703 -0.0440922 -0.0560267 -0.0009470 0.0019152 -0.0136605 0.0351041 -0.0433358 -0.0084794 -0.0322936 -0.0386810 0.0308251 0.0341517 -0.0088453 0.0431951 -0.0053208 0.0328612 -0.0154575 -0.0525756 -0.0366400 0.0062231 -0.0128819 1.0433620 -0.0145469 -0.0438822 0.0060316 -0.0103818 -0.0057609 -0.0418743 0.0064109 0.0342084 0.0040500 -0.0080031 0.0361042 -0.0006609 0.0244546 -0.0149300 -0.0067290 -0.0157856 -0.0485349 -0.0503385 -0.0370825 0.0299099 -0.0446298 -0.0081345 0.0009401 -0.0451541 0.0296112 -0.0057811 0.0320849 0.0014588 0.0099872 -0.0034225 0.0305898 -0.0461666 -0.0062791 0.0241438 -0.0071064
