1.1057944 -0.0146876 -0.0333905 0.0599436 -0.0708349 -0.0283540 0.0037948 0.0255615 -0.0365532 -0.0400680 -0.0745949 0.0434233 -0.0141217 -0.0144562 -0.0437918 0.0379972 -0.0848742 -0.0850060 -0.0567446 0.0405994 -0.0306480 -0.0689496 0.0608567 -0.0113112 0.0367091 0.0594200 -0.0299867 -0.0132823 -0.0250106 -0.0735864 0.0114231 -0.0053753 0.0330768 0.0304064 -0.0501029 -0.0804884 -0.0069336 -0.0844823 -0.0068102 -0.0681392 -0.0003653 0.0662313 0.0386717 -0.0286149 0.0255035 -0.0454748 0.0069324 0.0493753 -0.0293870 0.0063024 -0.0048577 0.0618145 -0.0387725 -0.0706783 -0.0235116 -0.0072617 -0.0882874 -0.0270089 -0.0347045 0.0082328 -0.0013881 0.0057416 0.0659284 0.0799153 0.0327419 -0.0601175 0.0509517 0.0005593 -0.0261347 0.0486583 -0.0648442 -0.0046795 -0.0711387 -0.0310152 -0.0203636 0.0046927 -0.0711540 0.0679477 -0.0106387 -0.0380305 -0.0200515
-0.0146876 1.0432462 -0.0032266 -0.0144090 -0.0126501 -0.0062698 -0.0113724 -0.0130082 -0.0172857 -0.0087392 -0.0171953 -0.0048017 -0.0084758 -0.0090765 -0.0157527 -0.0124564 -0.0083372 -0.0087427 -0.0136127 -0.0050585 -0.0115529 -0.0103605 -0.0093606 -0.0052918 -0.0082013 -0.0063997 -0.0159044 -0.0084466 -0.0105632 -0.0177091 -0.0117880 -0.0138031 -0.0085391 -0.0069692 -0.0141212 -0.0098609 -0.0075306 -0.0121045 -0.0101492 -0.0106098 -0.0052811 -0.0018124 -0.0081051 -0.0082511 -0.0096361 -0.0099441 -0.0076555 -0.0055783 -0.0106443 -0.0074533 -0.0039983 -0.0081052 -0.0051027 -0.0078240 -0.0053900 -0.0061769 -0.0079527 -0.0070546 -0.0102838 -0.0054990 -0.0077726 -0.0042362 -0.0076640 -0.0030471 -0.0059749 -0.0114201 -0.0046436 -0.0086576 -0.0084595 -0.0036353 -0.0093148 -0.0093619 -0.0099206 -0.0078827 -0.0080114 -0.0073451 -0.0097987 -0.0039525 -0.0084720 -0.0123457 -0.0038073
-0.0333905 -0.0032266 1.0415124 -0.0315881 0.0028469 -0.0043650 -0.0153153 -0.0152469 -0.0087121 -0.0136552 -0.0020797 -0.0162691 -0.0110096 -0.0108401 -0.0067951 -0.0252641 0.0103268 0.0049349 -0.0107475 -0.0185654 -0.0050455 0.0032459 -0.0259693 -0.0134183 -0.0228729 -0.0230973 -0.0083226 -0.0042223 -0.0104975 -0.0047025 -0.0216157 -0.0157248 -0.0126311 -0.0098514 -0.0062225 0.0054371 -0.0079295 0.0035057 -0.0141188 -0.0027280 -0.0124707 -0.0226416 -0.0123667 -0.0065202 -0.0175204 -0.0063181 -0.0144090 -0.0160141 -0.0039113 -0.0090168 -0.0059311 -0.0214418 0.0015753 0.0030889 0.0001186 -0.0096025 0.0078340 -0.0011860 -0.0076915 -0.0139275 -0.0097279 -0.0160557 -0.0254047 -0.0206075 -0.0090498 -0.0052994 -0.0163549 -0.0096219 -0.0004456 -0.0175862 -0.0040007 -0.0110478 0.0018620 -0.0009413 -0.0039627 -0.0123499 -0.0040474 -0.0221590 -0.0086890 -0.0085469 -0.0077038
0.0599436 -0.0144090 -0.0315881 1.0994267 -0.0691476 -0.0281166 0.0033163 0.0248345 -0.0381030 -0.0364771 -0.0726226 0.0412093 -0.0142412 -0.0109601 -0.0435627 0.0375515 -0.0812532 -0.0836356 -0.0583206 0.0427197 -0.0325154 -0.0677093 0.0607996 -0.0103727 0.0374359 0.0575227 -0.0275602 -0.0127002 -0.0243502 -0.0741353 0.0146164 -0.0121884 0.0322850 0.0285950 -0.0495878 -0.0794737 -0.0096097 -0.0834493 -0.0059026 -0.0662793 -0.0008327 0.0656495 0.0374856 -0.0293555 0.0249037 -0.0455573 0.0078789 0.0481452 -0.0283437 0.0054348 -0.0055234 0.0609180 -0.0377768 -0.0681532 -0.0236804 -0.0088513 -0.0884921 -0.0262314 -0.0343373 0.0102816 -0.0019679 0.0051529 0.0657818 0.0781793 0.0287264 -0.0586449 0.0499285 0.0017341 -0.0271390 0.0469823 -0.0658858 -0.0028733 -0.0711781 -0.0313163 -0.0196318 0.0019829 -0.0689229 0.0689855 -0.0110509 -0.0390424 -0.0201686
-0.0708349 -0.0126501 0.0028469 -0.0691476 1.0687439 -0.0004453 -0.0166734 -0.0462591 0.0020989 0.0086397 0.0321984 -0.0525650 -0.0091373 -0.0101869 0.0032775 -0.0599911 0.0556180 0.0541242 0.0272730 -0.0537405 0.0029863 0.0412995 -0.0690360 -0.0104657 -0.0577642 -0.0663031 -0.0053703 -0.0006216 -0.0096530 0.0347742 -0.0461044 -0.0159616 -0.0426544 -0.0417197 0.0250402 0.0508321 -0.0078113 0.0509540 -0.0120503 0.0350296 -0.0189450 -0.0694108 -0.0473093 0.0067915 -0.0322252 0.0274254 -0.0224836 -0.0543622 0.0067101 -0.0171519 -0.0096637 -0.0627400 0.0159881 0.0443118 0.0105564 -0.0093479 0.0546043 0.0035194 0.0186972 -0.0190743 -0.0106362 -0.0246120 -0.0689124 -0.0705226 -0.0406582 0.0314186 -0.0544975 -0.0147492 0.0065506 -0.0557373 0.0337813 -0.0107799 0.0438256 0.0082590 0.0075881 -0.0158530 0.0395490 -0.0663529 -0.0079880 0.0167965 -0.0029661
-0.0283540 -0.0062698 -0.0043650 -0.0281166 -0.0004453 1.0482825 -0.0112129 -0.0115023 -0.0099624 -0.0157280 -0.0062758 -0.0124780 -0.0092644 -0.0113919 -0.0069053 -0.0194628 0.0043368 0.0007971 -0.0126412 -0.0141762 -0.0051795 -0.0012086 -0.0229656 -0.0113750 -0.0160281 -0.0200361 -0.0098662 -0.0051878 -0.0110761 -0.0031018 -0.0177709 -0.0163896 -0.0087167 -0.0071440 -0.0086374 0.0008698 -0.0078734 -0.0015336 -0.0122869 -0.0083120 -0.0106518 -0.0172191 -0.0073158 -0.0043850 -0.0177288 -0.0051202 -0.0124333 -0.0107729 -0.0057346 -0.0096012 -0.0062468 -0.0162294 0.0000856 -0.0023401 -0.0013622 -0.0083455 0.0038795 -0.0028938 -0.0114799 -0.0114609 -0.0075576 -0.0139185 -0.0186772 -0.0166580 -0.0057660 -0.0066259 -0.0126224 -0.0087451 -0.0030341 -0.0094663 -0.0077122 -0.0091597 -0.0020376 -0.0023282 -0.0029191 -0.0104032 -0.0050868 -0.0167518 -0.0072430 -0.0101881 -0.0046948
0.0037948 -0.0113724 -0.0153153 0.0033163 -0.0166734 -0.0112129 1.0618719 -0.0051794 -0.0155363 -0.0136391 -0.0207729 -0.0050552 -0.0128988 -0.0140876 -0.0199509 0.0005243 -0.0150466 -0.0174024 -0.0164208 -0.0062476 -0.0076684 -0.0133930 -0.0001731 -0.0135270 -0.0056447 -0.0042598 -0.0125447 -0.0031310 -0.0216952 -0.0163433 -0.0177561 -0.0094986 -0.0012511 -0.0042853 -0.0093808 -0.0185619 -0.0106157 -0.0150358 -0.0070783 -0.0173047 -0.0120667 -0.0017916 -0.0007878 -0.0098704 0.0018905 -0.0050293 -0.0096882 -0.0023231 -0.0092575 -0.0056999 -0.0063440 0.0048917 -0.0140172 -0.0151515 -0.0081990 -0.0082836 -0.0216487 -0.0113432 -0.0059222 -0.0061922 -0.0050889 -0.0100841 0.0007630 0.0070439 -0.0038537 -0.0150594 -0.0008866 -0.0043784 -0.0113951 -0.0033848 -0.0177896 -0.0047386 -0.0169248 -0.0119351 -0.0036849 -0.0023427 -0.0179886 0.0038191 -0.0081361 -0.0091065 -0.0161090
0.0255615 -0.0130082 -0.0152469 0.0248345 -0.0462591 -0.0115023 -0.0051794 1.0682313 -0.0128731 -0.0434966 -0.0474707 0.0255663 -0.0125854 -0.0098877 -0.0144634 0.0281069 -0.0483895 -0.0509323 -0.0449942 0.0269334 -0.0135117 -0.0461364 0.0249973 -0.0116574 0.0259989 0.0256712 -0.0125342 -0.0064637 -0.0144364 -0.0468434 0.0216551 -0.0096581 0.0245905 0.0235836 -0.0412840 -0.0470614 -0.0092536 -0.0492628 -0.0054476 -0.0458351 -0.0064670 0.0327421 0.0272468 -0.0134740 0.0034102 -0.0380722 -0.0049668 0.0280056 -0.0129038 -0.0035099 -0.0045248 0.0346389 -0.0179050 -0.0457438 -0.0113052 -0.0056341 -0.0507025 -0.0140971 -0.0332866 -0.0016928 -0.0020066 -0.0089165 0.0346210 0.0398023 0.0235954 -0.0409604 0.0286898 -0.0069362 -0.0132973 0.0290295 -0.0476733 -0.0036335 -0.0467415 -0.0146424 -0.0110727 -0.0037639 -0.0445314 0.0363471 -0.0096074 -0.0349873 -0.0117017
-0.0365532 -0.0172857 -0.0087121 -0.0381030 0.0020989 -0.0099624 -0.0155363 -0.0128731 1.0607282 -0.0130354 0.0192115 -0.0287451 -0.0137221 -0.0166321 0.0129883 -0.0090556 0.0166812 0.0258763 0.0094559 -0.0299793 0.0052023 -0.0007888 -0.0487983 -0.0202903 -0.0206021 -0.0397218 0.0065593 -0.0013140 -0.0056503 0.0204371 -0.0075732 0.0006649 -0.0144661 -0.0231330 0.0040945 0.0119433 -0.0109877 0.0224337 -0.0048976 0.0115822 -0.0106940 -0.0373125 -0.0301666 0.0055584 -0.0191551 0.0018792 -0.0194976 -0.0285261 0.0065957 -0.0203068 -0.0081905 -0.0295996 0.0070354 0.0127846 -0.0002032 -0.0132889 0.0195014 -0.0042062 -0.0015124 -0.0206205 -0.0051501 -0.0217511 -0.0284066 -0.0395066 -0.0212370 0.0134138 -0.0286962 -0.0203588 -0.0039365 -0.0295106 0.0191711 -0.0047738 0.0107630 -0.0015278 0.0068178 -0.0104322 0.0194491 -0.0267843 -0.0124603 0.0038155 -0.0048413
-0.0400680 -0.0087392 -0.0136552 -0.0364771 0.0086397 -0.0157280 -0.0136391 -0.0434966 -0.0130354 1.0636245 0.0085655 -0.0353198 -0.0068958 -0.0088953 -0.0114013 -0.0429696 0.0277817 0.0262123 0.0135690 -0.0369877 -0.0055854 0.0176338 -0.0343184 -0.0124609 -0.0432691 -0.0367621 -0.0176612 -0.0085407 -0.0066877 0.0087951 -0.0358620 -0.0128934 -0.0359787 -0.0385369 0.0149755 0.0198461 -0.0078282 0.0228336 -0.0116375 0.0220819 -0.0024217 -0.0362647 -0.0427157 -0.0074942 -0.0151245 0.0167359 -0.0080075 -0.0360706 -0.0076487 -0.0106064 -0.0049503 -0.0434262 0.0028268 0.0264891 -0.0018465 -0.0069066 0.0272501 -0.0074161 0.0176876 -0.0065755 -0.0098166 -0.0060044 -0.0375807 -0.0399012 -0.0370889 0.0201981 -0.0372993 -0.0098734 -0.0055428 -0.0374149 0.0276984 -0.0109868 0.0254282 -0.0045067 -0.0017537 -0.0123344 0.0229010 -0.0373779 -0.0060424 0.0192295 -0.0037947
-0.0745949 -0.0171953 -0.0020797 -0.0726226 0.0321984 -0.0062758 -0.0207729 -0.0474707 0.0192115 0.0085655 1.0869578 -0.0550152 -0.0135158 -0.0135368 0.0127745 -0.0527424 0.0671091 0.0734511 0.0380925 -0.0685455 0.0136960 0.0478917 -0.0832136 -0.0240396 -0.0608658 -0.0840223 0.0090835 0.0035949 -0.0119134 0.0531098 -0.0479292 -0.0073571 -0.0461846 -0.0529313 0.0431864 0.0550605 -0.0109836 0.0701961 -0.0118599 0.0514969 -0.0201798 -0.0830535 -0.0565580 0.0125214 -0.0310823 0.0326966 -0.0253913 -0.0669850 0.0150095 -0.0210948 -0.0090518 -0.0706361 0.0193827 0.0536756 0.0064305 -0.0140236 0.0652340 0.0055483 0.0272980 -0.0313079 -0.0107344 -0.0261329 -0.0756713 -0.0856045 -0.0523838 0.0466468 -0.0679044 -0.0164092 0.0058304 -0.0696252 0.0501107 -0.0119329 0.0535030 0.0099000 0.0171874 -0.0112145 0.0504068 -0.0749924 -0.0118415 0.0279889 -0.0091418
0.0434233 -0.0048017 -0.0162691 0.0412093 -0.0525650 -0.0124780 -0.0050552 0.0255663 -0.0287451 -0.0353198 -0.0550152 1.0678266 -0.0064417 -0.0043941 -0.0276449 0.0268560 -0.0597151 -0.0657060 -0.0522580 0.0414855 -0.0227494 -0.0555965 0.0489141 -0.0039165 0.0324610 0.0494484 -0.0228267 -0.0109414 -0.0087624 -0.0646321 0.0210338 -0.0104292 0.0280276 0.0316539 -0.0484691 -0.0584645 -0.0029914 -0.0656951 -0.0070747 -0.0575035 0.0019043 0.0523493 0.0337949 -0.0223936 0.0099287 -0.0451150 0.0062264 0.0411232 -0.0211803 0.0034079 -0.0010228 0.0428082 -0.0228780 -0.0521026 -0.0136726 -0.0023347 -0.0602518 -0.0118194 -0.0355139 0.0079776 -0.0021628 0.0053082 0.0465440 0.0577989 0.0324637 -0.0522934 0.0414084 -0.0005142 -0.0153571 0.0427837 -0.0531203 -0.0030993 -0.0527128 -0.0174855 -0.0189818 -0.0010046 -0.0538113 0.0487071 -0.0046375 -0.0359850 -0.0089095
-0.0141217 -0.0084758 -0.0110096 -0.0142412 -0.0091373 -0.0092644 -0.0128988 -0.0125854 -0.0137221 -0.0068958 -0.0135158 -0.0064417 1.0384176 -0.0081068 -0.0124312 -0.0166651 -0.0056203 -0.0083909 -0.0121594 -0.0077262 -0.0051921 -0.0057600 -0.0088193 -0.0093232 -0.0116647 -0.0084591 -0.0153164 -0.0075253 -0.0069544 -0.0122432 -0.0162626 -0.0092265 -0.0081777 -0.0073672 -0.0090665 -0.0063083 -0.0057400 -0.0090586 -0.0104604 -0.0077339 -0.0033545 -0.0051055 -0.0076209 -0.0097511 -0.0079263 -0.0106298 -0.0051925 -0.0058044 -0.0088232 -0.0055821 -0.0041628 -0.0092308 -0.0040079 -0.0036140 -0.0047346 -0.0067539 -0.0058853 -0.0062398 -0.0079733 -0.0070355 -0.0068425 -0.0062959 -0.0079708 -0.0029723 -0.0080455 -0.0085697 -0.0056985 -0.0046556 -0.0057247 -0.0057503 -0.0066829 -0.0071320 -0.0029862 -0.0043502 -0.0056518 -0.0074935 -0.0082254 -0.0053383 -0.0064178 -0.0079235 -0.0066038
-0.0144562 -0.0090765 -0.0108401 -0.0109601 -0.0101869 -0.0113919 -0.0140876 -0.0098877 -0.0166321 -0.0088953 -0.0135368 -0.0043941 -0.0081068 1.0424913 -0.0141485 -0.0164352 -0.0078169 -0.0104837 -0.0138796 -0.0072938 -0.0107032 -0.0088598 -0.0042094 -0.0103534 -0.0135375 -0.0034701 -0.0151052 -0.0090448 -0.0081751 -0.0168271 -0.0147403 -0.0109591 -0.0066898 -0.0049754 -0.0116308 -0.0091458 -0.0061722 -0.0130037 -0.0103229 -0.0110320 -0.0036320 -0.0032488 -0.0071361 -0.0101125 -0.0081571 -0.0128661 -0.0065330 -0.0042857 -0.0109195 -0.0060646 -0.0037102 -0.0070045 -0.0060421 -0.0063887 -0.0055925 -0.0067191 -0.0084792 -0.0067846 -0.0108161 -0.0053688 -0.0078449 -0.0054629 -0.0073073 -0.0004203 -0.0050485 -0.0112679 -0.0034253 -0.0047504 -0.0069863 -0.0052446 -0.0091473 -0.0081717 -0.0079614 -0.0074481 -0.0076242 -0.0085218 -0.0092144 -0.0042424 -0.0056752 -0.0085593 -0.0070841
-0.0437918 -0.0157527 -0.0067951 -0.0435627 0.0032775 -0.0069053 -0.0199509 -0.0144634 0.0129883 -0.0114013 0.0127745 -0.0276449 -0.0124312 -0.0141485 1.0562989 -0.0191895 0.0205305 0.0220691 0.0034195 -0.0287947 0.0023314 0.0009001 -0.0481713 -0.0168305 -0.0232404 -0.0382202 0.0010390 -0.0052992 -0.0031709 0.0124754 -0.0115348 -0.0068492 -0.0152281 -0.0216340 0.0008999 0.0144995 -0.0108921 0.0218059 -0.0094128 0.0091425 -0.0099702 -0.0360306 -0.0276677 0.0021270 -0.0232631 0.0001081 -0.0190095 -0.0270658 0.0017802 -0.0217171 -0.0081558 -0.0329076 0.0083050 0.0122283 0.0002130 -0.0117247 0.0233085 -0.0012997 -0.0032660 -0.0177553 -0.0068311 -0.0187550 -0.0313931 -0.0391728 -0.0205936 0.0097004 -0.0272284 -0.0188944 -0.0011294 -0.0291079 0.0133267 -0.0075381 0.0106878 -0.0007618 0.0015730 -0.0137593 0.0165719 -0.0287755 -0.0109380 -0.0000087 -0.0036477
0.0379972 -0.0124564 -0.0252641 0.0375515 -0.0599911 -0.0194628 0.0005243 0.0281069 -0.0090556 -0.0429696 -0.0527424 0.0268560 -0.0166651 -0.0164352 -0.0191895 1.0874952 -0.0619135 -0.0579868 -0.0434935 0.0261791 -0.0175810 -0.0616292 0.0294342 -0.0167651 0.0365930 0.0344249 -0.0160722 -0.0085636 -0.0188941 -0.0508595 0.0246966 -0.0070188 0.0285289 0.0229860 -0.0432713 -0.0616984 -0.0123654 -0.0592721 -0.0039845 -0.0506326 -0.0048830 0.0414089 0.0229011 -0.0161862 0.0116663 -0.0368952 -0.0042846 0.0318472 -0.0162995 -0.0065270 -0.0058373 0.0422949 -0.0270559 -0.0542291 -0.0182093 -0.0121555 -0.0623629 -0.0212018 -0.0323424 -0.0017509 0.0005885 -0.0042863 0.0457414 0.0480039 0.0222161 -0.0453406 0.0337135 -0.0095126 -0.0230507 0.0316079 -0.0492256 -0.0022855 -0.0563216 -0.0238311 -0.0109735 0.0003077 -0.0491226 0.0481654 -0.0098446 -0.0332630 -0.0146069
-0.0848742 -0.0083372 0.0103268 -0.0812532 0.0556180 0.0043368 -0.0150466 -0.0483895 0.0166812 0.0277817 0.0671091 -0.0597151 -0.0056203 -0.0078169 0.0205305 -0.0619135 1.0784678 0.0738804 0.0513632 -0.0647545 0.0164506 0.0615758 -0.0854154 -0.0117130 -0.0659896 -0.0803081 0.0084681 0.0055055 0.0019300 0.0657087 -0.0532358 -0.0070421 -0.0458157 -0.0510005 0.0461497 0.0668691 -0.0050126 0.0751919 -0.0079038 0.0594991 -0.0143373 -0.0803066 -0.0563732 0.0162221 -0.0297006 0.0429198 -0.0200361 -0.0624805 0.0154634 -0.0162064 -0.0059010 -0.0711562 0.0251344 0.0580314 0.0128358 -0.0077800 0.0733746 0.0109967 0.0310538 -0.0221324 -0.0091488 -0.0207520 -0.0756920 -0.0817490 -0.0496266 0.0516060 -0.0634112 -0.0105274 0.0125717 -0.0643354 0.0559812 -0.0080245 0.0599863 0.0147293 0.0150123 -0.0119367 0.0579063 -0.0733357 -0.0038148 0.0317752 0.0007543
-0.0850060 -0.0087427 0.0049349 -0.0836356 0.0541242 0.0007971 -0.0174024 -0.0509323 0.0258763 0.0262123 0.0734511 -0.0657060 -0.0083909 -0.0104837 0.0220691 -0.0579868 0.0738804 1.0980623 0.0532500 -0.0697282 0.0189833 0.0625891 -0.0908362 -0.0155694 -0.0634219 -0.0883316 0.0140328 0.0067841 -0.0025659 0.0714508 -0.0491749 -0.0060127 -0.0470338 -0.0543472 0.0502381 0.0699179 -0.0077956 0.0794978 -0.0069013 0.0638357 -0.0171137 -0.0853405 -0.0608527 0.0187895 -0.0307405 0.0447598 -0.0243357 -0.0669104 0.0180023 -0.0174966 -0.0074300 -0.0744584 0.0235307 0.0625381 0.0106601 -0.0105845 0.0774381 0.0080866 0.0327593 -0.0261042 -0.0094844 -0.0232719 -0.0801066 -0.0873105 -0.0529605 0.0571250 -0.0699397 -0.0137291 0.0110641 -0.0702168 0.0617247 -0.0075732 0.0627086 0.0143490 0.0175433 -0.0101357 0.0611218 -0.0769897 -0.0077301 0.0365860 -0.0002468
-0.0567446 -0.0136127 -0.0107475 -0.0583206 0.0272730 -0.0126412 -0.0164208 -0.0449942 0.0094559 0.0135690 0.0380925 -0.0522580 -0.0121594 -0.0138796 0.0034195 -0.0434935 0.0513632 0.0532500 1.0766065 -0.0558369 0.0040575 0.0329704 -0.0628562 -0.0194746 -0.0490571 -0.0663751 -0.0037077 -0.0011610 -0.0130902 0.0342152 -0.0401306 -0.0105336 -0.0408966 -0.0490472 0.0317898 0.0415638 -0.0107948 0.0501902 -0.0092046 0.0415205 -0.0150700 -0.0662261 -0.0522314 0.0052568 -0.0219382 0.0291547 -0.0211744 -0.0549953 0.0066799 -0.0173657 -0.0087156 -0.0577578 0.0101388 0.0406350 0.0030765 -0.0127660 0.0487596 -0.0028109 0.0249441 -0.0195119 -0.0081234 -0.0205303 -0.0578200 -0.0668276 -0.0485385 0.0368998 -0.0562480 -0.0147295 -0.0009849 -0.0567432 0.0421620 -0.0078314 0.0411339 0.0008179 0.0100406 -0.0113701 0.0411116 -0.0589739 -0.0091579 0.0272037 -0.0084714
0.0405994 -0.0050585 -0.0185654 0.0427197 -0.0537405 -0.0141762 -0.0062476 0.0269334 -0.0299793 -0.0369877 -0.0685455 0.0414855 -0.0077262 -0.0072938 -0.0287947 0.0261791 -0.0647545 -0.0697282 -0.0558369 1.0807357 -0.0245167 -0.0595186 0.0507762 -0.0047813 0.0314379 0.0508074 -0.0241851 -0.0132137 -0.0103207 -0.0658103 0.0237108 -0.0103400 0.0284189 0.0341364 -0.0525658 -0.0626829 -0.0055873 -0.0711052 -0.0074072 -0.0595411 0.0030902 0.0561731 0.0373347 -0.0230362 0.0106086 -0.0489493 0.0061223 0.0446953 -0.0235292 0.0023513 -0.0008359 0.0455732 -0.0238776 -0.0566353 -0.0146532 -0.0027097 -0.0660660 -0.0167728 -0.0381014 0.0083652 -0.0026081 0.0030926 0.0506971 0.0609189 0.0338078 -0.0550267 0.0461655 0.0001772 -0.0156710 0.0447144 -0.0565278 -0.0038091 -0.0564446 -0.0198203 -0.0218219 -0.0028530 -0.0578519 0.0535283 -0.0038153 -0.0400625 -0.0091204
-0.0306480 -0.0115529 -0.0050455 -0.0325154 0.0029863 -0.0051795 -0.0076684 -0.0135117 0.0052023 -0.0055854 0.0136960 -0.0227494 -0.0051921 -0.0107032 0.0023314 -0.0175810 0.0164506 0.0189833 0.0040575 -0.0245167 1.0425568 0.0121755 -0.0337875 -0.0155898 -0.0228651 -0.0321597 -0.0011915 0.0007770 -0.0091618 0.0172406 -0.0203885 -0.0068292 -0.0129815 -0.0166847 0.0070356 0.0119256 -0.0074375 0.0176840 -0.0080752 0.0080673 -0.0118784 -0.0287763 -0.0186040 0.0017242 -0.0134035 0.0045879 -0.0149878 -0.0209484 0.0022783 -0.0112479 -0.0047385 -0.0228017 0.0050580 0.0104785 0.0006956 -0.0096286 0.0160573 -0.0019756 0.0011367 -0.0141507 -0.0067667 -0.0170995 -0.0265896 -0.0279778 -0.0157663 0.0094091 -0.0226180 -0.0091728 -0.0007175 -0.0240436 0.0080440 -0.0064378 0.0108563 0.0006508 0.0034120 -0.0084510 0.0105922 -0.0236537 -0.0086688 0.0027460 -0.0062260
-0.0689496 -0.0103605 0.0032459 -0.0677093 0.0412995 -0.0012086 -0.0133930 -0.0461364 -0.0007888 0.0176338 0.0478917 -0.0555965 -0.0057600 -0.0088598 0.0009001 -0.0616292 0.0615758 0.0625891 0.0329704 -0.0595186 0.0121755 1.0787832 -0.0669170 -0.0125638 -0.0580869 -0.0740862 0.0027895 0.0036439 -0.0133756 0.0480382 -0.0590773 -0.0114071 -0.0432663 -0.0443881 0.0386392 0.0560855 -0.0078304 0.0603888 -0.0124952 0.0460384 -0.0210217 -0.0738284 -0.0416868 0.0084781 -0.0268244 0.0348469 -0.0210114 -0.0562000 0.0107036 -0.0115927 -0.0076290 -0.0610310 0.0158063 0.0491565 0.0088593 -0.0092452 0.0566892 0.0061469 0.0264522 -0.0218678 -0.0118115 -0.0215484 -0.0717387 -0.0709698 -0.0441563 0.0396020 -0.0595427 -0.0065894 0.0084640 -0.0586456 0.0386939 -0.0082140 0.0485710 0.0111153 0.0125208 -0.0090537 0.0401256 -0.0687307 -0.0083614 0.0219248 -0.0075252
0.0608567 -0.0093606 -0.0259693 0.0607996 -0.0690360 -0.0229656 -0.0001731 0.0249973 -0.0487983 -0.0343184 -0.0832136 0.0489141 -0.0088193 -0.0042094 -0.0481713 0.0294342 -0.0854154 -0.0908362 -0.0628562 0.0507762 -0.0337875 -0.0669170 1.0993786 -0.0063503 0.0350171 0.0640261 -0.0347598 -0.0162876 -0.0194903 -0.0812343 0.0115142 -0.0155115 0.0354273 0.0350469 -0.0563587 -0.0776573 -0.0036056 -0.0904679 -0.0083572 -0.0723977 0.0023587 0.0717255 0.0449536 -0.0324869 0.0226096 -0.0519750 0.0119415 0.0537611 -0.0305328 0.0090641 -0.0011228 0.0613624 -0.0377861 -0.0684668 -0.0218908 -0.0062619 -0.0893943 -0.0227188 -0.0374739 0.0133992 -0.0039706 0.0086486 0.0647787 0.0837040 0.0370413 -0.0647540 0.0549284 0.0048731 -0.0242508 0.0540116 -0.0708482 -0.0061534 -0.0710450 -0.0263417 -0.0250092 0.0038389 -0.0760337 0.0694926 -0.0046116 -0.0444434 -0.0160649
-0.0113112 -0.0052918 -0.0134183 -0.0103727 -0.0104657 -0.0113750 -0.0135270 -0.0116574 -0.0202903 -0.0124609 -0.0240396 -0.0039165 -0.0093232 -0.0103534 -0.0168305 -0.0167651 -0.0117130 -0.0155694 -0.0194746 -0.0047813 -0.0155898 -0.0125638 -0.0063503 1.0397739 -0.0099098 -0.0032072 -0.0184161 -0.0112320 -0.0119731 -0.0258924 -0.0131066 -0.0112240 -0.0069823 -0.0046788 -0.0187995 -0.0122187 -0.0082998 -0.0182495 -0.0090045 -0.0156156 -0.0059974 0.0007015 -0.0069286 -0.0135105 -0.0094326 -0.0135683 -0.0072957 -0.0013170 -0.0136007 -0.0091269 -0.0044448 -0.0068152 -0.0071409 -0.0097027 -0.0064762 -0.0076396 -0.0133034 -0.0105799 -0.0101911 -0.0061051 -0.0080572 -0.0069378 -0.0035361 0.0012305 -0.0046940 -0.0177680 -0.0006086 -0.0078693 -0.0096700 -0.0013683 -0.0131992 -0.0080871 -0.0111725 -0.0109243 -0.0120912 -0.0103567 -0.0127977 -0.0012377 -0.0066765 -0.0125316 -0.0070395
0.0367091 -0.0082013 -0.0228729 0.0374359 -0.0577642 -0.0160281 -0.0056447 0.0259989 -0.0206021 -0.0432691 -0.0608658 0.0324610 -0.0116647 -0.0135375 -0.0232404 0.0365930 -0.0659896 -0.0634219 -0.0490571 0.0314379 -0.0228651 -0.0580869 0.0350171 -0.0099098 1.0746036 0.0411161 -0.0187935 -0.0111804 -0.0167369 -0.0601128 0.0193858 -0.0099354 0.0277961 0.0270913 -0.0470894 -0.0628138 -0.0107200 -0.0667490 -0.0063437 -0.0578079 -0.0026262 0.0482807 0.0272425 -0.0203368 0.0100733 -0.0444019 0.0009428 0.0364486 -0.0222988 -0.0029305 -0.0046308 0.0431511 -0.0253126 -0.0569053 -0.0182748 -0.0080146 -0.0646155 -0.0168676 -0.0357389 0.0015714 -0.0000956 -0.0018208 0.0488261 0.0550518 0.0263661 -0.0507731 0.0400662 -0.0054444 -0.0208659 0.0385682 -0.0522425 -0.0038744 -0.0578391 -0.0223151 -0.0170934 -0.0016289 -0.0532436 0.0504853 -0.0096651 -0.0369923 -0.0139730
0.0594200 -0.0063997 -0.0230973 0.0575227 -0.0663031 -0.0200361 -0.0042598 0.0256712 -0.0397218 -0.0367621 -0.0840223 0.0494484 -0.0084591 -0.0034701 -0.0382202 0.0344249 -0.0803081 -0.0883316 -0.0663751 0.0508074 -0.0321597 -0.0740862 0.0640261 -0.0032072 0.0411161 1.0992615 -0.0344196 -0.0178870 -0.0099376 -0.0818489 0.0246288 -0.0124246 0.0337773 0.0388947 -0.0601230 -0.0766431 -0.0021406 -0.0878196 -0.0078136 -0.0703587 0.0091197 0.0737925 0.0391012 -0.0309375 0.0179514 -0.0559865 0.0117852 0.0548024 -0.0305487 0.0051459 -0.0010402 0.0574429 -0.0332767 -0.0664842 -0.0208835 -0.0031039 -0.0810970 -0.0223069 -0.0416733 0.0130735 -0.0017717 0.0109390 0.0670343 0.0806160 0.0379291 -0.0657187 0.0566132 0.0012685 -0.0224279 0.0562077 -0.0651302 -0.0046199 -0.0682006 -0.0276475 -0.0275966 -0.0023716 -0.0691017 0.0686333 -0.0029829 -0.0438043 -0.0097547
-0.0299867 -0.0159044 -0.0083226 -0.0275602 -0.0053703 -0.0098662 -0.0125447 -0.0125342 0.0065593 -0.0176612 0.0090835 -0.0228267 -0.0153164 -0.0151052 0.0010390 -0.0160722 0.0084681 0.0140328 -0.0037077 -0.0241851 -0.0011915 0.0027895 -0.0347598 -0.0184161 -0.0187935 -0.0344196 1.0456514 -0.0007055 -0.0134015 0.0066775 -0.0167957 -0.0095034 -0.0110478 -0.0158951 0.0025729 0.0060443 -0.0102008 0.0117945 -0.0090809 0.0037402 -0.0149259 -0.0283489 -0.0183800 0.0003712 -0.0151253 0.0015554 -0.0168973 -0.0211914 -0.0001157 -0.0115456 -0.0070950 -0.0200170 0.0018753 0.0053630 -0.0005522 -0.0116124 0.0090070 -0.0031870 -0.0032840 -0.0164142 -0.0068675 -0.0214003 -0.0232429 -0.0276636 -0.0149270 0.0056715 -0.0203505 -0.0127633 -0.0031654 -0.0239985 0.0030159 -0.0046681 0.0045644 -0.0002616 0.0028028 -0.0083527 0.0068911 -0.0232764 -0.0117231 -0.0032214 -0.0112730
-0.0132823 -0.0084466 -0.0042223 -0.0127002 -0.0006216 -0.0051878 -0.0031310 -0.0064637 -0.0013140 -0.0085407 0.0035949 -0.0109414 -0.0075253 -0.0090448 -0.0052992 -0.0085636 0.0055055 0.0067841 -0.0011610 -0.0132137 0.0007770 0.0036439 -0.0162876 -0.0112320 -0.0111804 -0.0178870 -0.0007055 1.0354995 -0.0115153 0.0010499 -0.0175016 -0.0060178 -0.0062879 -0.0089151 0.0036771 0.0024713 -0.0050643 0.0053938 -0.0064124 0.0016804 -0.0107386 -0.0152470 -0.0069062 0.0009307 -0.0049235 0.0017337 -0.0089843 -0.0105570 0.0001243 -0.0046840 -0.0034946 -0.0075585 -0.0005587 0.0022633 -0.0012569 -0.0063561 0.0019542 -0.0016986 -0.0000387 -0.0087990 -0.0035926 -0.0116795 -0.0126213 -0.0112458 -0.0082696 0.0017206 -0.0111735 -0.0044297 -0.0008320 -0.0132184 -0.0017773 -0.0038590 0.0018346 -0.0015765 0.0032303 -0.0023295 -0.0006719 -0.0121165 -0.0062010 -0.0028595 -0.0087746
-0.0250106 -0.0105632 -0.0104975 -0.0243502 -0.0096530 -0.0110761 -0.0216952 -0.0144364 -0.0056503 -0.0066877 -0.0119134 -0.0087624 -0.0069544 -0.0081751 -0.0031709 -0.0188941 0.0019300 -0.0025659 -0.0130902 -0.0103207 -0.0091618 -0.0133756 -0.0194903 -0.0119731 -0.0167369 -0.0099376 -0.0134015 -0.0115153 1.0416185 -0.0141614 -0.0106056 -0.0117919 -0.0104137 -0.0099834 -0.0133775 -0.0032847 -0.0076695 -0.0068400 -0.0113192 -0.0055821 0.0006165 -0.0102922 -0.0189729 -0.0109943 -0.0145321 -0.0132036 -0.0050508 -0.0084170 -0.0082868 -0.0133583 -0.0030672 -0.0189470 0.0011392 0.0001295 -0.0034497 -0.0067686 0.0033092 -0.0072109 -0.0113001 -0.0078725 -0.0068578 -0.0070387 -0.0124493 -0.0119083 -0.0100208 -0.0050076 -0.0086167 -0.0134750 -0.0053197 -0.0099032 0.0018456 -0.0076113 -0.0014228 -0.0055936 -0.0102003 -0.0126563 -0.0000164 -0.0108481 -0.0074547 -0.0058252 0.0007685
-0.0735864 -0.0177091 -0.0047025 -0.0741353 0.0347742 -0.0031018 -0.0163433 -0.0468434 0.0204371 0.0087951 0.0531098 -0.0646321 -0.0122432 -0.0168271 0.0124754 -0.0508595 0.0657087 0.0714508 0.0342152 -0.0658103 0.0172406 0.0480382 -0.0812343 -0.0258924 -0.0601128 -0.0818489 0.0066775 0.0010499 -0.0141614 1.0831872 -0.0459720 -0.0122885 -0.0438874 -0.0509733 0.0366975 0.0543506 -0.0123707 0.0676184 -0.0107025 0.0458599 -0.0208099 -0.0818264 -0.0557165 0.0137823 -0.0314221 0.0352422 -0.0274026 -0.0645313 0.0129660 -0.0200994 -0.0102553 -0.0687651 0.0168659 0.0499024 0.0081864 -0.0150990 0.0622884 0.0041136 0.0251976 -0.0285092 -0.0107199 -0.0291930 -0.0744794 -0.0839865 -0.0502519 0.0440300 -0.0669532 -0.0181215 0.0047561 -0.0672223 0.0476572 -0.0095234 0.0505354 0.0085885 0.0160734 -0.0134861 0.0483750 -0.0739207 -0.0115975 0.0255148 -0.0066851
0.0114231 -0.0117880 -0.0216157 0.0146164 -0.0461044 -0.0177709 -0.0177561 0.0216551 -0.0075732 -0.0358620 -0.0479292 0.0210338 -0.0162626 -0.0147403 -0.0115348 0.0246966 -0.0532358 -0.0491749 -0.0401306 0.0237108 -0.0203885 -0.0590773 0.0115142 -0.0131066 0.0193858 0.0246288 -0.0167957 -0.0175016 -0.0106056 -0.0459720 1.0542089 -0.0112324 0.0188766 0.0157976 -0.0474752 -0.0503735 -0.0110417 -0.0504310 -0.0065313 -0.0469608 -0.0000973 0.0318547 0.0094958 -0.0158938 -0.0020675 -0.0434387 -0.0037326 0.0250739 -0.0160673 -0.0143090 -0.0064811 0.0233714 -0.0176554 -0.0449451 -0.0149579 -0.0094312 -0.0449022 -0.0169321 -0.0336558 -0.0022260 -0.0050369 -0.0045978 0.0344791 0.0340384 0.0158367 -0.0395501 0.0255048 -0.0148119 -0.0179267 0.0235518 -0.0358121 -0.0067158 -0.0468527 -0.0199745 -0.0173385 -0.0105339 -0.0344102 0.0356463 -0.0111550 -0.0315786 -0.0044611
-0.0053753 -0.0138031 -0.0157248 -0.0121884 -0.0159616 -0.0163896 -0.0094986 -0.0096581 0.0006649 -0.0128934 -0.0073571 -0.0104292 -0.0092265 -0.0109591 -0.0068492 -0.0070188 -0.0070421 -0.0060127 -0.0105336 -0.0103400 -0.0068292 -0.0114071 -0.0155115 -0.0112240 -0.0099354 -0.0124246 -0.0095034 -0.0060178 -0.0117919 -0.0122885 -0.0112324 1.0455282 -0.0057866 -0.0098471 -0.0056547 -0.0106775 -0.0078609 -0.0067205 -0.0083931 -0.0083288 -0.0067594 -0.0080523 -0.0129021 -0.0069534 -0.0044388 -0.0085569 -0.0077467 -0.0085103 -0.0069190 -0.0079129 -0.0052172 -0.0082448 -0.0068027 -0.0053149 -0.0068926 -0.0091923 -0.0070617 -0.0099110 -0.0051043 -0.0092997 -0.0068136 -0.0086716 -0.0050101 -0.0065982 -0.0098888 -0.0060899 -0.0080841 -0.0107910 -0.0096639 -0.0105394 -0.0038502 -0.0066565 -0.0065192 -0.0108815 -0.0031344 -0.0051906 -0.0056525 -0.0038555 -0.0086289 -0.0054188 -0.0086415
0.0330768 -0.0085391 -0.0126311 0.0322850 -0.0426544 -0.0087167 -0.0012511 0.0245905 -0.0144661 -0.0359787 -0.0461846 0.0280276 -0.0081777 -0.0066898 -0.0152281 0.0285289 -0.0458157 -0.0470338 -0.0408966 0.0284189 -0.0129815 -0.0432663 0.0354273 -0.0069823 0.0277961 0.0337773 -0.0110478 -0.0062879 -0.0104137 -0.0438874 0.0188766 -0.0057866 1.0343673 0.0241567 -0.0344685 -0.0418940 -0.0038881 -0.0458508 -0.0027254 -0.0425346 -0.0027293 0.0344615 0.0267535 -0.0124615 0.0065521 -0.0319109 -0.0014626 0.0292464 -0.0118160 0.0006632 -0.0021553 0.0334243 -0.0159326 -0.0408456 -0.0101720 -0.0049892 -0.0459134 -0.0094098 -0.0274895 0.0018223 -0.0004607 -0.0026881 0.0338472 0.0393327 0.0239327 -0.0376158 0.0298851 -0.0022473 -0.0119200 0.0294678 -0.0409859 -0.0025398 -0.0421105 -0.0121230 -0.0101563 -0.0000646 -0.0394656 0.0349753 -0.0040750 -0.0294768 -0.0075980
0.0304064 -0.0069692 -0.0098514 0.0285950 -0.0417197 -0.0071440 -0.0042853 0.0235836 -0.0231330 -0.0385369 -0.0529313 0.0316539 -0.0073672 -0.0049754 -0.0216340 0.0229860 -0.0510005 -0.0543472 -0.0490472 0.0341364 -0.0166847 -0.0443881 0.0350469 -0.0046788 0.0270913 0.0388947 -0.0158951 -0.0089151 -0.0099834 -0.0509733 0.0157976 -0.0098471 0.0241567 1.0391215 -0.0431693 -0.0480129 -0.0026791 -0.0536670 -0.0073782 -0.0496460 -0.0018303 0.0417670 0.0314206 -0.0159210 0.0045329 -0.0388171 0.0005075 0.0349270 -0.0152070 0.0023385 -0.0020688 0.0363713 -0.0175112 -0.0441034 -0.0105280 -0.0031087 -0.0481920 -0.0092107 -0.0331060 0.0021633 -0.0031294 -0.0007772 0.0363382 0.0451055 0.0301806 -0.0456273 0.0354923 -0.0000694 -0.0121577 0.0347167 -0.0480832 -0.0040260 -0.0452175 -0.0124192 -0.0153151 -0.0028056 -0.0474767 0.0381275 -0.0051691 -0.0358166 -0.0082188
-0.0501029 -0.0141212 -0.0062225 -0.0495878 0.0250402 -0.0086374 -0.0093808 -0.0412840 0.0040945 0.0149755 0.0431864 -0.0484691 -0.0090665 -0.0116308 0.0008999 -0.0432713 0.0461497 0.0502381 0.0317898 -0.0525658 0.0070356 0.0386392 -0.0563587 -0.0187995 -0.0470894 -0.0601230 0.0025729 0.0036771 -0.0133775 0.0366975 -0.0474752 -0.0056547 -0.0344685 -0.0431693 1.0419772 0.0409885 -0.0098615 0.0485008 -0.0075810 0.0405379 -0.0152139 -0.0579345 -0.0428465 0.0048293 -0.0150218 0.0313737 -0.0163390 -0.0477220 0.0084753 -0.0101507 -0.0070456 -0.0469475 0.0085139 0.0395842 0.0032307 -0.0105662 0.0406127 -0.0007164 0.0263350 -0.0192694 -0.0074636 -0.0155787 -0.0518936 -0.0568038 -0.0411164 0.0361916 -0.0498777 -0.0068010 -0.0002884 -0.0505590 0.0354625 -0.0068122 0.0396201 0.0035162 0.0123681 -0.0042197 0.0338754 -0.0514391 -0.0090112 0.0241933 -0.0093728
-0.0804884 -0.0098609 0.0054371 -0.0794737 0.0508321 0.0008698 -0.0185619 -0.0470614 0.0119433 0.0198461 0.0550605 -0.0584645 -0.0063083 -0.0091458 0.0144995 -0.0616984 0.0668691 0.0699179 0.0415638 -0.0626829 0.0119256 0.0560855 -0.0776573 -0.0122187 -0.0628138 -0.0766431 0.0060443 0.0024713 -0.0032847 0.0543506 -0.0503735 -0.0106775 -0.0418940 -0.0480129 0.0409885 1.0532396 -0.0076451 0.0671045 -0.0078187 0.0527954 -0.0167810 -0.0768739 -0.0511885 0.0135409 -0.0308526 0.0334671 -0.0207465 -0.0587637 0.0139007 -0.0151733 -0.0060751 -0.0682623 0.0218862 0.0552274 0.0123646 -0.0096058 0.0663819 0.0081493 0.0267420 -0.0212074 -0.0093672 -0.0207580 -0.0733408 -0.0763675 -0.0466370 0.0444297 -0.0586766 -0.0122901 0.0101094 -0.0605209 0.0489804 -0.0099037 0.0541023 0.0125589 0.0121021 -0.0121977 0.0510660 -0.0710037 -0.0063998 0.0251626 -0.0006821
-0.0069336 -0.0075306 -0.0079295 -0.0096097 -0.0078113 -0.0078734 -0.0106157 -0.0092536 -0.0109877 -0.0078282 -0.0109836 -0.0029914 -0.0057400 -0.0061722 -0.0108921 -0.0123654 -0.0050126 -0.0077956 -0.0107948 -0.0055873 -0.0074375 -0.0078304 -0.0036056 -0.0082998 -0.0107200 -0.0021406 -0.0102008 -0.0050643 -0.0076695 -0.0123707 -0.0110417 -0.0078609 -0.0038881 -0.0026791 -0.0098615 -0.0076451 1.0192885 -0.0082307 -0.0084526 -0.0078620 -0.0040232 -0.0021222 -0.0058074 -0.0074480 -0.0050651 -0.0090903 -0.0028522 -0.0034186 -0.0071068 -0.0032009 -0.0019283 -0.0065385 -0.0043156 -0.0048834 -0.0032345 -0.0053299 -0.0050484 -0.0036566 -0.0059411 -0.0036059 -0.0054907 -0.0051675 -0.0065942 -0.0003839 -0.0029441 -0.0099185 -0.0024543 -0.0047773 -0.0038468 -0.0031045 -0.0064745 -0.0051440 -0.0044391 -0.0063128 -0.0052937 -0.0055936 -0.0091845 -0.0020728 -0.0050371 -0.0076410 -0.0044640
-0.0844823 -0.0121045 0.0035057 -0.0834493 0.0509540 -0.0015336 -0.0150358 -0.0492628 0.0224337 0.0228336 0.0701961 -0.0656951 -0.0090586 -0.0130037 0.0218059 -0.0592721 0.0751919 0.0794978 0.0501902 -0.0711052 0.0176840 0.0603888 -0.0904679 -0.0182495 -0.0667490 -0.0878196 0.0117945 0.0053938 -0.0068400 0.0676184 -0.0504310 -0.0067205 -0.0458508 -0.0536670 0.0485008 0.0671045 -0.0082307 1.0752009 -0.0073798 0.0606959 -0.0181548 -0.0862295 -0.0575595 0.0160096 -0.0313763 0.0433136 -0.0233932 -0.0671923 0.0181374 -0.0181238 -0.0076982 -0.0727994 0.0232133 0.0593807 0.0116720 -0.0114603 0.0746024 0.0082426 0.0319759 -0.0260113 -0.0097181 -0.0243272 -0.0777578 -0.0868402 -0.0532953 0.0537303 -0.0674488 -0.0139508 0.0099622 -0.0703143 0.0581200 -0.0086031 0.0601324 0.0135218 0.0183394 -0.0102416 0.0603208 -0.0776301 -0.0082071 0.0330535 -0.0013012
-0.0068102 -0.0101492 -0.0141188 -0.0059026 -0.0120503 -0.0122869 -0.0070783 -0.0054476 -0.0048976 -0.0116375 -0.0118599 -0.0070747 -0.0104604 -0.0103229 -0.0094128 -0.0039845 -0.0079038 -0.0069013 -0.0092046 -0.0074072 -0.0080752 -0.0124952 -0.0083572 -0.0090045 -0.0063437 -0.0078136 -0.0090809 -0.0064124 -0.0113192 -0.0107025 -0.0065313 -0.0083931 -0.0027254 -0.0073782 -0.0075810 -0.0078187 -0.0084526 -0.0073798 1.0167009 -0.0094602 -0.0067818 -0.0049627 -0.0085758 -0.0071270 -0.0045214 -0.0059738 -0.0072940 -0.0049129 -0.0055618 -0.0094596 -0.0054898 -0.0026785 -0.0063582 -0.0065169 -0.0042629 -0.0079559 -0.0091678 -0.0080874 -0.0030286 -0.0048420 -0.0020770 -0.0092093 -0.0024799 -0.0029021 -0.0072048 -0.0073433 -0.0039100 -0.0076938 -0.0084368 -0.0064929 -0.0072363 -0.0045169 -0.0091197 -0.0075023 -0.0025667 -0.0054870 -0.0053103 -0.0017167 -0.0081100 -0.0052089 -0.0064552
-0.0681392 -0.0106098 -0.0027280 -0.0662793 0.0350296 -0.0083120 -0.0173047 -0.0458351 0.0115822 0.0220819 0.0514969 -0.0575035 -0.0077339 -0.0110320 0.0091425 -0.0506326 0.0594991 0.0638357 0.0415205 -0.0595411 0.0080673 0.0460384 -0.0723977 -0.0156156 -0.0578079 -0.0703587 0.0037402 0.0016804 -0.0055821 0.0458599 -0.0469608 -0.0083288 -0.0425346 -0.0496460 0.0405379 0.0527954 -0.0078620 0.0606959 -0.0094602 1.0540084 -0.0129746 -0.0689517 -0.0540090 0.0105448 -0.0236045 0.0338390 -0.0181607 -0.0560196 0.0102716 -0.0151515 -0.0062906 -0.0620454 0.0168688 0.0500669 0.0058932 -0.0086006 0.0588785 0.0027963 0.0281607 -0.0195301 -0.0084971 -0.0173962 -0.0639941 -0.0709918 -0.0474552 0.0442183 -0.0574572 -0.0107405 0.0048835 -0.0587250 0.0496495 -0.0073914 0.0508906 0.0085567 0.0112375 -0.0106530 0.0482349 -0.0636824 -0.0074511 0.0286204 -0.0045089
-0.0003653 -0.0052811 -0.0124707 -0.0008327 -0.0189450 -0.0106518 -0.0120667 -0.0064670 -0.0106940 -0.0024217 -0.0201798 0.0019043 -0.0033545 -0.0036320 -0.0099702 -0.0048830 -0.0143373 -0.0171137 -0.0150700 0.0030902 -0.0118784 -0.0210217 0.0023587 -0.0059974 -0.0026262 0.0091197 -0.0149259 -0.0107386 0.0006165 -0.0208099 -0.0000973 -0.0067594 -0.0027293 -0.0018303 -0.0152139 -0.0167810 -0.0040232 -0.0181548 -0.0067818 -0.0129746 1.0189092 0.0086716 -0.0078241 -0.0125466 -0.0024453 -0.0161158 0.0027564 0.0052530 -0.0108114 -0.0058862 -0.0013122 -0.0013691 -0.0040350 -0.0081068 -0.0066735 -0.0030915 -0.0114790 -0.0087235 -0.0093346 0.0020835 -0.0035486 0.0026939 0.0067049 0.0072609 -0.0004941 -0.0122546 0.0046680 -0.0089580 -0.0075199 0.0041070 -0.0056905 -0.0029791 -0.0096409 -0.0100783 -0.0111481 -0.0068783 -0.0086560 0.0077704 -0.0023739 -0.0073013 0.0001089
0.0662313 -0.0018124 -0.0226416 0.0656495 -0.0694108 -0.0172191 -0.0017916 0.0327421 -0.0373125 -0.0362647 -0.0830535 0.0523493 -0.0051055 -0.0032488 -0.0360306 0.0414089 -0.0803066 -0.0853405 -0.0662261 0.0561731 -0.0287763 -0.0738284 0.0717255 0.0007015 0.0482807 0.0737925 -0.0283489 -0.0152470 -0.0102922 -0.0818264 0.0318547 -0.0080523 0.0344615 0.0417670 -0.0579345 -0.0768739 -0.0021222 -0.0862295 -0.0049627 -0.0689517 0.0086716 1.0770130 0.0430307 -0.0284441 0.0191264 -0.0526608 0.0130139 0.0546328 -0.0263958 0.0070571 0.0010918 0.0589905 -0.0301031 -0.0649096 -0.0182477 -0.0007475 -0.0799153 -0.0197455 -0.0393436 0.0151500 -0.0007750 0.0136442 0.0675352 0.0797344 0.0393776 -0.0639281 0.0581159 0.0023772 -0.0202200 0.0581686 -0.0638234 -0.0020517 -0.0661451 -0.0247487 -0.0255589 0.0003841 -0.0672615 0.0678367 -0.0036707 -0.0425238 -0.0074038
0.0386717 -0.0081051 -0.0123667 0.0374856 -0.0473093 -0.0073158 -0.0007878 0.0272468 -0.0301666 -0.0427157 -0.0565580 0.0337949 -0.0076209 -0.0071361 -0.0276677 0.0229011 -0.0563732 -0.0608527 -0.0522314 0.0373347 -0.0186040 -0.0416868 0.0449536 -0.0069286 0.0272425 0.0391012 -0.0183800 -0.0069062 -0.0189729 -0.0557165 0.0094958 -0.0129021 0.0267535 0.0314206 -0.0428465 -0.0511885 -0.0058074 -0.0575595 -0.0085758 -0.0540090 -0.0078241 0.0430307 1.0366687 -0.0163965 0.0087019 -0.0375906 -0.0017618 0.0369995 -0.0168269 0.0059249 -0.0010484 0.0427252 -0.0218993 -0.0498369 -0.0100005 -0.0049362 -0.0580612 -0.0090065 -0.0340257 0.0024057 -0.0040686 -0.0020037 0.0379621 0.0516625 0.0325330 -0.0487343 0.0390189 0.0025364 -0.0116559 0.0366800 -0.0586262 -0.0047183 -0.0505084 -0.0137992 -0.0125521 0.0002902 -0.0552478 0.0405907 -0.0062057 -0.0408332 -0.0135524
-0.0286149 -0.0082511 -0.0065202 -0.0293555 0.0067915 -0.0043850 -0.0098704 -0.0134740 0.0055584 -0.0074942 0.0125214 -0.0223936 -0.0097511 -0.0101125 0.0021270 -0.0161862 0.0162221 0.0187895 0.0052568 -0.0230362 0.0017242 0.0084781 -0.0324869 -0.0135105 -0.0203368 -0.0309375 0.0003712 0.0009307 -0.0109943 0.0137823 -0.0158938 -0.0069534 -0.0124615 -0.0159210 0.0048293 0.0135409 -0.0074480 0.0160096 -0.0071270 0.0105448 -0.0125466 -0.0284441 -0.0163965 1.0149765 -0.0128806 0.0062103 -0.0137861 -0.0213028 0.0032424 -0.0107944 -0.0055676 -0.0216337 0.0033424 0.0084370 0.0006857 -0.0081928 0.0166474 -0.0011130 0.0022260 -0.0147333 -0.0039148 -0.0150166 -0.0249913 -0.0265948 -0.0143655 0.0089533 -0.0201659 -0.0095607 -0.0007978 -0.0208991 0.0082623 -0.0050950 0.0080360 0.0016600 0.0050318 -0.0058146 0.0098456 -0.0226249 -0.0076011 0.0016100 -0.0056123
0.0255035 -0.0096361 -0.0175204 0.0249037 -0.0322252 -0.0177288 0.0018905 0.0034102 -0.0191551 -0.0151245 -0.0310823 0.0099287 -0.0079263 -0.0081571 -0.0232631 0.0116663 -0.0297006 -0.0307405 -0.0219382 0.0106086 -0.0134035 -0.0268244 0.0226096 -0.0094326 0.0100733 0.0179514 -0.0151253 -0.0049235 -0.0145321 -0.0314221 -0.0020675 -0.0044388 0.0065521 0.0045329 -0.0150218 -0.0308526 -0.0050651 -0.0313763 -0.0045214 -0.0236045 -0.0024453 0.0191264 0.0087019 -0.0128806 1.0252308 -0.0151561 0.0032066 0.0125374 -0.0139577 0.0009059 -0.0030665 0.0186488 -0.0167096 -0.0231549 -0.0101483 -0.0053099 -0.0336735 -0.0132328 -0.0088389 0.0016725 -0.0025826 0.0026122 0.0209443 0.0256319 0.0048778 -0.0210224 0.0121352 -0.0001812 -0.0126162 0.0124700 -0.0209655 -0.0027745 -0.0242468 -0.0150052 -0.0076489 0.0009979 -0.0256580 0.0206284 -0.0058271 -0.0110234 -0.0121066
-0.0454748 -0.0099441 -0.0063181 -0.0455573 0.0274254 -0.0051202 -0.0050293 -0.0380722 0.0018792 0.0167359 0.0326966 -0.0451150 -0.0106298 -0.0128661 0.0001081 -0.0368952 0.0429198 0.0447598 0.0291547 -0.0489493 0.0045879 0.0348469 -0.0519750 -0.0135683 -0.0444019 -0.0559865 0.0015554 0.0017337 -0.0132036 0.0352422 -0.0434387 -0.0085569 -0.0319109 -0.0388171 0.0313737 0.0334671 -0.0090903 0.0433136 -0.0059738 0.0338390 -0.0161158 -0.0526608 -0.0375906 0.0062103 -0.0151561 1.0495769 -0.0149407 -0.0437300 0.0053284 -0.0115029 -0.0073162 -0.0422292 0.0070866 0.0338157 0.0024366 -0.0092026 0.0368746 -0.0008237 0.0236559 -0.0157248 -0.0068277 -0.0166062 -0.0488576 -0.0507355 -0.0380002 0.0307254 -0.0449511 -0.0069795 0.0000603 -0.0454058 0.0302345 -0.0063740 0.0335956 0.0023329 0.0106984 -0.0029758 0.0301241 -0.0460415 -0.0068170 0.0230924 -0.0072863
