1.1085168 -0.0109658 -0.0271974 0.0669165 -0.0717180 -0.0205084 0.0036142 0.0362199 -0.0328463 -0.0452079 -0.0769110 0.0505064 -0.0118760 -0.0096315 -0.0389127 0.0465507 -0.0843488 -0.0852794 -0.0636382 0.0496872 -0.0298442 -0.0687864 0.0692981 -0.0048853 0.0481952 0.0634825 -0.0246041 -0.0097435 -0.0205092 -0.0757447 0.0231110 -0.0044231 0.0405052 0.0386514 -0.0589187 -0.0852407 -0.0086301 -0.0868045 -0.0094912 -0.0742531 -0.0038218 0.0693532 0.0428193 -0.0291616 0.0207935 -0.0533538 0.0033451 0.0543315 -0.0287784 0.0021117 -0.0082363 0.0633632 -0.0355876 -0.0763306 -0.0240612 -0.0098796 -0.0908392 -0.0244382 -0.0458247 0.0067074 -0.0023842 0.0001031 0.0675747 0.0799030 0.0365603 -0.0658315 0.0536312 -0.0013119 -0.0281654 0.0525707 -0.0702657 -0.0043314 -0.0757411 -0.0291227 -0.0196463 0.0007426 -0.0744008 0.0686408 -0.0104550 -0.0491594 -0.0196422
-0.0109658 1.0536102 -0.0025437 -0.0108370 -0.0094102 -0.0049962 -0.0099727 -0.0093678 -0.0120850 -0.0071806 -0.0138802 -0.0038202 -0.0064706 -0.0066117 -0.0136595 -0.0084392 -0.0055707 -0.0061703 -0.0114202 -0.0030166 -0.0089903 -0.0049339 -0.0048285 -0.0042700 -0.0071545 -0.0050294 -0.0126360 -0.0072656 -0.0085664 -0.0144028 -0.0101309 -0.0104532 -0.0092304 -0.0085918 -0.0144263 -0.0117574 -0.0086420 -0.0122690 -0.0128481 -0.0121544 -0.0073894 -0.0038135 -0.0107267 -0.0107394 -0.0103778 -0.0111070 -0.0088103 -0.0071938 -0.0117649 -0.0096291 -0.0059858 -0.0095475 -0.0061606 -0.0085446 -0.0059548 -0.0083144 -0.0086807 -0.0090889 -0.0113789 -0.0071600 -0.0083032 -0.0065699 -0.0087656 -0.0045046 -0.0087528 -0.0130184 -0.0069552 -0.0099418 -0.0092083 -0.0066506 -0.0101447 -0.0103949 -0.0094956 -0.0093581 -0.0082305 -0.0086485 -0.0106042 -0.0059371 -0.0092200 -0.0120215 -0.0058756
-0.0271974 -0.0025437 1.0436596 -0.0281359 0.0055691 -0.0029239 -0.0132893 -0.0150723 -0.0074097 -0.0099397 0.0007570 -0.0152052 -0.0086263 -0.0098276 -0.0063444 -0.0234246 0.0109770 0.0061333 -0.0063923 -0.0170894 -0.0036399 0.0063697 -0.0236577 -0.0117437 -0.0206184 -0.0212026 -0.0055686 -0.0040606 -0.0082073 0.0004962 -0.0215231 -0.0130273 -0.0144132 -0.0124917 -0.0061602 0.0041488 -0.0081719 0.0036242 -0.0134466 -0.0026047 -0.0121134 -0.0231981 -0.0151553 -0.0057784 -0.0173977 -0.0051995 -0.0139952 -0.0172335 -0.0048281 -0.0099988 -0.0056489 -0.0216104 0.0004331 0.0030952 -0.0020197 -0.0098131 0.0068585 -0.0029619 -0.0060760 -0.0138484 -0.0098923 -0.0151177 -0.0249427 -0.0213052 -0.0120288 -0.0047405 -0.0176156 -0.0114445 -0.0026113 -0.0196514 -0.0029265 -0.0107459 0.0025249 -0.0038958 -0.0036636 -0.0117474 -0.0012319 -0.0210916 -0.0088678 -0.0077241 -0.0090324
0.0669165 -0.0108370 -0.0281359 1.1089567 -0.0695388 -0.0199592 0.0039906 0.0356803 -0.0334166 -0.0433652 -0.0771994 0.0490859 -0.0111753 -0.0101255 -0.0396128 0.0448666 -0.0826753 -0.0848928 -0.0624687 0.0499885 -0.0311606 -0.0684919 0.0685206 -0.0050071 0.0481953 0.0643707 -0.0228848 -0.0090749 -0.0214415 -0.0770972 0.0247942 -0.0092981 0.0400405 0.0358792 -0.0576866 -0.0838177 -0.0102126 -0.0866387 -0.0087042 -0.0730143 -0.0051961 0.0681948 0.0426352 -0.0300303 0.0199841 -0.0537219 0.0029017 0.0537435 -0.0279506 0.0014919 -0.0086004 0.0624866 -0.0357126 -0.0749737 -0.0241073 -0.0098977 -0.0915879 -0.0244196 -0.0456294 0.0077518 -0.0027026 0.0009194 0.0677156 0.0791724 0.0348741 -0.0651946 0.0544358 -0.0012462 -0.0278886 0.0507849 -0.0709214 -0.0050414 -0.0748586 -0.0277903 -0.0191470 -0.0003715 -0.0723666 0.0689242 -0.0107992 -0.0494725 -0.0197760
-0.0717180 -0.0094102 0.0055691 -0.0695388 1.0758861 -0.0003619 -0.0134038 -0.0507470 0.0040252 0.0178912 0.0417851 -0.0536148 -0.0082638 -0.0095935 0.0064622 -0.0601859 0.0601920 0.0591845 0.0369474 -0.0585900 0.0070073 0.0473594 -0.0702956 -0.0105290 -0.0602092 -0.0676904 -0.0011644 -0.0005942 -0.0074646 0.0432581 -0.0505014 -0.0126703 -0.0502366 -0.0491762 0.0312342 0.0546144 -0.0081870 0.0536000 -0.0118129 0.0414984 -0.0174672 -0.0732396 -0.0549867 0.0050520 -0.0319881 0.0319250 -0.0213710 -0.0612943 0.0057869 -0.0164759 -0.0058924 -0.0671243 0.0138443 0.0491862 0.0093310 -0.0102322 0.0571926 0.0004159 0.0268159 -0.0202537 -0.0102629 -0.0215077 -0.0740303 -0.0746444 -0.0467716 0.0343800 -0.0611465 -0.0155334 0.0062791 -0.0626272 0.0402620 -0.0117735 0.0478743 0.0041048 0.0064487 -0.0154481 0.0430316 -0.0691627 -0.0084976 0.0237908 -0.0045350
-0.0205084 -0.0049962 -0.0029239 -0.0199592 -0.0003619 1.0473830 -0.0100421 -0.0081530 -0.0085465 -0.0132980 -0.0058375 -0.0081587 -0.0078603 -0.0079000 -0.0078964 -0.0155233 0.0008681 -0.0000907 -0.0120053 -0.0090436 -0.0053593 -0.0002561 -0.0185935 -0.0087965 -0.0106024 -0.0148269 -0.0071468 -0.0041650 -0.0084665 -0.0051157 -0.0146065 -0.0124167 -0.0081068 -0.0068899 -0.0114390 -0.0032075 -0.0079527 -0.0032191 -0.0128408 -0.0095237 -0.0114492 -0.0144399 -0.0089112 -0.0070002 -0.0157617 -0.0074386 -0.0127745 -0.0101581 -0.0070325 -0.0098991 -0.0057989 -0.0141163 -0.0016533 -0.0042865 -0.0029044 -0.0086854 -0.0008139 -0.0054308 -0.0115580 -0.0111632 -0.0079369 -0.0131216 -0.0167738 -0.0129644 -0.0067499 -0.0097968 -0.0112025 -0.0102190 -0.0048382 -0.0105970 -0.0092635 -0.0091098 -0.0039091 -0.0047130 -0.0047601 -0.0101972 -0.0072438 -0.0137779 -0.0089750 -0.0112792 -0.0068363
0.0036142 -0.0099727 -0.0132893 0.0039906 -0.0134038 -0.0100421 1.0572900 -0.0032867 -0.0132097 -0.0111455 -0.0160970 -0.0035851 -0.0102555 -0.0109947 -0.0164995 0.0001869 -0.0120007 -0.0137020 -0.0140057 -0.0053977 -0.0052455 -0.0100600 0.0010386 -0.0134030 -0.0046569 -0.0037882 -0.0099852 -0.0016663 -0.0172433 -0.0124779 -0.0144882 -0.0089090 -0.0022370 -0.0058365 -0.0092774 -0.0176585 -0.0106228 -0.0150628 -0.0085009 -0.0161004 -0.0120043 -0.0019666 -0.0033741 -0.0093564 -0.0016341 -0.0059817 -0.0098746 -0.0034612 -0.0094970 -0.0060110 -0.0070187 0.0012660 -0.0127564 -0.0147712 -0.0080063 -0.0089389 -0.0203504 -0.0111736 -0.0072415 -0.0076643 -0.0046478 -0.0107537 -0.0013821 0.0040368 -0.0060299 -0.0131801 -0.0032889 -0.0062888 -0.0115534 -0.0054408 -0.0164945 -0.0058577 -0.0152706 -0.0117918 -0.0031398 -0.0043585 -0.0167381 0.0018287 -0.0087282 -0.0095149 -0.0149657
0.0362199 -0.0093678 -0.0150723 0.0356803 -0.0507470 -0.0081530 -0.0032867 1.0839552 -0.0115163 -0.0477197 -0.0547702 0.0356504 -0.0101165 -0.0082827 -0.0158957 0.0351268 -0.0546605 -0.0583595 -0.0522434 0.0378037 -0.0143344 -0.0504787 0.0382735 -0.0084601 0.0374367 0.0386080 -0.0099604 -0.0047090 -0.0125121 -0.0533850 0.0289999 -0.0083648 0.0323083 0.0312819 -0.0505501 -0.0584372 -0.0099611 -0.0592732 -0.0079479 -0.0571141 -0.0079480 0.0421757 0.0330926 -0.0178315 0.0026187 -0.0471651 -0.0069532 0.0367546 -0.0164628 -0.0054026 -0.0076821 0.0410351 -0.0202593 -0.0565050 -0.0146498 -0.0088112 -0.0607242 -0.0143711 -0.0440408 -0.0017947 -0.0032103 -0.0095958 0.0414422 0.0476905 0.0305601 -0.0499352 0.0374588 -0.0070947 -0.0177514 0.0348958 -0.0560131 -0.0052594 -0.0558960 -0.0157347 -0.0131451 -0.0048344 -0.0529556 0.0422245 -0.0104217 -0.0448839 -0.0128044
-0.0328463 -0.0120850 -0.0074097 -0.0334166 0.0040252 -0.0085465 -0.0132097 -0.0115163 1.0664012 -0.0093521 0.0182832 -0.0251666 -0.0122274 -0.0139682 0.0133696 -0.0088680 0.0170527 0.0236037 0.0102781 -0.0263289 0.0072088 0.0036889 -0.0446753 -0.0172253 -0.0214181 -0.0338020 0.0049446 -0.0020204 -0.0049148 0.0184932 -0.0085127 -0.0001089 -0.0168878 -0.0238388 0.0032727 0.0100470 -0.0111581 0.0182717 -0.0075003 0.0102054 -0.0119916 -0.0354771 -0.0318016 0.0014791 -0.0195394 0.0021952 -0.0188405 -0.0286505 0.0028309 -0.0186741 -0.0074277 -0.0293744 0.0033757 0.0109513 -0.0024855 -0.0129251 0.0164577 -0.0065288 0.0001510 -0.0184519 -0.0055424 -0.0197771 -0.0292353 -0.0363953 -0.0226142 0.0093488 -0.0290396 -0.0200139 -0.0048649 -0.0301694 0.0164545 -0.0059691 0.0093828 -0.0041013 0.0039508 -0.0114599 0.0165658 -0.0269555 -0.0122679 0.0039874 -0.0057716
-0.0452079 -0.0071806 -0.0099397 -0.0433652 0.0178912 -0.0132980 -0.0111455 -0.0477197 -0.0093521 1.0676172 0.0196631 -0.0408307 -0.0060603 -0.0082675 -0.0070330 -0.0453305 0.0350336 0.0348157 0.0226362 -0.0424978 -0.0024920 0.0246281 -0.0413054 -0.0118418 -0.0469958 -0.0425955 -0.0132987 -0.0077396 -0.0059053 0.0202713 -0.0397080 -0.0103622 -0.0418389 -0.0438386 0.0214403 0.0283326 -0.0080476 0.0309859 -0.0105067 0.0292724 -0.0049235 -0.0461287 -0.0475622 -0.0054853 -0.0167132 0.0236611 -0.0080937 -0.0438663 -0.0052768 -0.0110027 -0.0032740 -0.0489564 0.0042168 0.0341030 -0.0005052 -0.0064520 0.0325753 -0.0067332 0.0236584 -0.0094451 -0.0094174 -0.0070571 -0.0454581 -0.0470449 -0.0421886 0.0255175 -0.0433319 -0.0102875 -0.0033851 -0.0444369 0.0344788 -0.0108744 0.0324062 -0.0040783 -0.0005986 -0.0119591 0.0272914 -0.0445713 -0.0055930 0.0251303 -0.0041535
-0.0769110 -0.0138802 0.0007570 -0.0771994 0.0417851 -0.0058375 -0.0160970 -0.0547702 0.0182832 0.0196631 1.0901012 -0.0596975 -0.0114334 -0.0098426 0.0138534 -0.0578545 0.0696487 0.0774604 0.0457952 -0.0718799 0.0157726 0.0533386 -0.0846978 -0.0235777 -0.0668129 -0.0839271 0.0090251 0.0013285 -0.0086122 0.0604445 -0.0538210 -0.0063164 -0.0542369 -0.0595203 0.0472649 0.0609381 -0.0103014 0.0725603 -0.0107895 0.0570409 -0.0192500 -0.0859400 -0.0640632 0.0105872 -0.0300915 0.0390279 -0.0230867 -0.0728626 0.0122259 -0.0186235 -0.0050598 -0.0744883 0.0176215 0.0604121 0.0074042 -0.0124789 0.0681956 0.0031652 0.0348637 -0.0279942 -0.0108592 -0.0234458 -0.0801647 -0.0877311 -0.0580008 0.0482869 -0.0723334 -0.0160344 0.0070787 -0.0733144 0.0554104 -0.0112681 0.0575688 0.0061824 0.0145986 -0.0115354 0.0541664 -0.0780766 -0.0112312 0.0345961 -0.0078340
0.0505064 -0.0038202 -0.0152052 0.0490859 -0.0536148 -0.0081587 -0.0035851 0.0356504 -0.0251666 -0.0408307 -0.0596975 1.0723653 -0.0048536 -0.0039317 -0.0258607 0.0336084 -0.0625878 -0.0683599 -0.0571678 0.0480760 -0.0227053 -0.0565253 0.0563508 -0.0005718 0.0416234 0.0549137 -0.0191775 -0.0085233 -0.0093392 -0.0665109 0.0293470 -0.0087665 0.0343621 0.0380418 -0.0549526 -0.0642038 -0.0052824 -0.0699452 -0.0087084 -0.0628483 -0.0003781 0.0557822 0.0379242 -0.0220503 0.0085712 -0.0500960 0.0019135 0.0457137 -0.0219831 -0.0002043 -0.0046749 0.0470023 -0.0222223 -0.0589020 -0.0152946 -0.0056934 -0.0660043 -0.0122707 -0.0445832 0.0058462 -0.0029620 -0.0002954 0.0507522 0.0601873 0.0349135 -0.0557422 0.0457692 -0.0028652 -0.0180004 0.0455156 -0.0592305 -0.0039882 -0.0585511 -0.0170733 -0.0181212 -0.0034666 -0.0581287 0.0517642 -0.0066083 -0.0450571 -0.0096162
-0.0118760 -0.0064706 -0.0086263 -0.0111753 -0.0082638 -0.0078603 -0.0102555 -0.0101165 -0.0122274 -0.0060603 -0.0114334 -0.0048536 1.0432501 -0.0043023 -0.0103336 -0.0142488 -0.0035380 -0.0059876 -0.0104423 -0.0059929 -0.0044270 -0.0036740 -0.0077827 -0.0074333 -0.0097858 -0.0062376 -0.0111771 -0.0061882 -0.0049071 -0.0106432 -0.0133949 -0.0084531 -0.0087247 -0.0082996 -0.0104915 -0.0068497 -0.0067340 -0.0083875 -0.0103138 -0.0086179 -0.0061921 -0.0068187 -0.0090477 -0.0101609 -0.0091719 -0.0103084 -0.0074252 -0.0072073 -0.0092600 -0.0073049 -0.0041765 -0.0098632 -0.0049920 -0.0044725 -0.0052872 -0.0076023 -0.0060819 -0.0070179 -0.0075126 -0.0068134 -0.0073363 -0.0068438 -0.0085565 -0.0052085 -0.0085874 -0.0094279 -0.0063008 -0.0074404 -0.0065113 -0.0079607 -0.0069614 -0.0083905 -0.0050120 -0.0062405 -0.0064246 -0.0080283 -0.0086995 -0.0065445 -0.0077176 -0.0091691 -0.0074002
-0.0096315 -0.0066117 -0.0098276 -0.0101255 -0.0095935 -0.0079000 -0.0109947 -0.0082827 -0.0139682 -0.0082675 -0.0098426 -0.0039317 -0.0043023 1.0491595 -0.0101674 -0.0117440 -0.0050078 -0.0073660 -0.0112526 -0.0061336 -0.0090851 -0.0066483 -0.0031197 -0.0088149 -0.0105517 -0.0040193 -0.0120754 -0.0065067 -0.0068639 -0.0140108 -0.0119287 -0.0093853 -0.0077258 -0.0058781 -0.0111740 -0.0105733 -0.0065278 -0.0114388 -0.0118531 -0.0108768 -0.0057040 -0.0044655 -0.0092604 -0.0108675 -0.0087312 -0.0122168 -0.0076839 -0.0063377 -0.0102553 -0.0078732 -0.0047285 -0.0090094 -0.0058089 -0.0074222 -0.0065352 -0.0072891 -0.0085883 -0.0081679 -0.0105402 -0.0065552 -0.0073059 -0.0075860 -0.0076820 -0.0029945 -0.0073158 -0.0119657 -0.0054527 -0.0078497 -0.0075838 -0.0074722 -0.0084332 -0.0076539 -0.0075321 -0.0077602 -0.0074086 -0.0084378 -0.0106030 -0.0050354 -0.0075061 -0.0096642 -0.0085052
-0.0389127 -0.0136595 -0.0063444 -0.0396128 0.0064622 -0.0078964 -0.0164995 -0.0158957 0.0133696 -0.0070330 0.0138534 -0.0258607 -0.0103336 -0.0101674 1.0609256 -0.0177774 0.0203765 0.0203332 0.0071013 -0.0267335 0.0037535 0.0040968 -0.0441060 -0.0144523 -0.0251849 -0.0341801 0.0013560 -0.0043193 -0.0030021 0.0133726 -0.0136060 -0.0045475 -0.0191325 -0.0222798 0.0012889 0.0126825 -0.0107072 0.0182590 -0.0095411 0.0088698 -0.0100051 -0.0345557 -0.0296550 -0.0000976 -0.0220010 0.0007284 -0.0171046 -0.0281343 0.0006103 -0.0192734 -0.0065276 -0.0324901 0.0057612 0.0123534 -0.0010767 -0.0106211 0.0198231 -0.0041047 -0.0007921 -0.0170012 -0.0071087 -0.0179652 -0.0314914 -0.0366942 -0.0213341 0.0072994 -0.0280977 -0.0171690 -0.0020869 -0.0293968 0.0134523 -0.0083494 0.0104068 -0.0027199 0.0008397 -0.0127861 0.0151027 -0.0289464 -0.0105515 0.0009882 -0.0047090
0.0465507 -0.0084392 -0.0234246 0.0448666 -0.0601859 -0.0155233 0.0001869 0.0351268 -0.0088680 -0.0453305 -0.0578545 0.0336084 -0.0142488 -0.0117440 -0.0177774 1.0887816 -0.0639175 -0.0615994 -0.0493183 0.0360111 -0.0187394 -0.0619881 0.0397206 -0.0124899 0.0442485 0.0415602 -0.0123054 -0.0057705 -0.0170209 -0.0553474 0.0317585 -0.0057377 0.0340793 0.0294401 -0.0502296 -0.0675633 -0.0123314 -0.0642080 -0.0066745 -0.0585028 -0.0063380 0.0465580 0.0275708 -0.0177015 0.0098388 -0.0437724 -0.0050707 0.0380250 -0.0184285 -0.0075731 -0.0089198 0.0454535 -0.0257691 -0.0614443 -0.0191065 -0.0125583 -0.0680489 -0.0206529 -0.0411831 -0.0008676 -0.0011338 -0.0070822 0.0497437 0.0527428 0.0281295 -0.0515251 0.0383433 -0.0089489 -0.0244253 0.0366522 -0.0545305 -0.0032564 -0.0612990 -0.0229422 -0.0118246 -0.0023721 -0.0540721 0.0507163 -0.0115571 -0.0415743 -0.0144931
-0.0843488 -0.0055707 0.0109770 -0.0826753 0.0601920 0.0008681 -0.0120007 -0.0546605 0.0170527 0.0350336 0.0696487 -0.0625878 -0.0035380 -0.0050078 0.0203765 -0.0639175 1.0884694 0.0771018 0.0572351 -0.0669183 0.0183290 0.0646960 -0.0865540 -0.0123796 -0.0716636 -0.0798403 0.0075419 0.0034554 0.0019956 0.0690629 -0.0583197 -0.0053521 -0.0539339 -0.0574120 0.0499830 0.0690111 -0.0061346 0.0748723 -0.0074019 0.0618399 -0.0129610 -0.0827608 -0.0624573 0.0124691 -0.0286408 0.0467027 -0.0182158 -0.0683469 0.0132169 -0.0144450 -0.0021957 -0.0746855 0.0209080 0.0633467 0.0117993 -0.0060226 0.0738984 0.0065839 0.0393777 -0.0212103 -0.0091554 -0.0169535 -0.0797177 -0.0833212 -0.0547201 0.0527115 -0.0683682 -0.0113920 0.0125239 -0.0697841 0.0592303 -0.0088806 0.0634919 0.0111133 0.0128745 -0.0103314 0.0586652 -0.0754326 -0.0050234 0.0384647 -0.0006453
-0.0852794 -0.0061703 0.0061333 -0.0848928 0.0591845 -0.0000907 -0.0137020 -0.0583595 0.0236037 0.0348157 0.0774604 -0.0683599 -0.0059876 -0.0073660 0.0203332 -0.0615994 0.0771018 1.0863428 0.0609123 -0.0733254 0.0207470 0.0661030 -0.0922324 -0.0155904 -0.0702450 -0.0878081 0.0118075 0.0041918 -0.0013093 0.0745494 -0.0560830 -0.0036132 -0.0549892 -0.0605185 0.0548077 0.0722350 -0.0067323 0.0797629 -0.0064745 0.0668043 -0.0140504 -0.0865207 -0.0656086 0.0162833 -0.0284738 0.0495708 -0.0198088 -0.0718995 0.0161643 -0.0151408 -0.0025198 -0.0766419 0.0208955 0.0670066 0.0114436 -0.0081826 0.0783833 0.0060420 0.0418855 -0.0231401 -0.0083060 -0.0179533 -0.0817007 -0.0873179 -0.0578854 0.0579626 -0.0727977 -0.0122965 0.0121013 -0.0731777 0.0645152 -0.0078306 0.0664120 0.0110259 0.0151738 -0.0086247 0.0636124 -0.0776926 -0.0069051 0.0427756 -0.0001920
-0.0636382 -0.0114202 -0.0063923 -0.0624687 0.0369474 -0.0120053 -0.0140057 -0.0522434 0.0102781 0.0226362 0.0457952 -0.0571678 -0.0104423 -0.0112526 0.0071013 -0.0493183 0.0572351 0.0609123 1.0818003 -0.0601236 0.0087569 0.0407052 -0.0694482 -0.0178953 -0.0589667 -0.0684567 -0.0017344 -0.0007540 -0.0092925 0.0448088 -0.0458993 -0.0082925 -0.0493042 -0.0566693 0.0381201 0.0490185 -0.0108238 0.0555793 -0.0088322 0.0480903 -0.0139369 -0.0724630 -0.0604551 0.0049123 -0.0240091 0.0360354 -0.0183302 -0.0622504 0.0060217 -0.0170198 -0.0056549 -0.0647286 0.0108284 0.0488142 0.0044806 -0.0112425 0.0542544 -0.0038235 0.0341603 -0.0196341 -0.0083786 -0.0177824 -0.0658531 -0.0731510 -0.0547059 0.0413559 -0.0629440 -0.0153883 0.0015691 -0.0637257 0.0488566 -0.0089634 0.0487161 0.0011337 0.0094690 -0.0107932 0.0467042 -0.0650298 -0.0097289 0.0322060 -0.0069614
0.0496872 -0.0030166 -0.0170894 0.0499885 -0.0585900 -0.0090436 -0.0053977 0.0378037 -0.0263289 -0.0424978 -0.0718799 0.0480760 -0.0059929 -0.0061336 -0.0267335 0.0360111 -0.0669183 -0.0733254 -0.0601236 1.0830297 -0.0241655 -0.0612757 0.0571242 -0.0022438 0.0423111 0.0578034 -0.0196753 -0.0097507 -0.0080850 -0.0685249 0.0320733 -0.0097722 0.0361701 0.0394195 -0.0590337 -0.0688570 -0.0067979 -0.0752885 -0.0095230 -0.0667332 0.0001542 0.0595249 0.0405488 -0.0234994 0.0095494 -0.0538296 0.0021781 0.0492817 -0.0231758 -0.0007306 -0.0048620 0.0493064 -0.0235668 -0.0641388 -0.0160804 -0.0053751 -0.0714116 -0.0154854 -0.0482057 0.0056928 -0.0032333 -0.0014466 0.0550494 0.0646818 0.0381085 -0.0596215 0.0499693 -0.0017995 -0.0188926 0.0486346 -0.0627400 -0.0054159 -0.0631308 -0.0180876 -0.0199811 -0.0048110 -0.0627747 0.0558956 -0.0068751 -0.0491189 -0.0107667
-0.0298442 -0.0089903 -0.0036399 -0.0311606 0.0070073 -0.0053593 -0.0052455 -0.0143344 0.0072088 -0.0024920 0.0157726 -0.0227053 -0.0044270 -0.0090851 0.0037535 -0.0187394 0.0183290 0.0207470 0.0087569 -0.0241655 1.0492511 0.0146744 -0.0334846 -0.0132903 -0.0238836 -0.0309560 -0.0000708 -0.0002969 -0.0070618 0.0182516 -0.0214261 -0.0053183 -0.0179926 -0.0206130 0.0080677 0.0134365 -0.0087832 0.0173416 -0.0085600 0.0102616 -0.0111299 -0.0315593 -0.0232330 0.0002895 -0.0149143 0.0055364 -0.0144911 -0.0250009 0.0012656 -0.0110006 -0.0045762 -0.0253955 0.0022541 0.0125227 0.0000551 -0.0095369 0.0162348 -0.0028964 0.0037656 -0.0151445 -0.0068570 -0.0153630 -0.0287102 -0.0295132 -0.0195957 0.0088353 -0.0250850 -0.0100494 -0.0016911 -0.0262637 0.0107128 -0.0068730 0.0117143 -0.0019148 0.0028448 -0.0078946 0.0108811 -0.0257898 -0.0082587 0.0035106 -0.0070731
-0.0687864 -0.0049339 0.0063697 -0.0684919 0.0473594 -0.0002561 -0.0100600 -0.0504787 0.0036889 0.0246281 0.0533386 -0.0565253 -0.0036740 -0.0066483 0.0040968 -0.0619881 0.0646960 0.0661030 0.0407052 -0.0612757 0.0146744 1.0795927 -0.0684933 -0.0125476 -0.0639861 -0.0725781 0.0036497 0.0032155 -0.0097021 0.0527396 -0.0619807 -0.0092705 -0.0511193 -0.0523323 0.0430471 0.0585224 -0.0091298 0.0620727 -0.0112578 0.0491426 -0.0191606 -0.0776934 -0.0512566 0.0067505 -0.0275062 0.0379059 -0.0202136 -0.0636754 0.0079683 -0.0115594 -0.0044831 -0.0652984 0.0137974 0.0541455 0.0085728 -0.0084739 0.0589548 0.0027110 0.0337751 -0.0216338 -0.0117434 -0.0189066 -0.0757622 -0.0745606 -0.0510026 0.0413360 -0.0642049 -0.0087884 0.0076404 -0.0654596 0.0433929 -0.0111482 0.0518072 0.0071908 0.0106360 -0.0099283 0.0435935 -0.0710763 -0.0072098 0.0272683 -0.0076815
0.0692981 -0.0048285 -0.0236577 0.0685206 -0.0702956 -0.0185935 0.0010386 0.0382735 -0.0446753 -0.0413054 -0.0846978 0.0563508 -0.0077827 -0.0031197 -0.0441060 0.0397206 -0.0865540 -0.0922324 -0.0694482 0.0571242 -0.0334846 -0.0684933 1.1146637 -0.0018025 0.0483505 0.0706066 -0.0290291 -0.0117274 -0.0184931 -0.0846703 0.0233545 -0.0129807 0.0441568 0.0443686 -0.0645335 -0.0858458 -0.0072125 -0.0930858 -0.0108988 -0.0787441 -0.0013828 0.0762901 0.0498283 -0.0328748 0.0193073 -0.0593301 0.0067531 0.0604784 -0.0314286 0.0046815 -0.0063351 0.0649833 -0.0351541 -0.0773935 -0.0227294 -0.0072676 -0.0933068 -0.0221842 -0.0503261 0.0113092 -0.0038142 0.0035690 0.0696684 0.0865236 0.0421938 -0.0716012 0.0596501 0.0016676 -0.0263311 0.0575311 -0.0767013 -0.0060808 -0.0772047 -0.0255853 -0.0244291 -0.0000916 -0.0806981 0.0714527 -0.0081069 -0.0547629 -0.0180064
-0.0048853 -0.0042700 -0.0117437 -0.0050071 -0.0105290 -0.0087965 -0.0134030 -0.0084601 -0.0172253 -0.0118418 -0.0235777 -0.0005718 -0.0074333 -0.0088149 -0.0144523 -0.0124899 -0.0123796 -0.0155904 -0.0178953 -0.0022438 -0.0132903 -0.0125476 -0.0018025 1.0434526 -0.0061542 -0.0006128 -0.0154777 -0.0096098 -0.0102975 -0.0215901 -0.0092954 -0.0085272 -0.0054890 -0.0038797 -0.0191696 -0.0147994 -0.0086039 -0.0194796 -0.0092673 -0.0178941 -0.0068872 0.0007489 -0.0075223 -0.0136997 -0.0099540 -0.0158607 -0.0080123 -0.0012983 -0.0133851 -0.0088776 -0.0061491 -0.0057380 -0.0085267 -0.0132508 -0.0079584 -0.0087573 -0.0148608 -0.0113377 -0.0123088 -0.0051649 -0.0071950 -0.0090672 -0.0029062 0.0013300 -0.0040469 -0.0185616 -0.0013408 -0.0091224 -0.0108454 -0.0015235 -0.0162917 -0.0095589 -0.0143874 -0.0112403 -0.0108329 -0.0098913 -0.0145374 -0.0004645 -0.0082392 -0.0147924 -0.0077209
0.0481952 -0.0071545 -0.0206184 0.0481953 -0.0602092 -0.0106024 -0.0046569 0.0374367 -0.0214181 -0.0469958 -0.0668129 0.0416234 -0.0097858 -0.0105517 -0.0251849 0.0442485 -0.0716636 -0.0702450 -0.0589667 0.0423111 -0.0238836 -0.0639861 0.0483505 -0.0061542 1.0879632 0.0497226 -0.0174093 -0.0094204 -0.0150158 -0.0656534 0.0303038 -0.0092214 0.0368954 0.0352146 -0.0566768 -0.0712130 -0.0103021 -0.0731854 -0.0082056 -0.0657179 -0.0041938 0.0563397 0.0352932 -0.0223324 0.0095822 -0.0520462 -0.0022303 0.0456603 -0.0224671 -0.0046135 -0.0081676 0.0494507 -0.0259373 -0.0659025 -0.0198156 -0.0092923 -0.0730025 -0.0184415 -0.0473890 0.0019749 -0.0023179 -0.0041054 0.0546720 0.0616539 0.0341171 -0.0585452 0.0466731 -0.0062136 -0.0232044 0.0451101 -0.0609077 -0.0038950 -0.0651495 -0.0213724 -0.0171170 -0.0034403 -0.0612638 0.0559171 -0.0107793 -0.0475722 -0.0133779
0.0634825 -0.0050294 -0.0212026 0.0643707 -0.0676904 -0.0148269 -0.0037882 0.0386080 -0.0338020 -0.0425955 -0.0839271 0.0549137 -0.0062376 -0.0040193 -0.0341801 0.0415602 -0.0798403 -0.0878081 -0.0684567 0.0578034 -0.0309560 -0.0725781 0.0706066 -0.0006128 0.0497226 1.1051838 -0.0285485 -0.0132415 -0.0087106 -0.0820668 0.0337142 -0.0111230 0.0412491 0.0443319 -0.0674738 -0.0818917 -0.0055108 -0.0900479 -0.0105395 -0.0753642 0.0036713 0.0743940 0.0420931 -0.0309595 0.0153609 -0.0618957 0.0067070 0.0580346 -0.0301093 0.0006875 -0.0055221 0.0587788 -0.0309420 -0.0732148 -0.0214641 -0.0068911 -0.0842934 -0.0205293 -0.0525774 0.0109434 -0.0029093 0.0043675 0.0678302 0.0798925 0.0408432 -0.0688916 0.0586576 -0.0025719 -0.0247325 0.0572351 -0.0698153 -0.0055827 -0.0736337 -0.0253832 -0.0255806 -0.0042190 -0.0727367 0.0688741 -0.0060393 -0.0524817 -0.0114105
-0.0246041 -0.0126360 -0.0055686 -0.0228848 -0.0011644 -0.0071468 -0.0099852 -0.0099604 0.0049446 -0.0132987 0.0090251 -0.0191775 -0.0111771 -0.0120754 0.0013560 -0.0123054 0.0075419 0.0118075 -0.0017344 -0.0196753 -0.0000708 0.0036497 -0.0290291 -0.0154777 -0.0174093 -0.0285485 1.0347664 -0.0009011 -0.0097405 0.0063456 -0.0160047 -0.0069697 -0.0125167 -0.0153557 0.0003021 0.0041855 -0.0107443 0.0080495 -0.0092186 0.0020767 -0.0133820 -0.0257575 -0.0172268 -0.0018471 -0.0148885 -0.0012386 -0.0165715 -0.0200556 -0.0017531 -0.0103137 -0.0064371 -0.0189393 0.0005490 0.0034840 -0.0024409 -0.0094961 0.0066101 -0.0051597 -0.0029997 -0.0145802 -0.0068020 -0.0184347 -0.0225725 -0.0237060 -0.0151513 0.0029016 -0.0194779 -0.0119158 -0.0041822 -0.0214378 0.0017295 -0.0069497 0.0030632 -0.0028038 0.0016554 -0.0085986 0.0043862 -0.0198790 -0.0106427 -0.0038892 -0.0104818
-0.0097435 -0.0072656 -0.0040606 -0.0090749 -0.0005942 -0.0041650 -0.0016663 -0.0047090 -0.0020204 -0.0077396 0.0013285 -0.0085233 -0.0061882 -0.0065067 -0.0043193 -0.0057705 0.0034554 0.0041918 -0.0007540 -0.0097507 -0.0002969 0.0032155 -0.0117274 -0.0096098 -0.0094204 -0.0132415 -0.0009011 1.0267239 -0.0092194 0.0006851 -0.0135183 -0.0039286 -0.0057038 -0.0073757 0.0011322 0.0001629 -0.0056199 0.0020477 -0.0058159 -0.0015774 -0.0095570 -0.0124607 -0.0060122 -0.0014768 -0.0047151 0.0004150 -0.0084685 -0.0090881 -0.0016800 -0.0042139 -0.0033767 -0.0064563 -0.0024422 -0.0002234 -0.0018881 -0.0058098 -0.0009259 -0.0034813 -0.0012311 -0.0083969 -0.0034401 -0.0094339 -0.0107052 -0.0092312 -0.0069687 -0.0010172 -0.0093096 -0.0040505 -0.0022663 -0.0107123 -0.0031912 -0.0046112 -0.0003564 -0.0026286 0.0014262 -0.0030949 -0.0028455 -0.0087402 -0.0057279 -0.0038149 -0.0085104
-0.0205092 -0.0085664 -0.0082073 -0.0214415 -0.0074646 -0.0084665 -0.0172433 -0.0125121 -0.0049148 -0.0059053 -0.0086122 -0.0093392 -0.0049071 -0.0068639 -0.0030021 -0.0170209 0.0019956 -0.0013093 -0.0092925 -0.0080850 -0.0070618 -0.0097021 -0.0184931 -0.0102975 -0.0150158 -0.0087106 -0.0097405 -0.0092194 1.0436530 -0.0102420 -0.0074959 -0.0101186 -0.0116583 -0.0107805 -0.0125164 -0.0038804 -0.0074921 -0.0064241 -0.0120093 -0.0060960 -0.0012580 -0.0109932 -0.0187234 -0.0100822 -0.0140247 -0.0115541 -0.0073066 -0.0104663 -0.0093006 -0.0126556 -0.0041192 -0.0187362 -0.0002757 -0.0010894 -0.0045590 -0.0079951 0.0017886 -0.0077905 -0.0105699 -0.0080528 -0.0076199 -0.0079853 -0.0128412 -0.0124179 -0.0107410 -0.0064761 -0.0101907 -0.0134433 -0.0069655 -0.0113425 0.0002929 -0.0088950 -0.0022811 -0.0062664 -0.0088685 -0.0131415 -0.0010685 -0.0105723 -0.0071527 -0.0074608 -0.0024449
-0.0757447 -0.0144028 0.0004962 -0.0770972 0.0432581 -0.0051157 -0.0124779 -0.0533850 0.0184932 0.0202713 0.0604445 -0.0665109 -0.0106432 -0.0140108 0.0133726 -0.0553474 0.0690629 0.0745494 0.0448088 -0.0685249 0.0182516 0.0527396 -0.0846703 -0.0215901 -0.0656534 -0.0820668 0.0063456 0.0006851 -0.0102420 1.0868217 -0.0513551 -0.0092924 -0.0538769 -0.0583144 0.0426441 0.0590034 -0.0124165 0.0699072 -0.0100181 0.0533442 -0.0195078 -0.0862362 -0.0632447 0.0106172 -0.0318175 0.0412691 -0.0252941 -0.0713474 0.0110675 -0.0188184 -0.0060226 -0.0729016 0.0155852 0.0583358 0.0078281 -0.0130126 0.0654166 0.0014939 0.0348563 -0.0263815 -0.0106008 -0.0251649 -0.0797984 -0.0874150 -0.0567889 0.0472886 -0.0720460 -0.0177039 0.0067002 -0.0722939 0.0536223 -0.0105624 0.0555843 0.0055064 0.0137668 -0.0128676 0.0536126 -0.0775215 -0.0107165 0.0338719 -0.0072415
0.0231110 -0.0101309 -0.0215231 0.0247942 -0.0505014 -0.0146065 -0.0144882 0.0289999 -0.0085127 -0.0397080 -0.0538210 0.0293470 -0.0133949 -0.0119287 -0.0136060 0.0317585 -0.0583197 -0.0560830 -0.0458993 0.0320733 -0.0214261 -0.0619807 0.0233545 -0.0092954 0.0303038 0.0337142 -0.0160047 -0.0135183 -0.0074959 -0.0513551 1.0684878 -0.0099026 0.0277137 0.0243635 -0.0546318 -0.0584820 -0.0111071 -0.0589433 -0.0089412 -0.0536065 -0.0017369 0.0408771 0.0173999 -0.0190593 -0.0011943 -0.0489359 -0.0054367 0.0332795 -0.0195718 -0.0142494 -0.0082553 0.0299129 -0.0189927 -0.0533434 -0.0166951 -0.0109761 -0.0539323 -0.0175562 -0.0431222 -0.0016193 -0.0046655 -0.0059166 0.0395297 0.0416221 0.0222964 -0.0473886 0.0325996 -0.0145313 -0.0206101 0.0316253 -0.0450063 -0.0060800 -0.0541233 -0.0201923 -0.0174236 -0.0104728 -0.0435790 0.0412183 -0.0120634 -0.0396422 -0.0065612
-0.0044231 -0.0104532 -0.0130273 -0.0092981 -0.0126703 -0.0124167 -0.0089090 -0.0083648 -0.0001089 -0.0103622 -0.0063164 -0.0087665 -0.0084531 -0.0093853 -0.0045475 -0.0057377 -0.0053521 -0.0036132 -0.0082925 -0.0097722 -0.0053183 -0.0092705 -0.0129807 -0.0085272 -0.0092214 -0.0111230 -0.0069697 -0.0039286 -0.0101186 -0.0092924 -0.0099026 1.0468929 -0.0059906 -0.0102588 -0.0067466 -0.0089097 -0.0084120 -0.0061273 -0.0078257 -0.0075644 -0.0073250 -0.0090643 -0.0131239 -0.0075456 -0.0062002 -0.0078556 -0.0089618 -0.0093577 -0.0072994 -0.0091982 -0.0052174 -0.0085849 -0.0057816 -0.0056650 -0.0061662 -0.0090790 -0.0069767 -0.0092782 -0.0056576 -0.0086995 -0.0054742 -0.0099653 -0.0073333 -0.0077105 -0.0090877 -0.0064848 -0.0091672 -0.0104869 -0.0087346 -0.0100140 -0.0037622 -0.0063468 -0.0058440 -0.0097311 -0.0028679 -0.0071913 -0.0056845 -0.0055385 -0.0091476 -0.0058728 -0.0089839
0.0405052 -0.0092304 -0.0144132 0.0400405 -0.0502366 -0.0081068 -0.0022370 0.0323083 -0.0168878 -0.0418389 -0.0542369 0.0343621 -0.0087247 -0.0077258 -0.0191325 0.0340793 -0.0539339 -0.0549892 -0.0493042 0.0361701 -0.0179926 -0.0511193 0.0441568 -0.0054890 0.0368954 0.0412491 -0.0125167 -0.0057038 -0.0116583 -0.0538769 0.0277137 -0.0059906 1.0298219 0.0337206 -0.0410891 -0.0490600 -0.0038694 -0.0521128 -0.0022500 -0.0488061 -0.0019115 0.0445491 0.0355924 -0.0121389 0.0094048 -0.0380090 0.0003915 0.0385740 -0.0124554 0.0015191 -0.0034824 0.0419141 -0.0157632 -0.0472369 -0.0108058 -0.0044308 -0.0517587 -0.0089664 -0.0344795 0.0032770 -0.0003173 -0.0024371 0.0430792 0.0469657 0.0315928 -0.0420776 0.0392133 -0.0009180 -0.0128947 0.0387631 -0.0475726 -0.0005499 -0.0479873 -0.0120288 -0.0104331 0.0005932 -0.0449264 0.0424252 -0.0039903 -0.0354933 -0.0067785
0.0386514 -0.0085918 -0.0124917 0.0358792 -0.0491762 -0.0068899 -0.0058365 0.0312819 -0.0238388 -0.0438386 -0.0595203 0.0380418 -0.0082996 -0.0058781 -0.0222798 0.0294401 -0.0574120 -0.0605185 -0.0566693 0.0394195 -0.0206130 -0.0523323 0.0443686 -0.0038797 0.0352146 0.0443319 -0.0153557 -0.0073757 -0.0107805 -0.0583144 0.0243635 -0.0102588 0.0337206 1.0369934 -0.0480178 -0.0537188 -0.0026549 -0.0586085 -0.0066444 -0.0545574 -0.0009694 0.0489781 0.0392985 -0.0139765 0.0075248 -0.0431188 0.0004869 0.0429889 -0.0151426 0.0019393 -0.0037496 0.0438275 -0.0168824 -0.0507964 -0.0106262 -0.0031485 -0.0539837 -0.0082416 -0.0401987 0.0038412 -0.0019260 -0.0026943 0.0444351 0.0518478 0.0369039 -0.0487041 0.0426493 0.0006444 -0.0120596 0.0425846 -0.0535095 -0.0026780 -0.0511650 -0.0117133 -0.0140304 -0.0020057 -0.0512059 0.0438818 -0.0040144 -0.0409504 -0.0073552
-0.0589187 -0.0144263 -0.0061602 -0.0576866 0.0312342 -0.0114390 -0.0092774 -0.0505501 0.0032727 0.0214403 0.0472649 -0.0549526 -0.0104915 -0.0111740 0.0012889 -0.0502296 0.0499830 0.0548077 0.0381201 -0.0590337 0.0080677 0.0430471 -0.0645335 -0.0191696 -0.0566768 -0.0674738 0.0003021 0.0011322 -0.0125164 0.0426441 -0.0546318 -0.0067466 -0.0410891 -0.0480178 1.0351561 0.0492649 -0.0065045 0.0544528 -0.0049402 0.0483058 -0.0115226 -0.0620194 -0.0462658 0.0082599 -0.0142806 0.0385485 -0.0128226 -0.0529608 0.0101085 -0.0076660 -0.0027037 -0.0514200 0.0093782 0.0484514 0.0062745 -0.0070832 0.0490583 0.0008378 0.0356855 -0.0166428 -0.0067363 -0.0115013 -0.0566923 -0.0602234 -0.0450976 0.0418168 -0.0528499 -0.0057338 0.0035858 -0.0540441 0.0431702 -0.0054256 0.0461750 0.0051769 0.0118365 -0.0027992 0.0407188 -0.0550197 -0.0064961 0.0322822 -0.0059859
-0.0852407 -0.0117574 0.0041488 -0.0838177 0.0546144 -0.0032075 -0.0176585 -0.0584372 0.0100470 0.0283326 0.0609381 -0.0642038 -0.0068497 -0.0105733 0.0126825 -0.0675633 0.0690111 0.0722350 0.0490185 -0.0688570 0.0134365 0.0585224 -0.0858458 -0.0147994 -0.0712130 -0.0818917 0.0041855 0.0001629 -0.0038804 0.0590034 -0.0584820 -0.0089097 -0.0490600 -0.0537188 0.0492649 1.0425285 -0.0051275 0.0721671 -0.0051179 0.0599886 -0.0111424 -0.0788850 -0.0556099 0.0136915 -0.0273298 0.0418221 -0.0158781 -0.0636138 0.0137679 -0.0104906 -0.0011541 -0.0700826 0.0206165 0.0632128 0.0134072 -0.0057493 0.0718125 0.0082089 0.0390203 -0.0189412 -0.0080299 -0.0154076 -0.0758580 -0.0785211 -0.0514168 0.0507142 -0.0632966 -0.0087858 0.0125815 -0.0640757 0.0559199 -0.0084103 0.0604636 0.0118423 0.0116959 -0.0092409 0.0566629 -0.0718101 -0.0039394 0.0352293 0.0007199
-0.0086301 -0.0086420 -0.0081719 -0.0102126 -0.0081870 -0.0079527 -0.0106228 -0.0099611 -0.0111581 -0.0080476 -0.0103014 -0.0052824 -0.0067340 -0.0065278 -0.0107072 -0.0123314 -0.0061346 -0.0067323 -0.0108238 -0.0067979 -0.0087832 -0.0091298 -0.0072125 -0.0086039 -0.0103021 -0.0055108 -0.0107443 -0.0056199 -0.0074921 -0.0124165 -0.0111071 -0.0084120 -0.0038694 -0.0026549 -0.0065045 -0.0051275 1.0079899 -0.0062118 -0.0067611 -0.0056162 -0.0024569 -0.0024181 -0.0049792 -0.0054026 -0.0036566 -0.0065274 -0.0016992 -0.0022935 -0.0055152 -0.0023994 -0.0016163 -0.0050965 -0.0026525 -0.0030535 -0.0024484 -0.0037349 -0.0021958 -0.0027627 -0.0042656 -0.0028490 -0.0044671 -0.0040321 -0.0043998 -0.0008831 -0.0027118 -0.0058208 -0.0024235 -0.0036826 -0.0028856 -0.0023832 -0.0039259 -0.0042877 -0.0033275 -0.0043469 -0.0044691 -0.0043141 -0.0054561 -0.0022480 -0.0035192 -0.0046229 -0.0031734
-0.0868045 -0.0122690 0.0036242 -0.0866387 0.0536000 -0.0032191 -0.0150628 -0.0592732 0.0182717 0.0309859 0.0725603 -0.0699452 -0.0083875 -0.0114388 0.0182590 -0.0642080 0.0748723 0.0797629 0.0555793 -0.0752885 0.0173416 0.0620727 -0.0930858 -0.0194796 -0.0731854 -0.0900479 0.0080495 0.0020477 -0.0064241 0.0699072 -0.0589433 -0.0061273 -0.0521128 -0.0586085 0.0544528 0.0721671 -0.0062118 1.0579383 -0.0044974 0.0660235 -0.0131295 -0.0850058 -0.0616706 0.0164744 -0.0270574 0.0488317 -0.0178445 -0.0691920 0.0173378 -0.0138018 -0.0023889 -0.0732845 0.0212404 0.0657600 0.0124375 -0.0074014 0.0769899 0.0073000 0.0417994 -0.0227172 -0.0076629 -0.0173293 -0.0786022 -0.0855424 -0.0555044 0.0560539 -0.0697854 -0.0110653 0.0121064 -0.0712001 0.0623232 -0.0069918 0.0641031 0.0115419 0.0165568 -0.0070400 0.0632071 -0.0756561 -0.0060247 0.0410366 -0.0008427
-0.0094912 -0.0128481 -0.0134466 -0.0087042 -0.0118129 -0.0128408 -0.0085009 -0.0079479 -0.0075003 -0.0105067 -0.0107895 -0.0087084 -0.0103138 -0.0118531 -0.0095411 -0.0066745 -0.0074019 -0.0064745 -0.0088322 -0.0095230 -0.0085600 -0.0112578 -0.0108988 -0.0092673 -0.0082056 -0.0105395 -0.0092186 -0.0058159 -0.0120093 -0.0100181 -0.0089412 -0.0078257 -0.0022500 -0.0066444 -0.0049402 -0.0051179 -0.0067611 -0.0044974 1.0096627 -0.0063555 -0.0048321 -0.0050337 -0.0065223 -0.0038989 -0.0035445 -0.0036634 -0.0061259 -0.0042520 -0.0041645 -0.0071752 -0.0042665 -0.0036988 -0.0044548 -0.0042713 -0.0036255 -0.0062455 -0.0061412 -0.0067244 -0.0012888 -0.0045564 -0.0023886 -0.0069549 -0.0026361 -0.0028596 -0.0058802 -0.0035139 -0.0039880 -0.0061617 -0.0071400 -0.0052046 -0.0042459 -0.0031775 -0.0059348 -0.0057286 -0.0016991 -0.0040747 -0.0024376 -0.0018712 -0.0053958 -0.0031459 -0.0051360
-0.0742531 -0.0121544 -0.0026047 -0.0730143 0.0414984 -0.0095237 -0.0161004 -0.0571141 0.0102054 0.0292724 0.0570409 -0.0628483 -0.0086179 -0.0108768 0.0088698 -0.0585028 0.0618399 0.0668043 0.0480903 -0.0667332 0.0102616 0.0491426 -0.0787441 -0.0178941 -0.0657179 -0.0753642 0.0020767 -0.0015774 -0.0060960 0.0533442 -0.0536065 -0.0075644 -0.0488061 -0.0545574 0.0483058 0.0599886 -0.0056162 0.0660235 -0.0063555 1.0467808 -0.0090879 -0.0725342 -0.0580021 0.0113622 -0.0214213 0.0408830 -0.0140354 -0.0613381 0.0113774 -0.0115546 -0.0017167 -0.0652520 0.0160054 0.0580572 0.0089102 -0.0058870 0.0645257 0.0032901 0.0388609 -0.0175644 -0.0073651 -0.0128966 -0.0672087 -0.0738698 -0.0518120 0.0498825 -0.0618693 -0.0100775 0.0076845 -0.0623867 0.0558152 -0.0066147 0.0563961 0.0078756 0.0112713 -0.0080431 0.0536870 -0.0650266 -0.0054198 0.0384069 -0.0019037
-0.0038218 -0.0073894 -0.0121134 -0.0051961 -0.0174672 -0.0114492 -0.0120043 -0.0079480 -0.0119916 -0.0049235 -0.0192500 -0.0003781 -0.0061921 -0.0057040 -0.0100051 -0.0063380 -0.0129610 -0.0140504 -0.0139369 0.0001542 -0.0111299 -0.0191606 -0.0013828 -0.0068872 -0.0041938 0.0036713 -0.0133820 -0.0095570 -0.0012580 -0.0195078 -0.0017369 -0.0073250 -0.0019115 -0.0009694 -0.0115226 -0.0111424 -0.0024569 -0.0131295 -0.0048321 -0.0090879 1.0071398 0.0069716 -0.0051948 -0.0078032 -0.0014630 -0.0126746 0.0024972 0.0040699 -0.0077256 -0.0047533 -0.0012670 -0.0009084 -0.0031693 -0.0059860 -0.0049008 -0.0023759 -0.0073819 -0.0054178 -0.0073688 0.0011889 -0.0028550 0.0018573 0.0053471 0.0057332 -0.0002548 -0.0083345 0.0037808 -0.0054409 -0.0060773 0.0038051 -0.0031923 -0.0021988 -0.0075520 -0.0065858 -0.0084179 -0.0053936 -0.0058411 0.0058787 -0.0018205 -0.0046196 0.0012170
0.0693532 -0.0038135 -0.0231981 0.0681948 -0.0732396 -0.0144399 -0.0019666 0.0421757 -0.0354771 -0.0461287 -0.0859400 0.0557822 -0.0068187 -0.0044655 -0.0345557 0.0465580 -0.0827608 -0.0865207 -0.0724630 0.0595249 -0.0315593 -0.0776934 0.0762901 0.0007489 0.0563397 0.0743940 -0.0257575 -0.0124607 -0.0109932 -0.0862362 0.0408771 -0.0090643 0.0445491 0.0489781 -0.0620194 -0.0788850 -0.0024181 -0.0850058 -0.0050337 -0.0725342 0.0069716 1.0695710 0.0506178 -0.0247034 0.0189148 -0.0568560 0.0104234 0.0617523 -0.0244970 0.0045194 -0.0025802 0.0638787 -0.0266105 -0.0698915 -0.0180324 -0.0021711 -0.0807644 -0.0162175 -0.0481309 0.0136098 -0.0001938 0.0093172 0.0718890 0.0805351 0.0463071 -0.0645794 0.0625522 0.0023978 -0.0211563 0.0628645 -0.0674214 -0.0006507 -0.0693731 -0.0205084 -0.0219881 0.0008242 -0.0686951 0.0697875 -0.0035483 -0.0484834 -0.0073917
0.0428193 -0.0107267 -0.0151553 0.0426352 -0.0549867 -0.0089112 -0.0033741 0.0330926 -0.0318016 -0.0475622 -0.0640632 0.0379242 -0.0090477 -0.0092604 -0.0296550 0.0275708 -0.0624573 -0.0656086 -0.0604551 0.0405488 -0.0232330 -0.0512566 0.0498283 -0.0075223 0.0352932 0.0420931 -0.0172268 -0.0060122 -0.0187234 -0.0632447 0.0173999 -0.0131239 0.0355924 0.0392985 -0.0462658 -0.0556099 -0.0049792 -0.0616706 -0.0065223 -0.0580021 -0.0051948 0.0506178 1.0363125 -0.0151879 0.0105484 -0.0416150 0.0002277 0.0453811 -0.0150086 0.0054279 -0.0038837 0.0494342 -0.0205993 -0.0547129 -0.0108811 -0.0043608 -0.0611536 -0.0072491 -0.0400468 0.0045074 -0.0024064 -0.0025883 0.0466264 0.0572821 0.0385385 -0.0508330 0.0467460 0.0033403 -0.0129202 0.0445411 -0.0622377 -0.0032112 -0.0543295 -0.0115752 -0.0129306 0.0013306 -0.0572130 0.0479373 -0.0047645 -0.0439286 -0.0116754
-0.0291616 -0.0107394 -0.0057784 -0.0300303 0.0050520 -0.0070002 -0.0093564 -0.0178315 0.0014791 -0.0054853 0.0105872 -0.0220503 -0.0101609 -0.0108675 -0.0000976 -0.0177015 0.0124691 0.0162833 0.0049123 -0.0234994 0.0002895 0.0067505 -0.0328748 -0.0136997 -0.0223324 -0.0309595 -0.0018471 -0.0014768 -0.0100822 0.0106172 -0.0190593 -0.0075456 -0.0121389 -0.0139765 0.0082599 0.0136915 -0.0054026 0.0164744 -0.0038989 0.0113622 -0.0078032 -0.0247034 -0.0151879 1.0022342 -0.0098502 0.0077735 -0.0099990 -0.0184106 0.0029711 -0.0078253 -0.0036296 -0.0191535 0.0027689 0.0114668 0.0016484 -0.0062034 0.0164890 -0.0000656 0.0055567 -0.0115384 -0.0034937 -0.0114878 -0.0216441 -0.0232294 -0.0142070 0.0107449 -0.0184419 -0.0072793 -0.0005156 -0.0182193 0.0096563 -0.0031290 0.0103097 0.0012187 0.0042195 -0.0031882 0.0107422 -0.0196509 -0.0053469 0.0045891 -0.0036016
0.0207935 -0.0103778 -0.0173977 0.0199841 -0.0319881 -0.0157617 -0.0016341 0.0026187 -0.0195394 -0.0167132 -0.0300915 0.0085712 -0.0091719 -0.0087312 -0.0220010 0.0098388 -0.0286408 -0.0284738 -0.0240091 0.0095494 -0.0149143 -0.0275062 0.0193073 -0.0099540 0.0095822 0.0153609 -0.0148885 -0.0047151 -0.0140247 -0.0318175 -0.0011943 -0.0062002 0.0094048 0.0075248 -0.0142806 -0.0273298 -0.0036566 -0.0270574 -0.0035445 -0.0214213 -0.0014630 0.0189148 0.0105484 -0.0098502 1.0139376 -0.0128770 0.0029037 0.0141173 -0.0102912 0.0010637 -0.0033687 0.0189049 -0.0141940 -0.0213503 -0.0084161 -0.0046960 -0.0290071 -0.0091284 -0.0098501 0.0017878 -0.0015246 0.0010834 0.0204675 0.0243213 0.0071140 -0.0181319 0.0140825 0.0013273 -0.0111419 0.0131083 -0.0203924 -0.0014655 -0.0225826 -0.0112015 -0.0058014 0.0015586 -0.0228270 0.0201992 -0.0047258 -0.0111791 -0.0086788
-0.0533538 -0.0111070 -0.0051995 -0.0537219 0.0319250 -0.0074386 -0.0059817 -0.0471651 0.0021952 0.0236611 0.0390279 -0.0500960 -0.0103084 -0.0122168 0.0007284 -0.0437724 0.0467027 0.0495708 0.0360354 -0.0538296 0.0055364 0.0379059 -0.0593301 -0.0158607 -0.0520462 -0.0618957 -0.0012386 0.0004150 -0.0115541 0.0412691 -0.0489359 -0.0078556 -0.0380090 -0.0431188 0.0385485 0.0418221 -0.0065274 0.0488317 -0.0036634 0.0408830 -0.0126746 -0.0568560 -0.0416150 0.0077735 -0.0128770 1.0380282 -0.0125553 -0.0484837 0.0065011 -0.0085511 -0.0031371 -0.0470919 0.0075887 0.0414411 0.0052410 -0.0058006 0.0437292 0.0006369 0.0317197 -0.0143455 -0.0061522 -0.0123810 -0.0526678 -0.0542892 -0.0416061 0.0367845 -0.0482604 -0.0061604 0.0038507 -0.0488760 0.0375134 -0.0053456 0.0402005 0.0030420 0.0104311 -0.0035944 0.0368501 -0.0499439 -0.0049699 0.0302355 -0.0049917
