1.0120996 -0.0815663 0.0588555 0.0118221 -0.0573302 -0.0152471 -0.0520618 0.0172554 -0.0276563 -0.0745693 0.1470620 0.0543185 0.1829788 -0.0238132 -0.0572911 0.0015384 0.0458383 0.0752544 -0.0914690 -0.1000190 -0.0984590 -0.0154332 0.0292998 -0.0511440 -0.0019119 -0.0952436 -0.0039358 0.0600019 0.0089557 0.0287681 -0.0398440 0.0111803 0.1239001 -0.0129063 -0.0248356 -0.0623619 -0.0052978 -0.0471164 -0.0363498 0.0164249 -0.0891236 0.0372461 -0.0008673 0.0032967 -0.0743847 -0.0303607 -0.0514563 -0.0397458 0.0776265 0.0981765 0.0015221 0.0633605 0.0216837 0.0860678 -0.0121501 0.0425077 -0.1257156 0.0117447 0.0986279 0.0739395 -0.0519930 -0.0171952 -0.0351948 -0.0349214 -0.0884656 -0.0162871 -0.1456985 -0.0481640 0.0578590 -0.0535626 -0.0046005 -0.0455354 -0.0556522 -0.0542906 -0.0448738 -0.0046789 -0.0343906 -0.0657208 0.0050917 0.0663545 -0.0619467
-0.0815663 1.0553027 -0.0201036 0.0444172 0.0546859 0.0149604 0.0727911 -0.0463650 -0.0002158 0.0217936 -0.0930250 -0.0298816 -0.0274764 0.0027761 -0.1068399 -0.0471132 0.0343733 0.0035480 -0.0106499 0.0813290 -0.0259934 0.0607750 0.0378472 0.0392010 -0.0152885 0.0662716 -0.0357580 0.0152256 0.0345225 0.0689584 -0.0528561 0.1244381 0.0250542 0.0412318 0.0595832 0.0311066 -0.0760797 -0.0552469 -0.1481743 -0.0354428 -0.0658452 0.0716945 0.0319180 -0.0519583 -0.0933918 0.0816373 -0.0569360 -0.0213833 -0.0674118 -0.0585201 -0.0155687 -0.0873493 -0.1026369 -0.0091069 -0.0191067 0.0034743 0.0236855 -0.0448341 0.0283858 -0.0485924 -0.0405837 -0.0285646 -0.0582959 -0.0334783 0.1446567 0.0020956 -0.0671172 0.0414983 -0.0863399 0.1175529 0.0925716 0.0471863 -0.0536895 -0.0123156 -0.0244360 -0.0711432 -0.0425640 -0.0323670 -0.0474598 -0.0526240 -0.0426120
0.0588555 -0.0201036 0.7988024 0.0315404 0.0576427 0.1035684 0.0545400 0.0020299 0.0363280 -0.0170448 0.1112835 0.0515417 -0.0090691 0.0136161 0.0331277 -0.0157085 -0.0142448 0.0320702 0.0381357 -0.1021407 -0.0641390 -0.0495190 -0.0964114 -0.0634736 -0.0778315 -0.1357228 0.0593423 0.0572257 -0.0208626 -0.0988940 0.0423536 0.0207570 -0.0478529 -0.0340826 -0.0368151 0.0790225 -0.0170990 -0.0390140 -0.0595856 -0.0303535 -0.0006861 -0.0834698 0.0293156 -0.1189559 -0.0459520 -0.0668024 0.0050867 0.0433095 -0.1155723 -0.0402937 0.0963495 -0.0627762 -0.0191901 0.0221646 0.1090312 -0.0369452 0.0181335 0.0494524 0.0338326 0.0709576 0.0991111 -0.0281129 -0.0209144 -0.0570286 -0.1037642 -0.1008576 -0.0596490 -0.0559520 0.1641843 0.0243399 -0.0175380 -0.0523621 0.0890605 0.0338099 -0.0136128 -0.0926474 -0.0635290 -0.0205537 0.0271491 -0.0819582 0.0332823
0.0118221 0.0444172 0.0315404 1.0174940 -0.0868659 0.0417627 0.0371419 -0.0505024 0.0844623 0.0102616 0.0846451 -0.0246723 0.0519028 -0.0253877 -0.1116874 0.1162382 -0.0483345 -0.0046022 -0.0064216 -0.0617739 0.0011082 0.0526698 -0.0071243 -0.0886832 -0.0433355 -0.0212435 -0.0423723 0.0113651 -0.0093982 -0.0383746 -0.0051808 0.0565904 -0.0665173 -0.0918000 0.0760367 0.0059652 -0.0448150 0.0281106 0.0043911 -0.0471775 -0.0733995 0.0788456 -0.0686794 -0.0583176 -0.0179507 0.0126381 0.0528617 -0.0418623 -0.0349972 0.1078501 -0.0874309 0.0333176 -0.0640999 -0.0666162 -0.0139809 -0.0212828 0.0497598 0.0401539 -0.0517370 -0.0860514 0.0015717 0.0081519 0.0020648 -0.0441171 -0.0136318 -0.0736776 -0.0130721 -0.0572849 -0.0056494 -0.0353850 -0.0510742 -0.0608628 0.0898266 0.1437199 -0.0000276 -0.0651053 -0.0429506 0.0111374 0.0197308 -0.0546392 -0.0019463
-0.0573302 0.0546859 0.0576427 -0.0868659 0.7872192 0.0187273 0.0077144 0.0113686 -0.0199113 0.0050728 -0.0088566 0.0005806 -0.0118530 -0.0428580 -0.0981548 0.0686123 0.0432294 -0.0368768 -0.0229871 0.0207596 -0.0842768 -0.0235027 0.0099878 0.0256195 -0.0081615 -0.1082380 -0.0729401 0.0979656 -0.0948430 0.1447454 0.0089603 -0.0713676 -0.0469694 -0.0757988 -0.0375195 -0.0087512 0.1000356 -0.0593896 -0.0874270 -0.0521671 0.0477663 -0.0087861 -0.0685161 -0.0045587 0.0225190 -0.1019063 0.0021377 0.0730472 -0.0742528 -0.0206253 0.0309421 -0.0665243 -0.0349337 -0.0122377 0.0155534 -0.0151804 -0.0499716 -0.0061897 -0.0364285 0.0539629 0.0449057 -0.0963583 -0.0043316 0.0881186 -0.0431134 0.0353152 -0.0383727 0.0089710 0.0411802 -0.0249464 0.0610490 -0.0060731 0.0462639 0.0480616 0.0130482 0.0312795 0.0384396 0.0273723 -0.0164439 -0.0486495 -0.0291240
-0.0152471 0.0149604 0.1035684 0.0417627 0.0187273 0.8536143 -0.0274887 0.1112345 -0.0243458 -0.0539790 -0.0526765 -0.0408125 0.0263903 -0.0195969 0.0365806 -0.1086094 0.0209996 -0.0426763 -0.0644366 0.0512114 -0.0793087 0.0218794 -0.1131609 -0.0047914 0.0136660 -0.0724579 -0.0168080 0.0253487 0.0468798 0.1901779 -0.0020676 0.0205867 -0.0347756 -0.0210357 -0.0510531 0.0503913 0.0955665 -0.0234589 -0.0448842 -0.0146565 -0.0038563 -0.0656777 -0.0195645 -0.0097335 0.0027311 -0.0522634 -0.0292636 0.1236795 -0.0818403 -0.0160207 0.1169374 -0.0473893 0.0259460 -0.0008380 0.0536082 -0.0902269 0.0301455 0.0199350 -0.0142141 -0.0606195 -0.0563231 0.0403613 -0.0284165 -0.0562604 -0.0013011 -0.0665413 -0.0327748 0.0718165 -0.0169873 -0.0358102 -0.0124820 -0.0530753 -0.0558254 -0.0296552 0.0872563 -0.0367715 -0.0334883 -0.0226218 -0.0472838 -0.0745529 0.0546250
-0.0520618 0.0727911 0.0545400 0.0371419 0.0077144 -0.0274887 0.7333995 -0.0278765 -0.0437835 -0.0266132 -0.0328558 0.0162672 0.0435065 0.0898221 -0.0754041 -0.0265564 -0.0154925 0.0197765 0.0235285 -0.0489285 -0.0117043 -0.0168206 0.0295218 0.0163472 -0.0165442 -0.0576656 -0.0289825 0.0115872 -0.0611106 -0.0322379 0.0338767 -0.0108483 -0.0193760 -0.0584616 -0.0067556 -0.0051946 -0.0009889 0.0271764 0.0017264 -0.0628933 -0.0133616 0.0163216 0.0105540 -0.0422491 -0.0167869 0.0152071 0.0217624 -0.0748714 0.0675448 -0.0600395 -0.0285325 -0.0745200 -0.0203401 0.0525860 -0.0069685 -0.0034098 -0.0520397 0.0043260 0.0125312 -0.0225626 0.0709371 0.0349516 -0.0172375 -0.0329503 -0.0571661 0.0231015 0.0848150 -0.0096532 -0.0354541 0.0556804 0.0547495 0.0351985 0.0272061 -0.0336886 -0.0245445 -0.0537834 -0.0428474 -0.0241770 0.0485619 -0.0085690 0.0376584
0.0172554 -0.0463650 0.0020299 -0.0505024 0.0113686 0.1112345 -0.0278765 0.6606761 -0.0240746 -0.0197129 -0.0496110 0.0012876 -0.0051772 0.0139470 -0.0237141 0.0164535 0.0459102 0.0069932 -0.0268566 0.0108920 -0.0448290 -0.0288987 0.0509667 -0.1155935 0.0481018 -0.0307245 -0.0145448 -0.0207305 -0.0356908 0.0343351 0.0133257 0.0574344 0.0283242 -0.0740874 0.0449840 -0.0205212 0.0593183 0.0054067 -0.0932437 0.0091404 -0.0377609 -0.0278117 -0.0009709 -0.0275816 -0.0105996 0.0192304 -0.0059913 -0.0287599 -0.0547084 -0.0058609 -0.0168899 -0.0571746 -0.0275848 0.0189433 0.0028587 -0.0282527 -0.0368633 0.0243963 0.0051345 0.0341747 -0.0030363 -0.0040318 0.0280277 0.0215302 -0.0450445 0.0165775 -0.0768922 0.1316765 0.0259840 0.0212574 0.0606833 0.0096113 -0.0288391 -0.0196849 0.0137548 -0.0181965 0.0182057 -0.0220190 -0.0297151 0.0437168 -0.0327372
-0.0276563 -0.0002158 0.0363280 0.0844623 -0.0199113 -0.0243458 -0.0437835 -0.0240746 0.9060317 -0.0482476 0.0454311 -0.0306512 -0.0527068 0.0466856 0.1243025 0.0871983 -0.0538820 0.1096097 -0.1268496 -0.0472638 0.0048060 -0.0216852 0.0207986 -0.1324773 -0.0214733 -0.0574681 0.0079008 -0.0111657 0.0195703 -0.0114153 0.0814018 0.0954071 0.0818265 -0.0669707 0.0443163 -0.0066794 0.0105026 -0.0100267 -0.1216719 0.0287066 -0.0118680 -0.0514195 0.0414236 -0.0314277 -0.0548290 0.0440346 0.0724826 -0.0740032 -0.0790565 -0.0025594 0.0249993 0.0581918 -0.0145207 -0.0422146 -0.0226096 -0.0322523 -0.0475931 0.0016003 0.0191425 0.0287247 0.0022538 0.0362871 -0.0187549 0.0297978 -0.0440030 -0.0345961 -0.0208430 -0.0414466 0.0095908 -0.0157295 -0.0582111 0.0054540 0.0096051 0.0348156 -0.0455938 -0.1200160 -0.0283508 0.0182162 -0.0321775 0.0072097 -0.0166938
-0.0745693 0.0217936 -0.0170448 0.0102616 0.0050728 -0.0539790 -0.0266132 -0.0197129 -0.0482476 0.8871027 -0.1087367 0.0449156 -0.0183605 -0.0670510 -0.1387251 -0.0198784 0.0520170 -0.0271239 0.0585544 -0.0020708 -0.0766043 0.0402337 0.0299092 -0.0435618 -0.0738713 0.0592783 0.0073453 -0.0649828 -0.0738730 -0.0113089 0.0118631 -0.0846618 -0.0544471 0.0246732 -0.0849807 -0.0086462 0.0030476 0.0177482 0.0964002 -0.0496352 -0.0120923 -0.0059496 -0.0147732 -0.0119765 -0.0403683 0.0161205 0.0647879 0.0787236 0.0028051 -0.0513335 -0.0838611 0.0156706 0.0098916 -0.0020837 -0.0093422 -0.0052597 -0.0090380 -0.0375110 -0.0152297 -0.0237837 0.0517448 0.0488463 0.0047167 0.0253855 -0.0172479 0.1257331 -0.0013277 -0.0116762 -0.0430605 -0.0210277 -0.0192090 -0.0101346 -0.0041823 0.0902450 0.0048575 0.0394780 -0.0108714 0.0331763 0.0142216 -0.0517522 0.0072632
0.1470620 -0.0930250 0.1112835 0.0846451 -0.0088566 -0.0526765 -0.0328558 -0.0496110 0.0454311 -0.1087367 0.9207280 -0.0427759 -0.0316094 0.0296401 0.0120435 0.0315606 -0.0488259 0.0731354 -0.0246173 0.0103580 0.1347232 -0.0427656 -0.0746896 0.0714639 -0.0971793 -0.0254691 0.0504469 0.0956797 -0.0131082 -0.1104172 -0.0526971 -0.0833148 -0.0400738 -0.0117016 0.0664173 0.0506322 -0.0008163 0.0104514 -0.0974345 0.0221933 -0.0356946 -0.0478589 -0.0940580 -0.0992437 -0.0097581 0.0591661 -0.0011675 -0.0375768 -0.0510604 0.0444947 -0.0753288 -0.0140110 0.0467780 0.0062245 -0.0229571 -0.0936718 -0.0542959 0.0269212 0.0220072 0.0955120 -0.0145340 0.0264830 -0.0590225 -0.0205269 -0.0316212 -0.0154737 -0.0221871 0.0071741 0.1011781 -0.0530332 0.0128753 -0.0538850 -0.0705045 0.0623774 -0.0412783 -0.0584591 0.1009321 -0.0646758 -0.0023066 0.0444705 -0.0859399
0.0543185 -0.0298816 0.0515417 -0.0246723 0.0005806 -0.0408125 0.0162672 0.0012876 -0.0306512 0.0449156 -0.0427759 0.8494834 0.0243763 -0.0549082 0.0353126 0.0619208 -0.0146015 -0.0070821 -0.0620619 -0.0083914 -0.0218679 0.0140069 0.0995005 0.0436742 -0.0065740 -0.0700498 -0.0504519 -0.0039951 0.0385979 -0.0749142 -0.0204173 -0.0811145 -0.0257556 -0.0520846 -0.0134109 -0.0552042 0.0260879 -0.0070457 -0.0301534 0.0481329 -0.0454109 -0.0099598 0.0991060 -0.0475040 -0.0031583 -0.0266609 -0.0126777 0.0212534 -0.0638128 -0.0149322 0.0006472 -0.0120679 -0.0291849 -0.0232477 0.0363912 -0.0111575 -0.0716991 -0.0084880 0.0362454 -0.0131100 0.0308669 -0.0135738 -0.0406764 0.0072469 0.0112700 -0.0186858 0.0653233 -0.0062154 0.0444821 0.0532500 -0.0043065 -0.0165478 -0.0050714 0.0447899 -0.0078860 -0.0122088 0.0017592 0.0482125 -0.0445044 0.0037166 -0.0191557
0.1829788 -0.0274764 -0.0090691 0.0519028 -0.0118530 0.0263903 0.0435065 -0.0051772 -0.0527068 -0.0183605 -0.0316094 0.0243763 0.8544701 -0.0023650 0.0078590 0.0426086 -0.0106443 -0.0103383 -0.0884923 -0.1270397 0.0332587 0.0119516 -0.0089569 -0.0693436 0.0062870 -0.0576209 -0.0409408 -0.0107606 -0.1253763 0.0402561 0.0396839 -0.0583830 -0.0228100 -0.0626876 0.0026745 -0.0984919 -0.0321388 -0.0484233 0.0213362 0.0297021 -0.0005776 -0.0236934 -0.0794728 -0.0182137 -0.0172226 -0.0138041 0.0722583 0.0057741 0.0113049 -0.0631151 -0.0372291 0.0587307 -0.0277524 0.0344060 -0.0467377 -0.0265033 0.0351634 -0.0547760 0.0220528 -0.0211517 0.0337435 0.0536415 -0.0004830 -0.0776656 -0.0335495 0.0373466 0.0161131 0.0067893 -0.0372719 -0.0494808 -0.0553587 0.0390345 0.1463825 -0.0372804 0.0181402 0.0421860 0.0011470 -0.0231898 0.0221344 0.0577081 -0.0249066
-0.0238132 0.0027761 0.0136161 -0.0253877 -0.0428580 -0.0195969 0.0898221 0.0139470 0.0466856 -0.0670510 0.0296401 -0.0549082 -0.0023650 1.0622247 0.0101526 0.0176845 -0.0492472 0.0808993 -0.1526311 -0.0027319 -0.0616560 -0.1874937 0.0413722 -0.0281013 -0.0422089 -0.0556821 0.0578084 -0.0528537 -0.1438428 0.0855618 0.0694649 -0.0545605 0.0283759 0.0796848 0.0768331 -0.0279182 0.0721191 -0.0293851 -0.1454740 -0.0409843 0.0501568 0.1325503 0.0630721 -0.0914104 -0.0248666 -0.0285902 0.0053962 -0.0867966 0.0719312 -0.0552937 -0.0314523 -0.0968796 -0.0107126 -0.0114824 -0.0354250 0.0197873 -0.0762471 -0.0373881 0.0123785 0.0797553 0.0225686 0.0637611 -0.0064242 -0.0565432 -0.0001883 -0.1467980 0.0203229 0.0660418 0.0308026 -0.0007414 -0.0026774 0.0686498 -0.0713424 -0.1041386 -0.1019519 -0.0198986 -0.0530714 0.0142656 0.1799144 0.0465220 -0.0666040
-0.0572911 -0.1068399 0.0331277 -0.1116874 -0.0981548 0.0365806 -0.0754041 -0.0237141 0.1243025 -0.1387251 0.0120435 0.0353126 0.0078590 0.0101526 1.2717068 -0.0885539 -0.1098938 -0.0252812 -0.0905602 -0.0689063 0.1436927 -0.2213822 -0.1233368 0.0251162 -0.0958786 -0.0307156 -0.0238127 0.0543115 -0.0760642 0.0669576 0.1398020 0.0190802 0.0298813 -0.0220464 -0.0498023 0.0456821 0.0059966 -0.0261786 0.0729130 0.0241866 -0.0283017 -0.0064752 0.0896239 -0.0176288 -0.0696578 0.0024161 -0.0925050 0.0223468 -0.0898878 -0.0057424 0.0641838 0.0232673 0.0303880 0.0621448 0.0388070 -0.0393249 -0.0003773 0.0052289 -0.0466785 -0.0812217 0.0969655 -0.0012070 0.1186717 -0.0036934 -0.0330002 -0.0734838 -0.0464821 -0.0623459 0.0909111 0.0562177 -0.0326962 -0.0075998 -0.0615671 -0.0458428 -0.0650487 -0.0464978 0.0211478 0.0299012 -0.0906360 0.0450100 0.0460082
0.0015384 -0.0471132 -0.0157085 0.1162382 0.0686123 -0.1086094 -0.0265564 0.0164535 0.0871983 -0.0198784 0.0315606 0.0619208 0.0426086 0.0176845 -0.0885539 1.0287495 -0.0062809 0.0085535 -0.0988411 -0.0092030 -0.0404212 -0.0509898 0.0887556 -0.1752396 -0.0011583 0.0642518 -0.0826779 -0.0975883 0.0236224 -0.0245442 0.0617788 -0.0411083 -0.0321389 -0.0464986 0.0954541 -0.0374830 -0.0375168 -0.0382331 -0.0883737 0.0369397 -0.0411691 0.0039973 0.0177442 -0.0833450 0.0226624 -0.0504421 0.0504511 -0.0146041 -0.0226253 -0.0240854 -0.0618757 0.0750131 -0.0382935 -0.0455632 -0.0417149 -0.0015430 0.0831976 0.0040873 0.0979818 -0.0381312 0.0274771 -0.0660773 -0.0482245 -0.0189988 -0.0489231 -0.0462002 0.0364670 0.0303570 0.0065085 -0.0459524 -0.0064261 -0.0407713 0.1255050 0.0899230 -0.0531014 -0.1277462 0.0024561 0.0607194 -0.0734176 0.0217649 -0.0753544
0.0458383 0.0343733 -0.0142448 -0.0483345 0.0432294 0.0209996 -0.0154925 0.0459102 -0.0538820 0.0520170 -0.0488259 -0.0146015 -0.0106443 -0.0492472 -0.1098938 -0.0062809 1.1561981 -0.0029358 0.0380339 -0.0400782 -0.0074361 -0.0109515 -0.0023571 -0.0119887 -0.0099827 -0.0743787 -0.1154320 -0.0557041 0.0443431 -0.0173754 -0.0232274 -0.0494172 0.0454952 0.0611539 -0.0499309 0.1138069 -0.0366169 0.0446332 -0.0442143 -0.0753819 -0.0195809 -0.0369965 0.0371097 -0.0508544 -0.0233865 -0.0481398 -0.0306652 -0.0200496 0.0768737 0.1140057 0.0015526 -0.0627127 -0.0779704 0.0513142 -0.0003160 -0.0614447 0.0496789 -0.0271403 0.0025045 0.0098515 0.0776926 -0.0040128 -0.0036338 -0.0609364 -0.0011549 -0.0289929 -0.0496785 0.0152711 0.0171116 -0.0090085 0.0040587 0.0370468 -0.0491151 0.0259372 0.0270149 0.0320115 0.0424419 -0.0210897 -0.0318726 -0.0394197 0.0594730
0.0752544 0.0035480 0.0320702 -0.0046022 -0.0368768 -0.0426763 0.0197765 0.0069932 0.1096097 -0.0271239 0.0731354 -0.0070821 -0.0103383 0.0808993 -0.0252812 0.0085535 -0.0029358 0.9257686 0.0129987 -0.0327052 -0.0256110 -0.0264720 0.0399866 0.0039051 -0.0384116 -0.0653560 -0.0259844 -0.0917128 -0.0304257 -0.0465505 0.0766421 -0.0455807 0.0273435 0.0439870 -0.0124366 -0.0341735 0.0002025 0.0729472 -0.0976833 -0.0073068 -0.0188154 -0.0271027 -0.0172981 -0.0245493 -0.0265252 0.0624908 -0.0139350 -0.0315841 0.0306056 -0.0212656 -0.0275953 -0.0160866 0.0510433 0.0310966 -0.0098695 -0.0178626 -0.0597083 0.0070237 -0.0059125 0.0675819 -0.0050650 0.0184412 0.0023018 -0.0050705 -0.0123552 0.0273848 0.0103924 -0.0148167 0.0312151 0.0263154 0.0135128 -0.0108533 -0.0180188 -0.0428097 -0.0306354 -0.0490972 -0.0410103 -0.0232669 -0.0106604 0.0182442 -0.0660026
-0.0914690 -0.0106499 0.0381357 -0.0064216 -0.0229871 -0.0644366 0.0235285 -0.0268566 -0.1268496 0.0585544 -0.0246173 -0.0620619 -0.0884923 -0.1526311 -0.0905602 -0.0988411 0.0380339 0.0129987 0.9209729 0.0363310 0.0803325 0.0527783 -0.1539314 0.0963448 -0.0133219 -0.0209937 -0.0648850 0.0044765 0.0554724 -0.0844527 -0.1109956 -0.1485815 -0.0083195 0.0563358 -0.0132217 0.0638519 -0.0099196 0.1320750 0.0289651 -0.0365444 0.1052144 -0.0221786 0.0600030 0.0804809 0.0249719 -0.0365575 -0.0015576 0.0576261 0.0258153 -0.0069516 0.0250542 0.0004807 -0.0058312 0.0203663 -0.0122772 0.0432604 -0.0060734 -0.0022261 -0.0694084 -0.0394302 -0.0285207 -0.0319997 0.0419777 -0.0355594 0.0010548 0.0353942 -0.0921087 -0.0578573 -0.0366966 -0.0246623 0.0116688 -0.0743445 0.0468650 0.0100850 0.0517654 0.0904104 -0.0401668 -0.0485900 0.0099045 -0.0638157 0.0709809
-0.1000190 0.0813290 -0.1021407 -0.0617739 0.0207596 0.0512114 -0.0489285 0.0108920 -0.0472638 -0.0020708 0.0103580 -0.0083914 -0.1270397 -0.0027319 -0.0689063 -0.0092030 -0.0400782 -0.0327052 0.0363310 0.9628299 0.0502330 -0.0075638 0.0226316 0.0320781 -0.0765347 -0.0331251 0.0798905 -0.0600455 0.1174772 -0.1227865 -0.0803446 -0.0211504 -0.0672573 -0.0620609 0.1983319 -0.0469213 -0.0167938 -0.0034545 -0.1096260 0.0218892 0.0704678 0.0305115 -0.0885247 0.0234654 0.0134555 0.0189993 -0.0158133 0.0106393 -0.0704708 -0.0662782 0.0150369 -0.0413181 -0.0269360 -0.0218576 0.0438928 -0.0330829 -0.0268622 0.0017399 0.0316527 -0.0442670 -0.0774653 0.1060133 0.0065140 0.1126046 0.0639146 0.0083593 -0.0393722 0.1236047 -0.0179947 0.0003764 0.0870529 -0.0095163 -0.0891237 -0.0054473 -0.0258988 -0.0013769 -0.0066279 -0.0423796 0.0221248 -0.0547920 0.0946892
-0.0984590 -0.0259934 -0.0641390 0.0011082 -0.0842768 -0.0793087 -0.0117043 -0.0448290 0.0048060 -0.0766043 0.1347232 -0.0218679 0.0332587 -0.0616560 0.1436927 -0.0404212 -0.0074361 -0.0256110 0.0803325 0.0502330 1.1400946 -0.0172629 -0.0430646 0.0556575 -0.0825578 -0.0528964 -0.0636478 -0.0024588 -0.0140150 -0.0371630 -0.0455180 -0.0118699 0.0066991 0.1400006 0.0293548 0.0622273 -0.0462777 0.0727098 -0.0949772 -0.0294285 -0.0227850 -0.0802936 -0.0946949 0.0542264 -0.0180384 0.0068202 -0.0019795 -0.0313469 0.0089273 -0.0490143 0.0184244 0.0798770 -0.0244519 -0.0604379 0.0603588 -0.1004169 -0.0262226 -0.0437748 0.0326686 -0.0891453 -0.0079026 -0.0001999 0.0427201 -0.0375489 -0.0358880 0.0406878 0.0097400 0.0100402 -0.0304877 -0.0122342 0.0747001 0.0266758 -0.0155449 -0.0028067 0.0473285 0.0049163 0.0954701 -0.0170455 -0.0733403 -0.0290297 0.0042707
-0.0154332 0.0607750 -0.0495190 0.0526698 -0.0235027 0.0218794 -0.0168206 -0.0288987 -0.0216852 0.0402337 -0.0427656 0.0140069 0.0119516 -0.1874937 -0.2213822 -0.0509898 -0.0109515 -0.0264720 0.0527783 -0.0075638 -0.0172629 1.2451842 -0.0067834 -0.1316514 -0.0348434 0.0784160 -0.0609097 -0.0049458 0.1726608 0.0603202 -0.0499456 -0.0393875 -0.0800332 0.0899449 -0.0763412 -0.0076145 -0.0468281 -0.0074045 -0.0874024 0.0976366 -0.0340359 -0.0220931 0.0227984 -0.0303870 0.0258502 0.0173772 0.0173570 -0.0610633 0.0581188 0.0574662 -0.0485885 -0.0352024 0.0184675 -0.1033516 -0.0121484 0.0963899 0.0352277 -0.0674236 0.0276742 -0.0309763 -0.0492751 -0.0337130 -0.0782413 0.0163694 0.1163404 0.0628229 0.0304401 0.0414779 -0.0249662 -0.0196925 -0.0362628 -0.0248260 0.0305683 0.0003409 -0.0081489 0.0697684 -0.0634092 0.0079461 -0.0989751 -0.0647783 -0.0323035
0.0292998 0.0378472 -0.0964114 -0.0071243 0.0099878 -0.1131609 0.0295218 0.0509667 0.0207986 0.0299092 -0.0746896 0.0995005 -0.0089569 0.0413722 -0.1233368 0.0887556 -0.0023571 0.0399866 -0.1539314 0.0226316 -0.0430646 -0.0067834 0.8755969 -0.0643246 0.1143286 -0.0343484 0.0428543 0.0329346 0.0546726 -0.1502047 -0.0196955 0.0297602 0.0165856 -0.0519173 0.0095626 -0.0414139 -0.0106533 -0.0366767 -0.1365922 0.0291966 -0.0639879 -0.0218087 0.0584298 0.0149478 0.0323392 -0.0300024 -0.0180687 0.0482183 -0.0209079 -0.0214120 -0.0577104 -0.0224659 -0.0037626 -0.0269545 -0.0147403 0.0140098 -0.0233223 -0.0419852 0.0270132 0.0598309 -0.0318593 -0.0149068 -0.0027225 0.0036640 -0.0623813 -0.1314994 -0.0043102 0.1100403 -0.0071013 0.0476611 0.0143658 0.0091123 -0.0887868 0.0386521 -0.0590796 0.0575741 -0.0278073 -0.0172884 0.0434565 0.0212309 -0.0413135
-0.0511440 0.0392010 -0.0634736 -0.0886832 0.0256195 -0.0047914 0.0163472 -0.1155935 -0.1324773 -0.0435618 0.0714639 0.0436742 -0.0693436 -0.0281013 0.0251162 -0.1752396 -0.0119887 0.0039051 0.0963448 0.0320781 0.0556575 -0.1316514 -0.0643246 1.1912069 0.0048468 -0.0663975 -0.0751992 0.1159210 -0.0508141 -0.1621399 -0.1111559 -0.0056268 -0.0322276 0.1038947 -0.1014185 0.0453190 0.0857072 0.0924473 0.0645918 -0.0107875 0.0930580 -0.1140369 0.0177810 0.2030533 -0.0409863 -0.0465347 -0.1070902 0.0469526 0.0276113 -0.0393549 -0.0805955 -0.0656000 0.0909570 0.0039049 0.0050936 -0.0559037 -0.1038085 -0.0144572 -0.0078414 -0.0509405 -0.0171683 -0.0254526 -0.0404574 -0.0317235 -0.0753481 0.0204120 0.0898643 -0.0138264 -0.1043684 0.0611281 0.0554342 -0.0406680 -0.1224731 -0.0099056 0.0003362 0.1433318 0.0334205 -0.0479388 -0.0199807 -0.0249225 0.0848409
-0.0019119 -0.0152885 -0.0778315 -0.0433355 -0.0081615 0.0136660 -0.0165442 0.0481018 -0.0214733 -0.0738713 -0.0971793 -0.0065740 0.0062870 -0.0422089 -0.0958786 -0.0011583 -0.0099827 -0.0384116 -0.0133219 -0.0765347 -0.0825578 -0.0348434 0.1143286 0.0048468 0.7874204 0.0774482 0.0407182 0.0412433 0.1754756 0.0207045 -0.0370353 -0.0095337 0.0107799 -0.0080041 -0.0125566 -0.0258846 0.0036812 0.0236297 -0.0166613 0.0310002 -0.1035980 0.0233992 -0.0179660 0.0131463 0.0829745 -0.0255952 -0.0215687 -0.0099959 -0.0446887 0.0385530 -0.0401483 0.0327389 -0.0349872 0.0012810 0.0012412 0.0756683 0.0139660 -0.0058798 -0.0151401 0.0686067 -0.0111468 -0.0212295 -0.0457296 -0.0581300 -0.0994357 -0.0885562 0.0512971 0.0453018 -0.0918150 0.0077129 -0.0448948 0.0014481 -0.0260880 -0.0627911 0.0587871 0.1160697 0.0281558 -0.0437979 0.1110787 -0.0688889 -0.0355607
-0.0952436 0.0662716 -0.1357228 -0.0212435 -0.1082380 -0.0724579 -0.0576656 -0.0307245 -0.0574681 0.0592783 -0.0254691 -0.0700498 -0.0576209 -0.0556821 -0.0307156 0.0642518 -0.0743787 -0.0653560 -0.0209937 -0.0331251 -0.0528964 0.0784160 -0.0343484 -0.0663975 0.0774482 1.2268294 -0.0714963 -0.0454894 -0.0208645 0.0631184 -0.1875870 0.0856905 -0.1121927 0.0736228 -0.0569025 -0.0332163 -0.0206001 -0.0289579 0.0473920 0.1042171 -0.1272412 0.0590758 -0.0725937 -0.1055575 0.0151764 -0.0133456 0.0301927 -0.0056125 0.0186650 0.0244194 0.0236282 0.0942875 -0.0332356 0.0475678 -0.0620942 -0.0069750 0.1273944 0.0150627 -0.0461892 0.0704790 -0.0682416 -0.0255984 -0.0890626 0.0542663 0.0309224 0.0406477 0.0546725 0.0075967 0.0142246 0.0320932 0.0135971 -0.0513255 0.1159092 -0.0309793 -0.0337145 0.0621971 0.1127371 -0.0087659 -0.0838877 0.0016617 -0.0598157
-0.0039358 -0.0357580 0.0593423 -0.0423723 -0.0729401 -0.0168080 -0.0289825 -0.0145448 0.0079008 0.0073453 0.0504469 -0.0504519 -0.0409408 0.0578084 -0.0238127 -0.0826779 -0.1154320 -0.0259844 -0.0648850 0.0798905 -0.0636478 -0.0609097 0.0428543 -0.0751992 0.0407182 -0.0714963 0.8207623 0.0803448 -0.0320207 -0.0689476 -0.0695652 0.0748428 -0.0118782 -0.0331686 0.0824751 -0.0051634 -0.0512604 -0.0229496 -0.0358711 0.0134870 0.0656522 0.0666452 0.0267227 0.0209898 0.0450922 0.0419931 0.0424668 0.0430680 -0.0370954 -0.0407162 -0.0604530 -0.0274628 -0.0184626 -0.0322772 -0.0669436 0.0703303 -0.0058686 0.0237974 0.0655127 0.0702583 -0.0539212 0.0541476 0.0721724 -0.0383353 -0.0798481 -0.0912922 0.0157811 -0.0171022 -0.0081503 -0.0336484 -0.0638701 -0.0313148 -0.1136849 -0.0164644 -0.0083255 -0.0376390 0.0497045 0.0041330 0.1486053 0.0368005 -0.0107736
0.0600019 0.0152256 0.0572257 0.0113651 0.0979656 0.0253487 0.0115872 -0.0207305 -0.0111657 -0.0649828 0.0956797 -0.0039951 -0.0107606 -0.0528537 0.0543115 -0.0975883 -0.0557041 -0.0917128 0.0044765 -0.0600455 -0.0024588 -0.0049458 0.0329346 0.1159210 0.0412433 -0.0454894 0.0803448 0.9996987 -0.0006669 -0.0095143 -0.1280065 0.0072855 0.0190057 -0.0780093 -0.0201810 0.0742212 0.0936009 -0.0537522 -0.0703922 -0.0309787 0.0258094 -0.0323922 -0.0901238 -0.0205526 0.0034684 -0.0662867 -0.0357227 0.0308282 -0.0009546 0.0276439 0.0302426 0.0398673 0.0073168 -0.0044805 -0.0079669 -0.0155465 0.0413003 -0.0134290 0.0235219 0.0448499 0.0110495 -0.0571738 -0.0595737 0.0032972 -0.0465862 -0.0468473 -0.0748132 -0.0117811 0.0372394 -0.0114965 -0.0190729 -0.0482170 0.0189214 -0.0219914 -0.0372310 0.0074674 0.0035209 -0.0133837 0.0232915 -0.0561566 0.0011818
0.0089557 0.0345225 -0.0208626 -0.0093982 -0.0948430 0.0468798 -0.0611106 -0.0356908 0.0195703 -0.0738730 -0.0131082 0.0385979 -0.1253763 -0.1438428 -0.0760642 0.0236224 0.0443431 -0.0304257 0.0554724 0.1174772 -0.0140150 0.1726608 0.0546726 -0.0508141 0.1754756 -0.0208645 -0.0320207 -0.0006669 1.0173156 -0.1910650 -0.0500668 -0.0131509 -0.0013643 -0.0150011 -0.0056342 -0.0803994 -0.0345272 0.0874638 -0.0814557 -0.0380052 -0.0230595 -0.0473005 -0.0065535 0.0255565 0.0005752 0.0633472 -0.0896203 -0.0595445 -0.0583258 0.1539158 0.0373833 0.0193773 -0.0124160 -0.0635867 -0.0072891 0.0587188 -0.0918426 0.0265302 0.0251922 0.0226749 -0.0060814 -0.0239470 -0.0551610 0.0028227 0.0298666 -0.0539454 0.0133163 0.0459439 -0.0239474 0.0240452 -0.0348492 -0.0334447 -0.1222590 -0.0491716 -0.0320580 0.0945860 0.0189809 -0.0374964 -0.0534386 -0.0941804 0.1206109
0.0287681 0.0689584 -0.0988940 -0.0383746 0.1447454 0.1901779 -0.0322379 0.0343351 -0.0114153 -0.0113089 -0.1104172 -0.0749142 0.0402561 0.0855618 0.0669576 -0.0245442 -0.0173754 -0.0465505 -0.0844527 -0.1227865 -0.0371630 0.0603202 -0.1502047 -0.1621399 0.0207045 0.0631184 -0.0689476 -0.0095143 -0.1910650 1.2317941 0.0147815 -0.0083921 -0.0009545 0.0602644 -0.0319314 -0.0902906 0.0477317 -0.1345298 -0.0575477 -0.0710480 0.0251061 0.1491565 -0.0607664 -0.0308328 0.0624796 -0.0405011 -0.0328380 0.0558538 -0.1249706 -0.0443824 -0.0037718 0.0368981 -0.0623142 -0.0401420 -0.0518657 0.0771682 0.0060198 -0.1255130 0.0126646 -0.0421752 -0.0321765 -0.0744960 0.0931498 -0.0495317 0.1243725 -0.0500218 0.0043425 0.0452876 -0.0515039 -0.0612624 0.0256165 0.0165476 -0.0016542 -0.0982018 0.0731350 -0.0063023 -0.0029572 0.0808502 0.0199656 -0.0485463 -0.0766313
-0.0398440 -0.0528561 0.0423536 -0.0051808 0.0089603 -0.0020676 0.0338767 0.0133257 0.0814018 0.0118631 -0.0526971 -0.0204173 0.0396839 0.0694649 0.1398020 0.0617788 -0.0232274 0.0766421 -0.1109956 -0.0803446 -0.0455180 -0.0499456 -0.0196955 -0.1111559 -0.0370353 -0.1875870 -0.0695652 -0.1280065 -0.0500668 0.0147815 0.9333285 -0.1266171 0.0638420 -0.1390292 -0.0276504 -0.0367984 -0.0206808 0.0552991 0.0779526 -0.0279413 -0.0175621 -0.0248365 0.1061876 -0.0325189 -0.0544343 0.0385782 -0.0015404 -0.0116925 -0.0001901 -0.0522460 0.0374197 -0.0534571 -0.0155930 -0.0651124 -0.0051945 -0.0314170 -0.0516198 -0.0567213 -0.0247178 -0.0490475 0.0361105 0.0247230 0.0564752 0.0277608 0.0510516 0.0973057 0.0959085 -0.0110473 -0.0473961 -0.0150417 -0.0156415 0.0245155 0.0457190 0.0649965 0.0338873 -0.1501143 0.0089752 0.0272392 -0.0567555 0.0250525 -0.0911324
0.0111803 0.1244381 0.0207570 0.0565904 -0.0713676 0.0205867 -0.0108483 0.0574344 0.0954071 -0.0846618 -0.0833148 -0.0811145 -0.0583830 -0.0545605 0.0190802 -0.0411083 -0.0494172 -0.0455807 -0.1485815 -0.0211504 -0.0118699 -0.0393875 0.0297602 -0.0056268 -0.0095337 0.0856905 0.0748428 0.0072855 -0.0131509 -0.0083921 -0.1266171 0.9883491 0.0155493 -0.0438009 0.0194975 -0.0222312 -0.1013598 -0.0257728 0.0854733 -0.0230576 -0.1184882 -0.0722340 0.0133318 -0.0648284 -0.0251774 0.0924999 -0.0718430 0.0080089 -0.0026475 0.0080161 0.0453537 0.0224499 -0.0234305 -0.0346235 -0.0299982 0.0634690 -0.0607483 -0.0122500 0.0439335 0.0958995 -0.0090088 0.0817540 -0.0405171 0.0352081 -0.0444989 -0.0559381 -0.0871189 0.0180035 -0.0650642 0.0867061 0.0414784 0.0258368 -0.0593946 0.0674864 -0.0272187 -0.0595136 -0.0587857 0.0291896 -0.0761413 0.1143994 0.0090224
0.1239001 0.0250542 -0.0478529 -0.0665173 -0.0469694 -0.0347756 -0.0193760 0.0283242 0.0818265 -0.0544471 -0.0400738 -0.0257556 -0.0228100 0.0283759 0.0298813 -0.0321389 0.0454952 0.0273435 -0.0083195 -0.0672573 0.0066991 -0.0800332 0.0165856 -0.0322276 0.0107799 -0.1121927 -0.0118782 0.0190057 -0.0013643 -0.0009545 0.0638420 0.0155493 1.0124599 0.0284305 -0.0096804 -0.0085422 -0.0327261 0.0293507 -0.0238683 0.0022344 0.0209912 0.0146211 0.0683336 0.0359453 -0.0856322 0.0204959 -0.0423482 0.0079873 0.1056060 0.0647558 0.0273105 -0.0041382 0.0145806 -0.0529507 -0.0445985 0.0069391 -0.0483894 -0.0085181 -0.0264627 -0.0303569 -0.0201404 -0.0175947 0.0774331 -0.0464776 -0.0151806 0.0166503 -0.0358233 -0.0479888 -0.0378254 0.0123015 0.0143967 0.0599322 -0.0757539 -0.0473183 -0.0316249 -0.0370180 -0.1025387 -0.0083484 0.0016938 0.0875163 -0.0023462
-0.0129063 0.0412318 -0.0340826 -0.0918000 -0.0757988 -0.0210357 -0.0584616 -0.0740874 -0.0669707 0.0246732 -0.0117016 -0.0520846 -0.0626876 0.0796848 -0.0220464 -0.0464986 0.0611539 0.0439870 0.0563358 -0.0620609 0.1400006 0.0899449 -0.0519173 0.1038947 -0.0080041 0.0736228 -0.0331686 -0.0780093 -0.0150011 0.0602644 -0.1390292 -0.0438009 0.0284305 1.3083855 -0.0630361 0.1446261 -0.0255978 -0.0120148 -0.0503937 -0.0721293 0.0687025 0.1225864 -0.0026113 -0.0004436 -0.0871181 -0.0599812 -0.0428160 0.0305620 0.1138374 0.0692030 -0.0068901 -0.0197834 0.0310638 -0.0594021 0.0586561 0.0214357 -0.0492810 0.0452672 -0.0108462 0.0247565 -0.0989389 -0.0963721 -0.0312101 -0.0689826 0.0213996 -0.0215632 -0.0615574 -0.0326638 -0.0761596 -0.0051026 0.0170782 -0.0233538 -0.0472502 -0.1077387 0.0072576 0.0752549 0.0156538 -0.0430702 0.0284888 -0.0689381 -0.0714989
-0.0248356 0.0595832 -0.0368151 0.0760367 -0.0375195 -0.0510531 -0.0067556 0.0449840 0.0443163 -0.0849807 0.0664173 -0.0134109 0.0026745 0.0768331 -0.0498023 0.0954541 -0.0499309 -0.0124366 -0.0132217 0.1983319 0.0293548 -0.0763412 0.0095626 -0.1014185 -0.0125566 -0.0569025 0.0824751 -0.0201810 -0.0056342 -0.0319314 -0.0276504 0.0194975 -0.0096804 -0.0630361 0.8630882 -0.0034361 -0.0355671 -0.0590018 -0.0927941 0.0050164 -0.0796348 0.0899738 -0.0845910 -0.0713089 0.0470024 0.0663950 0.0536004 -0.0931853 -0.0280508 -0.0313553 -0.0682293 -0.0112632 -0.0508698 -0.0266365 0.0177188 0.0227311 -0.0129317 -0.0292197 0.0138322 -0.0858613 -0.0365844 -0.0193487 -0.0103957 0.0424807 0.0715118 0.0080720 -0.0400430 0.0744696 -0.0154885 -0.0264856 0.0248179 0.0302552 0.0051175 -0.0273312 -0.0132586 -0.0135771 0.0024102 -0.0064075 0.0981548 0.0325999 -0.0820087
-0.0623619 0.0311066 0.0790225 0.0059652 -0.0087512 0.0503913 -0.0051946 -0.0205212 -0.0066794 -0.0086462 0.0506322 -0.0552042 -0.0984919 -0.0279182 0.0456821 -0.0374830 0.1138069 -0.0341735 0.0638519 -0.0469213 0.0622273 -0.0076145 -0.0414139 0.0453190 -0.0258846 -0.0332163 -0.0051634 0.0742212 -0.0803994 -0.0902906 -0.0367984 -0.0222312 -0.0085422 0.1446261 -0.0034361 1.0649166 -0.0006602 -0.0452776 -0.0034057 -0.0901236 0.1325133 -0.0882625 -0.0045674 0.0275792 -0.0448526 -0.0726395 0.0151083 0.0829557 -0.0183539 0.0111617 0.0179551 -0.0247726 0.0242024 0.0344454 0.0506806 -0.0151910 0.2032825 0.0205586 -0.0106208 -0.0259906 -0.0639261 -0.0787730 -0.0487831 -0.0524916 -0.0141261 -0.0989736 -0.0874459 -0.0212533 -0.0507943 0.0044642 0.0085185 -0.0488229 -0.0291156 -0.0083652 0.0340328 -0.0192871 0.0396798 -0.0512371 0.0029368 -0.0989232 -0.0736195
-0.0052978 -0.0760797 -0.0170990 -0.0448150 0.1000356 0.0955665 -0.0009889 0.0593183 0.0105026 0.0030476 -0.0008163 0.0260879 -0.0321388 0.0721191 0.0059966 -0.0375168 -0.0366169 0.0002025 -0.0099196 -0.0167938 -0.0462777 -0.0468281 -0.0106533 0.0857072 0.0036812 -0.0206001 -0.0512604 0.0936009 -0.0345272 0.0477317 -0.0206808 -0.1013598 -0.0327261 -0.0255978 -0.0355671 -0.0006602 0.9595281 -0.0136064 0.0509364 0.0114627 -0.0708815 0.0104236 -0.0655548 0.0614203 -0.0005477 -0.0121959 0.0050127 -0.0323575 -0.0008368 -0.0914803 0.0201709 0.0871544 0.0237005 0.0016269 -0.0243399 0.0264305 0.0038331 0.0413878 -0.0336575 0.0681123 -0.0068786 -0.0231580 -0.0376846 -0.0097934 -0.0865361 0.0057110 -0.0885193 0.0540952 -0.0216653 0.0040829 -0.0035330 -0.0196892 0.0459484 -0.0546993 -0.0282946 -0.0058056 -0.0514692 -0.0246740 -0.0366798 -0.0530440 0.0239895
-0.0471164 -0.0552469 -0.0390140 0.0281106 -0.0593896 -0.0234589 0.0271764 0.0054067 -0.0100267 0.0177482 0.0104514 -0.0070457 -0.0484233 -0.0293851 -0.0261786 -0.0382331 0.0446332 0.0729472 0.1320750 -0.0034545 0.0727098 -0.0074045 -0.0366767 0.0924473 0.0236297 -0.0289579 -0.0229496 -0.0537522 0.0874638 -0.1345298 0.0552991 -0.0257728 0.0293507 -0.0120148 -0.0590018 -0.0452776 -0.0136064 0.9765995 0.0051937 -0.0122800 -0.0341485 -0.0000149 0.0776693 0.0357769 -0.0232612 -0.0234287 0.0052756 0.0199189 0.0362042 -0.0484058 -0.0577776 -0.0577119 0.0046285 -0.0092211 -0.0131762 -0.0133863 -0.0883949 0.0308350 -0.0082019 -0.0794066 -0.0114668 0.0555652 -0.0150267 0.0285218 -0.0718994 0.0468952 0.0484451 -0.0075295 -0.0683681 0.0351452 -0.0132533 -0.0120262 -0.0618827 -0.0430630 -0.0118313 -0.0755464 0.0474037 0.0310781 -0.0446146 0.0856377 0.0000219
-0.0363498 -0.1481743 -0.0595856 0.0043911 -0.0874270 -0.0448842 0.0017264 -0.0932437 -0.1216719 0.0964002 -0.0974345 -0.0301534 0.0213362 -0.1454740 0.0729130 -0.0883737 -0.0442143 -0.0976833 0.0289651 -0.1096260 -0.0949772 -0.0874024 -0.1365922 0.0645918 -0.0166613 0.0473920 -0.0358711 -0.0703922 -0.0814557 -0.0575477 0.0779526 0.0854733 -0.0238683 -0.0503937 -0.0927941 -0.0034057 0.0509364 0.0051937 1.4372252 -0.1057475 -0.0790947 -0.0018304 0.0860613 0.1513699 -0.0699572 0.0006025 -0.0186655 0.0653201 0.0577755 -0.0045842 -0.0190615 0.0448528 0.0295888 0.0494075 -0.0625479 -0.0098690 -0.0508079 0.0333808 -0.0186528 -0.0408120 0.0423638 -0.0357467 -0.0053815 -0.0717548 0.0263978 0.0876704 0.1082295 -0.0606173 -0.0065940 -0.0064668 -0.0422602 -0.0373500 0.0685328 0.0483008 0.0820135 0.0986995 -0.0109983 0.0788732 -0.0600930 0.0333898 0.0205274
0.0164249 -0.0354428 -0.0303535 -0.0471775 -0.0521671 -0.0146565 -0.0628933 0.0091404 0.0287066 -0.0496352 0.0221933 0.0481329 0.0297021 -0.0409843 0.0241866 0.0369397 -0.0753819 -0.0073068 -0.0365444 0.0218892 -0.0294285 0.0976366 0.0291966 -0.0107875 0.0310002 0.1042171 0.0134870 -0.0309787 -0.0380052 -0.0710480 -0.0279413 -0.0230576 0.0022344 -0.0721293 0.0050164 -0.0901236 0.0114627 -0.0122800 -0.1057475 0.9829968 -0.0130824 -0.0272337 -0.0109397 -0.0207516 0.1190446 0.0318515 -0.0079881 -0.0727155 -0.0873263 -0.0592261 -0.0454447 -0.0525448 -0.0094037 -0.0341037 -0.0401248 -0.0787054 0.1511876 0.0392803 0.0095725 -0.0251457 -0.0201371 0.1482957 -0.0104628 -0.0076303 -0.0354545 0.0401382 0.0527686 0.0113462 0.0479177 -0.0646304 0.0013907 0.0289264 -0.0043210 -0.0485883 -0.0499519 -0.0242708 -0.0370575 0.0284224 0.0130218 0.1219218 -0.0292293
-0.0891236 -0.0658452 -0.0006861 -0.0733995 0.0477663 -0.0038563 -0.0133616 -0.0377609 -0.0118680 -0.0120923 -0.0356946 -0.0454109 -0.0005776 0.0501568 -0.0283017 -0.0411691 -0.0195809 -0.0188154 0.1052144 0.0704678 -0.0227850 -0.0340359 -0.0639879 0.0930580 -0.1035980 -0.1272412 0.0656522 0.0258094 -0.0230595 0.0251061 -0.0175621 -0.1184882 0.0209912 0.0687025 -0.0796348 0.1325133 -0.0708815 -0.0341485 -0.0790947 -0.0130824 1.2046992 -0.0144484 0.0089574 0.0217672 0.0739182 -0.0072727 0.0189624 0.0191699 -0.0155272 -0.0622234 0.0236987 -0.0634391 -0.0117464 0.0037481 -0.0385114 -0.0467148 0.0248285 -0.0268672 -0.0428080 -0.0418000 -0.0094809 0.0286833 0.0574865 -0.0028990 -0.0741474 -0.0318705 0.0484797 -0.0318899 -0.0213452 -0.0954479 0.0053254 0.0037487 -0.0187105 -0.0662781 -0.0250087 0.0953718 0.0030953 -0.0066876 0.0272204 0.0017669 0.1405654
0.0372461 0.0716945 -0.0834698 0.0788456 -0.0087861 -0.0656777 0.0163216 -0.0278117 -0.0514195 -0.0059496 -0.0478589 -0.0099598 -0.0236934 0.1325503 -0.0064752 0.0039973 -0.0369965 -0.0271027 -0.0221786 0.0305115 -0.0802936 -0.0220931 -0.0218087 -0.1140369 0.0233992 0.0590758 0.0666452 -0.0323922 -0.0473005 0.1491565 -0.0248365 -0.0722340 0.0146211 0.1225864 0.0899738 -0.0882625 0.0104236 -0.0000149 -0.0018304 -0.0272337 -0.0144484 1.0618674 -0.0188007 -0.0497494 -0.0182423 0.0887260 -0.0305670 0.0027428 0.0267257 0.0554597 -0.0506936 -0.0177887 -0.0862328 -0.0673944 -0.0587743 0.0890199 0.0021817 -0.0269161 -0.0344035 -0.0250063 -0.0031067 0.0004824 0.0394059 -0.0173465 -0.0874519 -0.0007355 -0.0344625 -0.0107901 0.0185435 -0.0227265 -0.0103661 -0.0297053 -0.0521957 -0.0476522 0.0295136 -0.0318933 -0.0282250 -0.0190176 0.0796195 -0.0428637 -0.0131013
-0.0008673 0.0319180 0.0293156 -0.0686794 -0.0685161 -0.0195645 0.0105540 -0.0009709 0.0414236 -0.0147732 -0.0940580 0.0991060 -0.0794728 0.0630721 0.0896239 0.0177442 0.0371097 -0.0172981 0.0600030 -0.0885247 -0.0946949 0.0227984 0.0584298 0.0177810 -0.0179660 -0.0725937 0.0267227 -0.0901238 -0.0065535 -0.0607664 0.1061876 0.0133318 0.0683336 -0.0026113 -0.0845910 -0.0045674 -0.0655548 0.0776693 0.0860613 -0.0109397 0.0089574 -0.0188007 1.0659422 0.1248691 -0.0739243 -0.0504014 -0.0197740 -0.0721429 -0.0392383 -0.0246494 -0.0249257 -0.0491050 -0.0247177 -0.0158373 0.0505401 -0.0389017 -0.0770460 -0.0002967 0.0887620 0.0034840 -0.0382112 0.0327074 -0.0522944 -0.0524697 0.0212874 -0.1288216 0.0580758 -0.0296466 -0.0169907 0.0671926 -0.0385017 -0.0204415 -0.0599249 -0.0049664 -0.0664493 -0.0276502 -0.0771513 0.0920758 -0.0788608 -0.0248995 0.0266144
0.0032967 -0.0519583 -0.1189559 -0.0583176 -0.0045587 -0.0097335 -0.0422491 -0.0275816 -0.0314277 -0.0119765 -0.0992437 -0.0475040 -0.0182137 -0.0914104 -0.0176288 -0.0833450 -0.0508544 -0.0245493 0.0804809 0.0234654 0.0542264 -0.0303870 0.0149478 0.2030533 0.0131463 -0.1055575 0.0209898 -0.0205526 0.0255565 -0.0308328 -0.0325189 -0.0648284 0.0359453 -0.0004436 -0.0713089 0.0275792 0.0614203 0.0357769 0.1513699 -0.0207516 0.0217672 -0.0497494 0.1248691 1.1331913 -0.0649441 -0.0452491 -0.0152455 -0.0501990 0.0102899 -0.0671708 -0.0060975 0.0528985 0.0865024 0.0337009 0.0268431 0.0589097 -0.0023846 0.0522570 0.0203738 -0.0498019 -0.0516626 -0.0563072 0.0281433 -0.0279122 -0.0045328 -0.0201101 -0.0523652 -0.0339236 -0.0888102 0.0121953 -0.0330678 -0.0011636 -0.0532638 0.1006531 0.0084210 -0.0407387 0.0530877 -0.0472911 -0.0151335 -0.0874148 -0.0009780
-0.0743847 -0.0933918 -0.0459520 -0.0179507 0.0225190 0.0027311 -0.0167869 -0.0105996 -0.0548290 -0.0403683 -0.0097581 -0.0031583 -0.0172226 -0.0248666 -0.0696578 0.0226624 -0.0233865 -0.0265252 0.0249719 0.0134555 -0.0180384 0.0258502 0.0323392 -0.0409863 0.0829745 0.0151764 0.0450922 0.0034684 0.0005752 0.0624796 -0.0544343 -0.0251774 -0.0856322 -0.0871181 0.0470024 -0.0448526 -0.0005477 -0.0232612 -0.0699572 0.1190446 0.0739182 -0.0182423 -0.0739243 -0.0649441 0.9334643 -0.0302726 0.0326625 -0.0181623 0.0013014 0.0030073 0.0011299 0.0187563 -0.0258354 -0.0152763 -0.0066130 0.0427468 0.0763496 -0.0403488 -0.0082520 -0.0167052 -0.0244712 -0.0354760 0.0081802 0.0821230 -0.0370640 0.0386624 0.0207350 0.0207922 0.0453081 -0.0548254 -0.0147663 -0.0137333 0.0038538 -0.0091675 0.0412930 0.0392530 0.0032189 0.0127780 0.0690024 -0.0311656 -0.0469471
-0.0303607 0.0816373 -0.0668024 0.0126381 -0.1019063 -0.0522634 0.0152071 0.0192304 0.0440346 0.0161205 0.0591661 -0.0266609 -0.0138041 -0.0285902 0.0024161 -0.0504421 -0.0481398 0.0624908 -0.0365575 0.0189993 0.0068202 0.0173772 -0.0300024 -0.0465347 -0.0255952 -0.0133456 0.0419931 -0.0662867 0.0633472 -0.0405011 0.0385782 0.0924999 0.0204959 -0.0599812 0.0663950 -0.0726395 -0.0121959 -0.0234287 0.0006025 0.0318515 -0.0072727 0.0887260 -0.0504014 -0.0452491 -0.0302726 0.8765444 -0.0180930 -0.0757175 -0.0018288 -0.0034496 -0.0328989 0.0161432 -0.0550687 -0.0556333 -0.0382177 -0.0336561 0.0188911 -0.0186814 -0.0135444 -0.0010468 0.0317204 0.0576408 0.0286967 0.0171487 -0.0303225 0.0249900 -0.0589122 0.0154805 -0.0246606 0.0763531 -0.0212873 -0.0203997 -0.0587219 -0.0229208 0.0101540 -0.0147716 0.0235879 -0.0172197 0.0043110 0.0685766 -0.0065686
