1.0758235 -0.0036489 -0.0311824 0.1237569 -0.1191311 -0.0163418 0.0080512 0.0869789 -0.0414495 -0.0829077 -0.1267480 0.0986180 -0.0108759 -0.0052740 -0.0453943 0.1018766 -0.1190302 -0.1202615 -0.1120849 0.1036555 -0.0432826 -0.1156266 0.1260559 0.0033612 0.1060260 0.1208396 -0.0301175 -0.0175208 -0.0148332 -0.1258889 0.0882294 -0.0051327 0.0841079 0.0882945 -0.1083323 -0.1278170 -0.0086798 -0.1285144 -0.0065186 -0.1184430 0.0098101 0.1229589 0.0953967 -0.0396837 0.0302852 -0.0974560 0.0146485 0.1086144 -0.0398588 0.0022557 -0.0087506 0.1139113 -0.0397240 -0.1159420 -0.0300188 -0.0040369 -0.1282365 -0.0282166 -0.0873085 0.0190332 0.0005207 0.0124634 0.1218583 0.1257532 0.0858669 -0.1095648 0.1070639 -0.0022199 -0.0352800 0.1084123 -0.1065153 -0.0003063 -0.1141260 -0.0378364 -0.0282554 -0.0018530 -0.1101283 0.1178633 -0.0076079 -0.0877007 -0.0108644
-0.0036489 0.9945652 -0.0036631 -0.0037633 -0.0095066 -0.0035111 -0.0056552 -0.0031114 -0.0082729 -0.0064484 -0.0116437 -0.0003468 -0.0046713 -0.0046509 -0.0091614 -0.0028482 -0.0059785 -0.0060259 -0.0095831 0.0003051 -0.0064162 -0.0064180 -0.0007380 -0.0033460 -0.0017964 -0.0003441 -0.0071492 -0.0039293 -0.0053273 -0.0112367 -0.0038988 -0.0060823 -0.0032672 -0.0028019 -0.0111493 -0.0098921 -0.0052139 -0.0097075 -0.0073977 -0.0101528 -0.0040881 0.0002635 -0.0042080 -0.0072936 -0.0054714 -0.0086630 -0.0049091 -0.0017926 -0.0078286 -0.0056818 -0.0036070 -0.0028796 -0.0042303 -0.0077393 -0.0041806 -0.0046060 -0.0078269 -0.0061636 -0.0085675 -0.0037393 -0.0045683 -0.0033863 -0.0025110 0.0000543 -0.0028808 -0.0101019 -0.0017162 -0.0058920 -0.0059558 -0.0012959 -0.0081040 -0.0055877 -0.0077710 -0.0063714 -0.0050386 -0.0053875 -0.0084123 -0.0008003 -0.0055547 -0.0090215 -0.0037968
-0.0311824 -0.0036631 0.9908950 -0.0316954 0.0149496 -0.0014742 -0.0088820 -0.0200118 -0.0002204 0.0020602 0.0139767 -0.0207396 -0.0052060 -0.0063051 -0.0000496 -0.0258116 0.0185578 0.0163358 0.0080405 -0.0225400 0.0023242 0.0157587 -0.0299559 -0.0100417 -0.0261916 -0.0272892 -0.0004832 0.0004340 -0.0048420 0.0128722 -0.0258286 -0.0071447 -0.0186473 -0.0186067 0.0077128 0.0153726 -0.0050309 0.0152445 -0.0081386 0.0107534 -0.0100877 -0.0284069 -0.0212495 0.0000304 -0.0144352 0.0077390 -0.0115622 -0.0235521 0.0009876 -0.0069490 -0.0028938 -0.0261835 0.0034659 0.0136309 0.0015827 -0.0066585 0.0164051 -0.0002395 0.0060829 -0.0115996 -0.0061474 -0.0119413 -0.0294112 -0.0265564 -0.0178603 0.0087318 -0.0236839 -0.0069593 0.0015402 -0.0251411 0.0088968 -0.0067428 0.0134511 0.0009654 0.0010839 -0.0073773 0.0102248 -0.0262609 -0.0053226 0.0046426 -0.0057013
0.1237569 -0.0037633 -0.0316954 1.0784552 -0.1186114 -0.0162550 0.0081784 0.0871466 -0.0420343 -0.0818214 -0.1273966 0.0987552 -0.0101431 -0.0050773 -0.0462701 0.1017950 -0.1191723 -0.1207029 -0.1121289 0.1043501 -0.0438511 -0.1164870 0.1262253 0.0034761 0.1067596 0.1220775 -0.0297225 -0.0172767 -0.0152057 -0.1275087 0.0890542 -0.0081970 0.0844712 0.0877127 -0.1083021 -0.1278369 -0.0096514 -0.1290004 -0.0062486 -0.1188647 0.0090519 0.1233461 0.0958174 -0.0402805 0.0300257 -0.0982730 0.0146967 0.1087575 -0.0401587 0.0018432 -0.0090834 0.1137143 -0.0401656 -0.1160685 -0.0302115 -0.0039544 -0.1299616 -0.0282985 -0.0877815 0.0197075 0.0003296 0.0127372 0.1228014 0.1267433 0.0853307 -0.1100205 0.1076314 -0.0026805 -0.0357174 0.1078287 -0.1070189 -0.0009118 -0.1147906 -0.0380634 -0.0282046 -0.0024799 -0.1102491 0.1187408 -0.0074550 -0.0886471 -0.0112912
-0.1191311 -0.0095066 0.0149496 -0.1186114 1.0459727 0.0029345 -0.0146690 -0.0888308 0.0224028 0.0599689 0.0979162 -0.0941953 -0.0022019 -0.0064817 0.0243189 -0.1025710 0.1003962 0.1004823 0.0883023 -0.1012724 0.0279908 0.0955622 -0.1197894 -0.0150758 -0.1064001 -0.1154134 0.0139359 0.0105611 -0.0017568 0.0980655 -0.0980491 -0.0050533 -0.0842277 -0.0890888 0.0838487 0.1025297 -0.0028224 0.1029441 -0.0068500 0.0928120 -0.0214729 -0.1180084 -0.0966170 0.0222180 -0.0364135 0.0771833 -0.0252409 -0.1056388 0.0237087 -0.0121452 0.0002706 -0.1099924 0.0258106 0.0938270 0.0195330 -0.0083384 0.1025948 0.0117475 0.0699305 -0.0264516 -0.0083087 -0.0251223 -0.1185086 -0.1163310 -0.0865800 0.0842647 -0.1044605 -0.0088972 0.0203456 -0.1073442 0.0835825 -0.0093710 0.0920052 0.0213861 0.0189435 -0.0082715 0.0863846 -0.1116370 -0.0043850 0.0667169 -0.0034763
-0.0163418 -0.0035111 -0.0014742 -0.0162550 0.0029345 0.9915491 -0.0058762 -0.0075752 -0.0034646 -0.0052444 0.0006994 -0.0084107 -0.0047224 -0.0049651 -0.0031692 -0.0123237 0.0045547 0.0038883 -0.0032842 -0.0088142 -0.0014712 0.0033386 -0.0158883 -0.0063546 -0.0104409 -0.0131886 -0.0027291 -0.0010468 -0.0054776 0.0011138 -0.0128447 -0.0066868 -0.0078078 -0.0075864 -0.0032387 0.0020188 -0.0048487 0.0019569 -0.0076780 -0.0022582 -0.0081274 -0.0129687 -0.0089930 -0.0026585 -0.0107978 -0.0012618 -0.0089709 -0.0105119 -0.0027143 -0.0064666 -0.0031325 -0.0123862 0.0000313 0.0006786 -0.0011098 -0.0056873 0.0031469 -0.0024855 -0.0043199 -0.0078546 -0.0046179 -0.0092707 -0.0144667 -0.0116677 -0.0071585 -0.0024635 -0.0105975 -0.0064560 -0.0017122 -0.0106702 -0.0020287 -0.0051872 0.0009364 -0.0018681 -0.0016719 -0.0059814 -0.0015150 -0.0123567 -0.0055750 -0.0041909 -0.0045617
0.0080512 -0.0056552 -0.0088820 0.0081784 -0.0146690 -0.0058762 1.0000274 0.0037969 -0.0093273 -0.0118324 -0.0165250 0.0044124 -0.0061535 -0.0063536 -0.0108019 0.0054299 -0.0124265 -0.0129212 -0.0147323 0.0037768 -0.0051532 -0.0126135 0.0065294 -0.0071429 0.0037557 0.0048021 -0.0066554 -0.0021825 -0.0095997 -0.0147199 -0.0019940 -0.0055503 0.0034253 0.0021962 -0.0125064 -0.0169396 -0.0066759 -0.0155157 -0.0052895 -0.0159206 -0.0061133 0.0051859 0.0033680 -0.0078991 -0.0003996 -0.0099115 -0.0048601 0.0042197 -0.0076075 -0.0040569 -0.0042875 0.0064291 -0.0085902 -0.0146110 -0.0061386 -0.0055138 -0.0174821 -0.0077198 -0.0098122 -0.0031752 -0.0025541 -0.0057224 0.0055701 0.0083275 0.0017596 -0.0140520 0.0041621 -0.0043482 -0.0081885 0.0034250 -0.0146205 -0.0034765 -0.0144653 -0.0086037 -0.0034828 -0.0029682 -0.0150910 0.0069989 -0.0054305 -0.0110407 -0.0083689
0.0869789 -0.0031114 -0.0200118 0.0871466 -0.0888308 -0.0075752 0.0037969 1.0435631 -0.0241994 -0.0723283 -0.0952756 0.0746066 -0.0084811 -0.0041578 -0.0274581 0.0786656 -0.0872392 -0.0893991 -0.0886798 0.0802513 -0.0289916 -0.0872927 0.0897543 0.0008109 0.0827797 0.0873942 -0.0181060 -0.0115640 -0.0099252 -0.0943788 0.0745597 -0.0067723 0.0664597 0.0708223 -0.0869412 -0.0951381 -0.0085368 -0.0955769 -0.0053025 -0.0928796 0.0036588 0.0889983 0.0755316 -0.0274541 0.0155801 -0.0787293 0.0059166 0.0815001 -0.0270410 -0.0016076 -0.0073858 0.0842436 -0.0268278 -0.0895058 -0.0206298 -0.0035313 -0.0947602 -0.0187354 -0.0731589 0.0102847 -0.0000441 0.0033817 0.0884660 0.0902113 0.0685766 -0.0852007 0.0812765 -0.0049215 -0.0246977 0.0811169 -0.0844309 -0.0009939 -0.0878265 -0.0254076 -0.0202824 -0.0038895 -0.0837727 0.0855959 -0.0070821 -0.0731487 -0.0074374
-0.0414495 -0.0082729 -0.0002204 -0.0420343 0.0224028 -0.0034646 -0.0093273 -0.0241994 1.0103447 0.0094327 0.0305169 -0.0322425 -0.0060539 -0.0078753 0.0117058 -0.0264492 0.0281661 0.0314932 0.0248550 -0.0337980 0.0101217 0.0225139 -0.0477413 -0.0121805 -0.0334547 -0.0412879 0.0064626 0.0021788 -0.0028963 0.0307338 -0.0268122 0.0000508 -0.0254672 -0.0309509 0.0204966 0.0255302 -0.0058300 0.0300342 -0.0049487 0.0250352 -0.0107885 -0.0418943 -0.0366860 0.0058821 -0.0165367 0.0182692 -0.0148085 -0.0368872 0.0073427 -0.0113138 -0.0031312 -0.0369726 0.0067263 0.0245675 0.0027316 -0.0081153 0.0285879 -0.0004063 0.0151767 -0.0148297 -0.0041341 -0.0154022 -0.0387700 -0.0415214 -0.0296200 0.0232793 -0.0365422 -0.0112873 0.0022957 -0.0380739 0.0251757 -0.0046484 0.0231827 0.0031568 0.0063448 -0.0063322 0.0263701 -0.0358035 -0.0074476 0.0163389 -0.0043080
-0.0829077 -0.0064484 0.0020602 -0.0818214 0.0599689 -0.0052444 -0.0118324 -0.0723283 0.0094327 1.0261824 0.0656135 -0.0704648 -0.0019796 -0.0056326 0.0109141 -0.0764895 0.0694436 0.0696328 0.0624671 -0.0750506 0.0162887 0.0652142 -0.0823982 -0.0135731 -0.0802760 -0.0808380 0.0026887 0.0041459 -0.0018954 0.0652635 -0.0738139 -0.0046956 -0.0659712 -0.0715950 0.0611698 0.0682953 -0.0029600 0.0703247 -0.0066256 0.0679552 -0.0109198 -0.0826565 -0.0774697 0.0101393 -0.0226539 0.0576323 -0.0136901 -0.0780094 0.0113745 -0.0085829 0.0005204 -0.0814296 0.0153819 0.0683876 0.0100817 -0.0057848 0.0704600 0.0037192 0.0546095 -0.0160376 -0.0074713 -0.0123017 -0.0820147 -0.0822192 -0.0694029 0.0625876 -0.0774926 -0.0062579 0.0103293 -0.0788331 0.0653703 -0.0081621 0.0672343 0.0108331 0.0109265 -0.0065063 0.0617019 -0.0787512 -0.0031599 0.0544730 -0.0031114
-0.1267480 -0.0116437 0.0139767 -0.1273966 0.0979162 0.0006994 -0.0165250 -0.0952756 0.0305169 0.0656135 1.0616117 -0.1007420 -0.0032440 -0.0070617 0.0295517 -0.1060549 0.1094427 0.1131046 0.0974783 -0.1123262 0.0340603 0.1037464 -0.1323644 -0.0212313 -0.1144723 -0.1283943 0.0195575 0.0123623 -0.0028379 0.1121203 -0.1048513 -0.0019546 -0.0898176 -0.0985599 0.0973233 0.1102808 -0.0034013 0.1166276 -0.0064241 0.1057546 -0.0228154 -0.1289351 -0.1057796 0.0266383 -0.0363479 0.0855740 -0.0269382 -0.1160551 0.0284503 -0.0126816 0.0008641 -0.1177140 0.0286504 0.1040851 0.0195608 -0.0095628 0.1127128 0.0141065 0.0778280 -0.0310854 -0.0087181 -0.0262880 -0.1260262 -0.1274360 -0.0955583 0.0959119 -0.1150061 -0.0089271 0.0221863 -0.1172798 0.0953324 -0.0092393 0.1011186 0.0236581 0.0240243 -0.0058694 0.0959175 -0.1200512 -0.0061116 0.0762120 -0.0052211
0.0986180 -0.0003468 -0.0207396 0.0987552 -0.0941953 -0.0084107 0.0044124 0.0746066 -0.0322425 -0.0704648 -0.1007420 1.0407319 -0.0063423 -0.0021666 -0.0333499 0.0813266 -0.0937720 -0.0963558 -0.0940398 0.0880867 -0.0334883 -0.0937431 0.1026391 0.0051306 0.0881340 0.0992714 -0.0228669 -0.0136987 -0.0076042 -0.1040856 0.0790654 -0.0064509 0.0693406 0.0764996 -0.0920519 -0.1009053 -0.0059953 -0.1038364 -0.0053463 -0.0980641 0.0091109 0.0995478 0.0808321 -0.0304419 0.0201868 -0.0825823 0.0114945 0.0893534 -0.0309968 0.0014179 -0.0059959 0.0909254 -0.0286539 -0.0927960 -0.0215419 -0.0016637 -0.1004234 -0.0179418 -0.0749774 0.0157158 0.0002289 0.0099021 0.0968821 0.0998278 0.0733500 -0.0902934 0.0887818 -0.0023470 -0.0256708 0.0900588 -0.0877676 -0.0002349 -0.0913477 -0.0270214 -0.0235114 -0.0033087 -0.0887756 0.0935170 -0.0048383 -0.0745923 -0.0054288
-0.0108759 -0.0046713 -0.0052060 -0.0101431 -0.0022019 -0.0047224 -0.0061535 -0.0084811 -0.0060539 -0.0019796 -0.0032440 -0.0063423 0.9938523 -0.0033482 -0.0051626 -0.0114039 0.0015187 0.0003325 -0.0031294 -0.0068192 -0.0013577 0.0004903 -0.0092009 -0.0053058 -0.0097959 -0.0077608 -0.0051967 -0.0024525 -0.0037555 -0.0028819 -0.0114925 -0.0046641 -0.0077032 -0.0077846 -0.0029566 -0.0008902 -0.0040142 -0.0013158 -0.0063199 -0.0018949 -0.0043933 -0.0080167 -0.0088222 -0.0053777 -0.0064270 -0.0032804 -0.0050104 -0.0078095 -0.0043708 -0.0047625 -0.0024008 -0.0093387 -0.0018579 0.0006433 -0.0025954 -0.0044778 -0.0002755 -0.0040082 -0.0018405 -0.0046085 -0.0044526 -0.0047017 -0.0088077 -0.0068594 -0.0081162 -0.0026514 -0.0074008 -0.0045633 -0.0031561 -0.0085351 -0.0008971 -0.0047865 0.0001785 -0.0029615 -0.0026278 -0.0047826 -0.0017988 -0.0073768 -0.0044174 -0.0029216 -0.0044291
-0.0052740 -0.0046509 -0.0063051 -0.0050773 -0.0064817 -0.0049651 -0.0063536 -0.0041578 -0.0078753 -0.0056326 -0.0070617 -0.0021666 -0.0033482 0.9912809 -0.0072917 -0.0068278 -0.0034497 -0.0042776 -0.0074909 -0.0027389 -0.0051071 -0.0046208 -0.0027295 -0.0053579 -0.0058074 -0.0021709 -0.0061289 -0.0031625 -0.0046805 -0.0087039 -0.0070481 -0.0050463 -0.0043792 -0.0034328 -0.0074230 -0.0067687 -0.0042289 -0.0069191 -0.0068347 -0.0067689 -0.0036257 -0.0024709 -0.0055436 -0.0067958 -0.0052260 -0.0073589 -0.0047616 -0.0036364 -0.0060225 -0.0046556 -0.0025699 -0.0051210 -0.0033364 -0.0046925 -0.0036275 -0.0044256 -0.0052874 -0.0050219 -0.0060266 -0.0041385 -0.0043304 -0.0044774 -0.0045340 -0.0016733 -0.0039526 -0.0071564 -0.0029587 -0.0047385 -0.0047755 -0.0042421 -0.0049932 -0.0047474 -0.0044587 -0.0046826 -0.0040622 -0.0052409 -0.0062048 -0.0029650 -0.0046297 -0.0061625 -0.0047974
-0.0453943 -0.0091614 -0.0000496 -0.0462701 0.0243189 -0.0031692 -0.0108019 -0.0274581 0.0117058 0.0109141 0.0295517 -0.0333499 -0.0051626 -0.0072917 1.0024588 -0.0325238 0.0303882 0.0308580 0.0234647 -0.0355933 0.0090421 0.0237710 -0.0488283 -0.0112428 -0.0363015 -0.0425403 0.0046640 0.0016407 -0.0016507 0.0289242 -0.0305920 -0.0023496 -0.0274939 -0.0310154 0.0205275 0.0277268 -0.0056699 0.0310636 -0.0061065 0.0252693 -0.0102696 -0.0428191 -0.0363845 0.0054044 -0.0183972 0.0180950 -0.0147338 -0.0371728 0.0063001 -0.0115233 -0.0026259 -0.0402092 0.0080266 0.0261698 0.0037457 -0.0075409 0.0315539 0.0011146 0.0153130 -0.0146746 -0.0047621 -0.0146367 -0.0413830 -0.0427844 -0.0299038 0.0229549 -0.0369016 -0.0097537 0.0036401 -0.0386114 0.0245782 -0.0059661 0.0249773 0.0040003 0.0050429 -0.0075070 0.0257873 -0.0383186 -0.0059974 0.0157080 -0.0036740
0.1018766 -0.0028482 -0.0258116 0.1017950 -0.1025710 -0.0123237 0.0054299 0.0786656 -0.0264492 -0.0764895 -0.1060549 0.0813266 -0.0114039 -0.0068278 -0.0325238 1.0513817 -0.1007415 -0.0997258 -0.0962475 0.0874332 -0.0342072 -0.1017242 0.0998808 -0.0002681 0.0944747 0.0987772 -0.0212468 -0.0137892 -0.0125450 -0.1047679 0.0834480 -0.0061171 0.0736217 0.0760892 -0.0944187 -0.1086535 -0.0102777 -0.1071055 -0.0052000 -0.1016744 0.0063556 0.1012840 0.0794953 -0.0304109 0.0218845 -0.0838416 0.0082304 0.0905491 -0.0311339 -0.0022957 -0.0084864 0.0952920 -0.0321973 -0.0997333 -0.0253551 -0.0053607 -0.1070795 -0.0235719 -0.0779215 0.0127368 0.0010690 0.0065569 0.1020901 0.1023479 0.0737372 -0.0934093 0.0900565 -0.0060851 -0.0304308 0.0905450 -0.0910354 0.0000858 -0.0984024 -0.0319768 -0.0220553 -0.0028065 -0.0921603 0.0985088 -0.0076178 -0.0772485 -0.0083027
-0.1190302 -0.0059785 0.0185578 -0.1191723 0.1003962 0.0045547 -0.0124265 -0.0872392 0.0281661 0.0694436 0.1094427 -0.0937720 0.0015187 -0.0034497 0.0303882 -0.1007415 1.0503628 0.1027997 0.0962298 -0.1005970 0.0320377 0.1008280 -0.1217537 -0.0133590 -0.1073235 -0.1152391 0.0185631 0.0127818 0.0037917 0.1085799 -0.0988778 -0.0003390 -0.0822202 -0.0894698 0.0926099 0.1063674 -0.0000316 0.1092096 -0.0031674 0.1005451 -0.0173528 -0.1163978 -0.0966323 0.0261872 -0.0316342 0.0834421 -0.0214515 -0.1043721 0.0273692 -0.0089297 0.0025790 -0.1080286 0.0282073 0.0976516 0.0203863 -0.0048715 0.1064693 0.0152364 0.0748526 -0.0245602 -0.0064719 -0.0198648 -0.1153159 -0.1142717 -0.0863177 0.0916501 -0.1032713 -0.0050993 0.0233987 -0.1060558 0.0897737 -0.0065791 0.0962710 0.0246398 0.0214416 -0.0042200 0.0909701 -0.1085711 -0.0016386 0.0734749 -0.0005522
-0.1202615 -0.0060259 0.0163358 -0.1207029 0.1004823 0.0038883 -0.0129212 -0.0893991 0.0314932 0.0696328 0.1131046 -0.0963558 0.0003325 -0.0042776 0.0308580 -0.0997258 0.1027997 1.0471337 0.0989093 -0.1035741 0.0334267 0.1019189 -0.1246600 -0.0147006 -0.1071048 -0.1194460 0.0201916 0.0127927 0.0020861 0.1117037 -0.0985084 0.0003470 -0.0829826 -0.0913316 0.0949325 0.1080164 -0.0004092 0.1113280 -0.0028826 0.1031016 -0.0179067 -0.1185291 -0.0988157 0.0282193 -0.0316682 0.0852484 -0.0221247 -0.1065741 0.0287045 -0.0091747 0.0026325 -0.1094913 0.0280398 0.0993957 0.0201961 -0.0059330 0.1090313 0.0150621 0.0763826 -0.0253967 -0.0061387 -0.0205475 -0.1167702 -0.1165831 -0.0882731 0.0945892 -0.1058506 -0.0054388 0.0234370 -0.1078484 0.0921976 -0.0062980 0.0976875 0.0247384 0.0226402 -0.0030754 0.0935128 -0.1099705 -0.0025197 0.0758774 -0.0004745
-0.1120849 -0.0095831 0.0080405 -0.1121289 0.0883023 -0.0032842 -0.0147323 -0.0886798 0.0248550 0.0624671 0.0974783 -0.0940398 -0.0031294 -0.0074909 0.0234647 -0.0962475 0.0962298 0.0989093 1.0472493 -0.1002168 0.0277733 0.0909719 -0.1166420 -0.0175206 -0.1038943 -0.1131027 0.0129336 0.0100988 -0.0030310 0.0974542 -0.0940177 -0.0030921 -0.0826747 -0.0919594 0.0864156 0.0972359 -0.0037046 0.1016610 -0.0053129 0.0950971 -0.0187386 -0.1144079 -0.0986434 0.0212720 -0.0309467 0.0784895 -0.0226903 -0.1044126 0.0229826 -0.0119443 0.0004072 -0.1062835 0.0235953 0.0924321 0.0166583 -0.0084980 0.0987553 0.0090048 0.0732112 -0.0249434 -0.0067705 -0.0214536 -0.1115673 -0.1131198 -0.0890576 0.0864582 -0.1037333 -0.0085528 0.0173888 -0.1058611 0.0870247 -0.0079058 0.0912102 0.0186877 0.0198887 -0.0055877 0.0867367 -0.1066496 -0.0048052 0.0708484 -0.0041632
0.1036555 0.0003051 -0.0225400 0.1043501 -0.1012724 -0.0088142 0.0037768 0.0802513 -0.0337980 -0.0750506 -0.1123262 0.0880867 -0.0068192 -0.0027389 -0.0355933 0.0874332 -0.1005970 -0.1035741 -0.1002168 1.0495343 -0.0362418 -0.1011116 0.1091211 0.0053398 0.0937825 0.1064301 -0.0243856 -0.0152011 -0.0076654 -0.1104927 0.0847575 -0.0072163 0.0745901 0.0815533 -0.0985774 -0.1085826 -0.0070175 -0.1114042 -0.0062250 -0.1050228 0.0098094 0.1068708 0.0866302 -0.0330183 0.0217404 -0.0887741 0.0124548 0.0962634 -0.0330472 0.0012197 -0.0064451 0.0974096 -0.0306856 -0.1000789 -0.0233122 -0.0013627 -0.1078358 -0.0208073 -0.0809354 0.0166148 0.0002528 0.0100282 0.1044191 0.1071199 0.0790776 -0.0976512 0.0958848 -0.0023651 -0.0276384 0.0965201 -0.0939797 -0.0006617 -0.0984875 -0.0291675 -0.0254334 -0.0040517 -0.0954531 0.1006290 -0.0049515 -0.0807683 -0.0061076
-0.0432826 -0.0064162 0.0023242 -0.0438511 0.0279908 -0.0014712 -0.0051532 -0.0289916 0.0101217 0.0162887 0.0340603 -0.0334883 -0.0013577 -0.0051071 0.0090421 -0.0342072 0.0320377 0.0334267 0.0277733 -0.0362418 1.0009084 0.0316410 -0.0455675 -0.0099290 -0.0379506 -0.0429996 0.0047292 0.0037334 -0.0029893 0.0352367 -0.0353426 -0.0020923 -0.0285884 -0.0318346 0.0271354 0.0320474 -0.0037225 0.0340549 -0.0046773 0.0294171 -0.0102728 -0.0434161 -0.0349121 0.0066833 -0.0145092 0.0235597 -0.0122307 -0.0377179 0.0076472 -0.0069338 -0.0012546 -0.0383292 0.0075192 0.0294285 0.0049951 -0.0058045 0.0326841 0.0023417 0.0208645 -0.0127244 -0.0043795 -0.0125671 -0.0420593 -0.0415006 -0.0309590 0.0268956 -0.0374534 -0.0055519 0.0050745 -0.0390541 0.0265045 -0.0045351 0.0285302 0.0056794 0.0066697 -0.0042719 0.0268139 -0.0388065 -0.0044315 0.0198056 -0.0040963
-0.1156266 -0.0064180 0.0157587 -0.1164870 0.0955622 0.0033386 -0.0126135 -0.0872927 0.0225139 0.0652142 0.1037464 -0.0937431 0.0004903 -0.0046208 0.0237710 -0.1017242 0.1008280 0.1019189 0.0909719 -0.1011116 0.0316410 1.0443761 -0.1174853 -0.0149782 -0.1065954 -0.1154592 0.0165909 0.0123202 -0.0018133 0.1031520 -0.1022254 -0.0026083 -0.0830286 -0.0895038 0.0904123 0.1038120 -0.0019730 0.1059306 -0.0058671 0.0965388 -0.0212153 -0.1178365 -0.0937145 0.0235215 -0.0329748 0.0804123 -0.0235822 -0.1050396 0.0250535 -0.0086489 0.0011502 -0.1071679 0.0256681 0.0958336 0.0190770 -0.0068335 0.1023663 0.0134177 0.0729402 -0.0259429 -0.0084464 -0.0221620 -0.1170814 -0.1141761 -0.0869054 0.0875203 -0.1045817 -0.0049069 0.0214233 -0.1071089 0.0846432 -0.0084022 0.0932059 0.0230558 0.0208389 -0.0046259 0.0859508 -0.1101500 -0.0032883 0.0688568 -0.0045727
0.1260559 -0.0007380 -0.0299559 0.1262253 -0.1197894 -0.0158883 0.0065294 0.0897543 -0.0477413 -0.0823982 -0.1323644 0.1026391 -0.0092009 -0.0027295 -0.0488283 0.0998808 -0.1217537 -0.1246600 -0.1166420 0.1091211 -0.0455675 -0.1174853 1.0817887 0.0052098 0.1074056 0.1261345 -0.0325611 -0.0188405 -0.0135990 -0.1316892 0.0900777 -0.0099828 0.0873045 0.0932119 -0.1125634 -0.1294791 -0.0077936 -0.1331220 -0.0073203 -0.1226176 0.0111902 0.1283003 0.1004542 -0.0421020 0.0299620 -0.1017622 0.0171686 0.1134399 -0.0417623 0.0036921 -0.0078407 0.1159186 -0.0399270 -0.1179306 -0.0300574 -0.0024546 -0.1311823 -0.0273726 -0.0910600 0.0213833 -0.0002399 0.0144110 0.1247141 0.1309752 0.0901764 -0.1142755 0.1115922 -0.0009348 -0.0350652 0.1128331 -0.1106370 -0.0012206 -0.1165849 -0.0372933 -0.0309136 -0.0025784 -0.1147811 0.1210187 -0.0061871 -0.0918337 -0.0097915
0.0033612 -0.0033460 -0.0100417 0.0034761 -0.0150758 -0.0063546 -0.0071429 0.0008109 -0.0121805 -0.0135731 -0.0212313 0.0051306 -0.0053058 -0.0053579 -0.0112428 -0.0002681 -0.0133590 -0.0147006 -0.0175206 0.0053398 -0.0099290 -0.0149782 0.0052098 0.9940454 0.0023511 0.0063208 -0.0102715 -0.0061795 -0.0071288 -0.0208511 -0.0003468 -0.0053421 0.0018102 0.0026378 -0.0188094 -0.0167776 -0.0061383 -0.0189297 -0.0067055 -0.0177576 -0.0035859 0.0069234 0.0006615 -0.0107200 -0.0051205 -0.0157069 -0.0045751 0.0049084 -0.0107651 -0.0058516 -0.0042305 0.0027238 -0.0071258 -0.0145991 -0.0063903 -0.0056317 -0.0161471 -0.0087721 -0.0129418 -0.0024704 -0.0043386 -0.0045006 0.0047144 0.0071789 0.0021845 -0.0180437 0.0050740 -0.0060263 -0.0084433 0.0051300 -0.0152820 -0.0056846 -0.0149429 -0.0091880 -0.0076792 -0.0066727 -0.0150384 0.0061379 -0.0058889 -0.0145068 -0.0051187
0.1060260 -0.0017964 -0.0261916 0.1067596 -0.1064001 -0.0104409 0.0037557 0.0827797 -0.0334547 -0.0802760 -0.1144723 0.0881340 -0.0097959 -0.0058074 -0.0363015 0.0944747 -0.1073235 -0.1071048 -0.1038943 0.0937825 -0.0379506 -0.1065954 0.1074056 0.0023511 1.0570308 0.1064826 -0.0249730 -0.0160265 -0.0123641 -0.1136576 0.0856112 -0.0077094 0.0778037 0.0823365 -0.1015034 -0.1142443 -0.0096968 -0.1152339 -0.0063593 -0.1090703 0.0076048 0.1092082 0.0862268 -0.0335692 0.0224265 -0.0911623 0.0102887 0.0977771 -0.0345032 -0.0010710 -0.0085240 0.1004452 -0.0332656 -0.1057671 -0.0262653 -0.0038291 -0.1131341 -0.0233896 -0.0838470 0.0144670 0.0005021 0.0084155 0.1083887 0.1102616 0.0798035 -0.1004472 0.0973041 -0.0049783 -0.0310598 0.0979075 -0.0974028 -0.0005231 -0.1039290 -0.0321422 -0.0253343 -0.0034523 -0.0985683 0.1048887 -0.0075140 -0.0831668 -0.0080214
0.1208396 -0.0003441 -0.0272892 0.1220775 -0.1154134 -0.0131886 0.0048021 0.0873942 -0.0412879 -0.0808380 -0.1283943 0.0992714 -0.0077608 -0.0021709 -0.0425403 0.0987772 -0.1152391 -0.1194460 -0.1131027 0.1064301 -0.0429996 -0.1154592 0.1261345 0.0063208 0.1064826 1.0712585 -0.0310498 -0.0187718 -0.0088647 -0.1273680 0.0931972 -0.0081787 0.0831493 0.0908134 -0.1109579 -0.1244738 -0.0065715 -0.1282070 -0.0072014 -0.1179929 0.0135737 0.1241995 0.0941045 -0.0399870 0.0268567 -0.1002414 0.0166589 0.1090287 -0.0400555 0.0018252 -0.0072272 0.1102866 -0.0366908 -0.1131792 -0.0283133 -0.0021181 -0.1238186 -0.0255677 -0.0897533 0.0207543 0.0006496 0.0148740 0.1205615 0.1245200 0.0870251 -0.1098224 0.1078632 -0.0030639 -0.0330047 0.1097411 -0.1046437 -0.0008405 -0.1118080 -0.0356848 -0.0305340 -0.0042753 -0.1081586 0.1162482 -0.0052186 -0.0885100 -0.0064149
-0.0301175 -0.0071492 -0.0004832 -0.0297225 0.0139359 -0.0027291 -0.0066554 -0.0181060 0.0064626 0.0026887 0.0195575 -0.0228669 -0.0051967 -0.0061289 0.0046640 -0.0212468 0.0185631 0.0201916 0.0129336 -0.0243856 0.0047292 0.0165909 -0.0325611 -0.0102715 -0.0249730 -0.0310498 0.9866861 0.0021057 -0.0050457 0.0181805 -0.0243253 -0.0035744 -0.0180136 -0.0212795 0.0130071 0.0166299 -0.0056366 0.0188153 -0.0055064 0.0148012 -0.0103361 -0.0301504 -0.0235216 0.0025433 -0.0124406 0.0113134 -0.0124309 -0.0257439 0.0030814 -0.0067596 -0.0027462 -0.0254317 0.0039981 0.0149897 0.0017953 -0.0062526 0.0176949 -0.0007159 0.0091201 -0.0114872 -0.0044646 -0.0132858 -0.0288253 -0.0285873 -0.0205425 0.0140807 -0.0253199 -0.0069350 0.0014679 -0.0268451 0.0129837 -0.0044521 0.0148449 0.0020657 0.0038405 -0.0053190 0.0146545 -0.0261703 -0.0060876 0.0082334 -0.0060728
-0.0175208 -0.0039293 0.0004340 -0.0172767 0.0105611 -0.0010468 -0.0021825 -0.0115640 0.0021788 0.0041459 0.0123623 -0.0136987 -0.0024525 -0.0031625 0.0016407 -0.0137892 0.0127818 0.0127927 0.0100988 -0.0152011 0.0037334 0.0123202 -0.0188405 -0.0061795 -0.0160265 -0.0187718 0.0021057 0.9910926 -0.0036556 0.0123603 -0.0173072 -0.0017189 -0.0114325 -0.0130732 0.0104064 0.0113264 -0.0026629 0.0125380 -0.0031386 0.0101633 -0.0066119 -0.0187602 -0.0134533 0.0023759 -0.0057244 0.0090601 -0.0066855 -0.0156332 0.0024372 -0.0029172 -0.0012923 -0.0148931 0.0019346 0.0102896 0.0013968 -0.0033285 0.0108286 0.0000016 0.0074903 -0.0066709 -0.0022728 -0.0068375 -0.0176679 -0.0166696 -0.0126146 0.0093535 -0.0156278 -0.0023487 0.0015898 -0.0166470 0.0080403 -0.0027047 0.0098968 0.0016925 0.0030694 -0.0017212 0.0086846 -0.0159206 -0.0029203 0.0060960 -0.0040769
-0.0148332 -0.0053273 -0.0048420 -0.0152057 -0.0017568 -0.0054776 -0.0095997 -0.0099252 -0.0028963 -0.0018954 -0.0028379 -0.0076042 -0.0037555 -0.0046805 -0.0016507 -0.0125450 0.0037917 0.0020861 -0.0030310 -0.0076654 -0.0029893 -0.0018133 -0.0135990 -0.0071288 -0.0123641 -0.0088647 -0.0050457 -0.0036556 0.9912977 -0.0032089 -0.0094631 -0.0055031 -0.0093021 -0.0093449 -0.0043970 -0.0004530 -0.0044556 -0.0011997 -0.0071237 -0.0008610 -0.0021709 -0.0100538 -0.0142253 -0.0057871 -0.0092018 -0.0043286 -0.0054579 -0.0096158 -0.0049532 -0.0076024 -0.0024361 -0.0137746 0.0000958 0.0015782 -0.0023393 -0.0054260 0.0030061 -0.0046150 -0.0038067 -0.0055741 -0.0046170 -0.0059749 -0.0110877 -0.0102231 -0.0094781 -0.0015105 -0.0094562 -0.0077471 -0.0034783 -0.0101257 0.0020915 -0.0057096 0.0009999 -0.0034836 -0.0042695 -0.0077612 0.0012954 -0.0093509 -0.0046098 -0.0023549 -0.0022379
-0.1258889 -0.0112367 0.0128722 -0.1275087 0.0980655 0.0011138 -0.0147199 -0.0943788 0.0307338 0.0652635 0.1121203 -0.1040856 -0.0028819 -0.0087039 0.0289242 -0.1047679 0.1085799 0.1117037 0.0974542 -0.1104927 0.0352367 0.1031520 -0.1316892 -0.0208511 -0.1136576 -0.1273680 0.0181805 0.0123603 -0.0032089 1.0577165 -0.1030492 -0.0033895 -0.0893620 -0.0979011 0.0942532 0.1089470 -0.0042822 0.1147947 -0.0062812 0.1032547 -0.0233971 -0.1290192 -0.1049519 0.0264774 -0.0371889 0.0860034 -0.0281981 -0.1152582 0.0274699 -0.0131911 0.0003021 -0.1167271 0.0274519 0.1025807 0.0197061 -0.0097122 0.1111863 0.0132076 0.0775141 -0.0302795 -0.0086023 -0.0271197 -0.1259477 -0.1271476 -0.0950508 0.0945530 -0.1143909 -0.0098863 0.0217077 -0.1166655 0.0939213 -0.0088126 0.1002840 0.0231642 0.0235923 -0.0065994 0.0952938 -0.1196214 -0.0056790 0.0754623 -0.0050468
0.0882294 -0.0038988 -0.0258286 0.0890542 -0.0980491 -0.0128447 -0.0019940 0.0745597 -0.0268122 -0.0738139 -0.1048513 0.0790654 -0.0114925 -0.0070481 -0.0305920 0.0834480 -0.0988778 -0.0985084 -0.0940177 0.0847575 -0.0353426 -0.1022254 0.0900777 -0.0003468 0.0856112 0.0931972 -0.0243253 -0.0173072 -0.0094631 -0.1030492 1.0482506 -0.0086842 0.0699256 0.0725347 -0.0972567 -0.1051990 -0.0104241 -0.1058352 -0.0073408 -0.0997998 0.0073189 0.0971976 0.0722226 -0.0315137 0.0150471 -0.0873502 0.0071468 0.0871598 -0.0322378 -0.0067482 -0.0088297 0.0865603 -0.0296276 -0.0973196 -0.0246309 -0.0057512 -0.1015957 -0.0229965 -0.0799944 0.0114204 -0.0014379 0.0057812 0.0957865 0.0969496 0.0699181 -0.0920792 0.0862416 -0.0099724 -0.0296651 0.0863938 -0.0874882 -0.0021992 -0.0964083 -0.0313648 -0.0252579 -0.0075861 -0.0878628 0.0941557 -0.0090349 -0.0770312 -0.0051800
-0.0051327 -0.0060823 -0.0071447 -0.0081970 -0.0050533 -0.0066868 -0.0055503 -0.0067723 0.0000508 -0.0046956 -0.0019546 -0.0064509 -0.0046641 -0.0050463 -0.0023496 -0.0061171 -0.0003390 0.0003470 -0.0030921 -0.0072163 -0.0020923 -0.0026083 -0.0099828 -0.0053421 -0.0077094 -0.0081787 -0.0035744 -0.0017189 -0.0055031 -0.0033895 -0.0086842 0.9951901 -0.0056805 -0.0076784 -0.0023445 -0.0030717 -0.0050516 -0.0015548 -0.0050296 -0.0025767 -0.0049752 -0.0077402 -0.0099392 -0.0042941 -0.0043884 -0.0028428 -0.0059420 -0.0077160 -0.0038500 -0.0058872 -0.0029829 -0.0075225 -0.0027192 -0.0013894 -0.0032116 -0.0055079 -0.0019946 -0.0052127 -0.0014996 -0.0055158 -0.0034831 -0.0064546 -0.0070624 -0.0068898 -0.0075234 -0.0024205 -0.0075362 -0.0061488 -0.0045689 -0.0084752 -0.0005193 -0.0039086 -0.0013926 -0.0051196 -0.0012361 -0.0043870 -0.0015050 -0.0057779 -0.0054799 -0.0019971 -0.0055920
0.0841079 -0.0032672 -0.0186473 0.0844712 -0.0842277 -0.0078078 0.0034253 0.0664597 -0.0254672 -0.0659712 -0.0898176 0.0693406 -0.0077032 -0.0043792 -0.0274939 0.0736217 -0.0822202 -0.0829826 -0.0826747 0.0745901 -0.0285884 -0.0830286 0.0873045 0.0018102 0.0778037 0.0831493 -0.0180136 -0.0114325 -0.0093021 -0.0893620 0.0699256 -0.0056805 1.0285189 0.0672990 -0.0778680 -0.0854644 -0.0055713 -0.0870230 -0.0027282 -0.0841872 0.0058572 0.0841866 0.0717022 -0.0232095 0.0172590 -0.0702639 0.0081479 0.0772993 -0.0238341 0.0013922 -0.0055773 0.0793870 -0.0236945 -0.0806263 -0.0180129 -0.0020518 -0.0857602 -0.0152781 -0.0646801 0.0116542 0.0010042 0.0058846 0.0833454 0.0843557 0.0646078 -0.0769736 0.0766288 -0.0022570 -0.0213997 0.0776556 -0.0761296 0.0006131 -0.0797623 -0.0226533 -0.0180448 -0.0017550 -0.0757186 0.0801182 -0.0041213 -0.0651665 -0.0050228
0.0882945 -0.0028019 -0.0186067 0.0877127 -0.0890888 -0.0075864 0.0021962 0.0708223 -0.0309509 -0.0715950 -0.0985599 0.0764996 -0.0077846 -0.0034328 -0.0310154 0.0760892 -0.0894698 -0.0913316 -0.0919594 0.0815533 -0.0318346 -0.0895038 0.0932119 0.0026378 0.0823365 0.0908134 -0.0212795 -0.0130732 -0.0093449 -0.0979011 0.0725347 -0.0076784 0.0672990 1.0332124 -0.0868670 -0.0935287 -0.0051015 -0.0963300 -0.0053328 -0.0926482 0.0069172 0.0930198 0.0788611 -0.0262122 0.0172959 -0.0777470 0.0087799 0.0849629 -0.0270402 0.0017938 -0.0057872 0.0857245 -0.0254606 -0.0876489 -0.0191921 -0.0011222 -0.0922650 -0.0157803 -0.0723116 0.0128105 0.0001674 0.0068907 0.0895973 0.0929730 0.0722598 -0.0856236 0.0842585 -0.0014798 -0.0224951 0.0853831 -0.0846579 -0.0004345 -0.0863676 -0.0238205 -0.0212778 -0.0029607 -0.0837350 0.0867132 -0.0040038 -0.0727070 -0.0049795
-0.1083323 -0.0111493 0.0077128 -0.1083021 0.0838487 -0.0032387 -0.0125064 -0.0869412 0.0204966 0.0611698 0.0973233 -0.0920519 -0.0029566 -0.0074230 0.0205275 -0.0944187 0.0926099 0.0949325 0.0864156 -0.0985774 0.0271354 0.0904123 -0.1125634 -0.0188094 -0.1015034 -0.1109579 0.0130071 0.0104064 -0.0043970 0.0942532 -0.0972567 -0.0023445 -0.0778680 -0.0868670 1.0396435 0.0952537 -0.0019956 0.0996542 -0.0036562 0.0934427 -0.0178569 -0.1086597 -0.0906116 0.0221737 -0.0256473 0.0783435 -0.0202201 -0.0991182 0.0243331 -0.0074696 0.0011206 -0.0987427 0.0221815 0.0908541 0.0164675 -0.0068498 0.0944542 0.0104809 0.0728485 -0.0235838 -0.0065233 -0.0180809 -0.1057252 -0.1058213 -0.0838662 0.0853062 -0.0980316 -0.0040212 0.0176936 -0.1004750 0.0831532 -0.0064789 0.0885868 0.0200914 0.0207083 -0.0018173 0.0821157 -0.1010937 -0.0039927 0.0694940 -0.0045039
-0.1278170 -0.0098921 0.0153726 -0.1278369 0.1025297 0.0020188 -0.0169396 -0.0951381 0.0255302 0.0682953 0.1102808 -0.1009053 -0.0008902 -0.0067687 0.0277268 -0.1086535 0.1063674 0.1080164 0.0972359 -0.1085826 0.0320474 0.1038120 -0.1294791 -0.0167776 -0.1142443 -0.1244738 0.0166299 0.0113264 -0.0004530 0.1089470 -0.1051990 -0.0030717 -0.0854644 -0.0935287 0.0952537 1.0501764 -0.0008642 0.1136019 -0.0038429 0.1043201 -0.0188193 -0.1228898 -0.0993425 0.0270543 -0.0344362 0.0842235 -0.0229225 -0.1091657 0.0281971 -0.0089623 0.0025723 -0.1131441 0.0294519 0.1030477 0.0217659 -0.0063290 0.1117272 0.0160374 0.0774626 -0.0258928 -0.0073800 -0.0221341 -0.1218096 -0.1203499 -0.0905911 0.0940870 -0.1080379 -0.0053979 0.0239676 -0.1101351 0.0928027 -0.0079085 0.0998861 0.0257075 0.0217892 -0.0052129 0.0944975 -0.1151562 -0.0024789 0.0744071 -0.0013971
-0.0086798 -0.0052139 -0.0050309 -0.0096514 -0.0028224 -0.0048487 -0.0066759 -0.0085368 -0.0058300 -0.0029600 -0.0034013 -0.0059953 -0.0040142 -0.0042289 -0.0056699 -0.0102777 -0.0000316 -0.0004092 -0.0037046 -0.0070175 -0.0037225 -0.0019730 -0.0077936 -0.0061383 -0.0096968 -0.0065715 -0.0056366 -0.0026629 -0.0044556 -0.0042822 -0.0104241 -0.0050516 -0.0055713 -0.0051015 -0.0019956 -0.0008642 0.9887864 -0.0009907 -0.0050051 -0.0012745 -0.0024866 -0.0054131 -0.0070051 -0.0034574 -0.0041086 -0.0023057 -0.0022158 -0.0056303 -0.0034189 -0.0025707 -0.0014256 -0.0069096 -0.0013241 0.0003551 -0.0014668 -0.0029143 0.0008749 -0.0023896 -0.0011173 -0.0030703 -0.0033251 -0.0036628 -0.0070653 -0.0044463 -0.0051000 -0.0015493 -0.0050512 -0.0032512 -0.0017000 -0.0056329 0.0000473 -0.0033843 0.0005666 -0.0025096 -0.0023818 -0.0033112 -0.0012658 -0.0051529 -0.0028171 -0.0014399 -0.0028058
-0.1285144 -0.0097075 0.0152445 -0.1290004 0.1029441 0.0019569 -0.0155157 -0.0955769 0.0300342 0.0703247 0.1166276 -0.1038364 -0.0013158 -0.0069191 0.0310636 -0.1071055 0.1092096 0.1113280 0.1016610 -0.1114042 0.0340549 0.1059306 -0.1331220 -0.0189297 -0.1152339 -0.1282070 0.0188153 0.0125380 -0.0011997 0.1147947 -0.1058352 -0.0015548 -0.0870230 -0.0963300 0.0996542 0.1136019 -0.0009907 1.0560163 -0.0034352 0.1078321 -0.0196935 -0.1257943 -0.1027467 0.0289071 -0.0340378 0.0888288 -0.0238536 -0.1122803 0.0303667 -0.0102855 0.0022115 -0.1148986 0.0297294 0.1045188 0.0214155 -0.0071615 0.1144857 0.0157800 0.0798755 -0.0277272 -0.0069919 -0.0226003 -0.1228955 -0.1237761 -0.0930527 0.0977679 -0.1116685 -0.0060386 0.0238710 -0.1143006 0.0964756 -0.0071772 0.1019723 0.0257067 0.0244641 -0.0036094 0.0979145 -0.1167694 -0.0030226 0.0780132 -0.0019161
-0.0065186 -0.0073977 -0.0081386 -0.0062486 -0.0068500 -0.0076780 -0.0052895 -0.0053025 -0.0049487 -0.0066256 -0.0064241 -0.0053463 -0.0063199 -0.0068347 -0.0061065 -0.0052000 -0.0031674 -0.0028826 -0.0053129 -0.0062250 -0.0046773 -0.0058671 -0.0073203 -0.0067055 -0.0063593 -0.0072014 -0.0055064 -0.0031386 -0.0071237 -0.0062812 -0.0073408 -0.0050296 -0.0027282 -0.0053328 -0.0036562 -0.0038429 -0.0050051 -0.0034352 0.9900693 -0.0044994 -0.0038420 -0.0046140 -0.0063747 -0.0036098 -0.0034962 -0.0029259 -0.0049992 -0.0044618 -0.0035680 -0.0052617 -0.0031047 -0.0038239 -0.0030500 -0.0026953 -0.0028441 -0.0046839 -0.0041344 -0.0050716 -0.0011451 -0.0037383 -0.0020623 -0.0055023 -0.0030906 -0.0033202 -0.0051384 -0.0029778 -0.0040404 -0.0047548 -0.0047149 -0.0051162 -0.0024002 -0.0027746 -0.0034487 -0.0042837 -0.0014685 -0.0032726 -0.0016515 -0.0026745 -0.0043688 -0.0025404 -0.0041145
-0.1184430 -0.0101528 0.0107534 -0.1188647 0.0928120 -0.0022582 -0.0159206 -0.0928796 0.0250352 0.0679552 0.1057546 -0.0980641 -0.0018949 -0.0067689 0.0252693 -0.1016744 0.1005451 0.1031016 0.0950971 -0.1050228 0.0294171 0.0965388 -0.1226176 -0.0177576 -0.1090703 -0.1179929 0.0148012 0.0101633 -0.0008610 0.1032547 -0.0997998 -0.0025767 -0.0841872 -0.0926482 0.0934427 0.1043201 -0.0012745 0.1078321 -0.0044994 1.0459794 -0.0166634 -0.1166223 -0.0993380 0.0245973 -0.0298786 0.0821979 -0.0208052 -0.1055617 0.0258102 -0.0092853 0.0024390 -0.1083434 0.0260533 0.0986811 0.0186756 -0.0064003 0.1053503 0.0122568 0.0768521 -0.0241769 -0.0065745 -0.0195449 -0.1141155 -0.1154012 -0.0895023 0.0922537 -0.1051957 -0.0056446 0.0206745 -0.1072732 0.0917054 -0.0069521 0.0960607 0.0223481 0.0209879 -0.0042411 0.0912033 -0.1086159 -0.0032146 0.0747544 -0.0024248
0.0098101 -0.0040881 -0.0100877 0.0090519 -0.0214729 -0.0081274 -0.0061133 0.0036588 -0.0107885 -0.0109198 -0.0228154 0.0091109 -0.0043933 -0.0036257 -0.0102696 0.0063556 -0.0173528 -0.0179067 -0.0187386 0.0098094 -0.0102728 -0.0212153 0.0111902 -0.0035859 0.0076048 0.0135737 -0.0103361 -0.0066119 -0.0021709 -0.0233971 0.0073189 -0.0049752 0.0058572 0.0069172 -0.0178569 -0.0188193 -0.0024866 -0.0196935 -0.0038420 -0.0166634 0.9943731 0.0150468 0.0041974 -0.0095073 0.0010992 -0.0168422 0.0029193 0.0115509 -0.0089378 -0.0034275 -0.0016784 0.0088298 -0.0057159 -0.0139956 -0.0057584 -0.0019700 -0.0164703 -0.0066572 -0.0128623 0.0024852 -0.0018036 0.0023764 0.0137002 0.0138979 0.0070296 -0.0156101 0.0113927 -0.0043450 -0.0074466 0.0115149 -0.0112118 -0.0019042 -0.0147521 -0.0083125 -0.0077052 -0.0043989 -0.0136422 0.0135994 -0.0020646 -0.0113508 -0.0006421
0.1229589 0.0002635 -0.0284069 0.1233461 -0.1180084 -0.0129687 0.0051859 0.0889983 -0.0418943 -0.0826565 -0.1289351 0.0995478 -0.0080167 -0.0024709 -0.0428191 0.1012840 -0.1163978 -0.1185291 -0.1144079 0.1068708 -0.0434161 -0.1178365 0.1283003 0.0069234 0.1092082 0.1241995 -0.0301504 -0.0187602 -0.0100538 -0.1290192 0.0971976 -0.0077402 0.0841866 0.0930198 -0.1086597 -0.1228898 -0.0054131 -0.1257943 -0.0046140 -0.1166223 0.0150468 1.0685971 0.0978703 -0.0370663 0.0285476 -0.0975138 0.0182603 0.1102594 -0.0376344 0.0033615 -0.0060978 0.1121643 -0.0350244 -0.1116970 -0.0267849 -0.0000724 -0.1216522 -0.0237683 -0.0876417 0.0220834 0.0014840 0.0169323 0.1222570 0.1245951 0.0891303 -0.1077279 0.1099759 -0.0006987 -0.0316891 0.1117893 -0.1034469 0.0010934 -0.1095504 -0.0334362 -0.0292219 -0.0018877 -0.1060621 0.1164887 -0.0039828 -0.0865912 -0.0044329
0.0953967 -0.0042080 -0.0212495 0.0958174 -0.0966170 -0.0089930 0.0033680 0.0755316 -0.0366860 -0.0774697 -0.1057796 0.0808321 -0.0088222 -0.0055436 -0.0363845 0.0794953 -0.0966323 -0.0988157 -0.0986434 0.0866302 -0.0349121 -0.0937145 0.1004542 0.0006615 0.0862268 0.0941045 -0.0235216 -0.0134533 -0.0142253 -0.1049519 0.0722226 -0.0099392 0.0717022 0.0788611 -0.0906116 -0.0993425 -0.0070051 -0.1027467 -0.0063747 -0.0993380 0.0041974 0.0978703 1.0460527 -0.0283596 0.0197789 -0.0812467 0.0087809 0.0901168 -0.0287937 0.0036093 -0.0065121 0.0931110 -0.0291446 -0.0944084 -0.0205129 -0.0023332 -0.1014583 -0.0163859 -0.0767171 0.0135995 -0.0003577 0.0064826 0.0949284 0.1002465 0.0765915 -0.0917902 0.0904191 -0.0004298 -0.0244534 0.0900448 -0.0938628 -0.0010011 -0.0926598 -0.0253324 -0.0219957 -0.0019637 -0.0920306 0.0927296 -0.0054248 -0.0786490 -0.0084048
-0.0396837 -0.0072936 0.0000304 -0.0402805 0.0222180 -0.0026585 -0.0078991 -0.0274541 0.0058821 0.0101393 0.0266383 -0.0304419 -0.0053777 -0.0067958 0.0054044 -0.0304109 0.0261872 0.0282193 0.0212720 -0.0330183 0.0066833 0.0235215 -0.0421020 -0.0107200 -0.0335692 -0.0399870 0.0025433 0.0023759 -0.0057871 0.0264774 -0.0315137 -0.0042941 -0.0232095 -0.0262122 0.0221737 0.0270543 -0.0034574 0.0289071 -0.0036098 0.0245973 -0.0095073 -0.0370663 -0.0283596 0.9934378 -0.0126811 0.0203089 -0.0111691 -0.0320241 0.0066758 -0.0062786 -0.0016134 -0.0323645 0.0062402 0.0243196 0.0045376 -0.0054437 0.0284447 0.0021543 0.0171943 -0.0117904 -0.0034143 -0.0116611 -0.0359037 -0.0355695 -0.0254197 0.0229509 -0.0314454 -0.0050347 0.0039883 -0.0319504 0.0217113 -0.0037557 0.0232816 0.0052701 0.0063467 -0.0024746 0.0227350 -0.0329304 -0.0040459 0.0160946 -0.0033565
0.0302852 -0.0054714 -0.0144352 0.0300257 -0.0364135 -0.0107978 -0.0003996 0.0155801 -0.0165367 -0.0226539 -0.0363479 0.0201868 -0.0064270 -0.0052260 -0.0183972 0.0218845 -0.0316342 -0.0316682 -0.0309467 0.0217404 -0.0145092 -0.0329748 0.0299620 -0.0051205 0.0224265 0.0268567 -0.0124406 -0.0057244 -0.0092018 -0.0371889 0.0150471 -0.0043884 0.0172590 0.0172959 -0.0256473 -0.0344362 -0.0041086 -0.0340378 -0.0034962 -0.0298786 0.0010992 0.0285476 0.0197789 -0.0126811 1.0025966 -0.0230038 0.0036622 0.0238921 -0.0125012 -0.0001965 -0.0036329 0.0264987 -0.0131620 -0.0289784 -0.0094963 -0.0034944 -0.0347617 -0.0100051 -0.0197552 0.0038338 -0.0011122 0.0028638 0.0291315 0.0307333 0.0167181 -0.0273389 0.0237408 -0.0011583 -0.0118160 0.0233652 -0.0261949 -0.0014052 -0.0288627 -0.0127668 -0.0076979 -0.0007777 -0.0287878 0.0282083 -0.0041870 -0.0201789 -0.0060091
-0.0974560 -0.0086630 0.0077390 -0.0982730 0.0771833 -0.0012618 -0.0099115 -0.0787293 0.0182692 0.0576323 0.0855740 -0.0825823 -0.0032804 -0.0073589 0.0180950 -0.0838416 0.0834421 0.0852484 0.0784895 -0.0887741 0.0235597 0.0804123 -0.1017622 -0.0157069 -0.0911623 -0.1002414 0.0113134 0.0090601 -0.0043286 0.0860034 -0.0873502 -0.0028428 -0.0702639 -0.0777470 0.0783435 0.0842235 -0.0023057 0.0888288 -0.0029259 0.0821979 -0.0168422 -0.0975138 -0.0812467 0.0203089 -0.0230038 1.0318247 -0.0183781 -0.0889915 0.0207512 -0.0076952 0.0006666 -0.0887887 0.0192643 0.0798610 0.0147072 -0.0057765 0.0842029 0.0093830 0.0648114 -0.0209170 -0.0054717 -0.0172352 -0.0954942 -0.0946794 -0.0755245 0.0759302 -0.0882620 -0.0041786 0.0158876 -0.0897548 0.0734210 -0.0058691 0.0780221 0.0167217 0.0184725 -0.0018792 0.0737723 -0.0904403 -0.0029526 0.0628785 -0.0041601
