1.0758138 -0.0036496 -0.0311950 0.1237276 -0.1190918 -0.0163627 0.0080529 0.0869049 -0.0414542 -0.0828539 -0.1267117 0.0985458 -0.0108732 -0.0052722 -0.0454031 0.1018308 -0.1189737 -0.1202036 -0.1120292 0.1035970 -0.0432754 -0.1155771 0.1260272 0.0033635 0.1059725 0.1208029 -0.0301275 -0.0175252 -0.0148339 -0.1258503 0.0881994 -0.0051250 0.0840115 0.0882124 -0.1082870 -0.1277756 -0.0086791 -0.1284768 -0.0065149 -0.1183944 0.0098314 0.1229200 0.0953383 -0.0396895 0.0303128 -0.0973998 0.0146703 0.1085470 -0.0398669 0.0022540 -0.0087400 0.1138723 -0.0397250 -0.1158836 -0.0300234 -0.0040347 -0.1281976 -0.0282386 -0.0872102 0.0190452 0.0005235 0.0124894 0.1218200 0.1257214 0.0857744 -0.1095042 0.1069903 -0.0022142 -0.0352901 0.1083583 -0.1064467 -0.0003045 -0.1140760 -0.0378517 -0.0282237 -0.0018435 -0.1100717 0.1178045 -0.0076050 -0.0876218 -0.0108783
-0.0036496 0.9945653 -0.0036638 -0.0037639 -0.0095059 -0.0035121 -0.0056553 -0.0031136 -0.0082736 -0.0064472 -0.0116432 -0.0003485 -0.0046713 -0.0046505 -0.0091619 -0.0028494 -0.0059773 -0.0060247 -0.0095817 0.0003036 -0.0064161 -0.0064174 -0.0007383 -0.0033459 -0.0017976 -0.0003450 -0.0071499 -0.0039296 -0.0053271 -0.0112364 -0.0038991 -0.0060821 -0.0032695 -0.0028040 -0.0111484 -0.0098910 -0.0052137 -0.0097072 -0.0073976 -0.0101517 -0.0040874 0.0002630 -0.0042094 -0.0072938 -0.0054704 -0.0086616 -0.0049083 -0.0017943 -0.0078291 -0.0056818 -0.0036067 -0.0028803 -0.0042301 -0.0077379 -0.0041809 -0.0046060 -0.0078265 -0.0061644 -0.0085649 -0.0037386 -0.0045682 -0.0033854 -0.0025115 0.0000539 -0.0028832 -0.0101004 -0.0017180 -0.0058918 -0.0059560 -0.0012968 -0.0081023 -0.0055874 -0.0077700 -0.0063721 -0.0050376 -0.0053872 -0.0084111 -0.0008014 -0.0055545 -0.0090194 -0.0037972
-0.0311950 -0.0036638 0.9908978 -0.0317092 0.0149592 -0.0014699 -0.0088842 -0.0200134 -0.0002147 0.0020635 0.0139883 -0.0207430 -0.0052060 -0.0063053 -0.0000429 -0.0258195 0.0185659 0.0163440 0.0080473 -0.0225472 0.0023285 0.0157671 -0.0299703 -0.0100437 -0.0261999 -0.0273021 -0.0004782 0.0004378 -0.0048410 0.0128835 -0.0258388 -0.0071454 -0.0186449 -0.0186080 0.0077209 0.0153838 -0.0050306 0.0152573 -0.0081393 0.0107624 -0.0100934 -0.0284199 -0.0212553 0.0000363 -0.0144446 0.0077440 -0.0115689 -0.0235582 0.0009938 -0.0069500 -0.0028949 -0.0261947 0.0034712 0.0136381 0.0015880 -0.0066594 0.0164169 -0.0002330 0.0060794 -0.0116055 -0.0061478 -0.0119484 -0.0294238 -0.0265708 -0.0178591 0.0087374 -0.0236878 -0.0069606 0.0015463 -0.0251496 0.0089009 -0.0067440 0.0134595 0.0009732 0.0010827 -0.0073791 0.0102314 -0.0262690 -0.0053229 0.0046421 -0.0056988
0.1237276 -0.0037639 -0.0317092 1.0784544 -0.1185774 -0.0162764 0.0081805 0.0870769 -0.0420409 -0.0817720 -0.1273655 0.0986869 -0.0101407 -0.0050754 -0.0462813 0.1017549 -0.1191222 -0.1206505 -0.1120792 0.1042969 -0.0438460 -0.1164439 0.1262028 0.0034791 0.1067123 0.1220482 -0.0297340 -0.0172820 -0.0152068 -0.1274766 0.0890293 -0.0081898 0.0843796 0.0876351 -0.1082613 -0.1278009 -0.0096509 -0.1289694 -0.0062449 -0.1188215 0.0090743 0.1233140 0.0957642 -0.0402878 0.0300553 -0.0982207 0.0147194 0.1086960 -0.0401685 0.0018418 -0.0090733 0.1136806 -0.0401678 -0.1160163 -0.0302174 -0.0039520 -0.1299275 -0.0283216 -0.0876864 0.0197208 0.0003328 0.0127640 0.1227698 0.1267178 0.0852420 -0.1099646 0.1075630 -0.0026746 -0.0357291 0.1077804 -0.1069546 -0.0009096 -0.1147465 -0.0380801 -0.0281746 -0.0024702 -0.1101990 0.1186870 -0.0074522 -0.0885720 -0.0113054
-0.1190918 -0.0095059 0.0149592 -0.1185774 1.0459553 0.0029524 -0.0146699 -0.0887611 0.0224050 0.0599172 0.0978792 -0.0941251 -0.0022047 -0.0064831 0.0243247 -0.1025242 0.1003397 0.1004250 0.0882477 -0.1012150 0.0279822 0.0955133 -0.1197554 -0.0150775 -0.1063473 -0.1153741 0.0139435 0.0105642 -0.0017565 0.0980274 -0.0980166 -0.0050601 -0.0841386 -0.0890111 0.0838038 0.1024875 -0.0028233 0.1029057 -0.0068534 0.0927629 -0.0214909 -0.1179665 -0.0965599 0.0222212 -0.0364362 0.0771281 -0.0252591 -0.1055738 0.0237138 -0.0121431 0.0002611 -0.1099503 0.0258095 0.0937692 0.0195355 -0.0083403 0.1025550 0.0117656 0.0698372 -0.0264607 -0.0083111 -0.0251441 -0.1184666 -0.1162938 -0.0864933 0.0842049 -0.1043901 -0.0089022 0.0203529 -0.1072894 0.0835151 -0.0093727 0.0919553 0.0213975 0.0189143 -0.0082798 0.0863292 -0.1115777 -0.0043874 0.0666421 -0.0034642
-0.0163627 -0.0035121 -0.0014699 -0.0162764 0.0029524 0.9915506 -0.0058782 -0.0075889 -0.0034581 -0.0052329 0.0007197 -0.0084259 -0.0047218 -0.0049654 -0.0031623 -0.0123407 0.0045732 0.0039069 -0.0032674 -0.0088313 -0.0014646 0.0033568 -0.0159103 -0.0063569 -0.0104586 -0.0132097 -0.0027243 -0.0010438 -0.0054764 0.0011333 -0.0128611 -0.0066866 -0.0078194 -0.0076001 -0.0032217 0.0020386 -0.0048482 0.0019774 -0.0076782 -0.0022398 -0.0081314 -0.0129903 -0.0090091 -0.0026521 -0.0108050 -0.0012473 -0.0089756 -0.0105295 -0.0027078 -0.0064678 -0.0031320 -0.0124057 0.0000376 0.0006964 -0.0011052 -0.0056880 0.0031672 -0.0024807 -0.0043091 -0.0078597 -0.0046188 -0.0092753 -0.0144877 -0.0116897 -0.0071710 -0.0024474 -0.0106145 -0.0064567 -0.0017064 -0.0106885 -0.0020130 -0.0051881 0.0009540 -0.0018618 -0.0016687 -0.0059821 -0.0014987 -0.0123757 -0.0055749 -0.0041793 -0.0045604
0.0080529 -0.0056553 -0.0088842 0.0081805 -0.0146699 -0.0058782 1.0000278 0.0037941 -0.0093289 -0.0118309 -0.0165275 0.0044100 -0.0061535 -0.0063531 -0.0108041 0.0054304 -0.0124260 -0.0129203 -0.0147316 0.0037761 -0.0051539 -0.0126135 0.0065320 -0.0071422 0.0037555 0.0048036 -0.0066573 -0.0021835 -0.0096000 -0.0147213 -0.0019929 -0.0055497 0.0034205 0.0021928 -0.0125067 -0.0169407 -0.0066760 -0.0155175 -0.0052892 -0.0159209 -0.0061109 0.0051873 0.0033670 -0.0079009 -0.0003960 -0.0099103 -0.0048575 0.0042184 -0.0076097 -0.0040566 -0.0042869 0.0064301 -0.0085915 -0.0146103 -0.0061400 -0.0055136 -0.0174836 -0.0077225 -0.0098070 -0.0031731 -0.0025537 -0.0057195 0.0055714 0.0083295 0.0017551 -0.0140507 0.0041601 -0.0043477 -0.0081905 0.0034248 -0.0146184 -0.0034761 -0.0144653 -0.0086062 -0.0034813 -0.0029673 -0.0150903 0.0069986 -0.0054303 -0.0110372 -0.0083702
0.0869049 -0.0031136 -0.0200134 0.0870769 -0.0887611 -0.0075889 0.0037941 1.0435143 -0.0241899 -0.0722565 -0.0952045 0.0745122 -0.0084775 -0.0041566 -0.0274519 0.0785905 -0.0871529 -0.0893112 -0.0885975 0.0801652 -0.0289717 -0.0872141 0.0896833 0.0008082 0.0826969 0.0873187 -0.0181056 -0.0115610 -0.0099240 -0.0943068 0.0744995 -0.0067656 0.0663521 0.0707229 -0.0868677 -0.0950623 -0.0085355 -0.0955029 -0.0052996 -0.0928005 0.0036692 0.0889204 0.0754473 -0.0274467 0.0155888 -0.0786504 0.0059255 0.0814055 -0.0270342 -0.0016113 -0.0073762 0.0841685 -0.0268157 -0.0894190 -0.0206228 -0.0035307 -0.0946861 -0.0187450 -0.0730514 0.0102847 -0.0000428 0.0033946 0.0883881 0.0901370 0.0684704 -0.0851142 0.0811783 -0.0049179 -0.0246946 0.0810317 -0.0843389 -0.0009940 -0.0877466 -0.0254065 -0.0202488 -0.0038826 -0.0836908 0.0855046 -0.0070797 -0.0730561 -0.0074470
-0.0414542 -0.0082736 -0.0002147 -0.0420409 0.0224050 -0.0034581 -0.0093289 -0.0241899 1.0103469 0.0094268 0.0305205 -0.0322340 -0.0060542 -0.0078753 0.0117122 -0.0264484 0.0281639 0.0314911 0.0248522 -0.0337947 0.0101242 0.0225130 -0.0477480 -0.0121826 -0.0334528 -0.0412922 0.0064680 0.0021817 -0.0028955 0.0307372 -0.0268158 0.0000490 -0.0254512 -0.0309396 0.0204961 0.0255329 -0.0058298 0.0300383 -0.0049497 0.0250349 -0.0107964 -0.0418980 -0.0366820 0.0058875 -0.0165478 0.0182643 -0.0148166 -0.0368819 0.0073487 -0.0113139 -0.0031334 -0.0369750 0.0067302 0.0245643 0.0027354 -0.0081162 0.0285914 -0.0003979 0.0151594 -0.0148357 -0.0041352 -0.0154113 -0.0387737 -0.0415272 -0.0296056 0.0232745 -0.0365353 -0.0112891 0.0023018 -0.0380718 0.0251686 -0.0046493 0.0231813 0.0031643 0.0063393 -0.0063347 0.0263669 -0.0358006 -0.0074481 0.0163270 -0.0043040
-0.0828539 -0.0064472 0.0020635 -0.0817720 0.0599172 -0.0052329 -0.0118309 -0.0722565 0.0094268 1.0261548 0.0655611 -0.0703927 -0.0019826 -0.0056338 0.0109112 -0.0764343 0.0693777 0.0695659 0.0624049 -0.0749865 0.0162742 0.0651545 -0.0823477 -0.0135717 -0.0802151 -0.0807832 0.0026896 0.0041456 -0.0018963 0.0652108 -0.0737704 -0.0047012 -0.0658873 -0.0715185 0.0611142 0.0682390 -0.0029614 0.0702705 -0.0066284 0.0678953 -0.0109294 -0.0825991 -0.0774065 0.0101347 -0.0226635 0.0575724 -0.0136992 -0.0779387 0.0113709 -0.0085802 0.0005124 -0.0813755 0.0153739 0.0683217 0.0100790 -0.0057856 0.0704047 0.0037281 0.0545238 -0.0160391 -0.0074714 -0.0123138 -0.0819586 -0.0821655 -0.0693199 0.0625219 -0.0774171 -0.0062611 0.0103287 -0.0787697 0.0652993 -0.0081624 0.0671740 0.0108359 0.0108998 -0.0065121 0.0616398 -0.0786833 -0.0031620 0.0544002 -0.0031032
-0.1267117 -0.0116432 0.0139883 -0.1273655 0.0978792 0.0007197 -0.0165275 -0.0952045 0.0305205 0.0655611 1.0615988 -0.1006714 -0.0032473 -0.0070637 0.0295600 -0.1060111 0.1093874 0.1130484 0.0974250 -0.1122698 0.0340530 0.1037001 -0.1323331 -0.0212336 -0.1144204 -0.1283582 0.0195669 0.0123659 -0.0028372 0.1120860 -0.1048220 -0.0019619 -0.0897247 -0.0984804 0.0972797 0.1102428 -0.0034021 0.1165934 -0.0064278 0.1057074 -0.0228358 -0.1288952 -0.1057228 0.0266435 -0.0363744 0.0855191 -0.0269595 -0.1159907 0.0284578 -0.0126800 0.0008539 -0.1176731 0.0286515 0.1040280 0.0195646 -0.0095648 0.1126757 0.0141279 0.0777317 -0.0310970 -0.0087212 -0.0263128 -0.1259886 -0.1274022 -0.0954688 0.0958524 -0.1149343 -0.0089326 0.0221963 -0.1172258 0.0952643 -0.0092413 0.1010704 0.0236726 0.0239943 -0.0058790 0.0958632 -0.1199934 -0.0061141 0.0761352 -0.0052078
0.0985458 -0.0003485 -0.0207430 0.0986869 -0.0941251 -0.0084259 0.0044100 0.0745122 -0.0322340 -0.0703927 -0.1006714 1.0406808 -0.0063384 -0.0021657 -0.0333452 0.0812518 -0.0936854 -0.0962678 -0.0939558 0.0879994 -0.0334688 -0.0936639 0.1025694 0.0051291 0.0880504 0.0991974 -0.0228674 -0.0136971 -0.0076027 -0.1040134 0.0790051 -0.0064430 0.0692305 0.0763978 -0.0919774 -0.1008295 -0.0059935 -0.1037642 -0.0053430 -0.0979840 0.0091228 0.0994704 0.0807467 -0.0304352 0.0201982 -0.0825025 0.0115057 0.0892584 -0.0309919 0.0014140 -0.0059858 0.0908516 -0.0286429 -0.0927092 -0.0215366 -0.0016630 -0.1003505 -0.0179530 -0.0748656 0.0157172 0.0002299 0.0099172 0.0968064 0.0997563 0.0732400 -0.0902065 0.0886812 -0.0023431 -0.0256693 0.0899735 -0.0876748 -0.0002349 -0.0912684 -0.0270235 -0.0234773 -0.0033012 -0.0886932 0.0934257 -0.0048357 -0.0744978 -0.0054390
-0.0108732 -0.0046713 -0.0052060 -0.0101407 -0.0022047 -0.0047218 -0.0061535 -0.0084775 -0.0060542 -0.0019826 -0.0032473 -0.0063384 0.9938524 -0.0033482 -0.0051629 -0.0114010 0.0015151 0.0003290 -0.0031328 -0.0068158 -0.0013585 0.0004872 -0.0091986 -0.0053057 -0.0097928 -0.0077580 -0.0051969 -0.0024528 -0.0037555 -0.0028848 -0.0114903 -0.0046644 -0.0076988 -0.0077802 -0.0029596 -0.0008930 -0.0040143 -0.0013189 -0.0063200 -0.0018981 -0.0043938 -0.0080138 -0.0088186 -0.0053780 -0.0064275 -0.0032837 -0.0050105 -0.0078055 -0.0043712 -0.0047625 -0.0024012 -0.0093355 -0.0018579 0.0006399 -0.0025958 -0.0044779 -0.0002785 -0.0040077 -0.0018451 -0.0046085 -0.0044527 -0.0047021 -0.0088047 -0.0068567 -0.0081115 -0.0026549 -0.0073965 -0.0045634 -0.0031562 -0.0085313 -0.0009010 -0.0047866 0.0001755 -0.0029613 -0.0026292 -0.0047830 -0.0018023 -0.0073732 -0.0044176 -0.0029251 -0.0044287
-0.0052722 -0.0046505 -0.0063053 -0.0050754 -0.0064831 -0.0049654 -0.0063531 -0.0041566 -0.0078753 -0.0056338 -0.0070637 -0.0021657 -0.0033482 0.9912806 -0.0072922 -0.0068264 -0.0034506 -0.0042791 -0.0074920 -0.0027373 -0.0051074 -0.0046220 -0.0027280 -0.0053576 -0.0058057 -0.0021694 -0.0061294 -0.0031634 -0.0046804 -0.0087054 -0.0070466 -0.0050461 -0.0043786 -0.0034320 -0.0074243 -0.0067704 -0.0042288 -0.0069208 -0.0068345 -0.0067707 -0.0036251 -0.0024694 -0.0055424 -0.0067967 -0.0052254 -0.0073603 -0.0047611 -0.0036352 -0.0060229 -0.0046560 -0.0025698 -0.0051194 -0.0033367 -0.0046936 -0.0036284 -0.0044257 -0.0052890 -0.0050222 -0.0060269 -0.0041384 -0.0043306 -0.0044767 -0.0045329 -0.0016718 -0.0039518 -0.0071574 -0.0029574 -0.0047382 -0.0047762 -0.0042412 -0.0049941 -0.0047472 -0.0044599 -0.0046835 -0.0040623 -0.0052414 -0.0062059 -0.0029635 -0.0046296 -0.0061633 -0.0047978
-0.0454031 -0.0091619 -0.0000429 -0.0462813 0.0243247 -0.0031623 -0.0108041 -0.0274519 0.0117122 0.0109112 0.0295600 -0.0333452 -0.0051629 -0.0072922 1.0024629 -0.0325274 0.0303905 0.0308597 0.0234658 -0.0355939 0.0090459 0.0237741 -0.0488399 -0.0112452 -0.0363039 -0.0425496 0.0046706 0.0016446 -0.0016496 0.0289319 -0.0305982 -0.0023513 -0.0274805 -0.0310074 0.0205309 0.0277337 -0.0056693 0.0310721 -0.0061072 0.0252733 -0.0102782 -0.0428280 -0.0363837 0.0054114 -0.0184099 0.0180938 -0.0147426 -0.0371718 0.0063074 -0.0115238 -0.0026282 -0.0402157 0.0080320 0.0261707 0.0037506 -0.0075420 0.0315617 0.0011242 0.0152985 -0.0146818 -0.0047636 -0.0146470 -0.0413915 -0.0427949 -0.0298921 0.0229538 -0.0368984 -0.0097557 0.0036474 -0.0386135 0.0245745 -0.0059674 0.0249802 0.0040090 0.0050381 -0.0075100 0.0257876 -0.0383207 -0.0059981 0.0156986 -0.0036697
0.1018308 -0.0028494 -0.0258195 0.1017549 -0.1025242 -0.0123407 0.0054304 0.0785905 -0.0264484 -0.0764343 -0.1060111 0.0812518 -0.0114010 -0.0068264 -0.0325274 1.0513573 -0.1006780 -0.0996623 -0.0961870 0.0873691 -0.0341961 -0.1016683 0.0998388 -0.0002677 0.0944151 0.0987301 -0.0212523 -0.0137908 -0.0125448 -0.1047224 0.0834102 -0.0061101 0.0735280 0.0760068 -0.0943672 -0.1086042 -0.0102767 -0.1070583 -0.0051969 -0.1016185 0.0063713 0.1012344 0.0794315 -0.0304119 0.0219038 -0.0837819 0.0082469 0.0904775 -0.0311364 -0.0022984 -0.0084768 0.0952427 -0.0321942 -0.0996694 -0.0253558 -0.0053595 -0.1070323 -0.0235882 -0.0778265 0.0127436 0.0010705 0.0065766 0.1020408 0.1023023 0.0736459 -0.0933432 0.0899792 -0.0060806 -0.0304355 0.0904837 -0.0909633 0.0000867 -0.0983457 -0.0319860 -0.0220257 -0.0027986 -0.0920988 0.0984423 -0.0076154 -0.0771698 -0.0083142
-0.1189737 -0.0059773 0.0185659 -0.1191222 0.1003397 0.0045732 -0.0124260 -0.0871529 0.0281639 0.0693777 0.1093874 -0.0936854 0.0015151 -0.0034506 0.0303905 -0.1006780 1.0503216 0.1027230 0.0961566 -0.1005221 0.0320236 0.1007604 -0.1217008 -0.0133590 -0.1072529 -0.1151810 0.0185685 0.0127825 0.0037915 0.1085231 -0.0988307 -0.0003466 -0.0821155 -0.0893754 0.0925477 0.1063061 -0.0000331 0.1091519 -0.0031712 0.1004763 -0.0173690 -0.1163365 -0.0965583 0.0261862 -0.0316531 0.0833712 -0.0214678 -0.1042892 0.0273697 -0.0089269 0.0025686 -0.1079682 0.0282012 0.0975758 0.0203851 -0.0048728 0.1064103 0.0152526 0.0747444 -0.0245663 -0.0064737 -0.0198855 -0.1152561 -0.1142154 -0.0862141 0.0915729 -0.1031818 -0.0051042 0.0234024 -0.1059834 0.0896892 -0.0065800 0.0962029 0.0246476 0.0214086 -0.0042286 0.0908979 -0.1084935 -0.0016414 0.0733850 -0.0005403
-0.1202036 -0.0060247 0.0163440 -0.1206505 0.1004250 0.0039069 -0.0129203 -0.0893112 0.0314911 0.0695659 0.1130484 -0.0962678 0.0003290 -0.0042791 0.0308597 -0.0996623 0.1027230 1.0470906 0.0988345 -0.1034985 0.0334122 0.1018507 -0.1246066 -0.0147007 -0.1070329 -0.1193866 0.0201971 0.0127934 0.0020858 0.1116460 -0.0984606 0.0003392 -0.0828758 -0.0912364 0.0948690 0.1079544 -0.0004106 0.1112694 -0.0028865 0.1030319 -0.0179233 -0.1184663 -0.0987411 0.0282183 -0.0316869 0.0851766 -0.0221414 -0.1064894 0.0287051 -0.0091718 0.0026224 -0.1094304 0.0280335 0.0993185 0.0201950 -0.0059340 0.1089711 0.0150790 0.0762730 -0.0254028 -0.0061404 -0.0205682 -0.1167085 -0.1165265 -0.0881690 0.0945103 -0.1057608 -0.0054437 0.0234409 -0.1077743 0.0921112 -0.0062990 0.0976190 0.0247462 0.0226070 -0.0030840 0.0934392 -0.1098907 -0.0025227 0.0757850 -0.0004624
-0.1120292 -0.0095817 0.0080473 -0.1120792 0.0882477 -0.0032674 -0.0147316 -0.0885975 0.0248522 0.0624049 0.0974250 -0.0939558 -0.0031328 -0.0074920 0.0234658 -0.0961870 0.0961566 0.0988345 1.0472115 -0.1001446 0.0277594 0.0909072 -0.1165909 -0.0175203 -0.1038262 -0.1130468 0.0129381 0.0100995 -0.0030314 0.0973993 -0.0939717 -0.0030992 -0.0825737 -0.0918689 0.0863553 0.0971764 -0.0037059 0.1016041 -0.0053165 0.0950318 -0.0187539 -0.1143477 -0.0985725 0.0212705 -0.0309641 0.0784213 -0.0227054 -0.1043326 0.0229828 -0.0119414 0.0003971 -0.1062248 0.0235893 0.0923580 0.0166570 -0.0084993 0.0986978 0.0090199 0.0731066 -0.0249488 -0.0067721 -0.0214726 -0.1115079 -0.1130648 -0.0889582 0.0863838 -0.1036466 -0.0085573 0.0173922 -0.1057910 0.0869429 -0.0079066 0.0911439 0.0186946 0.0198563 -0.0055959 0.0866665 -0.1065745 -0.0048079 0.0707622 -0.0041516
0.1035970 0.0003036 -0.0225472 0.1042969 -0.1012150 -0.0088313 0.0037761 0.0801652 -0.0337947 -0.0749865 -0.1122698 0.0879994 -0.0068158 -0.0027373 -0.0355939 0.0873691 -0.1005221 -0.1034985 -0.1001446 1.0494951 -0.0362273 -0.1010450 0.1090672 0.0053394 0.0937105 0.1063707 -0.0243901 -0.0152016 -0.0076649 -0.1104350 0.0847096 -0.0072090 0.0744860 0.0814596 -0.0985149 -0.1085205 -0.0070162 -0.1113453 -0.0062213 -0.1049547 0.0098250 0.1068092 0.0865561 -0.0330162 0.0217578 -0.0887037 0.0124699 0.0961796 -0.0330468 0.0012169 -0.0064350 0.0973488 -0.0306788 -0.1000034 -0.0233107 -0.0013613 -0.1077764 -0.0208224 -0.0808294 0.0166202 0.0002545 0.0100474 0.1043580 0.1070629 0.0789752 -0.0975749 0.0957952 -0.0023605 -0.0276413 0.0964465 -0.0938960 -0.0006609 -0.0984196 -0.0291742 -0.0254006 -0.0040435 -0.0953816 0.1005500 -0.0049489 -0.0806803 -0.0061191
-0.0432754 -0.0064161 0.0023285 -0.0438460 0.0279822 -0.0014646 -0.0051539 -0.0289717 0.0101242 0.0162742 0.0340530 -0.0334688 -0.0013585 -0.0051074 0.0090459 -0.0341961 0.0320236 0.0334122 0.0277594 -0.0362273 1.0009069 0.0316294 -0.0455622 -0.0099298 -0.0379375 -0.0429917 0.0047331 0.0037350 -0.0029890 0.0352290 -0.0353362 -0.0020945 -0.0285616 -0.0318127 0.0271246 0.0320384 -0.0037227 0.0340472 -0.0046785 0.0294053 -0.0102796 -0.0434076 -0.0348971 0.0066858 -0.0145182 0.0235452 -0.0122379 -0.0377008 0.0076504 -0.0069335 -0.0012578 -0.0383204 0.0075204 0.0294137 0.0049969 -0.0058053 0.0326754 0.0023488 0.0208366 -0.0127286 -0.0043806 -0.0125756 -0.0420509 -0.0414940 -0.0309334 0.0268798 -0.0374342 -0.0055539 0.0050784 -0.0390405 0.0264866 -0.0045359 0.0285179 0.0056848 0.0066611 -0.0042746 0.0267997 -0.0387917 -0.0044322 0.0197838 -0.0040919
-0.1155771 -0.0064174 0.0157671 -0.1164439 0.0955133 0.0033568 -0.0126135 -0.0872141 0.0225130 0.0651545 0.1037001 -0.0936639 0.0004872 -0.0046220 0.0237741 -0.1016683 0.1007604 0.1018507 0.0909072 -0.1010450 0.0316294 1.0443467 -0.1174412 -0.0149789 -0.1065325 -0.1154092 0.0165968 0.0123219 -0.0018132 0.1031035 -0.1021843 -0.0026156 -0.0829313 -0.0894179 0.0903572 0.1037592 -0.0019743 0.1058815 -0.0058707 0.0964785 -0.0212319 -0.1177829 -0.0936480 0.0235221 -0.0329947 0.0803482 -0.0235990 -0.1049643 0.0250559 -0.0086465 0.0011403 -0.1071158 0.0256641 0.0957654 0.0190771 -0.0068350 0.1023155 0.0134347 0.0728389 -0.0259502 -0.0084484 -0.0221827 -0.1170290 -0.1141287 -0.0868096 0.0874507 -0.1045014 -0.0049119 0.0214286 -0.1070430 0.0845664 -0.0084033 0.0931458 0.0230651 0.0208079 -0.0046344 0.0858857 -0.1100804 -0.0032907 0.0687742 -0.0045609
0.1260272 -0.0007383 -0.0299703 0.1262028 -0.1197554 -0.0159103 0.0065320 0.0896833 -0.0477480 -0.0823477 -0.1323331 0.1025694 -0.0091986 -0.0027280 -0.0488399 0.0998388 -0.1217008 -0.1246066 -0.1165909 0.1090672 -0.0455622 -0.1174412 1.0817881 0.0052125 0.1073572 0.1261048 -0.0325726 -0.0188462 -0.0136002 -0.1316574 0.0900524 -0.0099754 0.0872105 0.0931334 -0.1125230 -0.1294433 -0.0077933 -0.1330892 -0.0073165 -0.1225734 0.0112130 0.1282685 0.1003995 -0.0421099 0.0299925 -0.1017086 0.0171923 0.1133776 -0.0417721 0.0036906 -0.0078298 0.1158848 -0.0399302 -0.1178769 -0.0300635 -0.0024518 -0.1311502 -0.0273964 -0.0909632 0.0213969 -0.0002371 0.0144388 0.1246819 0.1309494 0.0900856 -0.1142179 0.1115223 -0.0009288 -0.0350778 0.1127838 -0.1105721 -0.0012184 -0.1165392 -0.0373111 -0.0308828 -0.0025685 -0.1147290 0.1209636 -0.0061846 -0.0917572 -0.0098060
0.0033635 -0.0033459 -0.0100437 0.0034791 -0.0150775 -0.0063569 -0.0071422 0.0008082 -0.0121826 -0.0135717 -0.0212336 0.0051291 -0.0053057 -0.0053576 -0.0112452 -0.0002677 -0.0133590 -0.0147007 -0.0175203 0.0053394 -0.0099298 -0.0149789 0.0052125 0.9940459 0.0023512 0.0063231 -0.0102734 -0.0061806 -0.0071292 -0.0208530 -0.0003449 -0.0053414 0.0018055 0.0026347 -0.0188107 -0.0167796 -0.0061384 -0.0189320 -0.0067052 -0.0177585 -0.0035833 0.0069253 0.0006609 -0.0107220 -0.0051166 -0.0157061 -0.0045721 0.0049073 -0.0107673 -0.0058513 -0.0042298 0.0027254 -0.0071273 -0.0145988 -0.0063920 -0.0056314 -0.0161493 -0.0087749 -0.0129368 -0.0024683 -0.0043382 -0.0044975 0.0047165 0.0071816 0.0021803 -0.0180429 0.0050724 -0.0060257 -0.0084454 0.0051302 -0.0152802 -0.0056842 -0.0149434 -0.0091906 -0.0076777 -0.0066718 -0.0150381 0.0061381 -0.0058888 -0.0145035 -0.0051201
0.1059725 -0.0017976 -0.0261999 0.1067123 -0.1063473 -0.0104586 0.0037555 0.0826969 -0.0334528 -0.0802151 -0.1144204 0.0880504 -0.0097928 -0.0058057 -0.0363039 0.0944151 -0.1072529 -0.1070329 -0.1038262 0.0937105 -0.0379375 -0.1065325 0.1073572 0.0023512 1.0569965 0.1064282 -0.0249783 -0.0160280 -0.0123641 -0.1136044 0.0855674 -0.0077022 0.0777012 0.0822462 -0.1014448 -0.1141860 -0.0096954 -0.1151804 -0.0063558 -0.1090060 0.0076216 0.1091512 0.0861560 -0.0335690 0.0224457 -0.0910953 0.0103053 0.0976972 -0.0345047 -0.0010737 -0.0085134 0.1003895 -0.0332605 -0.1056956 -0.0262650 -0.0038275 -0.1130792 -0.0234060 -0.0837427 0.0144740 0.0005038 0.0084358 0.1083327 0.1102098 0.0797034 -0.1003739 0.0972180 -0.0049734 -0.0310645 0.0978384 -0.0973224 -0.0005220 -0.1038648 -0.0321511 -0.0253018 -0.0034440 -0.0984990 0.1048146 -0.0075113 -0.0830812 -0.0080334
0.1208029 -0.0003450 -0.0273021 0.1220482 -0.1153741 -0.0132097 0.0048036 0.0873187 -0.0412922 -0.0807832 -0.1283582 0.0991974 -0.0077580 -0.0021694 -0.0425496 0.0987301 -0.1151810 -0.1193866 -0.1130468 0.1063707 -0.0429917 -0.1154092 0.1261048 0.0063231 0.1064282 1.0712454 -0.0310600 -0.0187761 -0.0088654 -0.1273293 0.0931665 -0.0081709 0.0830520 0.0907302 -0.1109110 -0.1244313 -0.0065707 -0.1281687 -0.0071973 -0.1179413 0.0135949 0.1241592 0.0940453 -0.0399921 0.0268839 -0.1001838 0.0166804 0.1089605 -0.0400630 0.0018234 -0.0072165 0.1102462 -0.0366914 -0.1131192 -0.0283173 -0.0021158 -0.1237791 -0.0255893 -0.0896535 0.0207659 0.0006522 0.0149000 0.1205216 0.1244857 0.0869308 -0.1097597 0.1077874 -0.0030582 -0.0330146 0.1096852 -0.1045730 -0.0008385 -0.1117556 -0.0356994 -0.0305028 -0.0042656 -0.1081015 0.1161873 -0.0052157 -0.0884303 -0.0064286
-0.0301275 -0.0071499 -0.0004782 -0.0297340 0.0139435 -0.0027243 -0.0066573 -0.0181056 0.0064680 0.0026896 0.0195669 -0.0228674 -0.0051969 -0.0061294 0.0046706 -0.0212523 0.0185685 0.0201971 0.0129381 -0.0243901 0.0047331 0.0165968 -0.0325726 -0.0102734 -0.0249783 -0.0310600 0.9866884 0.0021088 -0.0050448 0.0181895 -0.0243334 -0.0035754 -0.0180077 -0.0212775 0.0130128 0.0166384 -0.0056359 0.0188250 -0.0055067 0.0148079 -0.0103422 -0.0301604 -0.0235243 0.0025491 -0.0124498 0.0113158 -0.0124371 -0.0257473 0.0030871 -0.0067602 -0.0027475 -0.0254396 0.0040024 0.0149942 0.0017992 -0.0062534 0.0177041 -0.0007090 0.0091138 -0.0114927 -0.0044661 -0.0132930 -0.0288352 -0.0285980 -0.0205382 0.0140835 -0.0253216 -0.0069364 0.0014735 -0.0268503 0.0129848 -0.0044531 0.0148503 0.0020723 0.0038383 -0.0053210 0.0146580 -0.0261756 -0.0060880 0.0082302 -0.0060700
-0.0175252 -0.0039296 0.0004378 -0.0172820 0.0105642 -0.0010438 -0.0021835 -0.0115610 0.0021817 0.0041456 0.0123659 -0.0136971 -0.0024528 -0.0031634 0.0016446 -0.0137908 0.0127825 0.0127934 0.0100995 -0.0152016 0.0037350 0.0123219 -0.0188462 -0.0061806 -0.0160280 -0.0187761 0.0021088 0.9910935 -0.0036551 0.0123641 -0.0173106 -0.0017196 -0.0114273 -0.0130700 0.0104080 0.0113295 -0.0026629 0.0125419 -0.0031392 0.0101649 -0.0066154 -0.0187640 -0.0134534 0.0023787 -0.0057298 0.0090596 -0.0066895 -0.0156329 0.0024402 -0.0029175 -0.0012933 -0.0148963 0.0019368 0.0102899 0.0013996 -0.0033290 0.0108319 0.0000053 0.0074842 -0.0066739 -0.0022728 -0.0068419 -0.0176716 -0.0166740 -0.0126099 0.0093532 -0.0156259 -0.0023496 0.0015928 -0.0166483 0.0080388 -0.0027053 0.0098980 0.0016970 0.0030674 -0.0017224 0.0086848 -0.0159214 -0.0029205 0.0060922 -0.0040751
-0.0148339 -0.0053271 -0.0048410 -0.0152068 -0.0017565 -0.0054764 -0.0096000 -0.0099240 -0.0028955 -0.0018963 -0.0028372 -0.0076027 -0.0037555 -0.0046804 -0.0016496 -0.0125448 0.0037915 0.0020858 -0.0030314 -0.0076649 -0.0029890 -0.0018132 -0.0136002 -0.0071292 -0.0123641 -0.0088654 -0.0050448 -0.0036551 0.9912980 -0.0032084 -0.0094635 -0.0055032 -0.0092996 -0.0093432 -0.0043966 -0.0004527 -0.0044557 -0.0011990 -0.0071237 -0.0008612 -0.0021722 -0.0100542 -0.0142246 -0.0057862 -0.0092034 -0.0043294 -0.0054592 -0.0096149 -0.0049524 -0.0076024 -0.0024362 -0.0137749 0.0000961 0.0015778 -0.0023387 -0.0054262 0.0030065 -0.0046137 -0.0038097 -0.0055752 -0.0046177 -0.0059765 -0.0110885 -0.0102242 -0.0094758 -0.0015111 -0.0094550 -0.0077476 -0.0034774 -0.0101255 0.0020903 -0.0057098 0.0009995 -0.0034826 -0.0042706 -0.0077619 0.0012947 -0.0093502 -0.0046096 -0.0023570 -0.0022374
-0.1258503 -0.0112364 0.0128835 -0.1274766 0.0980274 0.0011333 -0.0147213 -0.0943068 0.0307372 0.0652108 0.1120860 -0.1040134 -0.0028848 -0.0087054 0.0289319 -0.1047224 0.1085231 0.1116460 0.0973993 -0.1104350 0.0352290 0.1031035 -0.1316574 -0.0208530 -0.1136044 -0.1273293 0.0181895 0.0123641 -0.0032084 1.0577016 -0.1030182 -0.0033967 -0.0892680 -0.0978216 0.0942085 0.1089060 -0.0042828 0.1147577 -0.0062851 0.1032059 -0.0234171 -0.1289786 -0.1048933 0.0264823 -0.0372145 0.0859484 -0.0282187 -0.1151923 0.0274767 -0.0131896 0.0002920 -0.1166860 0.0274520 0.1025232 0.0197099 -0.0097144 0.1111494 0.0132282 0.0774167 -0.0302905 -0.0086054 -0.0271439 -0.1259064 -0.1271133 -0.0949604 0.0944923 -0.1143192 -0.0098918 0.0217171 -0.1166103 0.0938521 -0.0088144 0.1002346 0.0231780 0.0235620 -0.0066087 0.0952383 -0.1195627 -0.0056818 0.0753843 -0.0050334
0.0881994 -0.0038991 -0.0258388 0.0890293 -0.0980166 -0.0128611 -0.0019929 0.0744995 -0.0268158 -0.0737704 -0.1048220 0.0790051 -0.0114903 -0.0070466 -0.0305982 0.0834102 -0.0988307 -0.0984606 -0.0939717 0.0847096 -0.0353362 -0.1021843 0.0900524 -0.0003449 0.0855674 0.0931665 -0.0243334 -0.0173106 -0.0094635 -0.1030182 1.0482407 -0.0086780 0.0698459 0.0724675 -0.0972193 -0.1051651 -0.0104233 -0.1058046 -0.0073375 -0.0997589 0.0073359 0.0971649 0.0721746 -0.0315179 0.0150690 -0.0873035 0.0071645 0.0871043 -0.0322440 -0.0067496 -0.0088213 0.0865278 -0.0296284 -0.0972716 -0.0246345 -0.0057496 -0.1015629 -0.0230142 -0.0799131 0.0114298 -0.0014359 0.0058018 0.0957539 0.0969227 0.0698420 -0.0920286 0.0861810 -0.0099677 -0.0296729 0.0863488 -0.0874310 -0.0021976 -0.0963670 -0.0313768 -0.0252322 -0.0075782 -0.0878168 0.0941060 -0.0090326 -0.0769659 -0.0051912
-0.0051250 -0.0060821 -0.0071454 -0.0081898 -0.0050601 -0.0066866 -0.0055497 -0.0067656 0.0000490 -0.0047012 -0.0019619 -0.0064430 -0.0046644 -0.0050461 -0.0023513 -0.0061101 -0.0003466 0.0003392 -0.0030992 -0.0072090 -0.0020945 -0.0026156 -0.0099754 -0.0053414 -0.0077022 -0.0081709 -0.0035754 -0.0017196 -0.0055032 -0.0033967 -0.0086780 0.9951900 -0.0056734 -0.0076712 -0.0023515 -0.0030792 -0.0050518 -0.0015625 -0.0050297 -0.0025842 -0.0049749 -0.0077323 -0.0099321 -0.0042958 -0.0043874 -0.0028494 -0.0059413 -0.0077083 -0.0038516 -0.0058869 -0.0029834 -0.0075153 -0.0027209 -0.0013968 -0.0032129 -0.0055078 -0.0020021 -0.0052133 -0.0015068 -0.0055149 -0.0034830 -0.0064543 -0.0070549 -0.0068822 -0.0075162 -0.0024278 -0.0075284 -0.0061489 -0.0045700 -0.0084676 -0.0005264 -0.0039085 -0.0013998 -0.0051208 -0.0012383 -0.0043872 -0.0015121 -0.0057699 -0.0054801 -0.0020037 -0.0055919
0.0840115 -0.0032695 -0.0186449 0.0843796 -0.0841386 -0.0078194 0.0034205 0.0663521 -0.0254512 -0.0658873 -0.0897247 0.0692305 -0.0076988 -0.0043786 -0.0274805 0.0735280 -0.0821155 -0.0828758 -0.0825737 0.0744860 -0.0285616 -0.0829313 0.0872105 0.0018055 0.0777012 0.0830520 -0.0180077 -0.0114273 -0.0092996 -0.0892680 0.0698459 -0.0056734 1.0284551 0.0671864 -0.0777768 -0.0853684 -0.0055690 -0.0869284 -0.0027251 -0.0840885 0.0058634 0.0840874 0.0716021 -0.0231955 0.0172608 -0.0701706 0.0081524 0.0771884 -0.0238208 0.0013873 -0.0055673 0.0792925 -0.0236764 -0.0805222 -0.0180022 -0.0020518 -0.0856665 -0.0152828 -0.0645614 0.0116493 0.0010038 0.0058931 0.0832480 0.0842610 0.0644895 -0.0768716 0.0765132 -0.0022542 -0.0213912 0.0775525 -0.0760223 0.0006123 -0.0796660 -0.0226471 -0.0180089 -0.0017488 -0.0756201 0.0800093 -0.0041186 -0.0650631 -0.0050311
0.0882124 -0.0028040 -0.0186080 0.0876351 -0.0890111 -0.0076001 0.0021928 0.0707229 -0.0309396 -0.0715185 -0.0984804 0.0763978 -0.0077802 -0.0034320 -0.0310074 0.0760068 -0.0893754 -0.0912364 -0.0918689 0.0814596 -0.0318127 -0.0894179 0.0931334 0.0026347 0.0822462 0.0907302 -0.0212775 -0.0130700 -0.0093432 -0.0978216 0.0724675 -0.0076712 0.0671864 1.0331558 -0.0867860 -0.0934459 -0.0050995 -0.0962487 -0.0053295 -0.0925611 0.0069267 0.0929345 0.0787704 -0.0262025 0.0173032 -0.0776624 0.0087882 0.0848610 -0.0270316 0.0017896 -0.0057771 0.0856420 -0.0254465 -0.0875559 -0.0191848 -0.0011217 -0.0921837 -0.0157887 -0.0721976 0.0128094 0.0001678 0.0069031 0.0895131 0.0928919 0.0721473 -0.0855311 0.0841525 -0.0014764 -0.0224909 0.0852906 -0.0845592 -0.0004348 -0.0862817 -0.0238191 -0.0212429 -0.0029539 -0.0836463 0.0866146 -0.0040010 -0.0726089 -0.0049890
-0.1082870 -0.0111484 0.0077209 -0.1082613 0.0838038 -0.0032217 -0.0125067 -0.0868677 0.0204961 0.0611142 0.0972797 -0.0919774 -0.0029596 -0.0074243 0.0205309 -0.0943672 0.0925477 0.0948690 0.0863553 -0.0985149 0.0271246 0.0903572 -0.1125230 -0.0188107 -0.1014448 -0.1109110 0.0130128 0.0104080 -0.0043966 0.0942085 -0.0972193 -0.0023515 -0.0777768 -0.0867860 1.0396177 0.0952043 -0.0019964 0.0996079 -0.0036596 0.0933871 -0.0178727 -0.1086096 -0.0905498 0.0221744 -0.0256662 0.0782837 -0.0202360 -0.0990479 0.0243357 -0.0074672 0.0011112 -0.0986946 0.0221779 0.0907907 0.0164677 -0.0068513 0.0944070 0.0104967 0.0727543 -0.0235908 -0.0065251 -0.0181002 -0.1056767 -0.1057767 -0.0837766 0.0852418 -0.0979562 -0.0040257 0.0176986 -0.1004154 0.0830813 -0.0064799 0.0885314 0.0201000 0.0206790 -0.0018252 0.0820555 -0.1010289 -0.0039954 0.0694169 -0.0044927
-0.1277756 -0.0098910 0.0153838 -0.1278009 0.1024875 0.0020386 -0.0169407 -0.0950623 0.0255329 0.0682390 0.1102428 -0.1008295 -0.0008930 -0.0067704 0.0277337 -0.1086042 0.1063061 0.1079544 0.0971764 -0.1085205 0.0320384 0.1037592 -0.1294433 -0.0167796 -0.1141860 -0.1244313 0.0166384 0.0113295 -0.0004527 0.1089060 -0.1051651 -0.0030792 -0.0853684 -0.0934459 0.0952043 1.0501547 -0.0008652 0.1135605 -0.0038467 0.1042662 -0.0188384 -0.1228444 -0.0992810 0.0270576 -0.0344599 0.0841647 -0.0229419 -0.1090959 0.0282025 -0.0089604 0.0025623 -0.1130987 0.0294501 0.1029855 0.0217679 -0.0063312 0.1116839 0.0160568 0.0773633 -0.0259025 -0.0073824 -0.0221578 -0.1217653 -0.1203093 -0.0904979 0.0940224 -0.1079619 -0.0054032 0.0239755 -0.1100756 0.0927299 -0.0079101 0.0998316 0.0257197 0.0217584 -0.0052218 0.0944378 -0.1150924 -0.0024816 0.0743266 -0.0013843
-0.0086791 -0.0052137 -0.0050306 -0.0096509 -0.0028233 -0.0048482 -0.0066760 -0.0085355 -0.0058298 -0.0029614 -0.0034021 -0.0059935 -0.0040143 -0.0042288 -0.0056693 -0.0102767 -0.0000331 -0.0004106 -0.0037059 -0.0070162 -0.0037227 -0.0019743 -0.0077933 -0.0061384 -0.0096954 -0.0065707 -0.0056359 -0.0026629 -0.0044557 -0.0042828 -0.0104233 -0.0050518 -0.0055690 -0.0050995 -0.0019964 -0.0008652 0.9887864 -0.0009917 -0.0050052 -0.0012757 -0.0024871 -0.0054123 -0.0070037 -0.0034573 -0.0041093 -0.0023070 -0.0022164 -0.0056286 -0.0034186 -0.0025707 -0.0014258 -0.0069087 -0.0013240 0.0003536 -0.0014668 -0.0029143 0.0008739 -0.0023891 -0.0011197 -0.0030706 -0.0033251 -0.0036634 -0.0070644 -0.0044455 -0.0050977 -0.0015508 -0.0050494 -0.0032514 -0.0016998 -0.0056315 0.0000457 -0.0033843 0.0005654 -0.0025094 -0.0023826 -0.0033114 -0.0012672 -0.0051513 -0.0028172 -0.0014419 -0.0028055
-0.1284768 -0.0097072 0.0152573 -0.1289694 0.1029057 0.0019774 -0.0155175 -0.0955029 0.0300383 0.0702705 0.1165934 -0.1037642 -0.0013189 -0.0069208 0.0310721 -0.1070583 0.1091519 0.1112694 0.1016041 -0.1113453 0.0340472 0.1058815 -0.1330892 -0.0189320 -0.1151804 -0.1281687 0.0188250 0.0125419 -0.0011990 0.1147577 -0.1058046 -0.0015625 -0.0869284 -0.0962487 0.0996079 0.1135605 -0.0009917 1.0560008 -0.0034393 0.1077826 -0.0197138 -0.1257513 -0.1026875 0.0289119 -0.0340631 0.0887716 -0.0238747 -0.1122129 0.0303737 -0.0102839 0.0022011 -0.1148564 0.0297293 0.1044597 0.0214190 -0.0071639 0.1144461 0.0158007 0.0797770 -0.0277384 -0.0069945 -0.0226254 -0.1228548 -0.1237396 -0.0929608 0.0977057 -0.1115946 -0.0060442 0.0238801 -0.1142453 0.0964052 -0.0071791 0.1019213 0.0257205 0.0244338 -0.0036187 0.0978574 -0.1167090 -0.0030255 0.0779337 -0.0019030
-0.0065149 -0.0073976 -0.0081393 -0.0062449 -0.0068534 -0.0076782 -0.0052892 -0.0052996 -0.0049497 -0.0066284 -0.0064278 -0.0053430 -0.0063200 -0.0068345 -0.0061072 -0.0051969 -0.0031712 -0.0028865 -0.0053165 -0.0062213 -0.0046785 -0.0058707 -0.0073165 -0.0067052 -0.0063558 -0.0071973 -0.0055067 -0.0031392 -0.0071237 -0.0062851 -0.0073375 -0.0050297 -0.0027251 -0.0053295 -0.0036596 -0.0038467 -0.0050052 -0.0034393 0.9900693 -0.0045031 -0.0038416 -0.0046102 -0.0063713 -0.0036107 -0.0034953 -0.0029290 -0.0049987 -0.0044580 -0.0035689 -0.0052616 -0.0031049 -0.0038203 -0.0030509 -0.0026990 -0.0028449 -0.0046838 -0.0041383 -0.0050721 -0.0011482 -0.0037376 -0.0020622 -0.0055019 -0.0030868 -0.0033163 -0.0051351 -0.0029811 -0.0040366 -0.0047547 -0.0047157 -0.0051126 -0.0024036 -0.0027745 -0.0034522 -0.0042845 -0.0014694 -0.0032726 -0.0016549 -0.0026705 -0.0043688 -0.0025433 -0.0041145
-0.1183944 -0.0101517 0.0107624 -0.1188215 0.0927629 -0.0022398 -0.0159209 -0.0928005 0.0250349 0.0678953 0.1057074 -0.0979840 -0.0018981 -0.0067707 0.0252733 -0.1016185 0.1004763 0.1030319 0.0950318 -0.1049547 0.0294053 0.0964785 -0.1225734 -0.0177585 -0.1090060 -0.1179413 0.0148079 0.0101649 -0.0008612 0.1032059 -0.0997589 -0.0025842 -0.0840885 -0.0925611 0.0933871 0.1042662 -0.0012757 0.1077826 -0.0045031 1.0459481 -0.0166803 -0.1165679 -0.0992708 0.0245979 -0.0298989 0.0821340 -0.0208224 -0.1054852 0.0258125 -0.0092829 0.0024289 -0.1082906 0.0260492 0.0986125 0.0186759 -0.0064016 0.1052993 0.0122739 0.0767498 -0.0241844 -0.0065765 -0.0195661 -0.1140621 -0.1153530 -0.0894051 0.0921830 -0.1051146 -0.0056495 0.0206799 -0.1072068 0.0916277 -0.0069535 0.0960000 0.0223573 0.0209562 -0.0042496 0.0911370 -0.1085448 -0.0032174 0.0746707 -0.0024126
0.0098314 -0.0040874 -0.0100934 0.0090743 -0.0214909 -0.0081314 -0.0061109 0.0036692 -0.0107964 -0.0109294 -0.0228358 0.0091228 -0.0043938 -0.0036251 -0.0102782 0.0063713 -0.0173690 -0.0179233 -0.0187539 0.0098250 -0.0102796 -0.0212319 0.0112130 -0.0035833 0.0076216 0.0135949 -0.0103422 -0.0066154 -0.0021722 -0.0234171 0.0073359 -0.0049749 0.0058634 0.0069267 -0.0178727 -0.0188384 -0.0024871 -0.0197138 -0.0038416 -0.0166803 0.9943777 0.0150675 0.0042111 -0.0095145 0.0011089 -0.0168544 0.0029260 0.0115659 -0.0089454 -0.0034264 -0.0016781 0.0088483 -0.0057225 -0.0140108 -0.0057638 -0.0019692 -0.0164896 -0.0066638 -0.0128676 0.0024915 -0.0018023 0.0023833 0.0137205 0.0139192 0.0070372 -0.0156238 0.0114065 -0.0043438 -0.0074535 0.0115314 -0.0112240 -0.0019032 -0.0147681 -0.0083203 -0.0077067 -0.0043974 -0.0136564 0.0136161 -0.0020645 -0.0113584 -0.0006442
0.1229200 0.0002630 -0.0284199 0.1233140 -0.1179665 -0.0129903 0.0051873 0.0889204 -0.0418980 -0.0825991 -0.1288952 0.0994704 -0.0080138 -0.0024694 -0.0428280 0.1012344 -0.1163365 -0.1184663 -0.1143477 0.1068092 -0.0434076 -0.1177829 0.1282685 0.0069253 0.1091512 0.1241592 -0.0301604 -0.0187640 -0.0100542 -0.1289786 0.0971649 -0.0077323 0.0840874 0.0929345 -0.1086096 -0.1228444 -0.0054123 -0.1257513 -0.0046102 -0.1165679 0.0150675 1.0685806 0.0978080 -0.0370707 0.0285737 -0.0974523 0.0182815 0.1101877 -0.0376407 0.0033596 -0.0060872 0.1121194 -0.0350238 -0.1116348 -0.0267880 -0.0000703 -0.1216087 -0.0237894 -0.0875400 0.0220945 0.0014864 0.0169577 0.1222142 0.1245574 0.0890342 -0.1076630 0.1098979 -0.0006931 -0.0316982 0.1117305 -0.1033734 0.0010952 -0.1094969 -0.0334501 -0.0291901 -0.0018783 -0.1060016 0.1164249 -0.0039801 -0.0865081 -0.0044464
0.0953383 -0.0042094 -0.0212553 0.0957642 -0.0965599 -0.0090091 0.0033670 0.0754473 -0.0366820 -0.0774065 -0.1057228 0.0807467 -0.0088186 -0.0055424 -0.0363837 0.0794315 -0.0965583 -0.0987411 -0.0985725 0.0865561 -0.0348971 -0.0936480 0.1003995 0.0006609 0.0861560 0.0940453 -0.0235243 -0.0134534 -0.0142246 -0.1048933 0.0721746 -0.0099321 0.0716021 0.0787704 -0.0905498 -0.0992810 -0.0070037 -0.1026875 -0.0063713 -0.0992708 0.0042111 0.0978080 1.0460144 -0.0283566 0.0197940 -0.0811781 0.0087942 0.0900345 -0.0287922 0.0036062 -0.0065023 0.0930498 -0.0291376 -0.0943338 -0.0205104 -0.0023321 -0.1013979 -0.0163992 -0.0766162 0.0136037 -0.0003567 0.0064996 0.0948667 0.1001888 0.0764928 -0.0917152 0.0903318 -0.0004257 -0.0244552 0.0899724 -0.0937806 -0.0010004 -0.0925928 -0.0253377 -0.0219642 -0.0019561 -0.0919602 0.0926520 -0.0054222 -0.0785639 -0.0084156
-0.0396895 -0.0072938 0.0000363 -0.0402878 0.0222212 -0.0026521 -0.0079009 -0.0274467 0.0058875 0.0101347 0.0266435 -0.0304352 -0.0053780 -0.0067967 0.0054114 -0.0304119 0.0261862 0.0282183 0.0212705 -0.0330162 0.0066858 0.0235221 -0.0421099 -0.0107220 -0.0335690 -0.0399921 0.0025491 0.0023787 -0.0057862 0.0264823 -0.0315179 -0.0042958 -0.0231955 -0.0262025 0.0221744 0.0270576 -0.0034573 0.0289119 -0.0036107 0.0245979 -0.0095145 -0.0370707 -0.0283566 0.9934396 -0.0126916 0.0203056 -0.0111771 -0.0320199 0.0066817 -0.0062789 -0.0016155 -0.0323679 0.0062439 0.0243176 0.0045415 -0.0054445 0.0284487 0.0021621 0.0171791 -0.0117962 -0.0034157 -0.0116697 -0.0359082 -0.0355757 -0.0254068 0.0229472 -0.0314398 -0.0050365 0.0039942 -0.0319495 0.0217056 -0.0037566 0.0232814 0.0052773 0.0063418 -0.0024771 0.0227326 -0.0329289 -0.0040465 0.0160843 -0.0033527
0.0303128 -0.0054704 -0.0144446 0.0300553 -0.0364362 -0.0108050 -0.0003960 0.0155888 -0.0165478 -0.0226635 -0.0363744 0.0201982 -0.0064275 -0.0052254 -0.0184099 0.0219038 -0.0316531 -0.0316869 -0.0309641 0.0217578 -0.0145182 -0.0329947 0.0299925 -0.0051166 0.0224457 0.0268839 -0.0124498 -0.0057298 -0.0092034 -0.0372145 0.0150690 -0.0043874 0.0172608 0.0173032 -0.0256662 -0.0344599 -0.0041093 -0.0340631 -0.0034953 -0.0298989 0.0011089 0.0285737 0.0197940 -0.0126916 1.0026065 -0.0230168 0.0036733 0.0239078 -0.0125125 -0.0001950 -0.0036317 0.0265218 -0.0131717 -0.0289957 -0.0095042 -0.0034931 -0.0347860 -0.0100160 -0.0197555 0.0038435 -0.0011105 0.0028754 0.0291570 0.0307610 0.0167219 -0.0273535 0.0237548 -0.0011562 -0.0118264 0.0233840 -0.0262069 -0.0014034 -0.0288814 -0.0127789 -0.0076978 -0.0007750 -0.0288034 0.0282272 -0.0041866 -0.0201835 -0.0060132
-0.0973998 -0.0086616 0.0077440 -0.0982207 0.0771281 -0.0012473 -0.0099103 -0.0786504 0.0182643 0.0575724 0.0855191 -0.0825025 -0.0032837 -0.0073603 0.0180938 -0.0837819 0.0833712 0.0851766 0.0784213 -0.0887037 0.0235452 0.0803482 -0.1017086 -0.0157061 -0.0910953 -0.1001838 0.0113158 0.0090596 -0.0043294 0.0859484 -0.0873035 -0.0028494 -0.0701706 -0.0776624 0.0782837 0.0841647 -0.0023070 0.0887716 -0.0029290 0.0821340 -0.0168544 -0.0974523 -0.0811781 0.0203056 -0.0230168 1.0317898 -0.0183899 -0.0889148 0.0207492 -0.0076923 0.0006576 -0.0887304 0.0192565 0.0797898 0.0147045 -0.0057776 0.0841451 0.0093948 0.0647167 -0.0209202 -0.0054730 -0.0172505 -0.0954351 -0.0946235 -0.0754321 0.0758591 -0.0881798 -0.0041824 0.0158886 -0.0896861 0.0733436 -0.0058696 0.0779581 0.0167256 0.0184430 -0.0018859 0.0737044 -0.0903666 -0.0029551 0.0627984 -0.0041503
