0.9541596 0.0229202 0.0229202
0.0515505 0.0379492 0.9105003
0.0738459 0.0500163 0.8761379
0.0627786 0.0513575 0.8858640
0.1263197 0.0812958 0.7923846
0.2262497 0.3995706 0.3741797
0.2236496 0.5994739 0.1768765
0.0482808 0.0345498 0.9171693
0.0307009 0.0216028 0.9476963
0.1669282 0.1338142 0.6992577
0.0400061 0.0284554 0.9315385
0.8889340 0.0407598 0.0703062
0.1768096 0.2935913 0.5295991
0.9611350 0.0194325 0.0194325
0.0486453 0.0349705 0.9163842
0.0334114 0.0240958 0.9424928
0.1772665 0.6454670 0.1772665
0.1762602 0.0202095 0.8035302
0.2980053 0.4039894 0.2980053
0.0529028 0.0408727 0.9062245
0.1333240 0.1000383 0.7666377
0.0753673 0.0607989 0.8638338
0.9630221 0.0184890 0.0184890
0.1659697 0.6680606 0.1659697
0.2126338 0.6557572 0.1316089
0.0587966 0.0470435 0.8941599
0.0632749 0.0424514 0.8942737
0.1943601 0.6803728 0.1252670
0.8728811 0.0356075 0.0915114
0.1274444 0.1289730 0.7435826
0.0447959 0.0323372 0.9228669
0.0399987 0.0282132 0.9317881
0.9655257 0.0172372 0.0172372
0.1576516 0.6846968 0.1576516
0.0349267 0.0251203 0.9399530
0.1692171 0.6615658 0.1692171
0.1913229 0.6558529 0.1528241
0.0699924 0.0496379 0.8803696
0.2561159 0.4877681 0.2561159
0.0461075 0.0350136 0.9188789
0.1786489 0.1217973 0.6995538
0.0652757 0.0531176 0.8816067
0.9523586 0.0238207 0.0238207
0.1722643 0.6554713 0.1722643
0.1095473 0.1005058 0.7899469
0.0385594 0.0280514 0.9333892
0.0855995 0.0774099 0.8369905
0.2541298 0.4917403 0.2541298
0.2208583 0.6379665 0.1411752
0.0945631 0.0660926 0.8393443
0.9497672 0.0251164 0.0251164
0.2762400 0.6032247 0.1205352
0.4061189 0.5005991 0.0932820
0.2182638 0.6445531 0.1371831
0.2305056 0.6206440 0.1488504
0.2265378 0.6267145 0.1467476
0.0857257 0.0813758 0.8328986
0.0796001 0.0603653 0.8600346
0.9609111 0.0195445 0.0195445
0.9511480 0.0244260 0.0244260
0.0704514 0.0522819 0.8772667
0.0472152 0.0340869 0.9186979
0.0852120 0.0759767 0.8388114
0.0431297 0.0317312 0.9251392
0.0529959 0.0390152 0.9079888
0.0851569 0.0802253 0.8346179
0.0550610 0.0444627 0.9004764
0.0520145 0.0372954 0.9106901
0.0571746 0.0436502 0.8991752
0.8493456 0.0782615 0.0723929
0.0632914 0.0478927 0.8888159
0.0595709 0.0434802 0.8969489
0.1791705 0.1791705 0.6416588
0.0863277 0.0748796 0.8387927
0.3307092 0.3385815 0.3307092
0.1839275 0.6321451 0.1839275
0.1576639 0.2645010 0.5778351
0.0700307 0.0611181 0.8688512
0.2128216 0.6550984 0.1320799
0.0331287 0.0218889 0.9449823
0.1621049 0.1330440 0.7048511
