Sample	1	2	3	4	5	6	7	8	9	10	11	12	13	14	15	16	17	18	19	20	21	22	23	24	25	26	27	28	29	30	31
Abu-APnd_001-Ex1-4E-lcwgs-1-2	84.45116232885024	13.255348257334202	1.961320231452738	0.2810160811308246	0.042928484955471725	0.006218612306633755	0.0008776267368233123	0.00022567544661170882	0.0002758255458587552	0.00017552534736466245	5.015009924704641e-05	2.5075049623523206e-05	2.5075049623523206e-05	2.5075049623523206e-05	0.0	0.0	2.5075049623523206e-05	0.0	5.015009924704641e-05	2.5075049623523206e-05	2.5075049623523206e-05	0.0	2.5075049623523206e-05	2.5075049623523206e-05	0.0	0.0	0.0	0.0	0.0	0.0	0.00015045029774113922
Abu-APnd_002-Ex1-4F-lcwgs-1-2	86.81227094272094	11.502337140473605	1.4761557541735788	0.18061892829054413	0.02388086314991769	0.003184115086655692	0.00051741870158155	0.00027861007008237306	0.0001592057543327846	0.00011940431574958845	7.96028771663923e-05	0.0	3.980143858319615e-05	0.0	0.0	7.96028771663923e-05	0.0	3.980143858319615e-05	0.0	0.0	3.980143858319615e-05	0.0	0.0	0.0	0.0	0.0	0.0	0.0	0.0	0.0	0.00019900719291598076
Abu-APnd_003-Ex1-4G-lcwgs-1-2	86.25067099608674	11.89500414981384	1.6094302371307754	0.21188818046079613	0.02815403542859338	0.003538209120290012	0.0006065501349068591	5.05458445755716e-05	0.0001010916891511432	0.0	5.05458445755716e-05	0.0001010916891511432	5.05458445755716e-05	0.0	0.0	0.0	0.0	5.05458445755716e-05	0.0	0.0	0.0	0.0	0.0	0.0	0.0	0.0	5.05458445755716e-05	0.0	5.05458445755716e-05	0.0	0.0002021833783022864
Abu-APnd_004-Ex1-4H-lcwgs-1-2	89.49671213481342	9.269699822652333	1.096015881009203	0.11914406031280333	0.013501777125800071	0.002554390267043257	0.00018245644764594692	0.00018245644764594692	0.00018245644764594692	0.0	0.00036491289529189385	0.0	0.00018245644764594692	0.0	0.00018245644764594692	0.0	0.00018245644764594692	0.0	0.0	0.0	0.0	0.0	0.00018245644764594692	0.00018245644764594692	0.0	0.0	0.0	0.0	0.0	0.0	0.0005473693429378407
Abu-APnd_005-Ex1-5A-lcwgs-1-2	77.80473368542417	17.04689156256398	3.8975099482625377	0.9246840686365563	0.24102057587392034	0.061088087623007034	0.016942073933078308	0.004731119957713116	0.001416004212695827	0.00033317746181078285	0.00014992985781485228	6.663549236215658e-05	0.000116612111633774	4.9976619271617436e-05	0.0	4.9976619271617436e-05	1.6658873090539145e-05	1.6658873090539145e-05	0.0	1.6658873090539145e-05	1.6658873090539145e-05	0.0	1.6658873090539145e-05	3.331774618107829e-05	0.0	0.0	0.0	0.0	1.6658873090539145e-05	0.0	8.329436545269571e-05
Abu-APnd_006-Ex1-5B-lcwgs-1-2	84.42287897449873	13.070298155700385	2.1012505334407185	0.33933350151611835	0.053872453593468025	0.00969074603455122	0.0015289344091635334	0.0004272022613839285	0.00013490597727913533	0.00011242164773261274	8.99373181860902e-05	4.49686590930451e-05	2.248432954652255e-05	6.745298863956766e-05	2.248432954652255e-05	0.0	2.248432954652255e-05	6.745298863956766e-05	0.0	0.0	0.0	0.0	0.0	0.0	0.0	0.0	2.248432954652255e-05	0.0	0.0	0.0	0.00011242164773261274
Abu-APnd_009-Ex1-5E-lcwgs-1-2	86.71834017186654	11.363474490980877	1.6426105132770767	0.23426492219555625	0.033692033753967635	0.005171479445691724	0.0011767438259657815	0.000309669427885732	0.0002477355423085856	0.000154834713942866	0.0001238677711542928	3.09669427885732e-05	0.0001238677711542928	0.0001238677711542928	0.0	0.0	0.0	0.0	3.09669427885732e-05	0.0	0.0	0.0	3.09669427885732e-05	0.0	0.0	0.0	0.0	0.0	0.0	0.0	9.290082836571959e-05
Abu-APnd_010-Ex1-5F-lcwgs-1-2	34.87677552991511	17.651371533251652	14.34510434668082	11.152642690943052	8.113757637921609	5.535442750010976	3.540762854257879	2.1528063250571723	1.2386902885148807	0.6781037599926565	0.35827888840552524	0.18237221572563747	0.09263287289620409	0.044021567774456316	0.019596182934957435	0.00949876077091623	0.0044101389293539645	0.0015964303816665935	0.0010376797480832858	0.0004589737347291456	0.0001995537977083242	9.97768988541621e-05	7.982151908332967e-05	3.9910759541664836e-05	1.9955379770832418e-05	0.0	1.9955379770832418e-05	0.0	0.0	0.0	0.00017959841793749177
Abu-APnd_011-Ex1-5G-lcwgs-1-2	89.97647394753504	8.918111956697166	0.9876596854088815	0.10279457224794845	0.011483693155718878	0.0018622205117381969	0.0003724441023476393	0.00012414803411587978	6.207401705793989e-05	0.00018622205117381965	0.0	6.207401705793989e-05	6.207401705793989e-05	0.0	0.00012414803411587978	0.0	0.0	0.0	0.0	6.207401705793989e-05	6.207401705793989e-05	0.0	0.0	0.0	6.207401705793989e-05	0.0	0.0	6.207401705793989e-05	0.0	0.0	0.0003724441023476393
Abu-APnd_012-Ex1-5H-lcwgs-1-2	86.75710750209598	11.479179803471041	1.5379749584709002	0.19550120108601685	0.02455831236413078	0.00414510243371456	0.0007381689265519079	0.0001703466753581326	8.51733376790663e-05	0.0001703466753581326	0.0	5.678222511937753e-05	2.8391112559688766e-05	0.0	0.0	0.0	0.0	0.0	0.0	5.678222511937753e-05	5.678222511937753e-05	0.0	2.8391112559688766e-05	0.0	0.0	0.0	0.0	0.0	0.0	0.0	0.0001419555627984438
Abu-APnd_013-Ex1-6A-lcwgs-1-2	85.28855760729715	12.535102410324525	1.8699469647646139	0.2593691231954155	0.039079390936532114	0.0063934337543794075	0.0007944503481773227	0.0002269858137649494	0.0001134929068824747	7.566193792164979e-05	3.7830968960824895e-05	3.7830968960824895e-05	0.0	0.0	3.7830968960824895e-05	0.0	0.0	0.0	3.7830968960824895e-05	3.7830968960824895e-05	0.0	0.0	0.0	0.0	0.0	0.0	0.0	0.0	0.0	0.0	0.00015132387584329958
Abu-APnd_014-Ex1-6B-lcwgs-1-2	86.51936647014519	11.596262965997333	1.6233510615572335	0.22552364451368662	0.029342525891688998	0.00478293920212513	0.0006448906789382197	0.00021496355964607325	8.061133486727747e-05	5.374088991151831e-05	5.374088991151831e-05	5.374088991151831e-05	5.374088991151831e-05	2.6870444955759157e-05	0.0	5.374088991151831e-05	0.0	2.6870444955759157e-05	0.0	0.0	0.0	2.6870444955759157e-05	0.0	0.0	0.0	2.6870444955759157e-05	0.0	0.0	0.0	0.0	5.374088991151831e-05
Abu-APnd_015-Ex1-6C-lcwgs-1-2	85.58169899366152	11.988521765049711	2.015004096009776	0.34122274247226686	0.05983714492893194	0.010620659981179894	0.0020795697865247345	0.0005941627961499242	9.902713269165401e-05	4.9513566345827005e-05	4.9513566345827005e-05	0.0	2.4756783172913502e-05	2.4756783172913502e-05	0.0	0.0	0.0	2.4756783172913502e-05	4.9513566345827005e-05	4.9513566345827005e-05	0.0	0.0	2.4756783172913502e-05	0.0	0.0	0.0	0.0	0.0	0.0	0.0	2.4756783172913502e-05
Abu-APnd_016-Ex1-6D-lcwgs-1-2	82.90735120453168	14.074199583974737	2.4812162893615883	0.43817070426104016	0.07918282296677824	0.015373055385745236	0.0030385603610015716	0.000540760742212144	0.0003347566499408511	0.00010300204613564648	0.00010300204613564648	7.725153460173487e-05	5.150102306782324e-05	0.0	5.150102306782324e-05	2.575051153391162e-05	2.575051153391162e-05	0.0	2.575051153391162e-05	2.575051153391162e-05	0.0	0.0	2.575051153391162e-05	0.0	0.0	2.575051153391162e-05	0.0	0.0	0.0	0.0	5.150102306782324e-05
Abu-APnd_017-Ex1-6E-lcwgs-1-2	79.2543438295548	16.41413315490699	3.431002168057435	0.7109798167212608	0.1475306448534182	0.031431566494947945	0.0069940316980233955	0.001912502723237573	0.0005266311846596216	0.0002956525948966297	0.0001570654410388345	0.00012010886667675582	9.239143590519678e-05	0.00011086972308623612	3.6956574362078714e-05	3.6956574362078714e-05	9.239143590519679e-06	3.6956574362078714e-05	6.467400513363775e-05	1.8478287181039357e-05	1.8478287181039357e-05	1.8478287181039357e-05	1.8478287181039357e-05	0.0	2.771743077155903e-05	9.239143590519679e-06	0.0	0.0	0.0	0.0	7.391314872415743e-05
Abu-APnd_018-Ex1-6F-lcwgs-1-2	89.18954743876168	9.58374088874796	1.0859307567223835	0.12401390525709473	0.013565096799360169	0.0018936048831594142	0.00048200851571330547	0.00010328753908142261	6.885835938761507e-05	0.00013771671877523014	3.4429179693807535e-05	3.4429179693807535e-05	3.4429179693807535e-05	3.4429179693807535e-05	0.0	0.00010328753908142261	0.0	3.4429179693807535e-05	0.0	3.4429179693807535e-05	0.0	0.0	0.0	0.0	0.0	0.0	0.0	0.0	0.0	3.4429179693807535e-05	0.00017214589846903765
Abu-APnd_019-Ex1-6G-lcwgs-1-2	88.3686757102136	10.22879349577602	1.2327307017253846	0.1462257302661747	0.019333851777636267	0.0023718108128698767	0.0005390479120158811	0.00039530180214497943	0.00014374610987090162	0.00014374610987090162	7.187305493545081e-05	3.5936527467725404e-05	0.00010780958240317622	3.5936527467725404e-05	3.5936527467725404e-05	0.0	0.0	3.5936527467725404e-05	0.0	0.0	0.0	0.0	0.0	7.187305493545081e-05	3.5936527467725404e-05	0.0	0.0	3.5936527467725404e-05	0.0	0.0	0.00017968263733862702
Abu-APnd_020-Ex1-6H-lcwgs-1-2	90.59933489945472	8.289348799855699	0.982619488333541	0.11388021605031058	0.012096641428348516	0.0015747107184832386	0.00042946655958633775	7.15777599310563e-05	0.0	0.0	7.15777599310563e-05	0.0	7.15777599310563e-05	0.0	0.0001431555198621126	7.15777599310563e-05	0.0	0.0	0.0	0.0	0.0	0.0	7.15777599310563e-05	7.15777599310563e-05	0.0	0.0	0.0	0.0	0.0	0.0	0.0001431555198621126
Abu-APnd_021-Ex1-8E-lcwgs-1-2	95.05043007721785	4.4102055924180785	0.4747478983810292	0.055496980827695046	0.006827396586886913	0.0013167121988996188	0.00014630135543329097	9.753423695552732e-05	9.753423695552732e-05	4.876711847776366e-05	0.00014630135543329097	0.0	0.0	4.876711847776366e-05	0.0	0.0	0.0	4.876711847776366e-05	0.0	4.876711847776366e-05	0.0	0.0	0.0	4.876711847776366e-05	0.0	0.0	0.0	0.0	0.0	0.0	0.00024383559238881828
Abu-APnd_022-Ex1-8F-lcwgs-1-2	87.69864184784785	10.676666023216622	1.4092545040541475	0.18541911429073973	0.02490827539947615	0.0037914648192452116	0.00059344666736012	0.00018133092613781447	0.00011539240754224557	4.9453888946676675e-05	3.296925929778445e-05	9.890777789335335e-05	3.296925929778445e-05	0.0	3.296925929778445e-05	3.296925929778445e-05	0.0	0.0	0.0	0.0	0.0	1.6484629648892226e-05	0.0	0.0	1.6484629648892226e-05	0.0	3.296925929778445e-05	1.6484629648892226e-05	0.0	1.6484629648892226e-05	4.9453888946676675e-05
Abu-APnd_023-Ex1-8G-lcwgs-1-2	89.74565931672551	9.030861606001892	1.0797587206227377	0.12532415099868402	0.015078318560523187	0.001905321299586808	0.0004927555085138297	3.285036723425531e-05	0.00022995257063978717	6.570073446851063e-05	0.0001971022034055319	3.285036723425531e-05	9.855110170276595e-05	0.0	3.285036723425531e-05	0.0	3.285036723425531e-05	0.0	0.0	0.0	0.0	0.0	3.285036723425531e-05	0.0	0.0	0.0	0.0	0.0	0.0	0.0	0.00016425183617127656
Abu-APnd_024-Ex1-8H-lcwgs-1-2	86.18309058791192	11.727066071879115	1.7742951561229168	0.26649778188862383	0.04000552213729987	0.006682279810505356	0.0013399822311303614	0.00038788959322194676	0.000141050761171617	0.00012341941602516486	8.815672573226062e-05	3.526269029290425e-05	1.7631345146452123e-05	0.0	1.7631345146452123e-05	3.526269029290425e-05	0.0	0.0	0.0	3.526269029290425e-05	0.0	0.0	1.7631345146452123e-05	1.7631345146452123e-05	0.0	0.0	0.0	0.0	0.0	0.0	0.00010578807087871274
Abu-APnd_025-Ex1-7E-lcwgs-1-2	88.78556700953109	9.896242405760091	1.1650319810110505	0.13323062371935365	0.01596502941452878	0.002415512724656837	0.000528393408518683	0.0003019390905821046	7.548477264552616e-05	3.774238632276308e-05	0.00011322715896828922	0.00011322715896828922	0.0	0.0	0.0	0.0	3.774238632276308e-05	0.0	0.0	0.0	0.0	3.774238632276308e-05	0.0	0.0	0.0	0.0	3.774238632276308e-05	3.774238632276308e-05	0.0	0.0	0.00022645431793657844
Abu-APnd_026-Ex1-7F-lcwgs-1-2	87.02984961341765	11.229863152517964	1.512071338750341	0.1950861271403574	0.02715512731882735	0.00435918002285236	0.0008205515337133854	0.00017949564799980307	7.692670628562989e-05	7.692670628562989e-05	2.5642235428543295e-05	5.128447085708659e-05	5.128447085708659e-05	0.0	0.0	2.5642235428543295e-05	0.0	2.5642235428543295e-05	0.0	0.0	0.0	0.0	0.0	0.0	0.0	2.5642235428543295e-05	0.0	0.0	2.5642235428543295e-05	5.128447085708659e-05	0.00017949564799980307
Abu-APnd_027-Ex1-7G-lcwgs-1-2	89.84962938087757	9.018248536758906	1.0037788868688506	0.11058744514052132	0.013574142480890053	0.0021873025798590604	0.0005789918593744572	0.00032166214409692066	0.00012866485763876826	0.00012866485763876826	0.0001929972864581524	0.0	0.00012866485763876826	6.433242881938413e-05	6.433242881938413e-05	6.433242881938413e-05	0.0	0.0	6.433242881938413e-05	0.0	0.0	0.0	0.0	0.0	0.0	0.0	0.0	6.433242881938413e-05	0.0	0.0	0.0001929972864581524
Abu-APnd_028-Ex1-7H-lcwgs-1-2	85.93510336688529	11.922451563090686	1.813087099517758	0.2742036066883258	0.04481083521324185	0.007140371359369886	0.0013012826309132034	0.00040039465566560107	0.00033366221305466753	3.3366221305466755e-05	0.00033366221305466753	0.00016683110652733376	3.3366221305466755e-05	6.673244261093351e-05	6.673244261093351e-05	3.3366221305466755e-05	3.3366221305466755e-05	0.0	3.3366221305466755e-05	3.3366221305466755e-05	0.0	0.0	3.3366221305466755e-05	3.3366221305466755e-05	0.0	0.0	3.3366221305466755e-05	0.0	0.0	0.0	0.00023356354913826727
Abu-APnd_029-Ex1-8A-lcwgs-1-2	70.14013264945098	20.281893723472525	6.397769561974775	2.1095904554174707	0.706954506098408	0.24069626062515553	0.0817485922311557	0.02694455088428071	0.009308880663759286	0.0030470006140167903	0.0011163941643642786	0.0003945152310159481	9.233335193990274e-05	8.393941085445703e-05	2.5181823256337113e-05	2.5181823256337113e-05	5.875758759811993e-05	2.5181823256337113e-05	1.6787882170891407e-05	8.393941085445704e-06	0.0	0.0	0.0	8.393941085445704e-06	0.0	0.0	1.6787882170891407e-05	8.393941085445704e-06	0.0	8.393941085445704e-06	2.5181823256337113e-05
Abu-APnd_030-Ex1-8B-lcwgs-1-2	78.03825943376053	16.88167027324029	3.8779285231015184	0.9121055110521331	0.21953622710962312	0.05243916580047456	0.013130222293937005	0.00333249763615137	0.0008353945027954389	0.0003359738761242526	0.00013620562545577807	8.172337527346685e-05	3.632150012154082e-05	9.080375030385205e-06	1.816075006077041e-05	9.080375030385205e-06	9.080375030385205e-06	3.632150012154082e-05	4.5401875151926026e-05	9.080375030385205e-06	9.080375030385205e-06	0.0	0.0	0.0	0.0	0.0	0.0	9.080375030385205e-06	0.0	0.0	1.816075006077041e-05
Abu-APnd_031-Ex1-8C-lcwgs-1-2	94.95766924110508	4.3952982816442905	0.54756884893108	0.08261325526266919	0.013545842846374848	0.002212123529347506	0.0004096525054347233	5.46203340579631e-05	0.00013655083514490775	0.0	5.46203340579631e-05	2.731016702898155e-05	0.00013655083514490775	8.193050108694465e-05	2.731016702898155e-05	0.0	5.46203340579631e-05	0.0	0.0	0.0	0.0	0.0	0.0	0.0	0.0	0.0	2.731016702898155e-05	0.0	0.0	2.731016702898155e-05	5.46203340579631e-05
Abu-APnd_032-Ex1-8D-lcwgs-1-2	78.94755914703379	16.248950414930217	3.665455579245295	0.8614458866493714	0.20816941024862615	0.05107211103864823	0.012543001864149587	0.0032380349639976103	0.0008533449544109225	0.00028055176583372795	9.351725527790932e-05	8.182759836817065e-05	2.337931381947733e-05	4.675862763895466e-05	4.675862763895466e-05	0.0	3.5068970729215994e-05	1.1689656909738665e-05	0.0	2.337931381947733e-05	0.0	0.0	1.1689656909738665e-05	1.1689656909738665e-05	0.0	0.0	0.0	1.1689656909738665e-05	1.1689656909738665e-05	0.0	2.337931381947733e-05
Abu-APnd_033-Ex1-7A-lcwgs-1-2	86.79333131350073	11.361423401672502	1.593081106175492	0.2160636071825967	0.028408113249179637	0.005128305479661883	0.0009446878515166627	0.0007422547404773778	0.00020243311103928485	0.0	0.00013495540735952323	0.00020243311103928485	0.00013495540735952323	6.747770367976161e-05	0.0	0.0	0.0	0.0	0.0	0.0	0.0	0.0	0.0	0.0	0.0	0.0	0.0	0.0	0.0	0.0	0.00013495540735952323
Abu-APnd_034-Ex1-7B-lcwgs-1-2	84.3189935410914	13.290067095352759	2.0317479539057772	0.30463793406500056	0.04520016019623587	0.00713924556248444	0.0013856763538999334	0.0002560488914815094	0.00016567869448803552	9.037019699347392e-05	6.0246797995649275e-05	0.0	1.5061699498912319e-05	0.0	0.0	3.0123398997824637e-05	6.0246797995649275e-05	4.518509849673696e-05	1.5061699498912319e-05	0.0	0.0	0.0	0.0	0.0	0.0	0.0	0.0	1.5061699498912319e-05	0.0	0.0	7.53084974945616e-05
Abu-APnd_036-Ex1-7D-lcwgs-1-2	87.87438932968399	10.664592945154133	1.2821246547291416	0.15493165020603047	0.020313749955976394	0.0026414164029442988	0.0003458997670522296	0.00018867260021030705	6.289086673676903e-05	6.289086673676903e-05	3.1445433368384514e-05	3.1445433368384514e-05	3.1445433368384514e-05	0.0	3.1445433368384514e-05	3.1445433368384514e-05	0.0	0.0	3.1445433368384514e-05	0.0	0.0	0.0	0.0	0.0	3.1445433368384514e-05	3.1445433368384514e-05	0.0	0.0	0.0	0.0	9.433630010515352e-05
Abu-APnd_037-Ex1-9A-lcwgs-1-2	74.25519149306595	18.868782136349395	5.016016064180323	1.3500801996930116	0.3711003427265104	0.09912476368913446	0.027850431520995353	0.007988748903153958	0.0022864350309026848	0.0006427729002537667	0.0002571091601015067	0.00020201434007975524	6.427729002537667e-05	9.182470003625239e-05	9.182470003625239e-06	2.754741001087572e-05	5.509482002175144e-05	9.182470003625239e-06	3.6729880014500954e-05	1.8364940007250477e-05	1.8364940007250477e-05	1.8364940007250477e-05	9.182470003625239e-06	9.182470003625239e-06	0.0	1.8364940007250477e-05	1.8364940007250477e-05	0.0	0.0	9.182470003625239e-06	6.427729002537667e-05
Abu-APnd_039-Ex1-9C-lcwgs-1-2	68.54697274089646	17.954305741205147	7.336090787049051	3.269093553659741	1.5196117057922434	0.719593488235579	0.3424466901518925	0.16384957214044002	0.07894274554483145	0.036615843057195174	0.01725968910149131	0.00768101347448566	0.0039037621423268303	0.001825370260995416	0.0008494297254137083	0.0002891675660982837	0.0001807297288114273	0.00012651081016799913	5.4218918643428195e-05	5.4218918643428195e-05	1.807297288114273e-05	3.614594576228546e-05	3.614594576228546e-05	0.0	0.0	0.0	1.807297288114273e-05	0.0	1.807297288114273e-05	1.807297288114273e-05	0.00010843783728685639
Abu-APnd_040-Ex1-9D-lcwgs-1-2	80.97795132491345	15.331664647181197	2.9738472207030355	0.5746418466415832	0.11099205409459971	0.022778946518856612	0.005575266630489381	0.001256647399253162	0.0004601807377546791	0.0001592933322996966	8.849629572205367e-05	8.849629572205367e-05	8.849629572205367e-05	5.3097777433232194e-05	5.3097777433232194e-05	3.539851828882147e-05	3.539851828882147e-05	0.0	1.7699259144410735e-05	1.7699259144410735e-05	0.0	0.0	0.0	0.0	1.7699259144410735e-05	0.0	0.0	1.7699259144410735e-05	0.0	0.0	0.0001592933322996966
Abu-APnd_041-Ex1-9E-lcwgs-1-2	85.86962364943598	12.074152698681162	1.761095080671442	0.24991667590430278	0.0372038843302133	0.005598192858856211	0.0012605202463649749	0.00040781537382396236	0.00014829649957234998	5.5611187339631235e-05	9.268531223271874e-05	7.414824978617499e-05	7.414824978617499e-05	3.7074124893087494e-05	3.7074124893087494e-05	1.8537062446543747e-05	0.0	0.0	0.0	1.8537062446543747e-05	0.0	1.8537062446543747e-05	0.0	1.8537062446543747e-05	0.0	0.0	3.7074124893087494e-05	1.8537062446543747e-05	1.8537062446543747e-05	0.0	7.414824978617499e-05
Abu-APnd_042-Ex1-9F-lcwgs-1-2	85.51151108157121	12.299023707007969	1.86155128099891	0.2773288013010569	0.042080156862076584	0.006689095828802135	0.0011488197822319456	0.0002779402698948255	0.00011117610795793021	9.264675663160852e-05	3.70587026526434e-05	0.0	3.70587026526434e-05	0.0	1.85293513263217e-05	1.85293513263217e-05	0.0	1.85293513263217e-05	0.0	0.0	0.0	0.0	1.85293513263217e-05	0.0	0.0	0.0	0.0	0.0	0.0	0.0	3.70587026526434e-05
Abu-APnd_043-Ex1-9G-lcwgs-1-2	88.20606053484859	10.194285982856774	1.3884208181941022	0.18324633894537487	0.022965877512827512	0.0032045410483015134	0.0006943172271319945	0.0003204541048301513	5.340901747169189e-05	0.0	0.0	0.00010681803494338378	0.00010681803494338378	0.00010681803494338378	0.0	0.0	0.0	0.0	0.0	0.0	5.340901747169189e-05	5.340901747169189e-05	0.0	5.340901747169189e-05	0.0	0.0	0.0	0.0	5.340901747169189e-05	0.0	0.00021363606988676756
Abu-APnd_045-Ex1-10A-lcwgs-1-2	87.37171105254579	10.782805732323821	1.575780699033472	0.2296339300936486	0.03210744239248889	0.00623372565748907	0.0007510512840348278	0.00022531538521044833	0.00015021025680696554	7.510512840348277e-05	7.510512840348277e-05	3.7552564201741386e-05	3.7552564201741386e-05	0.00011265769260522417	3.7552564201741386e-05	0.0	0.0	0.0	0.0	3.7552564201741386e-05	0.0	3.7552564201741386e-05	0.0	0.0	0.0	0.0	0.0	0.0	0.0	0.0	0.00015021025680696554
Abu-APnd_047-Ex1-10C-lcwgs-1-2	94.94537769928664	4.562422471463371	0.43882343169387006	0.046193731813558424	0.005106160480496509	0.0011914374454491854	0.00020424641921986037	0.00020424641921986037	3.404106986997673e-05	0.00010212320960993019	0.0	3.404106986997673e-05	6.808213973995346e-05	6.808213973995346e-05	0.0	3.404106986997673e-05	3.404106986997673e-05	0.0	0.0	0.0	0.0	3.404106986997673e-05	0.0	3.404106986997673e-05	3.404106986997673e-05	0.0	0.0	0.0	0.0	0.0	0.0
Abu-APnd_048-Ex1-10D-lcwgs-1-2	98.57430214913364	1.361392447251924	0.055483015923429524	0.004705273435202504	0.001176318358800626	0.0003921061196002086	0.0001960530598001043	0.0001960530598001043	0.0003921061196002086	0.0	0.0	0.0	0.0	0.0	0.0	0.0001960530598001043	0.0	0.0	0.0	0.0	0.0	0.0003921061196002086	0.0	0.0	0.0	0.0	0.0	0.0	0.000588159179400313	0.0	0.000588159179400313
Abu-APnd_049-Ex1-10E-lcwgs-1-2	94.37546651672135	5.115696146893618	0.4612534557710799	0.040786183383392106	0.00402582068994647	0.0011219500283457375	0.000527976483927406	6.599706049092574e-05	0.0001319941209818515	6.599706049092574e-05	6.599706049092574e-05	0.0	0.0	6.599706049092574e-05	6.599706049092574e-05	0.0001319941209818515	6.599706049092574e-05	0.0	6.599706049092574e-05	0.0	0.0	0.0	0.0	0.0	0.0	0.0	6.599706049092574e-05	0.0	0.0	0.0	0.00032998530245462865
Abu-APnd_050-Ex1-10F-lcwgs-1-2	78.74611734004596	16.506861771532165	3.680131365734059	0.8244999210958819	0.18519213473487575	0.04309255388894662	0.009694621818335778	0.002718343090501099	0.0007858336957790788	0.00027263618016825183	0.00012829937890270675	6.414968945135337e-05	8.820582299561087e-05	4.009355590709585e-05	2.4056133544257515e-05	1.6037422362838344e-05	7.216840063277253e-05	1.6037422362838344e-05	2.4056133544257515e-05	3.207484472567669e-05	1.6037422362838344e-05	8.018711181419172e-06	0.0	1.6037422362838344e-05	8.018711181419172e-06	8.018711181419172e-06	8.018711181419172e-06	0.0	8.018711181419172e-06	1.6037422362838344e-05	4.009355590709585e-05
Abu-APnd_051-Ex1-10G-lcwgs-1-2	88.89273133349259	9.815600577883444	1.1403971115939446	0.1316037276768504	0.015622570822953047	0.002502644840570148	0.0005814225387183172	0.00017695468569687916	0.00015167544488303928	7.583772244151964e-05	0.0001263962040691994	0.0	5.055848162767976e-05	5.055848162767976e-05	0.0	5.055848162767976e-05	0.0	2.527924081383988e-05	0.0	2.527924081383988e-05	2.527924081383988e-05	0.0	0.0	0.0	0.0	0.0	0.0	0.0	5.055848162767976e-05	0.0	0.00015167544488303928
Abu-APnd_052-Ex1-10H-lcwgs-1-2	97.76776845350231	2.0701033281954673	0.14340355083633044	0.01415767540103899	0.0021693212308043614	0.000685048809727693	0.00022834960324256436	0.00022834960324256436	0.00011417480162128218	0.00011417480162128218	0.00011417480162128218	0.0	0.0	0.0	0.0	0.0	0.00011417480162128218	0.0	0.00011417480162128218	0.0	0.0	0.0	0.00011417480162128218	0.0	0.0	0.0	0.0	0.0	0.0	0.0	0.0005708740081064109
Abu-APnd_053-Ex1-11A-lcwgs-1-2	84.25826794020523	13.40933849376842	1.991577601817988	0.2895430174342222	0.042325036395270396	0.006476582750417214	0.0011930547171821184	0.00025565458225331107	0.00022724851755849876	0.00011362425877924938	8.521819408443704e-05	0.0001420303234740617	2.8406064694812345e-05	5.681212938962469e-05	2.8406064694812345e-05	2.8406064694812345e-05	2.8406064694812345e-05	5.681212938962469e-05	2.8406064694812345e-05	0.0	0.0	0.0	2.8406064694812345e-05	2.8406064694812345e-05	0.0	2.8406064694812345e-05	0.0	0.0	0.0	0.0	0.00011362425877924938
Abu-APnd_054-Ex1-11B-lcwgs-1-2	85.34052334644205	12.605585184247383	1.7746718204765033	0.23787575467443164	0.03313446063032624	0.006379620031809082	0.0005934530262147984	0.000247272094256166	0.0001483632565536996	0.0001978176754049328	4.94544188512332e-05	0.0	0.0	9.89088377024664e-05	0.0	0.0001483632565536996	0.0	4.94544188512332e-05	0.0	4.94544188512332e-05	0.0	0.0	0.0	0.0	0.0	0.0	0.0	0.0	0.0	0.0	0.000247272094256166
Abu-CPnd_001-Ex1-5F-lcwgs-1-2	87.76547745312713	10.76340181789152	1.2965948747776104	0.15253638063956937	0.018496818119611333	0.0026194915834131657	0.0004098524246156654	0.0001603770357191734	0.0	8.909835317731856e-05	7.127868254185484e-05	1.781967063546371e-05	1.781967063546371e-05	1.781967063546371e-05	0.0	1.781967063546371e-05	0.0	1.781967063546371e-05	0.0	1.781967063546371e-05	0.0	0.0	0.0	0.0	0.0	0.0	0.0	0.0	0.0	0.0	3.563934127092742e-05
Abu-CPnd_004-Ex1-7F-lcwgs-1-2	90.32077385711072	8.634170786151046	0.9331762961593293	0.0976141258586966	0.011400603891689726	0.0014463452698412337	0.0003686762452536478	0.0003119568229069328	0.00017015826704014516	0.00011343884469343009	5.6719422346715046e-05	0.0	5.6719422346715046e-05	0.0	0.0	0.0	8.507913352007258e-05	0.0	5.6719422346715046e-05	2.8359711173357523e-05	0.0	0.0	0.0	0.0	0.0	0.0	0.0	0.0	0.0	2.8359711173357523e-05	0.00014179855586678763
Abu-CPnd_005-Ex1-7H-lcwgs-1-2	73.81460133103154	19.08985567791894	5.192020632923568	1.3994271057175085	0.37155877622269573	0.09723376182881632	0.025793905321054345	0.00621694554129927	0.0020264674994500574	0.0006693761423522813	0.0002384079411117714	0.0001283735067524923	5.501721717963956e-05	1.8339072393213188e-05	1.8339072393213188e-05	4.584768098303297e-05	9.169536196606594e-06	2.750860858981978e-05	9.169536196606594e-06	0.0	0.0	9.169536196606594e-06	1.8339072393213188e-05	0.0	0.0	0.0	0.0	9.169536196606594e-06	0.0	0.0	9.169536196606594e-06
Abu-CPnd_006-Ex1-5A-lcwgs-1-2	97.55734142026789	2.25342431134698	0.16618650492797574	0.01718473591104372	0.003436947182208744	0.0	0.0006065200909780137	0.0	0.00020217336365933788	0.0	0.0	0.0	0.00020217336365933788	0.00020217336365933788	0.0	0.0	0.0	0.0006065200909780137	0.00020217336365933788	0.0	0.0	0.0	0.0	0.0	0.0	0.0	0.0	0.0	0.0	0.0	0.00040434672731867575
Abu-CPnd_007-Ex1-4G-lcwgs-1-2	89.1263375774435	9.645621701840955	1.0943103104348353	0.11864200461496259	0.012731601560155724	0.0015550047707060428	0.00036445424313422874	7.289084862684574e-05	7.289084862684574e-05	0.0	7.289084862684574e-05	0.0	0.0	7.289084862684574e-05	2.429694954228192e-05	0.0	2.429694954228192e-05	0.0	0.0	0.0	0.0	0.0	0.0	2.429694954228192e-05	0.0	0.0	0.0	0.0	0.0	2.429694954228192e-05	4.859389908456384e-05
Abu-CPnd_008-Ex1-7C-lcwgs-1-2	96.58391678589614	3.1238671632380455	0.262218650953922	0.02477841654163832	0.003056161433029394	0.000893339495808592	0.0002821072092027133	9.403573640090444e-05	4.701786820045222e-05	0.00014105360460135664	0.00014105360460135664	0.0	4.701786820045222e-05	0.0	4.701786820045222e-05	0.0	4.701786820045222e-05	4.701786820045222e-05	0.0	0.0	4.701786820045222e-05	0.0	4.701786820045222e-05	0.0	0.0	0.0	0.0	0.0	4.701786820045222e-05	0.0	0.0002350893410022611
Abu-CPnd_009-Ex1-8D-lcwgs-1-2	88.68387289688431	10.07884546960167	1.1083334202568997	0.11369602481146278	0.01251699355722526	0.0016225732388995707	0.0004635923539713059	6.953885309569589e-05	0.00013907770619139178	6.953885309569589e-05	4.6359235397130595e-05	2.3179617698565298e-05	0.0	0.0	4.6359235397130595e-05	2.3179617698565298e-05	0.0	2.3179617698565298e-05	0.0	2.3179617698565298e-05	0.0	0.0	2.3179617698565298e-05	2.3179617698565298e-05	0.0	0.0	0.0	0.0	0.0	0.0	0.00013907770619139178
Abu-CPnd_010-Ex1-6E-lcwgs-1-2	86.98227468583714	11.296474407161801	1.4971486866733672	0.19297199871941587	0.02601441595935438	0.003850460102770549	0.0007347167687265358	0.00020408799131292662	8.163519652517065e-05	5.4423464350113764e-05	5.4423464350113764e-05	2.7211732175056882e-05	1.3605866087528441e-05	0.0	1.3605866087528441e-05	1.3605866087528441e-05	0.0	0.0	0.0	0.0	0.0	0.0	0.0	0.0	0.0	0.0	0.0	0.0	0.0	0.0	6.802933043764221e-05
Abu-CPnd_011-Ex1-1G-lcwgs-1-2	88.30429994690775	10.265425135011155	1.2530984149109803	0.15469925441161125	0.019294339080290046	0.002362572132280414	0.00045938902572119155	0.00011484725643029789	3.281350183722797e-05	6.562700367445594e-05	3.281350183722797e-05	0.0	1.6406750918613984e-05	1.6406750918613984e-05	0.0	0.0	0.0	0.0	1.6406750918613984e-05	0.0	0.0	0.0	0.0	0.0	0.0	0.0	0.0	0.0	0.0	0.0	6.562700367445594e-05
Abu-CPnd_012-Ex1-4H-lcwgs-1-2	63.00336307795051	22.693502974448993	8.865161443089777	3.416628493546789	1.286480591574292	0.473265236916292	0.16951690507335845	0.059957060298919396	0.021128525961170395	0.0071090197578061575	0.0023823997469769294	0.0008552204219917182	0.00027489227849733803	0.00013744613924866902	5.345127637448239e-05	3.054358649970422e-05	3.817948312463028e-05	2.290768987477817e-05	1.527179324985211e-05	7.635896624926055e-06	3.054358649970422e-05	7.635896624926055e-06	0.0	7.635896624926055e-06	0.0	0.0	7.635896624926055e-06	0.0	0.0	0.0	1.527179324985211e-05
Abu-CPnd_013-Ex1-2D-lcwgs-1-2	88.8777702964532	9.884565303655	1.099610697865784	0.12153644398389617	0.013891778393565382	0.0015619942212860597	0.0002991052764164795	9.970175880549318e-05	9.970175880549318e-05	0.0	0.00013293567840732423	3.323391960183106e-05	3.323391960183106e-05	6.646783920366211e-05	0.0	0.0	3.323391960183106e-05	3.323391960183106e-05	0.0	0.0	3.323391960183106e-05	0.0	0.0	0.0	0.0	0.0	0.0	0.0	0.0	3.323391960183106e-05	0.00016616959800915527
Abu-CPnd_014-Ex1-5E-lcwgs-1-2	81.2457190855406	15.244616004068293	2.861977364287281	0.5273103990572364	0.09621617159980222	0.018981972097425838	0.0037224086573514736	0.0007629781720037183	0.00030056715866813143	9.248220266711737e-05	6.936165200033803e-05	9.248220266711737e-05	3.468082600016901e-05	2.3120550666779342e-05	1.1560275333389671e-05	0.0	2.3120550666779342e-05	2.3120550666779342e-05	0.0	0.0	0.0	0.0	0.0	0.0	0.0	0.0	1.1560275333389671e-05	0.0	1.1560275333389671e-05	0.0	0.0
Abu-CPnd_015-Ex1-1C-lcwgs-1-2	75.48527851056318	18.436854425305725	4.625276359706236	1.1141397691660786	0.26191421596938474	0.05923784123736629	0.013109788885014174	0.0031589852734973905	0.0006455317732799017	0.00015108190438465783	6.86735929021172e-05	1.3734718580423439e-05	6.867359290211719e-06	6.867359290211719e-06	0.0	3.43367964510586e-05	6.867359290211719e-06	6.867359290211719e-06	6.867359290211719e-06	1.3734718580423439e-05	0.0	0.0	6.867359290211719e-06	1.3734718580423439e-05	0.0	1.3734718580423439e-05	0.0	6.867359290211719e-06	0.0	0.0	2.7469437160846877e-05
Abu-CPnd_020-Ex1-1H-lcwgs-1-2	86.99109688336182	11.27297521733895	1.5119346802431508	0.19492086031662129	0.02502193328839811	0.003362322285628496	0.000344051582715474	0.00014074837474723937	7.81935415262441e-05	0.0	0.0	0.0	1.563870830524882e-05	3.127741661049764e-05	0.0	1.563870830524882e-05	0.0	0.0	1.563870830524882e-05	1.563870830524882e-05	1.563870830524882e-05	0.0	0.0	0.0	0.0	0.0	0.0	0.0	0.0	0.0	1.563870830524882e-05
Abu-CPnd_033-Ex1-8G-lcwgs-1-2	89.61606074437769	9.278598832977634	0.9889774367451672	0.1027004354745192	0.01125695463909895	0.0016345714955403956	6.168194322793945e-05	0.00015420485806984862	6.168194322793945e-05	6.168194322793945e-05	3.084097161396972e-05	0.0	0.0	6.168194322793945e-05	9.252291484190918e-05	0.0	6.168194322793945e-05	0.0	3.084097161396972e-05	3.084097161396972e-05	0.0	0.0	3.084097161396972e-05	0.0	0.0	0.0	0.0	0.0	0.0	0.0	9.252291484190918e-05
Abu-CPnd_035-Ex1-5D-lcwgs-1-2	93.45617176619176	5.892784539658648	0.5847801451569651	0.05865102639296188	0.004325296931634357	0.000692047509061497	0.0	0.0003460237545307485	0.0003460237545307485	0.0003460237545307485	0.0003460237545307485	0.0	0.0	0.0	0.0	0.00017301187726537426	0.0	0.0	0.00017301187726537426	0.0	0.00017301187726537426	0.0	0.0	0.0	0.0	0.0	0.0	0.0	0.0	0.0	0.000692047509061497
Abu-CPnd_036-Ex1-5B-lcwgs-1-2	87.98873173133433	10.568526909248279	1.2684809512778477	0.15167247534693798	0.018453950039142485	0.002830474678052127	0.0005214032301674971	0.0001675938954109812	7.448617573821386e-05	3.724308786910693e-05	9.310771967276733e-05	3.724308786910693e-05	9.310771967276733e-05	0.0	1.8621543934553466e-05	1.8621543934553466e-05	1.8621543934553466e-05	0.0	0.0	0.0	1.8621543934553466e-05	1.8621543934553466e-05	0.0	0.0	0.0	0.0	0.0	1.8621543934553466e-05	1.8621543934553466e-05	0.0	0.00014897235147642772
Abu-CPnd_037-Ex1-3A-lcwgs-1-2	94.45023693482628	4.890705190960886	0.5737941304978958	0.07320721886836493	0.009548767678482383	0.0013503307828156906	0.00019290439754509863	9.645219877254931e-05	9.645219877254931e-05	0.0	9.645219877254931e-05	0.0	0.0	0.0	0.0	9.645219877254931e-05	0.0	9.645219877254931e-05	0.0	9.645219877254931e-05	0.0	0.0	0.0	9.645219877254931e-05	0.0	0.0	0.0	0.0	0.0	0.0	0.000289356596317648
Abu-CPnd_038-Ex1-7B-lcwgs-1-2	87.67118201131812	10.85998749741488	1.2943230743198781	0.15206386658895638	0.01838961063377766	0.0027378781326966102	0.00042301979732651493	0.0002702626482919401	0.00012925604918310178	8.225384948015568e-05	2.3501099851473048e-05	4.7002199702946096e-05	2.3501099851473048e-05	1.1750549925736524e-05	4.7002199702946096e-05	3.525164977720957e-05	1.1750549925736524e-05	0.0	3.525164977720957e-05	0.0	0.0	1.1750549925736524e-05	0.0	2.3501099851473048e-05	0.0	0.0	0.0	3.525164977720957e-05	1.1750549925736524e-05	0.0	9.400439940589219e-05
Abu-CPnd_039-Ex1-7D-lcwgs-1-2	93.81669209760351	5.518726999961533	0.5862365205349472	0.06641962328020619	0.00897562476759543	0.001025785687725192	0.000512892843862596	0.000128223210965649	0.0	0.000128223210965649	0.0	0.000128223210965649	0.000256446421931298	0.0	0.0	0.0	0.000128223210965649	0.0	0.0	0.0	0.000128223210965649	0.0	0.0	0.0	0.0	0.0	0.0	0.0	0.0	0.0	0.000512892843862596
Abu-CPnd_044-Ex1-4D-lcwgs-1-2	87.38512815548034	10.991528363018057	1.41336193243181	0.18127592459086966	0.024062344029483894	0.0032145787726888635	0.0006767534258292345	7.519482509213716e-05	0.00016918835645730862	7.519482509213716e-05	0.00013159094391124003	1.879870627303429e-05	1.879870627303429e-05	0.0	0.0	7.519482509213716e-05	1.879870627303429e-05	0.0	1.879870627303429e-05	0.0	3.759741254606858e-05	0.0	1.879870627303429e-05	0.0	1.879870627303429e-05	1.879870627303429e-05	0.0	0.0	0.0	0.0	5.639611881910287e-05
Abu-CPnd_046-Ex1-6H-lcwgs-1-2	93.78585323484111	5.569868573265568	0.5755057450878948	0.060866763703679605	0.006681351647932647	0.0007695797709660639	0.0001049426960408269	3.498089868027564e-05	3.498089868027564e-05	0.0	0.0	6.996179736055127e-05	0.0	0.0	0.0	3.498089868027564e-05	0.0	0.0	6.996179736055127e-05	0.0	0.0	0.0	0.0	0.0	0.0	0.0	0.0	0.0	3.498089868027564e-05	0.0	6.996179736055127e-05
Abu-CPnd_048-Ex1-6G-lcwgs-1-2	90.76773202985089	8.290601399942785	0.8444552112564263	0.08482998450571239	0.009756275021124815	0.001219534377640602	0.00039273140974866843	0.00018603066777568504	8.268029678919336e-05	0.00014469051938108837	0.00012402044518379003	0.00014469051938108837	0.0	4.134014839459668e-05	6.201022259189501e-05	2.067007419729834e-05	2.067007419729834e-05	0.0	2.067007419729834e-05	0.0	2.067007419729834e-05	0.0	4.134014839459668e-05	0.0	0.0	2.067007419729834e-05	2.067007419729834e-05	0.0	0.0	0.0	6.201022259189501e-05
Abu-CPnd_049-Ex1-7E-lcwgs-1-2	98.18829065781378	1.708147677356394	0.09251809230172843	0.007888266091499379	0.0009015161247427861	0.0007888266091499379	0.00011268951559284826	0.00011268951559284826	0.00022537903118569652	0.00022537903118569652	0.00011268951559284826	0.00011268951559284826	0.0	0.0	0.0	0.00011268951559284826	0.0	0.0	0.0	0.0	0.0	0.0	0.0	0.0	0.00011268951559284826	0.0	0.0	0.00011268951559284826	0.0	0.0	0.00022537903118569652
Abu-CPnd_050-Ex1-3H-lcwgs-1-2	88.81622039250412	9.933650257446653	1.1100448960119849	0.12353518726588583	0.013759640937457532	0.001922579966603655	0.00047122058004991544	7.539529280798648e-05	7.539529280798648e-05	1.884882320199662e-05	1.884882320199662e-05	0.0	0.0	1.884882320199662e-05	0.0	1.884882320199662e-05	0.0	0.0	0.0	1.884882320199662e-05	0.0	0.0	0.0	0.0	1.884882320199662e-05	0.0	0.0	0.0	0.0	0.0	0.00013194176241397633
Abu-CPnd_051-Ex1-8H-lcwgs-1-2	90.76971942146541	8.256799883599083	0.873098674103596	0.08899896588617771	0.009868374247306968	0.0009179883020750666	9.179883020750667e-05	4.5899415103753334e-05	0.0	4.5899415103753334e-05	0.0	4.5899415103753334e-05	4.5899415103753334e-05	0.0	4.5899415103753334e-05	9.179883020750667e-05	4.5899415103753334e-05	0.0	0.0	0.0	4.5899415103753334e-05	0.0	0.0	0.0	0.0	0.0	0.0	0.0	0.0	0.0	9.179883020750667e-05
Abu-CPnd_052-Ex1-5H-lcwgs-1-2	88.444446456309	10.227970837736084	1.1781047632473736	0.13240583503946632	0.014550091762578717	0.0018106780860097959	0.00032333537250174923	3.233353725017493e-05	3.233353725017493e-05	3.233353725017493e-05	3.233353725017493e-05	3.233353725017493e-05	0.0	3.233353725017493e-05	0.0	0.0	0.0	0.0	0.0	3.233353725017493e-05	3.233353725017493e-05	0.0	0.0	0.0	0.0	0.0	0.0	0.0	0.0	0.0	0.0001293341490006997
Abu-CPnd_053-Ex1-5G-lcwgs-1-2	89.96050915084069	9.023279201961701	0.9139850666670779	0.09054244099798747	0.009948871285128096	0.0009640379152255907	0.00011568454982707088	7.712303321804725e-05	3.8561516609023625e-05	0.0	0.0	0.00011568454982707088	3.8561516609023625e-05	0.0	3.8561516609023625e-05	3.8561516609023625e-05	0.0	0.0	0.0	3.8561516609023625e-05	0.0	0.0	0.0	0.0	3.8561516609023625e-05	0.0	0.0	0.0	0.0	0.0	0.00023136909965414175
Abu-CPnd_054-Ex1-7G-lcwgs-1-2	88.87309185173903	9.918606409597773	1.0810149906208073	0.11297932287482719	0.011862078137417778	0.0015658801157893269	0.0003217561881758891	0.00012870247527035564	8.58016501802371e-05	4.290082509011855e-05	8.58016501802371e-05	2.1450412545059274e-05	2.1450412545059274e-05	0.0	0.0	2.1450412545059274e-05	4.290082509011855e-05	0.0	2.1450412545059274e-05	0.0	2.1450412545059274e-05	0.0	0.0	0.0	0.0	0.0	0.0	0.0	0.0	0.0	6.435123763517782e-05
Abu-CPnd_056-Ex1-6D-lcwgs-1-2	88.89776398600225	9.896642284777775	1.0755838555624964	0.11517923710883189	0.012211094766961535	0.0016926269974006085	0.0003358386899604382	0.00016120257118101033	9.40348331889227e-05	0.00010746838078734023	4.030064279525258e-05	2.6867095196835056e-05	1.3433547598417528e-05	2.6867095196835056e-05	1.3433547598417528e-05	1.3433547598417528e-05	0.0	0.0	1.3433547598417528e-05	1.3433547598417528e-05	1.3433547598417528e-05	0.0	0.0	1.3433547598417528e-05	0.0	0.0	0.0	0.0	0.0	0.0	4.030064279525258e-05
Abu-CPnd_059-Ex1-6C-lcwgs-1-2	76.91924022425003	17.62026816666633	4.204002973155933	0.973039405853379	0.21929476672061304	0.04880988675298664	0.011119049397710946	0.002494935857073922	0.0007499229165771326	0.0002667994991668645	0.00020190232369384338	8.652956729736146e-05	6.489717547302108e-05	4.326478364868073e-05	3.605398637390061e-05	2.8843189099120485e-05	7.210797274780121e-06	1.4421594549560243e-05	4.326478364868073e-05	7.210797274780121e-06	2.1632391824340364e-05	7.210797274780121e-06	0.0	7.210797274780121e-06	1.4421594549560243e-05	1.4421594549560243e-05	0.0	7.210797274780121e-06	7.210797274780121e-06	7.210797274780121e-06	9.374036457214158e-05
Abu-CPnd_060-Ex1-8C-lcwgs-1-2	84.04824134012799	13.195025493880925	2.2824319441289496	0.39183500770695096	0.06692928515794588	0.01198563094073505	0.002257610907355385	0.0005200115011324202	0.00017756490282570445	0.0001014656587575454	6.341603672346588e-05	3.8049622034079526e-05	5.07328293787727e-05	3.8049622034079526e-05	3.8049622034079526e-05	6.341603672346588e-05	2.536641468938635e-05	0.0	2.536641468938635e-05	1.2683207344693175e-05	1.2683207344693175e-05	0.0	2.536641468938635e-05	2.536641468938635e-05	1.2683207344693175e-05	1.2683207344693175e-05	0.0	0.0	1.2683207344693175e-05	0.0	3.8049622034079526e-05
Abu-CPnd_061-Ex1-4E-lcwgs-1-2	89.26794503902738	9.457765828911146	1.126735121887593	0.1300697824490104	0.014630973384500265	0.002016585774403262	0.0003003425621451667	0.00015017128107258336	6.435912045967858e-05	8.581216061290478e-05	8.581216061290478e-05	0.0	4.290608030645239e-05	2.1453040153226196e-05	2.1453040153226196e-05	0.0	0.0	0.0	2.1453040153226196e-05	0.0	2.1453040153226196e-05	0.0	0.0	0.0	0.0	0.0	0.0	0.0	0.0	0.0	2.1453040153226196e-05
Abu-CPnd_063-Ex1-6F-lcwgs-1-2	89.49262982940705	9.055114812422712	1.2491706215984464	0.17577311292992662	0.022902967686756176	0.003262405406775663	0.0007274282325918709	6.61298393265337e-05	0.0001102163988775562	4.408655955102248e-05	0.0	0.0	4.408655955102248e-05	4.408655955102248e-05	0.0	0.0	0.0	0.0	0.0	0.0	0.0	0.0	0.0	0.0	0.0	0.0	0.0	2.204327977551124e-05	0.0	0.0	8.817311910204496e-05
